Frequency in Hz	Acrylic_96 Normalized Surface Impedance continuous Re	Frequency in Hz	Acrylic_96 Normalized Surface Impedance continuous Im	
100	2,04736423492432	100	-14,0098075866699	
103,125	2,06705045700073	103,125	-14,3417472839355	
106,25	1,45845329761505	106,25	-13,1651563644409	
109,375	1,55198502540588	109,375	-14,1367120742798	
112,5	1,78756630420685	112,5	-12,5297069549561	
115,625	2,29604530334473	115,625	-12,0875272750854	
118,75	2,28050971031189	118,75	-12,1665840148926	
121,875	1,98857235908508	121,875	-12,0209608078003	
125	1,97214984893799	125	-11,9475612640381	
128,125	1,98767995834351	128,125	-11,6708269119263	
131,25	1,29563724994659	131,25	-10,7954959869385	
134,375	1,70269024372101	134,375	-11,0770606994629	
137,5	1,98908984661102	137,5	-10,3893938064575	
140,625	2,04731702804565	140,625	-10,8311414718628	
143,75	1,88482260704041	143,75	-9,95247650146484	
146,875	1,64500367641449	146,875	-9,96146392822266	
150	1,25301086902618	150	-10,2662868499756	
153,125	1,89378142356873	153,125	-9,32999420166016	
156,25	1,58631575107574	156,25	-9,399169921875	
159,375	1,41424190998077	159,375	-9,34121036529541	
162,5	1,3683807849884	162,5	-9,31654644012451	
165,625	1,09884679317474	165,625	-9,01518440246582	
168,75	1,86587071418762	168,75	-8,58827686309814	
171,875	1,66013860702515	171,875	-8,3056058883667	
175	1,61581432819366	175	-8,52449131011963	
178,125	1,70742857456207	178,125	-8,15869331359863	
181,25	1,60833179950714	181,25	-8,2645788192749	
184,375	1,44855964183807	184,375	-7,8045973777771	
187,5	1,46273267269135	187,5	-7,95732545852661	
190,625	1,35125660896301	190,625	-7,93261051177979	
193,75	1,43626725673676	193,75	-7,72454690933228	
196,875	1,41711843013763	196,875	-7,4902172088623	
200	1,53651332855225	200	-7,54329776763916	
203,125	1,39601051807404	203,125	-7,13229036331177	
206,25	1,38344788551331	206,25	-7,34201812744141	
209,375	1,43105208873749	209,375	-7,07412385940552	
212,5	1,25332498550415	212,5	-7,21583700180054	
215,625	1,24995648860931	215,625	-7,04946184158325	
218,75	1,38430094718933	218,75	-7,05182504653931	
221,875	1,0794438123703	221,875	-6,67971038818359	
225	1,23691558837891	225	-6,77345991134644	
228,125	1,29409229755402	228,125	-6,51926040649414	
231,25	1,30980312824249	231,25	-6,38877820968628	
234,375	1,17622375488281	234,375	-6,47105836868286	
237,5	1,23484683036804	237,5	-6,34758043289185	
240,625	1,12785172462463	240,625	-6,2607798576355	
243,75	1,2492847442627	243,75	-6,19171333312988	
246,875	1,34888529777527	246,875	-6,02772283554077	
250	1,15625274181366	250	-5,89017772674561	
253,125	1,2308737039566	253,125	-5,99716186523438	
256,25	1,30876874923706	256,25	-5,82073640823364	
259,375	1,2620450258255	259,375	-5,6494255065918	
262,5	1,07300865650177	262,5	-5,76012134552002	
265,625	1,07423293590546	265,625	-5,67745780944824	
268,75	1,0576696395874	268,75	-5,64596176147461	
271,875	1,1012716293335	271,875	-5,4655237197876	
275	1,27600717544556	275	-5,3713116645813	
278,125	1,27455031871796	278,125	-5,39395809173584	
281,25	1,05226039886475	281,25	-5,23091745376587	
284,375	1,06942892074585	284,375	-5,21491670608521	
287,5	1,18063163757324	287,5	-5,13976955413818	
290,625	1,17879438400269	290,625	-5,03073358535767	
293,75	1,10921740531921	293,75	-4,96496486663818	
296,875	0,975554287433624	296,875	-4,90305280685425	
300	1,06527996063232	300	-4,78494501113892	
303,125	1,18957698345184	303,125	-4,7877721786499	
306,25	1,11263942718506	306,25	-4,45500564575195	
309,375	1,15348124504089	309,375	-4,55723857879639	
312,5	1,2304162979126	312,5	-4,42273283004761	
315,625	1,23377549648285	315,625	-4,40928268432617	
318,75	1,26275110244751	318,75	-4,44898128509521	
321,875	1,35201168060303	321,875	-4,53105020523071	
325	1,34340310096741	325	-4,56041526794434	
328,125	1,26777684688568	328,125	-4,66680860519409	
331,25	1,08580482006073	331,25	-4,5718035697937	
334,375	1,18618905544281	334,375	-4,50960779190063	
337,5	1,11184585094452	337,5	-4,49318552017212	
340,625	1,16306352615356	340,625	-4,55168008804321	
343,75	1,13535332679749	343,75	-4,41169691085815	
346,875	1,01812541484833	346,875	-4,27266311645508	
350	1,07953572273254	350	-4,23675107955933	
353,125	0,908909857273102	353,125	-4,05198192596436	
356,25	0,914641320705414	356,25	-4,18825149536133	
359,375	0,928813278675079	359,375	-4,19109916687012	
362,5	0,950933873653412	362,5	-3,95509123802185	
365,625	0,977193236351013	365,625	-4,10652732849121	
368,75	0,993149816989899	368,75	-4,12729215621948	
371,875	1,14565587043762	371,875	-4,02397441864014	
375	1,01408922672272	375	-3,76074242591858	
378,125	0,995319783687592	378,125	-3,86809396743774	
381,25	0,865370750427246	381,25	-4,11270141601563	
384,375	0,920709609985352	384,375	-3,95430684089661	
387,5	0,974776744842529	387,5	-3,82181215286255	
390,625	1,01069784164429	390,625	-3,69684219360352	
393,75	0,875403046607971	393,75	-3,64095091819763	
396,875	0,871389448642731	396,875	-3,66401124000549	
400	0,804401874542236	400	-3,72667574882507	
403,125	0,885697901248932	403,125	-3,65759897232056	
406,25	0,959289968013763	406,25	-3,61744856834412	
409,375	0,800532639026642	409,375	-3,6200635433197	
412,5	0,856372058391571	412,5	-3,55996012687683	
415,625	1,04174542427063	415,625	-3,55305528640747	
418,75	1,14474511146545	418,75	-3,45402407646179	
421,875	1,07907915115356	421,875	-3,49010157585144	
425	0,993270814418793	425	-3,36734914779663	
428,125	0,868975281715393	428,125	-3,55994057655334	
431,25	0,94658499956131	431,25	-3,59177684783936	
434,375	1,1160991191864	434,375	-3,40394306182861	
437,5	1,09053158760071	437,5	-3,35848736763	
440,625	0,994906842708588	440,625	-3,32641196250916	
443,75	1,02158057689667	443,75	-3,26536679267883	
446,875	0,961654126644135	446,875	-3,29948139190674	
450	0,966962456703186	450	-3,30354118347168	
453,125	0,961045026779175	453,125	-3,19438219070435	
456,25	1,00856029987335	456,25	-3,11089444160461	
459,375	0,985424697399139	459,375	-3,124671459198	
462,5	0,946928381919861	462,5	-3,08428502082825	
465,625	0,916329681873322	465,625	-3,07074952125549	
468,75	0,942415773868561	468,75	-3,11523699760437	
471,875	0,958986222743988	471,875	-3,07568907737732	
475	0,880127847194672	475	-3,03606915473938	
478,125	0,887324094772339	478,125	-3,03381037712097	
481,25	0,948062062263489	481,25	-3,02409815788269	
484,375	0,943338215351105	484,375	-3,000657081604	
487,5	0,942682445049286	487,5	-2,99000072479248	
490,625	0,908227562904358	490,625	-2,94507265090942	
493,75	0,902882695198059	493,75	-2,92693853378296	
496,875	0,932390332221985	496,875	-2,87101554870605	
500	0,930811524391174	500	-2,89370369911194	
503,125	0,925256431102753	503,125	-2,87700986862183	
506,25	0,900201141834259	506,25	-2,8639543056488	
509,375	0,89819473028183	509,375	-2,84033346176147	
512,5	0,913473904132843	512,5	-2,8156099319458	
515,625	0,921512067317963	515,625	-2,78543329238892	
518,75	0,87145471572876	518,75	-2,75743579864502	
521,875	0,86317253112793	521,875	-2,75195026397705	
525	0,892104387283325	525	-2,71990942955017	
528,125	0,900234997272491	528,125	-2,72029685974121	
531,25	0,889597535133362	531,25	-2,7066798210144	
534,375	0,891350209712982	534,375	-2,70167779922485	
537,5	0,899831056594849	537,5	-2,68362712860107	
540,625	0,885301530361176	540,625	-2,67540287971497	
543,75	0,878157615661621	543,75	-2,63198232650757	
546,875	0,902815341949463	546,875	-2,61507821083069	
550	0,875974714756012	550	-2,59228157997131	
553,125	0,883092403411865	553,125	-2,60632991790771	
556,25	0,906123340129852	556,25	-2,54924201965332	
559,375	0,911878228187561	559,375	-2,55476903915405	
562,5	0,888683438301086	562,5	-2,53953909873962	
565,625	0,877077162265778	565,625	-2,546311378479	
568,75	0,897989571094513	568,75	-2,50377583503723	
571,875	0,903126537799835	571,875	-2,49356555938721	
575	0,889997839927673	575	-2,48043465614319	
578,125	0,885249793529511	578,125	-2,47613072395325	
581,25	0,907407820224762	581,25	-2,4675555229187	
584,375	0,888148427009583	584,375	-2,4340283870697	
587,5	0,889356017112732	587,5	-2,43459153175354	
590,625	0,883822739124298	590,625	-2,41839385032654	
593,75	0,88279914855957	593,75	-2,39718699455261	
596,875	0,888749241828918	596,875	-2,39391279220581	
600	0,885206937789917	600	-2,39562082290649	
603,125	0,876683294773102	603,125	-2,36226201057434	
606,25	0,89702981710434	606,25	-2,35490703582764	
609,375	0,890139818191528	609,375	-2,31426382064819	
612,5	0,889424622058868	612,5	-2,32191896438599	
615,625	0,891865909099579	615,625	-2,30119037628174	
618,75	0,880632936954498	618,75	-2,29473447799683	
621,875	0,88296103477478	621,875	-2,27268004417419	
625	0,892614543437958	625	-2,26851439476013	
628,125	0,879227519035339	628,125	-2,25089621543884	
631,25	0,88000363111496	631,25	-2,24593448638916	
634,375	0,883800983428955	634,375	-2,23082327842712	
637,5	0,895380556583405	637,5	-2,2181921005249	
640,625	0,886228561401367	640,625	-2,20021462440491	
643,75	0,874247789382935	643,75	-2,19266796112061	
646,875	0,882902443408966	646,875	-2,18199849128723	
650	0,885737240314484	650	-2,17193698883057	
653,125	0,877164125442505	653,125	-2,16435408592224	
656,25	0,876075625419617	656,25	-2,15968704223633	
659,375	0,866820454597473	659,375	-2,13899779319763	
662,5	0,879611551761627	662,5	-2,13030576705933	
665,625	0,87198793888092	665,625	-2,12451696395874	
668,75	0,875862419605255	668,75	-2,11282062530518	
671,875	0,882190644741058	671,875	-2,10365557670593	
675	0,88432377576828	675	-2,0945782661438	
678,125	0,887173473834991	678,125	-2,07646894454956	
681,25	0,881235480308533	681,25	-2,06331205368042	
684,375	0,883176147937775	684,375	-2,05952119827271	
687,5	0,887066245079041	687,5	-2,03994512557983	
690,625	0,885579347610474	690,625	-2,03105330467224	
693,75	0,893466114997864	693,75	-2,03093481063843	
696,875	0,897759974002838	696,875	-2,02003717422485	
700	0,882453560829163	700	-2,01817440986633	
703,125	0,873680174350739	703,125	-2,01043128967285	
706,25	0,880280613899231	706,25	-1,98433291912079	
709,375	0,882436454296112	709,375	-1,98019194602966	
712,5	0,869642496109009	712,5	-1,97225201129913	
715,625	0,880383491516113	715,625	-1,96535933017731	
718,75	0,886749148368835	718,75	-1,94932115077972	
721,875	0,875827014446259	721,875	-1,95249176025391	
725	0,881698191165924	725	-1,94769191741943	
728,125	0,884462535381317	728,125	-1,93423211574554	
731,25	0,865101218223572	731,25	-1,93056082725525	
734,375	0,872216403484344	734,375	-1,9215430021286	
737,5	0,873930096626282	737,5	-1,91631865501404	
740,625	0,871299743652344	740,625	-1,90104377269745	
743,75	0,870388269424438	743,75	-1,89463126659393	
746,875	0,866600573062897	746,875	-1,89522099494934	
750	0,87204122543335	750	-1,87433516979218	
753,125	0,876359283924103	753,125	-1,87155473232269	
756,25	0,874262988567352	756,25	-1,86729872226715	
759,375	0,861639976501465	759,375	-1,85997915267944	
762,5	0,86974161863327	762,5	-1,84750711917877	
765,625	0,871560990810394	765,625	-1,84457421302795	
768,75	0,883726894855499	768,75	-1,83048176765442	
771,875	0,869656503200531	771,875	-1,81702649593353	
775	0,870722532272339	775	-1,82689118385315	
778,125	0,882192432880402	778,125	-1,81889867782593	
781,25	0,872868776321411	781,25	-1,80983769893646	
784,375	0,866730451583862	784,375	-1,80102097988129	
787,5	0,880305826663971	787,5	-1,79701781272888	
790,625	0,866909444332123	790,625	-1,7878303527832	
793,75	0,872425258159637	793,75	-1,79129803180695	
796,875	0,864157021045685	796,875	-1,77939474582672	
800	0,861792981624603	800	-1,7763249874115	
803,125	0,860912561416626	803,125	-1,79342651367188	
806,25	0,847971022129059	806,25	-1,79615461826324	
809,375	0,845038235187531	809,375	-1,78478443622589	
812,5	0,845769345760345	812,5	-1,7753232717514	
815,625	0,853368580341339	815,625	-1,76723957061768	
818,75	0,840487122535706	818,75	-1,75972867012024	
821,875	0,830650866031647	821,875	-1,75796163082123	
825	0,815147459506989	825	-1,74982559680939	
828,125	0,817173421382904	828,125	-1,74275755882263	
831,25	0,816902816295624	831,25	-1,7422000169754	
834,375	0,801457405090332	834,375	-1,74296844005585	
837,5	0,780705332756042	837,5	-1,74576330184937	
840,625	0,775266587734222	840,625	-1,73943424224854	
843,75	0,760310351848602	843,75	-1,71520328521729	
846,875	0,745924472808838	846,875	-1,71223819255829	
850	0,738146781921387	850	-1,67690277099609	
853,125	0,726135432720184	853,125	-1,67724359035492	
856,25	0,724238932132721	856,25	-1,66858160495758	
859,375	0,715142965316772	859,375	-1,65295624732971	
862,5	0,697188377380371	862,5	-1,62829923629761	
865,625	0,694716036319733	865,625	-1,60221564769745	
868,75	0,695337951183319	868,75	-1,59013783931732	
871,875	0,686107337474823	871,875	-1,56414175033569	
875	0,680034995079041	875	-1,5422488451004	
878,125	0,704445838928223	878,125	-1,51859712600708	
881,25	0,6988245844841	881,25	-1,50039052963257	
884,375	0,690157353878021	884,375	-1,44551706314087	
887,5	0,702312409877777	887,5	-1,43507492542267	
890,625	0,703487694263458	890,625	-1,41599822044373	
893,75	0,707685172557831	893,75	-1,40463042259216	
896,875	0,71960723400116	896,875	-1,38714146614075	
900	0,722183525562286	900	-1,37715089321136	
903,125	0,728111445903778	903,125	-1,3637284040451	
906,25	0,742636978626251	906,25	-1,35567104816437	
909,375	0,748106420040131	909,375	-1,34862422943115	
912,5	0,752646803855896	912,5	-1,33350992202759	
915,625	0,762943863868713	915,625	-1,32840192317963	
918,75	0,771296858787537	918,75	-1,32117319107056	
921,875	0,768295168876648	921,875	-1,30658888816833	
925	0,776233315467834	925	-1,30132174491882	
928,125	0,777732729911804	928,125	-1,29782152175903	
931,25	0,779417812824249	931,25	-1,29370093345642	
934,375	0,784239411354065	934,375	-1,28912079334259	
937,5	0,783093273639679	937,5	-1,27883100509644	
940,625	0,790373504161835	940,625	-1,27124571800232	
943,75	0,797663390636444	943,75	-1,26693761348724	
946,875	0,802097082138062	946,875	-1,26284348964691	
950	0,804527044296265	950	-1,25934457778931	
953,125	0,807622075080872	953,125	-1,24887251853943	
956,25	0,813360273838043	956,25	-1,24369120597839	
959,375	0,816759347915649	959,375	-1,236692070961	
962,5	0,8167684674263	962,5	-1,23077893257141	
965,625	0,821831285953522	965,625	-1,22917413711548	
968,75	0,823090136051178	968,75	-1,22721099853516	
971,875	0,822732865810394	971,875	-1,2177757024765	
975	0,825597882270813	975	-1,20928764343262	
978,125	0,825810968875885	978,125	-1,20873248577118	
981,25	0,830081105232239	981,25	-1,19897699356079	
984,375	0,829828500747681	984,375	-1,19779288768768	
987,5	0,83219975233078	987,5	-1,19643533229828	
990,625	0,834596276283264	990,625	-1,18883728981018	
993,75	0,831578254699707	993,75	-1,18661177158356	
996,875	0,837664067745209	996,875	-1,18050372600555	
1000	0,839821994304657	1000	-1,17487561702728	
1003,125	0,84131383895874	1003,125	-1,17226219177246	
1006,25	0,844701707363129	1006,25	-1,16555786132813	
1009,375	0,844084143638611	1009,375	-1,16302764415741	
1012,5	0,842036545276642	1012,5	-1,1588259935379	
1015,625	0,852084398269653	1015,625	-1,15401804447174	
1018,75	0,846750199794769	1018,75	-1,14499866962433	
1021,875	0,848881304264069	1021,875	-1,14567589759827	
1025	0,84741598367691	1025	-1,13944900035858	
1028,125	0,850419461727142	1028,125	-1,13577735424042	
1031,25	0,849154055118561	1031,25	-1,13288986682892	
1034,375	0,85052490234375	1034,375	-1,13014340400696	
1037,5	0,849260687828064	1037,5	-1,12113952636719	
1040,625	0,850538432598114	1040,625	-1,11958253383636	
1043,75	0,851412296295166	1043,75	-1,11443591117859	
1046,875	0,85093492269516	1046,875	-1,11364376544952	
1050	0,848915100097656	1050	-1,10673093795776	
1053,125	0,845855057239532	1053,125	-1,10729277133942	
1056,25	0,843829095363617	1056,25	-1,09920001029968	
1059,375	0,850221812725067	1059,375	-1,09366583824158	
1062,5	0,849447906017303	1062,5	-1,09217822551727	
1065,625	0,844243168830872	1065,625	-1,08272707462311	
1068,75	0,846600770950317	1068,75	-1,0779926776886	
1071,875	0,845917284488678	1071,875	-1,07515609264374	
1075	0,846614956855774	1075	-1,0677844285965	
1078,125	0,845909893512726	1078,125	-1,06291365623474	
1081,25	0,849176585674286	1081,25	-1,05903828144073	
1084,375	0,849201083183289	1084,375	-1,0507425069809	
1087,5	0,849136650562286	1087,5	-1,04319262504578	
1090,625	0,851148247718811	1090,625	-1,03901505470276	
1093,75	0,852211594581604	1093,75	-1,03521656990051	
1096,875	0,849527716636658	1096,875	-1,02856862545013	
1100	0,850753903388977	1100	-1,02531254291534	
1103,125	0,851153552532196	1103,125	-1,0198802947998	
1106,25	0,860434412956238	1106,25	-1,01287567615509	
1109,375	0,858516037464142	1109,375	-1,00612306594849	
1112,5	0,855644643306732	1112,5	-1,00857579708099	
1115,625	0,858321607112885	1115,625	-1,004518866539	
1118,75	0,859825551509857	1118,75	-0,997778415679932	
1121,875	0,859792172908783	1121,875	-0,99379301071167	
1125	0,860502183437347	1125	-0,993937730789185	
1128,125	0,86250638961792	1128,125	-0,9908127784729	
1131,25	0,860793590545654	1131,25	-0,982719004154205	
1134,375	0,864607810974121	1134,375	-0,980672836303711	
1137,5	0,862553000450134	1137,5	-0,977616846561432	
1140,625	0,859998226165771	1140,625	-0,977063119411469	
1143,75	0,860112726688385	1143,75	-0,969041228294373	
1146,875	0,85798966884613	1146,875	-0,969403266906738	
1150	0,858003258705139	1150	-0,972035765647888	
1153,125	0,857518434524536	1153,125	-0,967118859291077	
1156,25	0,859010815620422	1156,25	-0,961814761161804	
1159,375	0,856096804141998	1159,375	-0,957332968711853	
1162,5	0,855905830860138	1162,5	-0,953054428100586	
1165,625	0,854479074478149	1165,625	-0,950351417064667	
1168,75	0,848276615142822	1168,75	-0,951802313327789	
1171,875	0,84290486574173	1171,875	-0,945276319980621	
1175	0,843675315380096	1175	-0,944802224636078	
1178,125	0,841071426868439	1178,125	-0,940254330635071	
1181,25	0,839345514774323	1181,25	-0,932973504066467	
1184,375	0,836613416671753	1184,375	-0,92530357837677	
1187,5	0,835336565971375	1187,5	-0,922390162944794	
1190,625	0,834769487380981	1190,625	-0,911849737167358	
1193,75	0,833728790283203	1193,75	-0,90357893705368	
1196,875	0,83071756362915	1196,875	-0,89587789773941	
1200	0,825316786766052	1200	-0,890664577484131	
1203,125	0,826682150363922	1203,125	-0,880756199359894	
1206,25	0,823639571666718	1206,25	-0,87848162651062	
1209,375	0,826661884784698	1209,375	-0,871826648712158	
1212,5	0,82680481672287	1212,5	-0,861731708049774	
1215,625	0,824634730815887	1215,625	-0,858852207660675	
1218,75	0,825204014778137	1218,75	-0,848999440670013	
1221,875	0,827237844467163	1221,875	-0,841213166713715	
1225	0,825508415699005	1225	-0,836872160434723	
1228,125	0,8345907330513	1228,125	-0,829263031482697	
1231,25	0,835747122764587	1231,25	-0,829822063446045	
1234,375	0,836256086826324	1234,375	-0,821170091629028	
1237,5	0,835772275924683	1237,5	-0,812757909297943	
1240,625	0,833345472812653	1240,625	-0,805889248847961	
1243,75	0,840386569499969	1243,75	-0,79955780506134	
1246,875	0,840248942375183	1246,875	-0,798263847827911	
1250	0,843649983406067	1250	-0,789905250072479	
1253,125	0,846468269824982	1253,125	-0,786772906780243	
1256,25	0,84707510471344	1256,25	-0,785064101219177	
1259,375	0,851730227470398	1259,375	-0,782620012760162	
1262,5	0,853829503059387	1262,5	-0,769150733947754	
1265,625	0,851422011852264	1265,625	-0,768964827060699	
1268,75	0,854468643665314	1268,75	-0,765206456184387	
1271,875	0,855568051338196	1271,875	-0,760678946971893	
1275	0,855566680431366	1275	-0,756241142749786	
1278,125	0,858775019645691	1278,125	-0,755067467689514	
1281,25	0,860533356666565	1281,25	-0,747580587863922	
1284,375	0,860438287258148	1284,375	-0,745928406715393	
1287,5	0,860819160938263	1287,5	-0,741508483886719	
1290,625	0,861044645309448	1290,625	-0,73650199174881	
1293,75	0,864867269992828	1293,75	-0,735091686248779	
1296,875	0,869449198246002	1296,875	-0,727603256702423	
1300	0,869636535644531	1300	-0,72234708070755	
1303,125	0,870039761066437	1303,125	-0,721502602100372	
1306,25	0,8718541264534	1306,25	-0,719202876091003	
1309,375	0,867501795291901	1309,375	-0,713066101074219	
1312,5	0,868205666542053	1312,5	-0,712449610233307	
1315,625	0,871586203575134	1315,625	-0,706619441509247	
1318,75	0,87693065404892	1318,75	-0,703823268413544	
1321,875	0,876283645629883	1321,875	-0,696990728378296	
1325	0,87688821554184	1325	-0,697294890880585	
1328,125	0,881781220436096	1328,125	-0,692200005054474	
1331,25	0,88022118806839	1331,25	-0,687533974647522	
1334,375	0,879240691661835	1334,375	-0,686485171318054	
1337,5	0,879480421543121	1337,5	-0,682235062122345	
1340,625	0,881213486194611	1340,625	-0,678437292575836	
1343,75	0,881939888000488	1343,75	-0,676183521747589	
1346,875	0,881623089313507	1346,875	-0,67212325334549	
1350	0,885253250598907	1350	-0,666618227958679	
1353,125	0,884020447731018	1353,125	-0,663386762142181	
1356,25	0,880904376506805	1356,25	-0,661624073982239	
1359,375	0,883424878120422	1359,375	-0,657736420631409	
1362,5	0,886047601699829	1362,5	-0,655242323875427	
1365,625	0,882345020771027	1365,625	-0,652420282363892	
1368,75	0,888041615486145	1368,75	-0,646862089633942	
1371,875	0,894039690494537	1371,875	-0,643379509449005	
1375	0,892344772815704	1375	-0,639220118522644	
1378,125	0,890917420387268	1378,125	-0,637554407119751	
1381,25	0,891611516475677	1381,25	-0,632570922374725	
1384,375	0,894067645072937	1384,375	-0,62923938035965	
1387,5	0,894994795322418	1387,5	-0,626826107501984	
1390,625	0,89715188741684	1390,625	-0,623181939125061	
1393,75	0,898564100265503	1393,75	-0,621178209781647	
1396,875	0,899298369884491	1396,875	-0,617719769477844	
1400	0,898348927497864	1400	-0,615302801132202	
1403,125	0,900893688201904	1403,125	-0,611390650272369	
1406,25	0,902980446815491	1406,25	-0,608136892318726	
1409,375	0,903187990188599	1409,375	-0,603130221366882	
1412,5	0,903834521770477	1412,5	-0,60308575630188	
1415,625	0,9042888879776	1415,625	-0,599771797657013	
1418,75	0,903892159461975	1418,75	-0,595310688018799	
1421,875	0,902350962162018	1421,875	-0,595320165157318	
1425	0,905374586582184	1425	-0,591529130935669	
1428,125	0,908106029033661	1428,125	-0,586810886859894	
1431,25	0,909035921096802	1431,25	-0,584561705589294	
1434,375	0,908634901046753	1434,375	-0,580788016319275	
1437,5	0,911146223545074	1437,5	-0,57890772819519	
1440,625	0,911356449127197	1440,625	-0,575997114181519	
1443,75	0,91164892911911	1443,75	-0,572375535964966	
1446,875	0,911186218261719	1446,875	-0,569388747215271	
1450	0,913545489311218	1450	-0,566047847270966	
1453,125	0,91529792547226	1453,125	-0,564013302326202	
1456,25	0,914445042610168	1456,25	-0,559889018535614	
1459,375	0,914588689804077	1459,375	-0,561552882194519	
1462,5	0,916164100170136	1462,5	-0,554597556591034	
1465,625	0,9162757396698	1465,625	-0,551428854465485	
1468,75	0,915799558162689	1468,75	-0,548863053321838	
1471,875	0,915937006473541	1471,875	-0,545321643352509	
1475	0,918595790863037	1475	-0,545368254184723	
1478,125	0,91961407661438	1478,125	-0,543622374534607	
1481,25	0,917330384254456	1481,25	-0,540316522121429	
1484,375	0,918359398841858	1484,375	-0,535915911197662	
1487,5	0,919738233089447	1487,5	-0,534079611301422	
1490,625	0,920212686061859	1490,625	-0,529669523239136	
1493,75	0,922900199890137	1493,75	-0,527484357357025	
1496,875	0,920678019523621	1496,875	-0,525361299514771	
1500	0,91940051317215	1500	-0,522695958614349	
1503,125	0,922221422195435	1503,125	-0,520317137241364	
1506,25	0,92624431848526	1506,25	-0,513734638690948	
1509,375	0,924632906913757	1509,375	-0,511085450649261	
1512,5	0,923176765441895	1512,5	-0,510369420051575	
1515,625	0,923552393913269	1515,625	-0,507886648178101	
1518,75	0,92314612865448	1518,75	-0,503935635089874	
1521,875	0,923897922039032	1521,875	-0,502547144889832	
1525	0,92196398973465	1525	-0,497865051031113	
1528,125	0,924573719501495	1528,125	-0,494002312421799	
1531,25	0,925414383411407	1531,25	-0,492449700832367	
1534,375	0,927052319049835	1534,375	-0,488020807504654	
1537,5	0,927062571048737	1537,5	-0,486046135425568	
1540,625	0,926799595355988	1540,625	-0,484508991241455	
1543,75	0,928321540355682	1543,75	-0,480002909898758	
1546,875	0,929404139518738	1546,875	-0,475895971059799	
1550	0,928681075572968	1550	-0,473875522613525	
1553,125	0,930998086929321	1553,125	-0,470214426517487	
1556,25	0,930265069007874	1556,25	-0,470804482698441	
1559,375	0,930875778198242	1559,375	-0,464508265256882	
1562,5	0,933124959468842	1562,5	-0,462743401527405	
1565,625	0,934289455413818	1565,625	-0,459757566452026	
1568,75	0,935829877853394	1568,75	-0,456057637929916	
1571,875	0,935839354991913	1571,875	-0,454043030738831	
1575	0,935575425624847	1575	-0,452479362487793	
1578,125	0,937556684017181	1578,125	-0,449087679386139	
1581,25	0,936571002006531	1581,25	-0,444982498884201	
1584,375	0,938415884971619	1584,375	-0,443201541900635	
1587,5	0,939572751522064	1587,5	-0,440841525793076	
1590,625	0,939211189746857	1590,625	-0,440158665180206	
1593,75	0,94011002779007	1593,75	-0,437966197729111	
1596,875	0,939290940761566	1596,875	-0,433938652276993	
1600	0,941038608551025	1600	-0,432315528392792	
1603,125	0,942022144794464	1603,125	-0,428826719522476	
1606,25	0,942623734474182	1606,25	-0,428612411022186	
1609,375	0,9410360455513	1609,375	-0,422212690114975	
1612,5	0,942818105220795	1612,5	-0,420546919107437	
1615,625	0,944175004959106	1615,625	-0,418054133653641	
1618,75	0,942385852336884	1618,75	-0,414007425308228	
1621,875	0,943713068962097	1621,875	-0,415370166301727	
1625	0,945728957653046	1625	-0,412035912275314	
1628,125	0,945962250232697	1628,125	-0,409378886222839	
1631,25	0,94579553604126	1631,25	-0,403730571269989	
1634,375	0,944420635700226	1634,375	-0,403703212738037	
1637,5	0,945637583732605	1637,5	-0,399403125047684	
1640,625	0,942675650119781	1640,625	-0,402081429958344	
1643,75	0,941250860691071	1643,75	-0,397532641887665	
1646,875	0,943167865276337	1646,875	-0,395905047655106	
1650	0,943908095359802	1650	-0,392057150602341	
1653,125	0,944051086902618	1653,125	-0,389122128486633	
1656,25	0,944975912570953	1656,25	-0,389566689729691	
1659,375	0,943581879138947	1659,375	-0,385293215513229	
1662,5	0,944285154342651	1662,5	-0,382923185825348	
1665,625	0,945273101329803	1665,625	-0,380885511636734	
1668,75	0,944175899028778	1668,75	-0,374993860721588	
1671,875	0,94196605682373	1671,875	-0,370582580566406	
1675	0,940989315509796	1675	-0,372696369886398	
1678,125	0,939605474472046	1678,125	-0,368000835180283	
1681,25	0,940278112888336	1681,25	-0,366581410169601	
1684,375	0,938481032848358	1684,375	-0,36338397860527	
1687,5	0,938826024532318	1687,5	-0,356233924627304	
1690,625	0,939342677593231	1690,625	-0,35424542427063	
1693,75	0,938151061534882	1693,75	-0,348581820726395	
1696,875	0,938533425331116	1696,875	-0,346150875091553	
1700	0,936203718185425	1700	-0,34243255853653	
1703,125	0,936476051807404	1703,125	-0,339334070682526	
1706,25	0,937855660915375	1706,25	-0,336332052946091	
1709,375	0,937174320220947	1709,375	-0,332506328821182	
1712,5	0,939547598361969	1712,5	-0,328388303518295	
1715,625	0,939655959606171	1715,625	-0,323433488607407	
1718,75	0,941488802433014	1718,75	-0,320122599601746	
1721,875	0,939473390579224	1721,875	-0,315924316644669	
1725	0,940371751785278	1725	-0,313568741083145	
1728,125	0,939837276935577	1728,125	-0,308078587055206	
1731,25	0,94274365901947	1731,25	-0,304681867361069	
1734,375	0,944676756858826	1734,375	-0,30170676112175	
1737,5	0,943266212940216	1737,5	-0,297307193279266	
1740,625	0,942476689815521	1740,625	-0,29533052444458	
1743,75	0,945649027824402	1743,75	-0,289508610963821	
1746,875	0,948012292385101	1746,875	-0,286100745201111	
1750	0,948103070259094	1750	-0,282815545797348	
1753,125	0,949386477470398	1753,125	-0,279047161340714	
1756,25	0,950439989566803	1756,25	-0,276041835546494	
1759,375	0,951436519622803	1759,375	-0,272428244352341	
1762,5	0,953303337097168	1762,5	-0,270134031772614	
1765,625	0,955425202846527	1765,625	-0,266980320215225	
1768,75	0,955249130725861	1768,75	-0,264703214168549	
1771,875	0,957745671272278	1771,875	-0,261249393224716	
1775	0,960357308387756	1775	-0,258580237627029	
1778,125	0,96001011133194	1778,125	-0,256149530410767	
1781,25	0,959583520889282	1781,25	-0,253606766462326	
1784,375	0,962964832782745	1784,375	-0,250556588172913	
1787,5	0,964098215103149	1787,5	-0,247231289744377	
1790,625	0,965471088886261	1790,625	-0,245435267686844	
1793,75	0,965709626674652	1793,75	-0,243586137890816	
1796,875	0,964334309101105	1796,875	-0,240463331341743	
1800	0,966106712818146	1800	-0,239103779196739	
1803,125	0,967882394790649	1803,125	-0,235321149230003	
1806,25	0,968605995178223	1806,25	-0,23184597492218	
1809,375	0,969288945198059	1809,375	-0,229855924844742	
1812,5	0,969678997993469	1812,5	-0,227595835924149	
1815,625	0,970548510551453	1815,625	-0,225175857543945	
1818,75	0,972362995147705	1818,75	-0,222000420093536	
1821,875	0,972590267658234	1821,875	-0,219577953219414	
1825	0,972342491149902	1825	-0,21730563044548	
1828,125	0,974663853645325	1828,125	-0,214443728327751	
1831,25	0,976851344108582	1831,25	-0,212206497788429	
1834,375	0,976873219013214	1834,375	-0,210960730910301	
1837,5	0,978921353816986	1837,5	-0,206642210483551	
1840,625	0,979598939418793	1840,625	-0,203144654631615	
1843,75	0,980602741241455	1843,75	-0,200891837477684	
1846,875	0,980780422687531	1846,875	-0,198677256703377	
1850	0,980389952659607	1850	-0,196985736489296	
1853,125	0,982224404811859	1853,125	-0,194429472088814	
1856,25	0,984470367431641	1856,25	-0,191832348704338	
1859,375	0,984706878662109	1859,375	-0,189479291439056	
1862,5	0,985308706760406	1862,5	-0,187747806310654	
1865,625	0,985388338565826	1865,625	-0,186011150479317	
1868,75	0,986715495586395	1868,75	-0,184492647647858	
1871,875	0,987891912460327	1871,875	-0,181367769837379	
1875	0,988962173461914	1875	-0,179306715726852	
1878,125	0,990134000778198	1878,125	-0,176089331507683	
1881,25	0,990275323390961	1881,25	-0,174441903829575	
1884,375	0,991758108139038	1884,375	-0,171848237514496	
1887,5	0,992050528526306	1887,5	-0,169211313128471	
1890,625	0,992735385894775	1890,625	-0,168909028172493	
1893,75	0,99347448348999	1893,75	-0,164466857910156	
1896,875	0,99517035484314	1896,875	-0,163203358650208	
1900	0,995403647422791	1900	-0,16155207157135	
1903,125	0,995671331882477	1903,125	-0,159277722239494	
1906,25	0,996564328670502	1906,25	-0,157369464635849	
1909,375	0,99799257516861	1909,375	-0,155192226171494	
1912,5	0,999120712280273	1912,5	-0,152658432722092	
1915,625	0,999520659446716	1915,625	-0,149851351976395	
1918,75	1,00034165382385	1918,75	-0,148626789450645	
1921,875	1,00082802772522	1921,875	-0,145539358258247	
1925	1,0014226436615	1925	-0,144005045294762	
1928,125	1,00225436687469	1928,125	-0,141852527856827	
1931,25	1,00306260585785	1931,25	-0,140803098678589	
1934,375	1,00354206562042	1934,375	-0,139364749193192	
1937,5	1,00498402118683	1937,5	-0,137829437851906	
1940,625	1,00507283210754	1940,625	-0,136339113116264	
1943,75	1,00596904754639	1943,75	-0,132564932107925	
1946,875	1,00713431835175	1946,875	-0,129963025450706	
1950	1,00727415084839	1950	-0,127952605485916	
1953,125	1,008953332901	1953,125	-0,126912102103233	
1956,25	1,00947511196136	1956,25	-0,124976456165314	
1959,375	1,00949919223785	1959,375	-0,123676255345345	
1962,5	1,009885430336	1962,5	-0,120318450033665	
1965,625	1,01085066795349	1965,625	-0,118479557335377	
1968,75	1,01127183437347	1968,75	-0,117307417094707	
1971,875	1,01098704338074	1971,875	-0,116187900304794	
1975	1,01251184940338	1975	-0,113327011466026	
1978,125	1,01193332672119	1978,125	-0,111640498042107	
1981,25	1,01275730133057	1981,25	-0,109736256301403	
1984,375	1,01367127895355	1984,375	-0,106760114431381	
1987,5	1,0137974023819	1987,5	-0,105263136327267	
1990,625	1,01346325874329	1990,625	-0,103643745183945	
1993,75	1,01366698741913	1993,75	-0,101040326058865	
1996,875	1,01366925239563	1996,875	-0,0985656082630157	
2000	1,01360154151917	2000	-0,0963258221745491	
2003,125	1,01444566249847	2003,125	-0,094300851225853	
2006,25	1,01640546321869	2006,25	-0,0926616340875626	
2009,375	1,01614665985107	2009,375	-0,0905848369002342	
2012,5	1,01599991321564	2012,5	-0,088327094912529	
2015,625	1,01714265346527	2015,625	-0,0864065289497375	
2018,75	1,0170863866806	2018,75	-0,0841534212231636	
2021,875	1,01747941970825	2021,875	-0,0810355916619301	
2025	1,01840651035309	2025	-0,0786523595452309	
2028,125	1,01879727840424	2028,125	-0,0764093324542046	
2031,25	1,01895642280579	2031,25	-0,0740064606070518	
2034,375	1,01952624320984	2034,375	-0,0726602375507355	
2037,5	1,02064955234528	2037,5	-0,0695866718888283	
2040,625	1,02069139480591	2040,625	-0,0662129893898964	
2043,75	1,02112662792206	2043,75	-0,0645707696676254	
2046,875	1,02123188972473	2046,875	-0,0630515217781067	
2050	1,02267873287201	2050	-0,0599545799195766	
2053,125	1,02374923229218	2053,125	-0,0577094033360481	
2056,25	1,02381753921509	2056,25	-0,0549015142023563	
2059,375	1,02408349514008	2059,375	-0,0532228387892246	
2062,5	1,02511358261108	2062,5	-0,0514632351696491	
2065,625	1,02621829509735	2065,625	-0,0492876134812832	
2068,75	1,02733635902405	2068,75	-0,0468631573021412	
2071,875	1,02792739868164	2071,875	-0,0451062396168709	
2075	1,02907013893127	2075	-0,0426025614142418	
2078,125	1,02981722354889	2078,125	-0,0402688607573509	
2081,25	1,03010714054108	2081,25	-0,0378617011010647	
2084,375	1,03049719333649	2084,375	-0,0358954854309559	
2087,5	1,03218674659729	2087,5	-0,0340609438717365	
2090,625	1,03214967250824	2090,625	-0,0320651791989803	
2093,75	1,03296911716461	2093,75	-0,0300437901169062	
2096,875	1,03378045558929	2096,875	-0,0290360879153013	
2100	1,03418672084808	2100	-0,0267713703215122	
2103,125	1,03509962558746	2103,125	-0,0250042341649532	
2106,25	1,03618264198303	2106,25	-0,022836172953248	
2109,375	1,03692376613617	2109,375	-0,0206423308700323	
2112,5	1,03688383102417	2112,5	-0,0191508904099464	
2115,625	1,0372257232666	2115,625	-0,0170048624277115	
2118,75	1,03856015205383	2118,75	-0,0141560696065426	
2121,875	1,04032599925995	2121,875	-0,0124021489173174	
2125	1,04056107997894	2125	-0,0114047108218074	
2128,125	1,04071176052094	2128,125	-0,00909313093870878	
2131,25	1,04183113574982	2131,25	-0,00691241631284356	
2134,375	1,04250311851501	2134,375	-0,00458401115611196	
2137,5	1,04283094406128	2137,5	-0,00291529600508511	
2140,625	1,0434342622757	2140,625	-0,00180874590296298	
2143,75	1,04409575462341	2143,75	0,000153444998431951	
2146,875	1,04477596282959	2146,875	0,00263414881192148	
2150	1,04548501968384	2150	0,00517533952370286	
2153,125	1,04649138450623	2153,125	0,00666524237021804	
2156,25	1,04695630073547	2156,25	0,00786088593304157	
2159,375	1,04718208312988	2159,375	0,0105826444923878	
2162,5	1,04853761196136	2162,5	0,0128320828080177	
2165,625	1,04890811443329	2165,625	0,0145927043631673	
2168,75	1,04999125003815	2168,75	0,0169372893869877	
2171,875	1,05058777332306	2171,875	0,0188231859356165	
2175	1,05202746391296	2175	0,0208671167492867	
2178,125	1,0527411699295	2178,125	0,0224989429116249	
2181,25	1,05279099941254	2181,25	0,0239728018641472	
2184,375	1,05417335033417	2184,375	0,0257200822234154	
2187,5	1,05442595481873	2187,5	0,0277156326919794	
2190,625	1,05513882637024	2190,625	0,0307012535631657	
2193,75	1,05676293373108	2193,75	0,0325112454593182	
2196,875	1,05737543106079	2196,875	0,0349948182702065	
2200	1,05736219882965	2200	0,0364648103713989	
2203,125	1,05811500549316	2203,125	0,0368445701897144	
2206,25	1,05951225757599	2206,25	0,0386378057301044	
2209,375	1,06112384796143	2209,375	0,0419816114008427	
2212,5	1,062175989151	2212,5	0,0439269542694092	
2215,625	1,06270933151245	2215,625	0,0456057377159595	
2218,75	1,0635507106781	2218,75	0,0467113293707371	
2221,875	1,06430006027222	2221,875	0,0494300164282322	
2225	1,06611227989197	2225	0,0511550605297089	
2228,125	1,06639409065247	2228,125	0,0519750118255615	
2231,25	1,06730735301971	2231,25	0,0537022538483143	
2234,375	1,06825768947601	2234,375	0,054736815392971	
2237,5	1,06815350055695	2237,5	0,0570152588188648	
2240,625	1,06839656829834	2240,625	0,0587097257375717	
2243,75	1,0701322555542	2243,75	0,0604960396885872	
2246,875	1,07122719287872	2246,875	0,0625572055578232	
2250	1,07178437709808	2250	0,0643452927470207	
2253,125	1,07377970218658	2253,125	0,0658432170748711	
2256,25	1,07368385791779	2256,25	0,0677279680967331	
2259,375	1,07490980625153	2259,375	0,0682813376188278	
2262,5	1,07622170448303	2262,5	0,0708345696330071	
2265,625	1,07538056373596	2265,625	0,0724711716175079	
2268,75	1,07712578773499	2268,75	0,0739689245820045	
2271,875	1,07689988613129	2271,875	0,0753305405378342	
2275	1,07776689529419	2275	0,0774857103824615	
2278,125	1,0778306722641	2278,125	0,0796150639653206	
2281,25	1,08053278923035	2281,25	0,0792714580893517	
2284,375	1,08189165592194	2284,375	0,0813291370868683	
2287,5	1,08177840709686	2287,5	0,0833248570561409	
2290,625	1,08279931545258	2290,625	0,0853559523820877	
2293,75	1,08229970932007	2293,75	0,0880454629659653	
2296,875	1,08495724201202	2296,875	0,0883933082222939	
2300	1,08484208583832	2300	0,0896999388933182	
2303,125	1,08684432506561	2303,125	0,091185100376606	
2306,25	1,08725571632385	2306,25	0,0933543965220451	
2309,375	1,08744049072266	2309,375	0,0951850861310959	
2312,5	1,08763444423676	2312,5	0,0964323431253433	
2315,625	1,08942234516144	2315,625	0,0973152667284012	
2318,75	1,08976936340332	2318,75	0,0994127094745636	
2321,875	1,09012818336487	2321,875	0,100897789001465	
2325	1,0921585559845	2325	0,102552458643913	
2328,125	1,09284889698029	2328,125	0,104412600398064	
2331,25	1,09418678283691	2331,25	0,105911992490292	
2334,375	1,09491968154907	2334,375	0,107160583138466	
2337,5	1,09625005722046	2337,5	0,108062602579594	
2340,625	1,09592545032501	2340,625	0,110512353479862	
2343,75	1,09701263904572	2343,75	0,113697178661823	
2346,875	1,09861063957214	2346,875	0,1131981164217	
2350	1,09868705272675	2350	0,115773268043995	
2353,125	1,09973585605621	2353,125	0,116070963442326	
2356,25	1,10081672668457	2356,25	0,117419578135014	
2359,375	1,10167932510376	2359,375	0,120768047869205	
2362,5	1,10222363471985	2362,5	0,121448904275894	
2365,625	1,10311150550842	2365,625	0,121028780937195	
2368,75	1,10508191585541	2368,75	0,125383570790291	
2371,875	1,10436117649078	2371,875	0,126032814383507	
2375	1,10623359680176	2375	0,126591190695763	
2378,125	1,10664451122284	2378,125	0,128037810325623	
2381,25	1,10762190818787	2381,25	0,129961341619492	
2384,375	1,10834872722626	2384,375	0,130567744374275	
2387,5	1,11101770401001	2387,5	0,132885053753853	
2390,625	1,11050951480865	2390,625	0,133447870612144	
2393,75	1,11176097393036	2393,75	0,136151164770126	
2396,875	1,11108732223511	2396,875	0,137942016124725	
2400	1,11245882511139	2400	0,137831643223763	
2403,125	1,11330330371857	2403,125	0,139247909188271	
2406,25	1,11466503143311	2406,25	0,139624640345573	
2409,375	1,11570250988007	2409,375	0,141230061650276	
2412,5	1,11529242992401	2412,5	0,143396690487862	
2415,625	1,11871719360352	2415,625	0,145500808954239	
2418,75	1,11872398853302	2418,75	0,146757960319519	
2421,875	1,11913359165192	2421,875	0,149196147918701	
2425	1,12032461166382	2425	0,150806173682213	
2428,125	1,12113988399506	2428,125	0,150844722986221	
2431,25	1,12156915664673	2431,25	0,151412025094032	
2434,375	1,12173521518707	2434,375	0,153229013085365	
2437,5	1,12318956851959	2437,5	0,155224159359932	
2440,625	1,12470078468323	2440,625	0,156566798686981	
2443,75	1,12481844425201	2443,75	0,159068644046783	
2446,875	1,12544989585876	2446,875	0,159934714436531	
2450	1,12599503993988	2450	0,162087768316269	
2453,125	1,1271505355835	2453,125	0,163932740688324	
2456,25	1,1291846036911	2456,25	0,164540871977806	
2459,375	1,12980926036835	2459,375	0,166928648948669	
2462,5	1,13082265853882	2462,5	0,169135749340057	
2465,625	1,13089334964752	2465,625	0,169699013233185	
2468,75	1,13257646560669	2468,75	0,169084668159485	
2471,875	1,1341028213501	2471,875	0,171999499201775	
2475	1,13448858261108	2475	0,173445910215378	
2478,125	1,13524317741394	2478,125	0,174864172935486	
2481,25	1,13587009906769	2481,25	0,176857635378838	
2484,375	1,137619972229	2484,375	0,177615851163864	
2487,5	1,13939297199249	2487,5	0,178791522979736	
2490,625	1,13877809047699	2490,625	0,182528480887413	
2493,75	1,1403831243515	2493,75	0,183100566267967	
2496,875	1,14231514930725	2496,875	0,185349300503731	
2500	1,14320683479309	2500	0,186301320791245	
2503,125	1,14495480060577	2503,125	0,186276361346245	
2506,25	1,14427864551544	2506,25	0,187950402498245	
2509,375	1,14589071273804	2509,375	0,189775556325912	
2512,5	1,14672267436981	2512,5	0,190580204129219	
2515,625	1,14720785617828	2515,625	0,19299191236496	
2518,75	1,14819645881653	2518,75	0,193652868270874	
2521,875	1,15101289749146	2521,875	0,19466495513916	
2525	1,15073227882385	2525	0,197604596614838	
2528,125	1,15425968170166	2528,125	0,199036464095116	
2531,25	1,15457201004028	2531,25	0,199728101491928	
2534,375	1,15425908565521	2534,375	0,20052570104599	
2537,5	1,15830624103546	2537,5	0,202896118164063	
2540,625	1,15952265262604	2540,625	0,203497648239136	
2543,75	1,15782797336578	2543,75	0,20550699532032	
2546,875	1,15907740592957	2546,875	0,206696689128876	
2550	1,16171181201935	2550	0,207107737660408	
2553,125	1,16281962394714	2553,125	0,208849504590034	
2556,25	1,1644424200058	2556,25	0,210478469729424	
2559,375	1,16542410850525	2559,375	0,210967049002647	
2562,5	1,16550970077515	2562,5	0,211395293474197	
2565,625	1,16615843772888	2565,625	0,212230324745178	
2568,75	1,17023038864136	2568,75	0,214239433407784	
2571,875	1,17039740085602	2571,875	0,214891746640205	
2575	1,17126059532166	2575	0,21639321744442	
2578,125	1,1729484796524	2578,125	0,217321768403053	
2581,25	1,17365264892578	2581,25	0,219048246741295	
2584,375	1,1765376329422	2584,375	0,220293939113617	
2587,5	1,17770671844482	2587,5	0,219760045409203	
2590,625	1,17801225185394	2590,625	0,221171855926514	
2593,75	1,18112707138062	2593,75	0,22299225628376	
2596,875	1,1819075345993	2596,875	0,22430819272995	
2600	1,18213784694672	2600	0,224120020866394	
2603,125	1,1820707321167	2603,125	0,223332330584526	
2606,25	1,18159234523773	2606,25	0,224723100662231	
2609,375	1,18305420875549	2609,375	0,225596129894257	
2612,5	1,1840877532959	2612,5	0,225491851568222	
2615,625	1,18525016307831	2615,625	0,229209452867508	
2618,75	1,18435394763947	2618,75	0,231934636831284	
2621,875	1,1843079328537	2621,875	0,232823923230171	
2625	1,18852579593658	2625	0,23563626408577	
2628,125	1,18903791904449	2628,125	0,236601367592812	
2631,25	1,18806159496307	2631,25	0,238832592964172	
2634,375	1,19227182865143	2634,375	0,236563444137573	
2637,5	1,1934369802475	2637,5	0,239176198840141	
2640,625	1,19474959373474	2640,625	0,241899713873863	
2643,75	1,19586861133575	2643,75	0,241641864180565	
2646,875	1,19703912734985	2646,875	0,244842648506165	
2650	1,19816267490387	2650	0,245578467845917	
2653,125	1,20059370994568	2653,125	0,245949700474739	
2656,25	1,20157253742218	2656,25	0,249154508113861	
2659,375	1,20500671863556	2659,375	0,248281419277191	
2662,5	1,20635378360748	2662,5	0,248838439583778	
2665,625	1,20788908004761	2665,625	0,251562923192978	
2668,75	1,20966458320618	2668,75	0,251275390386581	
2671,875	1,21025419235229	2671,875	0,253662914037704	
2675	1,21182382106781	2675	0,257018834352493	
2678,125	1,21477711200714	2678,125	0,256186872720718	
2681,25	1,2163553237915	2681,25	0,258322894573212	
2684,375	1,21701860427856	2684,375	0,258927494287491	
2687,5	1,21950924396515	2687,5	0,26004222035408	
2690,625	1,2211594581604	2690,625	0,260745763778687	
2693,75	1,22013831138611	2693,75	0,262849479913712	
2696,875	1,22459208965302	2696,875	0,266089797019959	
2700	1,22779726982117	2700	0,2630375623703	
2703,125	1,22858679294586	2703,125	0,263592511415482	
2706,25	1,22890663146973	2706,25	0,265492141246796	
2709,375	1,23257732391357	2709,375	0,266596257686615	
2712,5	1,23413133621216	2712,5	0,266541421413422	
2715,625	1,2346385717392	2715,625	0,267488300800323	
2718,75	1,23857879638672	2718,75	0,269009798765183	
2721,875	1,24062156677246	2721,875	0,268509805202484	
2725	1,24262368679047	2725	0,269801676273346	
2728,125	1,24498581886292	2728,125	0,270208358764648	
2731,25	1,24679934978485	2731,25	0,271502286195755	
2734,375	1,24905550479889	2734,375	0,272710263729095	
2737,5	1,25049412250519	2737,5	0,27085617184639	
2740,625	1,25331044197083	2740,625	0,270277678966522	
2743,75	1,25465607643127	2743,75	0,270811557769775	
2746,875	1,25656497478485	2746,875	0,269776284694672	
2750	1,25697004795074	2750	0,272487848997116	
2753,125	1,26137971878052	2753,125	0,271917849779129	
2756,25	1,26267182826996	2756,25	0,270326733589172	
2759,375	1,26216113567352	2759,375	0,268677145242691	
2762,5	1,26434826850891	2762,5	0,267843693494797	
2765,625	1,26394653320313	2765,625	0,26850751042366	
2768,75	1,26720869541168	2768,75	0,270012706518173	
2771,875	1,26891672611237	2771,875	0,268184721469879	
2775	1,26816368103027	2775	0,267612636089325	
2778,125	1,26959574222565	2778,125	0,266991525888443	
2781,25	1,26931941509247	2781,25	0,266003400087357	
2784,375	1,27084946632385	2784,375	0,26731476187706	
2787,5	1,27110266685486	2787,5	0,268639951944351	
2790,625	1,27282023429871	2790,625	0,269369155168533	
2793,75	1,27365708351135	2793,75	0,26995587348938	
2796,875	1,27442538738251	2796,875	0,27146714925766	
2800	1,27678775787354	2800	0,272362351417542	
2803,125	1,27555656433105	2803,125	0,271755427122116	
2806,25	1,27848303318024	2806,25	0,272644460201263	
2809,375	1,2783750295639	2809,375	0,272863984107971	
2812,5	1,28012144565582	2812,5	0,271519094705582	
2815,625	1,28030037879944	2815,625	0,270761221647263	
2818,75	1,28002667427063	2818,75	0,2730932533741	
2821,875	1,28202998638153	2821,875	0,272620856761932	
2825	1,28487741947174	2825	0,272359997034073	
2828,125	1,28377759456635	2828,125	0,274360686540604	
2831,25	1,28538763523102	2831,25	0,273597478866577	
2834,375	1,28670811653137	2834,375	0,276295036077499	
2837,5	1,28908789157867	2837,5	0,275715231895447	
2840,625	1,28963279724121	2840,625	0,275889188051224	
2843,75	1,28953790664673	2843,75	0,278058558702469	
2846,875	1,29274606704712	2846,875	0,277041643857956	
2850	1,29111683368683	2850	0,277906537055969	
2853,125	1,29328107833862	2853,125	0,277925252914429	
2856,25	1,29395616054535	2856,25	0,279605835676193	
2859,375	1,29505062103271	2859,375	0,279098182916641	
2862,5	1,29802799224854	2862,5	0,280766755342484	
2865,625	1,29816579818726	2865,625	0,28120544552803	
2868,75	1,29808020591736	2868,75	0,282715111970901	
2871,875	1,3011714220047	2871,875	0,281816840171814	
2875	1,301633477211	2875	0,284154534339905	
2878,125	1,30165231227875	2878,125	0,285323917865753	
2881,25	1,30426168441772	2881,25	0,284478843212128	
2884,375	1,30527782440186	2884,375	0,284205764532089	
2887,5	1,30584466457367	2887,5	0,284283578395844	
2890,625	1,30605053901672	2890,625	0,28522977232933	
2893,75	1,30885934829712	2893,75	0,288904517889023	
2896,875	1,31000959873199	2896,875	0,28731232881546	
2900	1,31013906002045	2900	0,288416981697083	
2903,125	1,31073260307312	2903,125	0,28918531537056	
2906,25	1,31198716163635	2906,25	0,290188163518906	
2909,375	1,3138415813446	2909,375	0,291362792253494	
2912,5	1,31519424915314	2912,5	0,291816413402557	
2915,625	1,316685795784	2915,625	0,293137639760971	
2918,75	1,31797206401825	2918,75	0,294076383113861	
2921,875	1,31882107257843	2921,875	0,294446736574173	
2925	1,32049870491028	2925	0,295149505138397	
2928,125	1,32087635993958	2928,125	0,296182841062546	
2931,25	1,32113540172577	2931,25	0,299103438854218	
2934,375	1,32344377040863	2934,375	0,299420982599258	
2937,5	1,32441425323486	2937,5	0,300489723682404	
2940,625	1,32601547241211	2940,625	0,300975471735001	
2943,75	1,32584035396576	2943,75	0,302896797657013	
2946,875	1,32783091068268	2946,875	0,305359870195389	
2950	1,32897639274597	2950	0,3054179251194	
2953,125	1,3313615322113	2953,125	0,30731263756752	
2956,25	1,33309388160706	2956,25	0,308876365423203	
2959,375	1,33327901363373	2959,375	0,30941978096962	
2962,5	1,33540892601013	2962,5	0,310388803482056	
2965,625	1,33814179897308	2965,625	0,311790883541107	
2968,75	1,33850228786469	2968,75	0,311327129602432	
2971,875	1,34003841876984	2971,875	0,311925083398819	
2975	1,34119212627411	2975	0,315177351236343	
2978,125	1,34309613704681	2978,125	0,316903293132782	
2981,25	1,34426641464233	2981,25	0,316441833972931	
2984,375	1,34711575508118	2984,375	0,316692978143692	
2987,5	1,34892117977142	2987,5	0,318002730607986	
2990,625	1,34869027137756	2990,625	0,320607781410217	
2993,75	1,34966361522675	2993,75	0,321768194437027	
2996,875	1,3524307012558	2996,875	0,323689937591553	
3000	1,35579907894135	3000	0,322137355804443	
3003,125	1,357302069664	3003,125	0,324864357709885	
3006,25	1,35819149017334	3006,25	0,328458666801453	
3009,375	1,3602135181427	3009,375	0,328977674245834	
3012,5	1,36130750179291	3012,5	0,332190960645676	
3015,625	1,36618173122406	3015,625	0,33430215716362	
3018,75	1,36625027656555	3018,75	0,337615489959717	
3021,875	1,36842215061188	3021,875	0,340272814035416	
3025	1,37827813625336	3025	0,334272414445877	
3028,125	1,37776446342468	3028,125	0,339544385671616	
3031,25	1,38115668296814	3031,25	0,341811656951904	
3034,375	1,38389492034912	3034,375	0,340356200933456	
3037,5	1,38701963424683	3037,5	0,339551568031311	
3040,625	1,39208996295929	3040,625	0,337654620409012	
3043,75	1,39310777187347	3043,75	0,340305835008621	
3046,875	1,39782536029816	3046,875	0,341318935155869	
3050	1,39787471294403	3050	0,34026888012886	
3053,125	1,39707005023956	3053,125	0,337078720331192	
3056,25	1,40113890171051	3056,25	0,338679105043411	
3059,375	1,40126824378967	3059,375	0,337412297725677	
3062,5	1,40219259262085	3062,5	0,335625737905502	
3065,625	1,40180516242981	3065,625	0,336556643247604	
3068,75	1,4026575088501	3068,75	0,336778223514557	
3071,875	1,40436887741089	3071,875	0,338814318180084	
3075	1,40803825855255	3075	0,341835409402847	
3078,125	1,40961515903473	3078,125	0,341327726840973	
3081,25	1,40961503982544	3081,25	0,339760661125183	
3084,375	1,41169452667236	3084,375	0,339261412620544	
3087,5	1,41325235366821	3087,5	0,344857931137085	
3090,625	1,4123615026474	3090,625	0,345904290676117	
3093,75	1,41680264472961	3093,75	0,345481246709824	
3096,875	1,41766440868378	3096,875	0,346032649278641	
3100	1,41781365871429	3100	0,347163796424866	
3103,125	1,41863822937012	3103,125	0,348945915699005	
3106,25	1,42089319229126	3106,25	0,349778711795807	
3109,375	1,42347848415375	3109,375	0,350853830575943	
3112,5	1,42633509635925	3112,5	0,354376941919327	
3115,625	1,42991960048676	3115,625	0,352305293083191	
3118,75	1,4287211894989	3118,75	0,351387739181519	
3121,875	1,43006956577301	3121,875	0,350062668323517	
3125	1,42850744724274	3125	0,354701817035675	
3128,125	1,43208837509155	3128,125	0,356934487819672	
3131,25	1,43426215648651	3131,25	0,358094722032547	
3134,375	1,43691253662109	3134,375	0,356100678443909	
3137,5	1,43392157554626	3137,5	0,354764729738235	
3140,625	1,43927836418152	3140,625	0,35676497220993	
3143,75	1,44129848480225	3143,75	0,358089804649353	
3146,875	1,44312179088593	3146,875	0,35846346616745	
3150	1,44309151172638	3150	0,358252316713333	
3153,125	1,44800961017609	3153,125	0,359520107507706	
3156,25	1,44723570346832	3156,25	0,356949150562286	
3159,375	1,45105171203613	3159,375	0,356614470481873	
3162,5	1,45160591602325	3162,5	0,356331050395966	
3165,625	1,45066559314728	3165,625	0,357330828905106	
3168,75	1,4546126127243	3168,75	0,360285580158234	
3171,875	1,45759081840515	3171,875	0,361839979887009	
3175	1,45508909225464	3175	0,361499220132828	
3178,125	1,4649772644043	3178,125	0,362551420927048	
3181,25	1,46174514293671	3181,25	0,363468825817108	
3184,375	1,46361446380615	3184,375	0,362148761749268	
3187,5	1,46566903591156	3187,5	0,365677714347839	
3190,625	1,46280539035797	3190,625	0,366273820400238	
3193,75	1,46329963207245	3193,75	0,367548525333405	
3196,875	1,46664154529572	3196,875	0,366270154714584	
3200	1,46696579456329	3200	0,365692138671875	
3203,125	1,47047364711761	3203,125	0,363241851329803	
3206,25	1,47346711158752	3206,25	0,367283880710602	
3209,375	1,47565007209778	3209,375	0,369442790746689	
3212,5	1,47161388397217	3212,5	0,367376357316971	
3215,625	1,47204053401947	3215,625	0,36482498049736	
3218,75	1,47372329235077	3218,75	0,362284570932388	
3221,875	1,47486400604248	3221,875	0,367642521858215	
3225	1,47690069675446	3225	0,367687374353409	
3228,125	1,47451996803284	3228,125	0,370128303766251	
3231,25	1,47118473052979	3231,25	0,370962977409363	
3234,375	1,48069334030151	3234,375	0,37074613571167	
3237,5	1,47578549385071	3237,5	0,371018439531326	
3240,625	1,47979390621185	3240,625	0,373735874891281	
3243,75	1,47852253913879	3243,75	0,375480204820633	
3246,875	1,47983086109161	3246,875	0,377511143684387	
3250	1,4835911989212	3250	0,374349564313889	
3253,125	1,47664630413055	3253,125	0,377132117748261	
3256,25	1,48040699958801	3256,25	0,37764185667038	
3259,375	1,48483407497406	3259,375	0,37726891040802	
3262,5	1,48308348655701	3262,5	0,382393956184387	
3265,625	1,48236703872681	3265,625	0,383133143186569	
3268,75	1,48668086528778	3268,75	0,380199432373047	
3271,875	1,48743295669556	3271,875	0,384094804525375	
3275	1,49090659618378	3275	0,389247983694077	
3278,125	1,4906142950058	3278,125	0,387512385845184	
3281,25	1,49153816699982	3281,25	0,38347390294075	
3284,375	1,49287462234497	3284,375	0,386348843574524	
3287,5	1,49578726291656	3287,5	0,387104868888855	
3290,625	1,49633526802063	3290,625	0,387828350067139	
3293,75	1,50015199184418	3293,75	0,390247493982315	
3296,875	1,49989974498749	3296,875	0,393449157476425	
3300	1,49891936779022	3300	0,39432367682457	
3303,125	1,50223064422607	3303,125	0,396894931793213	
3306,25	1,50471806526184	3306,25	0,396218299865723	
3309,375	1,50476586818695	3309,375	0,395215392112732	
3312,5	1,50599217414856	3312,5	0,39694955945015	
3315,625	1,50653862953186	3315,625	0,398391008377075	
3318,75	1,50840926170349	3318,75	0,401559919118881	
3321,875	1,5119081735611	3321,875	0,402454495429993	
3325	1,51336479187012	3325	0,400779575109482	
3328,125	1,5121898651123	3328,125	0,401029944419861	
3331,25	1,51613283157349	3331,25	0,398298442363739	
3334,375	1,51873624324799	3334,375	0,401535421609879	
3337,5	1,5202716588974	3337,5	0,403193831443787	
3340,625	1,52086234092712	3340,625	0,402913004159927	
3343,75	1,51908457279205	3343,75	0,404211968183517	
3346,875	1,52051937580109	3346,875	0,409708648920059	
3350	1,52307236194611	3350	0,410288065671921	
3353,125	1,52240800857544	3353,125	0,406952559947968	
3356,25	1,52606189250946	3356,25	0,409218221902847	
3359,375	1,52700459957123	3359,375	0,411456555128098	
3362,5	1,52609884738922	3362,5	0,411994636058807	
3365,625	1,52837288379669	3365,625	0,408950656652451	
3368,75	1,53026413917542	3368,75	0,411302298307419	
3371,875	1,53355038166046	3371,875	0,412746638059616	
3375	1,53405380249023	3375	0,413341045379639	
3378,125	1,53192186355591	3378,125	0,412075608968735	
3381,25	1,53599238395691	3381,25	0,41125363111496	
3384,375	1,53905367851257	3384,375	0,41465038061142	
3387,5	1,53943729400635	3387,5	0,414488017559052	
3390,625	1,54015743732452	3390,625	0,41817632317543	
3393,75	1,54139769077301	3393,75	0,417463541030884	
3396,875	1,5423481464386	3396,875	0,419438153505325	
3400	1,54784727096558	3400	0,425412744283676	
3403,125	1,54618048667908	3403,125	0,420045375823975	
3406,25	1,54321718215942	3406,25	0,418810784816742	
3409,375	1,5465133190155	3409,375	0,41785341501236	
3412,5	1,54931545257568	3412,5	0,421883910894394	
3415,625	1,55084013938904	3415,625	0,418700486421585	
3418,75	1,55130863189697	3418,75	0,419549614191055	
3421,875	1,55737233161926	3421,875	0,423352032899857	
3425	1,55544185638428	3425	0,422370135784149	
3428,125	1,55456793308258	3428,125	0,420835793018341	
3431,25	1,55626201629639	3431,25	0,424048572778702	
3434,375	1,55693471431732	3434,375	0,426307410001755	
3437,5	1,55741059780121	3437,5	0,426841050386429	
3440,625	1,56145906448364	3440,625	0,425149291753769	
3443,75	1,56095278263092	3443,75	0,422557771205902	
3446,875	1,56435430049896	3446,875	0,423941045999527	
3450	1,56560623645782	3450	0,427067428827286	
3453,125	1,56702840328217	3453,125	0,42790213227272	
3456,25	1,56851625442505	3456,25	0,426316142082214	
3459,375	1,56878256797791	3459,375	0,427956014871597	
3462,5	1,57017362117767	3462,5	0,428672909736633	
3465,625	1,56893467903137	3465,625	0,42896580696106	
3468,75	1,57103264331818	3468,75	0,43108543753624	
3471,875	1,57305836677551	3471,875	0,431028097867966	
3475	1,57172667980194	3475	0,42781999707222	
3478,125	1,57372164726257	3478,125	0,430762350559235	
3481,25	1,57564890384674	3481,25	0,431514352560043	
3484,375	1,57463383674622	3484,375	0,431403517723084	
3487,5	1,57977962493896	3487,5	0,428864181041718	
3490,625	1,57846140861511	3490,625	0,431850641965866	
3493,75	1,578528881073	3493,75	0,4310422539711	
3496,875	1,58377349376678	3496,875	0,431502759456635	
3500	1,58297646045685	3500	0,432778060436249	
3503,125	1,58001792430878	3503,125	0,430533528327942	
3506,25	1,58314061164856	3506,25	0,434753656387329	
3509,375	1,58264350891113	3509,375	0,426169753074646	
3512,5	1,58648502826691	3512,5	0,425340831279755	
3515,625	1,5875027179718	3515,625	0,429990917444229	
3518,75	1,59086632728577	3518,75	0,431719541549683	
3521,875	1,59016287326813	3521,875	0,433061063289642	
3525	1,58936393260956	3525	0,432325303554535	
3528,125	1,59280359745026	3528,125	0,43337270617485	
3531,25	1,59086883068085	3531,25	0,432981938123703	
3534,375	1,59291434288025	3534,375	0,432213485240936	
3537,5	1,59247732162476	3537,5	0,433898091316223	
3540,625	1,59449660778046	3540,625	0,432271271944046	
3543,75	1,59810197353363	3543,75	0,434811770915985	
3546,875	1,60095477104187	3546,875	0,433342784643173	
3550	1,60055160522461	3550	0,43375501036644	
3553,125	1,6005220413208	3553,125	0,435589283704758	
3556,25	1,60089230537415	3556,25	0,43443775177002	
3559,375	1,59745192527771	3559,375	0,436687052249908	
3562,5	1,60518062114716	3562,5	0,432607620954514	
3565,625	1,60341012477875	3565,625	0,430605947971344	
3568,75	1,6035224199295	3568,75	0,433016687631607	
3571,875	1,60197687149048	3571,875	0,432847410440445	
3575	1,60127818584442	3575	0,433004766702652	
3578,125	1,60232484340668	3578,125	0,432891398668289	
3581,25	1,60120868682861	3581,25	0,433257758617401	
3584,375	1,6012636423111	3584,375	0,431933045387268	
3587,5	1,60473775863647	3587,5	0,436096012592316	
3590,625	1,60535645484924	3590,625	0,43703305721283	
3593,75	1,60549795627594	3593,75	0,435238242149353	
3596,875	1,60569584369659	3596,875	0,436757296323776	
3600	1,60238361358643	3600	0,435912549495697	
3603,125	1,61098730564117	3603,125	0,436101168394089	
3606,25	1,60925996303558	3606,25	0,43719470500946	
3609,375	1,60834383964539	3609,375	0,438149780035019	
3612,5	1,61153054237366	3612,5	0,436198592185974	
3615,625	1,61092615127563	3615,625	0,43600532412529	
3618,75	1,61081969738007	3618,75	0,438131809234619	
3621,875	1,61648333072662	3621,875	0,438572764396667	
3625	1,61443114280701	3625	0,436764866113663	
3628,125	1,61604535579681	3628,125	0,436263471841812	
3631,25	1,61505115032196	3631,25	0,438159376382828	
3634,375	1,612588763237	3634,375	0,438679993152618	
3637,5	1,61683249473572	3637,5	0,441207438707352	
3640,625	1,62567639350891	3640,625	0,437959522008896	
3643,75	1,6241215467453	3643,75	0,439767241477966	
3646,875	1,62144255638123	3646,875	0,43768385052681	
3650	1,61881649494171	3650	0,438005656003952	
3653,125	1,61973583698273	3653,125	0,43696129322052	
3656,25	1,62453615665436	3656,25	0,438297629356384	
3659,375	1,62747704982758	3659,375	0,437557458877563	
3662,5	1,62726378440857	3662,5	0,439668357372284	
3665,625	1,62713265419006	3665,625	0,438405722379684	
3668,75	1,62734520435333	3668,75	0,43740326166153	
3671,875	1,6296683549881	3671,875	0,43392214179039	
3675	1,63364350795746	3675	0,436563462018967	
3678,125	1,63092708587646	3678,125	0,435965806245804	
3681,25	1,63069474697113	3681,25	0,435457587242126	
3684,375	1,63334977626801	3684,375	0,434246987104416	
3687,5	1,63455903530121	3687,5	0,432918578386307	
3690,625	1,63331043720245	3690,625	0,43359762430191	
3693,75	1,63341569900513	3693,75	0,433881640434265	
3696,875	1,63812136650085	3696,875	0,434783726930618	
3700	1,63989579677582	3700	0,434363752603531	
3703,125	1,63704335689545	3703,125	0,433506280183792	
3706,25	1,63630771636963	3706,25	0,431277841329575	
3709,375	1,64127385616302	3709,375	0,431524485349655	
3712,5	1,64026296138763	3712,5	0,42940479516983	
3715,625	1,63933885097504	3715,625	0,428772807121277	
3718,75	1,64492011070251	3718,75	0,434673100709915	
3721,875	1,64604794979095	3721,875	0,429173648357391	
3725	1,64172494411469	3725	0,426806002855301	
3728,125	1,64565145969391	3728,125	0,42935836315155	
3731,25	1,64648604393005	3731,25	0,426162391901016	
3734,375	1,64572501182556	3734,375	0,430138409137726	
3737,5	1,64944660663605	3737,5	0,428480684757233	
3740,625	1,64900839328766	3740,625	0,429367810487747	
3743,75	1,64976346492767	3743,75	0,427487343549728	
3746,875	1,65429544448853	3746,875	0,427516520023346	
3750	1,65052139759064	3750	0,427144765853882	
3753,125	1,65277457237244	3753,125	0,423855274915695	
3756,25	1,65221929550171	3756,25	0,424857527017593	
3759,375	1,6545797586441	3759,375	0,421344190835953	
3762,5	1,65660738945007	3762,5	0,424763798713684	
3765,625	1,65938305854797	3765,625	0,42474839091301	
3768,75	1,65395832061768	3768,75	0,423225522041321	
3771,875	1,65233039855957	3771,875	0,420413017272949	
3775	1,65556406974792	3775	0,42014279961586	
3778,125	1,65757286548615	3778,125	0,418025106191635	
3781,25	1,65641164779663	3781,25	0,418755710124969	
3784,375	1,65859246253967	3784,375	0,417315244674683	
3787,5	1,66331100463867	3787,5	0,41827654838562	
3790,625	1,66274261474609	3790,625	0,420651853084564	
3793,75	1,66550028324127	3793,75	0,419033616781235	
3796,875	1,66705894470215	3796,875	0,416239023208618	
3800	1,66253900527954	3800	0,417089730501175	
3803,125	1,66257762908936	3803,125	0,414212644100189	
3806,25	1,66486787796021	3806,25	0,416116327047348	
3809,375	1,66966509819031	3809,375	0,41546556353569	
3812,5	1,66765332221985	3812,5	0,414068013429642	
3815,625	1,66683733463287	3815,625	0,414012938737869	
3818,75	1,66624522209167	3818,75	0,415218561887741	
3821,875	1,67149758338928	3821,875	0,408496469259262	
3825	1,66625714302063	3825	0,414159208536148	
3828,125	1,67155063152313	3828,125	0,408152014017105	
3831,25	1,67450487613678	3831,25	0,408455669879913	
3834,375	1,66923987865448	3834,375	0,409785062074661	
3837,5	1,67389845848083	3837,5	0,408648759126663	
3840,625	1,6706348657608	3840,625	0,407726228237152	
3843,75	1,67275440692902	3843,75	0,40433794260025	
3846,875	1,67273938655853	3846,875	0,404370129108429	
3850	1,67317461967468	3850	0,409693658351898	
3853,125	1,67394781112671	3853,125	0,401932120323181	
3856,25	1,67650032043457	3856,25	0,404316276311874	
3859,375	1,67807137966156	3859,375	0,403077870607376	
3862,5	1,6790189743042	3862,5	0,401535868644714	
3865,625	1,67570948600769	3865,625	0,398718565702438	
3868,75	1,67860889434814	3868,75	0,404092937707901	
3871,875	1,67481625080109	3871,875	0,396824330091476	
3875	1,67595911026001	3875	0,394013613462448	
3878,125	1,67547917366028	3878,125	0,398565232753754	
3881,25	1,67786467075348	3881,25	0,396902054548264	
3884,375	1,68080365657806	3884,375	0,396669924259186	
3887,5	1,67645013332367	3887,5	0,393461316823959	
3890,625	1,67919945716858	3890,625	0,39487823843956	
3893,75	1,68793296813965	3893,75	0,397504270076752	
3896,875	1,68273222446442	3896,875	0,394517153501511	
3900	1,6777435541153	3900	0,390843629837036	
3903,125	1,67939841747284	3903,125	0,393634825944901	
3906,25	1,68821907043457	3906,25	0,388507306575775	
3909,375	1,69013130664825	3909,375	0,391882300376892	
3912,5	1,69034779071808	3912,5	0,392380833625793	
3915,625	1,6848179101944	3915,625	0,389676511287689	
3918,75	1,68283486366272	3918,75	0,388911694288254	
3921,875	1,6818927526474	3921,875	0,390924870967865	
3925	1,68724632263184	3925	0,389769732952118	
3928,125	1,68436300754547	3928,125	0,383491188287735	
3931,25	1,67976343631744	3931,25	0,384674251079559	
3934,375	1,68221175670624	3934,375	0,38294044137001	
3937,5	1,68628060817719	3937,5	0,384347170591354	
3940,625	1,68844830989838	3940,625	0,383015334606171	
3943,75	1,68297898769379	3943,75	0,380562126636505	
3946,875	1,68695390224457	3946,875	0,380725473165512	
3950	1,68733632564545	3950	0,38038569688797	
3953,125	1,68637990951538	3953,125	0,376258075237274	
3956,25	1,68421566486359	3956,25	0,37983775138855	
3959,375	1,69123411178589	3959,375	0,377563446760178	
3962,5	1,68538320064545	3962,5	0,375719517469406	
3965,625	1,68280863761902	3965,625	0,37460133433342	
3968,75	1,68703758716583	3968,75	0,369399547576904	
3971,875	1,68236684799194	3971,875	0,375908941030502	
3975	1,68482971191406	3975	0,369473069906235	
3978,125	1,69084858894348	3978,125	0,369717568159103	
3981,25	1,68834817409515	3981,25	0,367879748344421	
3984,375	1,68343877792358	3984,375	0,364022433757782	
3987,5	1,68640887737274	3987,5	0,363563060760498	
3990,625	1,68201673030853	3990,625	0,369681686162949	
3993,75	1,68143355846405	3993,75	0,359558552503586	
3996,875	1,68630540370941	3996,875	0,363330811262131	
4000	1,68395888805389	4000	0,3636754155159	
4003,125	1,6775621175766	4003,125	0,362714767456055	
4006,25	1,68282771110535	4006,25	0,358713328838348	
4009,375	1,67731821537018	4009,375	0,34858050942421	
4012,5	1,68645477294922	4012,5	0,359440118074417	
4015,625	1,68492221832275	4015,625	0,364702522754669	
4018,75	1,68092048168182	4018,75	0,358479171991348	
4021,875	1,67970740795135	4021,875	0,358763307332993	
4025	1,6884229183197	4025	0,357276290655136	
4028,125	1,681560754776	4028,125	0,352776885032654	
4031,25	1,68498647212982	4031,25	0,350147843360901	
4034,375	1,68775057792664	4034,375	0,354860126972198	
4037,5	1,68603050708771	4037,5	0,350785493850708	
4040,625	1,68430113792419	4040,625	0,350238442420959	
4043,75	1,68698143959045	4043,75	0,353651583194733	
4046,875	1,68773722648621	4046,875	0,355817764997482	
4050	1,68941354751587	4050	0,345748484134674	
4053,125	1,68513178825378	4053,125	0,343739598989487	
4056,25	1,68678629398346	4056,25	0,34288290143013	
4059,375	1,68415915966034	4059,375	0,342609077692032	
4062,5	1,69030976295471	4062,5	0,341444224119186	
4065,625	1,68615889549255	4065,625	0,341519355773926	
4068,75	1,6884446144104	4068,75	0,337482064962387	
4071,875	1,68705034255981	4071,875	0,337467163801193	
4075	1,68805932998657	4075	0,336955189704895	
4078,125	1,69208800792694	4078,125	0,331736147403717	
4081,25	1,68730056285858	4081,25	0,330685585737228	
4084,375	1,68511807918549	4084,375	0,322007358074188	
4087,5	1,68597650527954	4087,5	0,325424700975418	
4090,625	1,68589723110199	4090,625	0,325853526592255	
4093,75	1,67974650859833	4093,75	0,321343690156937	
4096,875	1,68333315849304	4096,875	0,313871473073959	
4100	1,68404507637024	4100	0,317252635955811	
4103,125	1,6821882724762	4103,125	0,319534420967102	
4106,25	1,67808425426483	4106,25	0,313975036144257	
4109,375	1,68224120140076	4109,375	0,309552937746048	
4112,5	1,67833352088928	4112,5	0,311273485422134	
4115,625	1,68365466594696	4115,625	0,306770175695419	
4118,75	1,67867541313171	4118,75	0,306973159313202	
4121,875	1,68087446689606	4121,875	0,305368393659592	
4125	1,68398904800415	4125	0,304603099822998	
4128,125	1,67834270000458	4128,125	0,299160838127136	
4131,25	1,67348420619965	4131,25	0,298363327980042	
4134,375	1,67410230636597	4134,375	0,297542273998261	
4137,5	1,67845475673676	4137,5	0,293700337409973	
4140,625	1,67536473274231	4140,625	0,297775119543076	
4143,75	1,67439067363739	4143,75	0,291849344968796	
4146,875	1,67606425285339	4146,875	0,292925447225571	
4150	1,67684805393219	4150	0,290355414152145	
4153,125	1,67170429229736	4153,125	0,285346984863281	
4156,25	1,66820788383484	4156,25	0,285529762506485	
4159,375	1,66561186313629	4159,375	0,289990425109863	
4162,5	1,67258369922638	4162,5	0,287379503250122	
4165,625	1,67005908489227	4165,625	0,283171266317368	
4168,75	1,66446352005005	4168,75	0,280426144599915	
4171,875	1,66439819335938	4171,875	0,279172658920288	
4175	1,66544139385223	4175	0,276043772697449	
4178,125	1,66233360767365	4178,125	0,278297007083893	
4181,25	1,66451990604401	4181,25	0,279647469520569	
4184,375	1,66426038742065	4184,375	0,278004050254822	
4187,5	1,65705478191376	4187,5	0,279648005962372	
4190,625	1,65564846992493	4190,625	0,27619868516922	
4193,75	1,65890049934387	4193,75	0,277395516633987	
4196,875	1,65680313110352	4196,875	0,276616871356964	
4200	1,66110074520111	4200	0,277574211359024	
4203,125	1,66309726238251	4203,125	0,277023434638977	
4206,25	1,66305589675903	4206,25	0,275447010993958	
4209,375	1,66499221324921	4209,375	0,275574296712875	
4212,5	1,66517162322998	4212,5	0,278847754001617	
4215,625	1,66693139076233	4215,625	0,276302844285965	
4218,75	1,66810047626495	4218,75	0,272350132465363	
4221,875	1,66641867160797	4221,875	0,276336163282394	
4225	1,67176759243011	4225	0,270802617073059	
4228,125	1,66993987560272	4228,125	0,270760744810104	
4231,25	1,67875015735626	4231,25	0,274775117635727	
4234,375	1,67891478538513	4234,375	0,273787260055542	
4237,5	1,68304252624512	4237,5	0,274888038635254	
4240,625	1,68769061565399	4240,625	0,271283894777298	
4243,75	1,6832869052887	4243,75	0,264017075300217	
4246,875	1,68521881103516	4246,875	0,260322898626328	
4250	1,68727612495422	4250	0,263409286737442	
4253,125	1,68308067321777	4253,125	0,251584112644196	
4256,25	1,68640744686127	4256,25	0,254320949316025	
4259,375	1,69197499752045	4259,375	0,253768593072891	
4262,5	1,69189655780792	4262,5	0,25351744890213	
4265,625	1,69763362407684	4265,625	0,247816666960716	
4268,75	1,69579458236694	4268,75	0,247017100453377	
4271,875	1,69165062904358	4271,875	0,242662876844406	
4275	1,69389057159424	4275	0,237555325031281	
4278,125	1,69973289966583	4278,125	0,235459551215172	
4281,25	1,70249688625336	4281,25	0,232026964426041	
4284,375	1,70316314697266	4284,375	0,227378070354462	
4287,5	1,70220327377319	4287,5	0,220518440008163	
4290,625	1,70052194595337	4290,625	0,220087468624115	
4293,75	1,69518780708313	4293,75	0,217876851558685	
4296,875	1,70197808742523	4296,875	0,21540167927742	
4300	1,70654678344727	4300	0,221820026636124	
4303,125	1,70795619487762	4303,125	0,218111425638199	
4306,25	1,71155691146851	4306,25	0,206115767359734	
4309,375	1,70759189128876	4309,375	0,205621182918549	
4312,5	1,7109956741333	4312,5	0,20422001183033	
4315,625	1,70904862880707	4315,625	0,192731902003288	
4318,75	1,70628321170807	4318,75	0,195718452334404	
4321,875	1,7104058265686	4321,875	0,192129448056221	
4325	1,71087849140167	4325	0,188135251402855	
4328,125	1,71248233318329	4328,125	0,188539698719978	
4331,25	1,71037912368774	4331,25	0,18526990711689	
4334,375	1,71019470691681	4334,375	0,182228565216064	
4337,5	1,71309757232666	4337,5	0,178510993719101	
4340,625	1,72047531604767	4340,625	0,178636938333511	
4343,75	1,71811616420746	4343,75	0,167172774672508	
4346,875	1,71045279502869	4346,875	0,17134502530098	
4350	1,71037435531616	4350	0,169072553515434	
4353,125	1,71561825275421	4353,125	0,164520859718323	
4356,25	1,71808230876923	4356,25	0,160808220505714	
4359,375	1,71279871463776	4359,375	0,159102097153664	
4362,5	1,71291661262512	4362,5	0,153602764010429	
4365,625	1,71152102947235	4365,625	0,157732874155045	
4368,75	1,71414268016815	4368,75	0,152867928147316	
4371,875	1,71180176734924	4371,875	0,14983244240284	
4375	1,70930695533752	4375	0,142574980854988	
4378,125	1,71557199954987	4378,125	0,141008451581001	
4381,25	1,71717441082001	4381,25	0,140115767717361	
4384,375	1,70906949043274	4384,375	0,138246402144432	
4387,5	1,71398568153381	4387,5	0,134210929274559	
4390,625	1,71753668785095	4390,625	0,135752722620964	
4393,75	1,71652579307556	4393,75	0,130066692829132	
4396,875	1,71266090869904	4396,875	0,126364022493362	
4400	1,71438562870026	4400	0,128839612007141	
4403,125	1,72664821147919	4403,125	0,131580248475075	
4406,25	1,72290885448456	4406,25	0,11696445196867	
4409,375	1,71989512443542	4409,375	0,115366280078888	
4412,5	1,7138614654541	4412,5	0,115314081311226	
4415,625	1,71702992916107	4415,625	0,113632932305336	
4418,75	1,71337699890137	4418,75	0,105444468557835	
4421,875	1,7135865688324	4421,875	0,105524621903896	
4425	1,71449601650238	4425	0,104977443814278	
4428,125	1,71692144870758	4428,125	0,0978254675865173	
4431,25	1,71305871009827	4431,25	0,097801610827446	
4434,375	1,71470749378204	4434,375	0,091703936457634	
4437,5	1,72425878047943	4437,5	0,0879926010966301	
4440,625	1,71863687038422	4440,625	0,0842306241393089	
4443,75	1,71656441688538	4443,75	0,0834463536739349	
4446,875	1,71212518215179	4446,875	0,0833965241909027	
4450	1,71718502044678	4450	0,077988438308239	
4453,125	1,71664011478424	4453,125	0,0712452158331871	
4456,25	1,71846282482147	4456,25	0,0694340765476227	
4459,375	1,71781945228577	4459,375	0,0708389207720757	
4462,5	1,71413612365723	4462,5	0,0657631307840347	
4465,625	1,71602475643158	4465,625	0,0641109570860863	
4468,75	1,71616768836975	4468,75	0,0594361685216427	
4471,875	1,71353256702423	4471,875	0,0561379641294479	
4475	1,71538841724396	4475	0,0559550710022449	
4478,125	1,7106454372406	4478,125	0,0511655732989311	
4481,25	1,70850157737732	4481,25	0,0450207814574242	
4484,375	1,70569348335266	4484,375	0,04780238494277	
4487,5	1,70387160778046	4487,5	0,0399146564304829	
4490,625	1,70406889915466	4490,625	0,0391408912837505	
4493,75	1,70489466190338	4493,75	0,0351383201777935	
4496,875	1,70027232170105	4496,875	0,0328521095216274	
4500	1,70247554779053	4500	0,0319806188344955	
4503,125	1,69973695278168	4503,125	0,0340348444879055	
4506,25	1,69797170162201	4506,25	0,0275769401341677	
4509,375	1,69782423973083	4509,375	0,0295525267720222	
4512,5	1,69966077804565	4512,5	0,030621413141489	
4515,625	1,69911551475525	4515,625	0,0294414144009352	
4518,75	1,69794535636902	4518,75	0,0258629508316517	
4521,875	1,69606328010559	4521,875	0,0251977741718292	
4525	1,69374990463257	4525	0,02082334831357	
4528,125	1,69509363174438	4528,125	0,018162289634347	
4531,25	1,69325244426727	4531,25	0,0166948083788157	
4534,375	1,69734871387482	4534,375	0,0148316444829106	
4537,5	1,69512724876404	4537,5	0,0155107025057077	
4540,625	1,69864690303802	4540,625	0,0104052852839231	
4543,75	1,69362199306488	4543,75	0,0119860172271729	
4546,875	1,69516038894653	4546,875	0,00390203832648695	
4550	1,69515454769135	4550	0,00680750655010343	
4553,125	1,69327640533447	4553,125	0,00331995007582009	
4556,25	1,69043660163879	4556,25	0,00232168566435575	
4559,375	1,69343161582947	4559,375	0,000313846598146483	
4562,5	1,69874358177185	4562,5	-0,000847653660457581	
4565,625	1,69702517986298	4565,625	-0,00625975290313363	
4568,75	1,6958521604538	4568,75	-0,0110313389450312	
4571,875	1,6928813457489	4571,875	-0,0097368573769927	
4575	1,691725730896	4575	-0,0132849607616663	
4578,125	1,69288682937622	4578,125	-0,0159033015370369	
4581,25	1,69249653816223	4581,25	-0,0168793126940727	
4584,375	1,69439375400543	4584,375	-0,0173403583467007	
4587,5	1,69756376743317	4587,5	-0,0196174886077642	
4590,625	1,69526946544647	4590,625	-0,0229966826736927	
4593,75	1,69435620307922	4593,75	-0,0256237704306841	
4596,875	1,69456088542938	4596,875	-0,0291498601436615	
4600	1,69441902637482	4600	-0,0276949442923069	
4603,125	1,69369435310364	4603,125	-0,0317854844033718	
4606,25	1,68952596187592	4606,25	-0,037140890955925	
4609,375	1,69254171848297	4609,375	-0,0404081679880619	
4612,5	1,692986369133	4612,5	-0,0443661063909531	
4615,625	1,69453120231628	4615,625	-0,0420194901525974	
4618,75	1,69259798526764	4618,75	-0,0435776151716709	
4621,875	1,69188547134399	4621,875	-0,0495635829865932	
4625	1,69065260887146	4625	-0,0512859933078289	
4628,125	1,68883883953094	4628,125	-0,0539292134344578	
4631,25	1,68898320198059	4631,25	-0,0552103072404861	
4634,375	1,68894326686859	4634,375	-0,0566413812339306	
4637,5	1,69209694862366	4637,5	-0,0588938780128956	
4640,625	1,68997156620026	4640,625	-0,061119232326746	
4643,75	1,69033050537109	4643,75	-0,0640175566077232	
4646,875	1,69203948974609	4646,875	-0,0664957612752914	
4650	1,69025468826294	4650	-0,072133980691433	
4653,125	1,69089376926422	4653,125	-0,0752719864249229	
4656,25	1,6883350610733	4656,25	-0,0739802718162537	
4659,375	1,68794012069702	4659,375	-0,0727067664265633	
4662,5	1,6908905506134	4662,5	-0,074345238506794	
4665,625	1,6895444393158	4665,625	-0,0819410905241966	
4668,75	1,69210386276245	4668,75	-0,082574762403965	
4671,875	1,69211161136627	4671,875	-0,0851086229085922	
4675	1,69310522079468	4675	-0,0887036919593811	
4678,125	1,69191372394562	4678,125	-0,0882572680711746	
4681,25	1,68980956077576	4681,25	-0,0905849859118462	
4684,375	1,69005632400513	4684,375	-0,0891339704394341	
4687,5	1,69210731983185	4687,5	-0,0935547053813934	
4690,625	1,69409155845642	4690,625	-0,0945964232087135	
4693,75	1,69173574447632	4693,75	-0,100002385675907	
4696,875	1,69079303741455	4696,875	-0,10182399302721	
4700	1,69545829296112	4700	-0,102131098508835	
4703,125	1,6959912776947	4703,125	-0,10396233946085	
4706,25	1,69581377506256	4706,25	-0,10404109954834	
4709,375	1,69389367103577	4709,375	-0,104419201612473	
4712,5	1,69710266590118	4712,5	-0,108480557799339	
4715,625	1,70120906829834	4715,625	-0,108235239982605	
4718,75	1,69659984111786	4718,75	-0,1098967269063	
4721,875	1,697873711586	4721,875	-0,114821672439575	
4725	1,70103907585144	4725	-0,115187495946884	
4728,125	1,70188212394714	4728,125	-0,114567533135414	
4731,25	1,70319390296936	4731,25	-0,116757214069366	
4734,375	1,70412468910217	4734,375	-0,117118880152702	
4737,5	1,70489537715912	4737,5	-0,119020119309425	
4740,625	1,70798206329346	4740,625	-0,119862534105778	
4743,75	1,71086919307709	4743,75	-0,120323859155178	
4746,875	1,71444058418274	4746,875	-0,122854754328728	
4750	1,71609568595886	4750	-0,124559849500656	
4753,125	1,72313463687897	4753,125	-0,127992078661919	
4756,25	1,71942579746246	4756,25	-0,132566899061203	
4759,375	1,72069549560547	4759,375	-0,133391141891479	
4762,5	1,72336566448212	4762,5	-0,135220885276794	
4765,625	1,726229429245	4765,625	-0,131390586495399	
4768,75	1,73123395442963	4768,75	-0,143319919705391	
4771,875	1,73400795459747	4771,875	-0,142238959670067	
4775	1,73589444160461	4775	-0,143746957182884	
4778,125	1,7401328086853	4778,125	-0,14697453379631	
4781,25	1,7444771528244	4781,25	-0,148852124810219	
4784,375	1,74971580505371	4784,375	-0,151309221982956	
4787,5	1,75145387649536	4787,5	-0,161244496703148	
4790,625	1,75203323364258	4790,625	-0,161034464836121	
4793,75	1,75298655033112	4793,75	-0,167167365550995	
4796,875	1,75733923912048	4796,875	-0,170271992683411	
4800	1,7603954076767	4800	-0,17354716360569	
4803,125	1,76343178749084	4803,125	-0,176252841949463	
4806,25	1,76440894603729	4806,25	-0,182380363345146	
4809,375	1,76290738582611	4809,375	-0,187382906675339	
4812,5	1,76336443424225	4812,5	-0,190707147121429	
4815,625	1,76368725299835	4815,625	-0,200108036398888	
4818,75	1,76556718349457	4818,75	-0,200504332780838	
4821,875	1,76566863059998	4821,875	-0,200796410441399	
4825	1,76561200618744	4825	-0,203375890851021	
4828,125	1,76506161689758	4828,125	-0,203356370329857	
4831,25	1,76482665538788	4831,25	-0,210981905460358	
4834,375	1,76710844039917	4834,375	-0,212422296404839	
4837,5	1,76817917823792	4837,5	-0,214477598667145	
4840,625	1,76769876480103	4840,625	-0,217071726918221	
4843,75	1,76841604709625	4843,75	-0,216097131371498	
4846,875	1,77116978168488	4846,875	-0,21788664162159	
4850	1,77270030975342	4850	-0,221511274576187	
4853,125	1,77435159683228	4853,125	-0,223613232374191	
4856,25	1,77205491065979	4856,25	-0,220783770084381	
4859,375	1,77792346477509	4859,375	-0,223434954881668	
4862,5	1,78217029571533	4862,5	-0,222770288586617	
4865,625	1,78206348419189	4865,625	-0,227034255862236	
4868,75	1,78507876396179	4868,75	-0,234444960951805	
4871,875	1,78595530986786	4871,875	-0,233427092432976	
4875	1,78830933570862	4875	-0,230395302176476	
4878,125	1,79310941696167	4878,125	-0,231599539518356	
4881,25	1,79365754127502	4881,25	-0,238338932394981	
4884,375	1,79532432556152	4884,375	-0,239336758852005	
4887,5	1,79854214191437	4887,5	-0,238199412822723	
4890,625	1,80704689025879	4890,625	-0,237950697541237	
4893,75	1,8070353269577	4893,75	-0,242214575409889	
4896,875	1,80548346042633	4896,875	-0,245514303445816	
4900	1,80527031421661	4900	-0,24690954387188	
4903,125	1,81154417991638	4903,125	-0,243533968925476	
4906,25	1,81358814239502	4906,25	-0,247634440660477	
4909,375	1,8167370557785	4909,375	-0,248802915215492	
4912,5	1,81938457489014	4912,5	-0,250085890293121	
4915,625	1,82122397422791	4915,625	-0,254269421100616	
4918,75	1,82700455188751	4918,75	-0,255905598402023	
4921,875	1,83201837539673	4921,875	-0,256071835756302	
4925	1,83463799953461	4925	-0,253926545381546	
4928,125	1,83637225627899	4928,125	-0,255132675170898	
4931,25	1,84342873096466	4931,25	-0,257878690958023	
4934,375	1,84701538085938	4934,375	-0,257615357637405	
4937,5	1,85227477550507	4937,5	-0,25834459066391	
4940,625	1,85412287712097	4940,625	-0,25701829791069	
4943,75	1,86562764644623	4943,75	-0,257700741291046	
4946,875	1,86936771869659	4946,875	-0,260170996189117	
4950	1,86946594715118	4950	-0,265805631875992	
4953,125	1,87593495845795	4953,125	-0,266645401716232	
4956,25	1,88118457794189	4956,25	-0,268283396959305	
4959,375	1,89100623130798	4959,375	-0,271567404270172	
4962,5	1,89471399784088	4962,5	-0,273883402347565	
4965,625	1,90240907669067	4965,625	-0,278088927268982	
4968,75	1,90923058986664	4968,75	-0,275057077407837	
4971,875	1,9204318523407	4971,875	-0,279096961021423	
				
