Frequency in Hz	Acrylic_92 Sound Absorption Coefficient 1/3-octave	Frequency in Hz	Acrylic_92 Sound Absorption Coefficient continuous	
125	0,0673803761601448	100	0,0449000103018151	
160	0,0913494676351547	103,125	0,0442929346243444	
200	0,128745138645172	106,25	0,0389587128766251	
250	0,181919917464256	109,375	0,037050974716732	
315	0,270140945911407	112,5	0,0524577734528944	
400	0,355585902929306	115,625	0,068836971469364	
500	0,478395372629166	118,75	0,0684329023838602	
630	0,603314757347107	121,875	0,0633802696948811	
800	0,714918076992035	125	0,0643112875751707	
1000	0,803867101669312	128,125	0,0675697345518106	
1250	0,858400046825409	131,25	0,0564570169018224	
1600	0,906042397022247	134,375	0,0678867750901561	
2000	0,888708174228668	137,5	0,0840462739828542	
2500	0,88354766368866	140,625	0,0804247523631865	
3150	0,897278785705566	143,75	0,0878760920890986	
4000	0,931715667247772	146,875	0,0808624772120499	
		150	0,0651815390936074	
		153,125	0,0997409096038976	
		156,25	0,0885411087886638	
		159,375	0,0840217411215163	
		162,5	0,0826886456725348	
		165,625	0,0762834435687254	
		168,75	0,116736330624954	
		171,875	0,114044323388233	
		175	0,108867516145873	
		178,125	0,121286335391255	
		181,25	0,11583946499467	
		184,375	0,118380279933808	
		187,5	0,117260925828537	
		190,625	0,112200341033582	
		193,75	0,123235849416537	
		196,875	0,12843545662897	
		200	0,133264123628775	
		203,125	0,137669875954694	
		206,25	0,132862204125527	
		209,375	0,143344840210388	
		212,5	0,130551118044071	
		215,625	0,135605101860647	
		218,75	0,145307660405947	
		221,875	0,135933507682526	
		225	0,145397268571334	
		228,125	0,157389692410946	
		231,25	0,163849562790023	
		234,375	0,153656307390842	
		237,5	0,162609532939047	
		240,625	0,158902023838437	
		243,75	0,171212681885416	
		246,875	0,185846062495677	
		250	0,177179340158037	
		253,125	0,18094638775988	
		256,25	0,195159305060143	
		259,375	0,199487102078306	
		262,5	0,180697224325484	
		265,625	0,185465277861988	
		268,75	0,186567136956064	
		271,875	0,199329110650253	
		275	0,220889321797723	
		278,125	0,221970323981491	
		281,25	0,209924671639977	
		284,375	0,213513151928704	
		287,5	0,228674664727063	
		290,625	0,233541165535099	
		293,75	0,231246540378499	
		296,875	0,222363919542465	
		300	0,242091032436128	
		303,125	0,255893433799785	
		306,25	0,268477331509811	
		309,375	0,267867122532153	
		312,5	0,285893737017262	
		315,625	0,288535718842542	
		318,75	0,290218894294035	
		321,875	0,29653802136935	
		325	0,295453241599095	
		328,125	0,283424443353366	
		331,25	0,271847665549028	
		334,375	0,287724718034738	
		337,5	0,281702433477822	
		340,625	0,285221157644141	
		343,75	0,292732888461696	
		346,875	0,290643560876664	
		350	0,303000059195363	
		353,125	0,296637051978998	
		356,25	0,287299340533607	
		359,375	0,291459625803708	
		362,5	0,312475924266062	
		365,625	0,307548557092078	
		368,75	0,308838263734332	
		371,875	0,335085097032696	
		375	0,343115640693318	
		378,125	0,332936959151208	
		381,25	0,300127908627501	
		384,375	0,320130920681348	
		387,5	0,339169667634385	
		390,625	0,35574483654366	
		393,75	0,344072030286857	
		396,875	0,341721031006175	
		400	0,330263013426546	
		403,125	0,347608538388268	
		406,25	0,361354522969539	
		409,375	0,341274478049535	
		412,5	0,356015508282363	
		415,625	0,383167791087362	
		418,75	0,40726986068582	
		421,875	0,397390347765263	
		425	0,397127238557568	
		428,125	0,366229214628789	
		431,25	0,378034179993526	
		434,375	0,416427997817146	
		437,5	0,419654150004838	
		440,625	0,41119497895426	
		443,75	0,42230293218168	
		446,875	0,412536153319506	
		450	0,414570877291885	
		453,125	0,425012177331171	
		456,25	0,441406492428756	
		459,375	0,438772767557278	
		462,5	0,438346216136981	
		465,625	0,436829115986444	
		468,75	0,438960543195522	
		471,875	0,447223409761665	
		475	0,439136256563075	
		478,125	0,442449828598807	
		481,25	0,454881686735597	
		484,375	0,458594164822139	
		487,5	0,460804801301351	
		490,625	0,46124041528319	
		493,75	0,464254777831048	
		496,875	0,47628110177227	
		500	0,475445871539519	
		503,125	0,478045977979709	
		506,25	0,476694422588451	
		509,375	0,480274264586656	
		512,5	0,487033155660764	
		515,625	0,493453230436417	
		518,75	0,488110271637101	
		521,875	0,489309904071888	
		525	0,50001902079651	
		528,125	0,502867300960344	
		531,25	0,503911305190089	
		534,375	0,50658302280441	
		537,5	0,511432332480803	
		540,625	0,511372875468556	
		543,75	0,517244586063304	
		546,875	0,525508193721371	
		550	0,525496463515098	
		553,125	0,527207961597795	
		556,25	0,540882664690013	
		559,375	0,542576451774871	
		562,5	0,541769629853748	
		565,625	0,540461392862098	
		568,75	0,550529898757917	
		571,875	0,553937791989193	
		575	0,554094690406922	
		578,125	0,554675183762642	
		581,25	0,560434167125397	
		584,375	0,562587488030995	
		587,5	0,563853391466437	
		590,625	0,566020359040085	
		593,75	0,569540178979804	
		596,875	0,571786641975383	
		600	0,572197316137918	
		603,125	0,576570532778752	
		606,25	0,581586216473859	
		609,375	0,587254656647968	
		612,5	0,587224529953695	
		615,625	0,591648424436809	
		618,75	0,591295880108034	
		621,875	0,59582593593054	
		625	0,598645437257883	
		628,125	0,599731864893458	
		631,25	0,60166386534397	
		634,375	0,605392152446241	
		637,5	0,609857412460656	
		640,625	0,611751168133137	
		643,75	0,612149328694561	
		646,875	0,615809205418635	
		650	0,618529031065808	
		653,125	0,619274602666791	
		656,25	0,620608127642316	
		659,375	0,622769021470501	
		662,5	0,626951149157162	
		665,625	0,62768977044634	
		668,75	0,630934777613364	
		671,875	0,633730075029507	
		675	0,635843080770536	
		678,125	0,639940359624423	
		681,25	0,64169411355275	
		684,375	0,64316657583096	
		687,5	0,647318497934213	
		690,625	0,648909706251246	
		693,75	0,650893108315835	
		696,875	0,65390404658667	
		700	0,653067785244516	
		703,125	0,653456831803219	
		706,25	0,658816897171237	
		709,375	0,660425189479538	
		712,5	0,660810935114061	
		715,625	0,664645855316824	
		718,75	0,669299786753439	
		721,875	0,66824853616301	
		725	0,671307175781195	
		728,125	0,674912365742116	
		731,25	0,674562314191108	
		734,375	0,677916789870832	
		737,5	0,679835774183987	
		740,625	0,682564821976522	
		743,75	0,684346621210612	
		746,875	0,684570907289247	
		750	0,689405317110537	
		753,125	0,691393692521753	
		756,25	0,692715005482856	
		759,375	0,693059963025823	
		762,5	0,696495861319458	
		765,625	0,697953246130384	
		768,75	0,702398517135092	
		771,875	0,703779677299597	
		775	0,703309853048013	
		778,125	0,707056952565876	
		781,25	0,707790119447231	
		784,375	0,70919063886168	
		787,5	0,712681439628244	
		790,625	0,713500660804115	
		793,75	0,714855913447427	
		796,875	0,717138964092952	
		800	0,718248804037657	
		803,125	0,718466256577692	
		806,25	0,718102046940012	
		809,375	0,72031561792751	
		812,5	0,723314749401206	
		815,625	0,726622050164185	
		818,75	0,727463418708307	
		821,875	0,729050246269953	
		825	0,730437574243414	
		828,125	0,732467568696933	
		831,25	0,735117992344817	
		834,375	0,735114834439402	
		837,5	0,734598250082021	
		840,625	0,736133139656891	
		843,75	0,73781400625714	
		846,875	0,736817749375413	
		850	0,74269617806853	
		853,125	0,742528262860045	
		856,25	0,74282387909046	
		859,375	0,745175082929373	
		862,5	0,746096936484102	
		865,625	0,7466773524481	
		868,75	0,746570551977546	
		871,875	0,747482105636421	
		875	0,748637453219472	
		878,125	0,751944069136506	
		881,25	0,752026912523176	
		884,375	0,765707769286697	
		887,5	0,767572587777383	
		890,625	0,767968485667548	
		893,75	0,768583710431637	
		896,875	0,770442816203967	
		900	0,770775645229036	
		903,125	0,772110857046601	
		906,25	0,775081813609788	
		909,375	0,776034127122983	
		912,5	0,776540741301782	
		915,625	0,778566663661103	
		918,75	0,780677149540284	
		921,875	0,780861786549762	
		925	0,782616956957987	
		928,125	0,78257988886366	
		931,25	0,782453198278117	
		934,375	0,783564384897633	
		937,5	0,783639500354479	
		940,625	0,78608242046079	
		943,75	0,787805414309809	
		946,875	0,788762668339533	
		950	0,789084880004023	
		953,125	0,790742623509253	
		956,25	0,792519009935791	
		959,375	0,793499016975693	
		962,5	0,79450920063372	
		965,625	0,795554667074725	
		968,75	0,795281934214426	
		971,875	0,796682947939622	
		975	0,798144063753724	
		978,125	0,798373153122762	
		981,25	0,800303490551861	
		984,375	0,800186384512007	
		987,5	0,800758707017827	
		990,625	0,80204907921636	
		993,75	0,801897676334144	
		996,875	0,803886799468905	
		1000	0,804830354732648	
		1003,125	0,805293499675968	
		1006,25	0,806573280005831	
		1009,375	0,807060078660404	
		1012,5	0,807505370659799	
		1015,625	0,809679895045699	
		1018,75	0,809764289682453	
		1021,875	0,810127740274543	
		1025	0,810693811718153	
		1028,125	0,811753315202024	
		1031,25	0,811926713485927	
		1034,375	0,812559042220057	
		1037,5	0,813759094334388	
		1040,625	0,814214929920078	
		1043,75	0,81525565550451	
		1046,875	0,815481580278208	
		1050	0,816214277304385	
		1053,125	0,815770334485007	
		1056,25	0,816566712446188	
		1059,375	0,818161542072138	
		1062,5	0,818183174423131	
		1065,625	0,818777742762949	
		1068,75	0,819680558523468	
		1071,875	0,819905347032659	
		1075	0,820751479510468	
		1078,125	0,821030562304338	
		1081,25	0,821817296248515	
		1084,375	0,822679406483484	
		1087,5	0,823267241604002	
		1090,625	0,823966839886962	
		1093,75	0,824281994021669	
		1096,875	0,824574547993909	
		1100	0,82488629901533	
		1103,125	0,825020875329181	
		1106,25	0,827071207342741	
		1109,375	0,827305319751555	
		1112,5	0,826336174695609	
		1115,625	0,826830617710856	
		1118,75	0,827747420604837	
		1121,875	0,828205847102209	
		1125	0,828205483797208	
		1128,125	0,828792464548395	
		1131,25	0,829401859228016	
		1134,375	0,829685047000456	
		1137,5	0,829920728145522	
		1140,625	0,829550318873887	
		1143,75	0,830409290230943	
		1146,875	0,829941862867515	
		1150	0,830098535955443	
		1153,125	0,830801043612632	
		1156,25	0,831634477732316	
		1159,375	0,831934376268811	
		1162,5	0,832492884756152	
		1165,625	0,832919119848914	
		1168,75	0,831831281108248	
		1171,875	0,832098929689558	
		1175	0,832350492228596	
		1178,125	0,83217419267676	
		1181,25	0,83297348539375	
		1184,375	0,833847103330577	
		1187,5	0,833564969080584	
		1190,625	0,834321418222367	
		1193,75	0,834764595075895	
		1196,875	0,835171835690289	
		1200	0,834738923859298	
		1203,125	0,835707689349252	
		1206,25	0,834783410764991	
		1209,375	0,83497042524436	
		1212,5	0,835327097111927	
		1215,625	0,835213772389428	
		1218,75	0,835156723867961	
		1221,875	0,835366823869497	
		1225	0,83429489282466	
		1228,125	0,835678982089361	
		1231,25	0,835542091724358	
		1234,375	0,836470785047714	
		1237,5	0,8357579451779	
		1240,625	0,834413282455987	
		1243,75	0,835173664588532	
		1246,875	0,833577194222695	
		1250	0,835140892185644	
		1253,125	0,835720109769443	
		1256,25	0,834865781066426	
		1259,375	0,835387462663123	
		1262,5	0,83697766460515	
		1265,625	0,835179407633	
		1268,75	0,836327772995389	
		1271,875	0,836562626012294	
		1275	0,835880489693854	
		1278,125	0,835464703586409	
		1281,25	0,837129526660711	
		1284,375	0,836372630214457	
		1287,5	0,835947984112876	
		1290,625	0,835629030542881	
		1293,75	0,836342819676697	
		1296,875	0,838680802765881	
		1300	0,839238412858546	
		1303,125	0,838265053677399	
		1306,25	0,838766790846962	
		1309,375	0,838880749470502	
		1312,5	0,838708511159662	
		1315,625	0,841423606266527	
		1318,75	0,844107391852572	
		1321,875	0,846531198079651	
		1325	0,846742531492717	
		1328,125	0,850799788777784	
		1331,25	0,853023340974538	
		1334,375	0,854372990114389	
		1337,5	0,858205728570421	
		1340,625	0,861926648942855	
		1343,75	0,865040019271798	
		1346,875	0,871452720347274	
		1350	0,879158312664016	
		1353,125	0,883467668849604	
		1356,25	0,887256438277947	
		1359,375	0,895049601100446	
		1362,5	0,901732597124872	
		1365,625	0,910230490665956	
		1368,75	0,91819830076926	
		1371,875	0,923834597134785	
		1375	0,930859476785283	
		1378,125	0,936549176707693	
		1381,25	0,942151402142986	
		1384,375	0,945939847395614	
		1387,5	0,949596349837407	
		1390,625	0,952306204545129	
		1393,75	0,954298312073165	
		1396,875	0,955348873230205	
		1400	0,956803694451528	
		1403,125	0,956688583748579	
		1406,25	0,956031401097977	
		1409,375	0,955031073545138	
		1412,5	0,954517673205249	
		1415,625	0,953061359432547	
		1418,75	0,9511480701254	
		1421,875	0,950016768558805	
		1425	0,947934917304324	
		1428,125	0,94556093777305	
		1431,25	0,943895488865348	
		1434,375	0,94199828016033	
		1437,5	0,940722606576956	
		1440,625	0,938806776173772	
		1443,75	0,93733224329013	
		1446,875	0,93565211076181	
		1450	0,934018810173742	
		1453,125	0,932577488715136	
		1456,25	0,930897104418987	
		1459,375	0,929371578477907	
		1462,5	0,928169701956089	
		1465,625	0,92681440950686	
		1468,75	0,925445258735586	
		1471,875	0,923962772525019	
		1475	0,922838277566939	
		1478,125	0,921502848106135	
		1481,25	0,92008390908171	
		1484,375	0,919128033407754	
		1487,5	0,918125838098926	
		1490,625	0,91714623284284	
		1493,75	0,916355177783285	
		1496,875	0,915137615613762	
		1500	0,914225171703521	
		1503,125	0,913487433897965	
		1506,25	0,913306498898808	
		1509,375	0,912101413308105	
		1512,5	0,910875846236467	
		1515,625	0,909997418240326	
		1518,75	0,90878056876815	
		1521,875	0,908034624300229	
		1525	0,9074080610084	
		1528,125	0,906986351028033	
		1531,25	0,906109871700918	
		1534,375	0,905267142637906	
		1537,5	0,904610619934664	
		1540,625	0,903586352950959	
		1543,75	0,90310613697059	
		1546,875	0,902495092028049	
		1550	0,901468070621551	
		1553,125	0,901143517464452	
		1556,25	0,900201171055746	
		1559,375	0,900195092441921	
		1562,5	0,899851476993075	
		1565,625	0,899916812612729	
		1568,75	0,90004849751072	
		1571,875	0,899733673061909	
		1575	0,899356208437812	
		1578,125	0,899529239910548	
		1581,25	0,899754522299053	
		1584,375	0,900142439518869	
		1587,5	0,900207356240813	
		1590,625	0,899682536271929	
		1593,75	0,899658695755095	
		1596,875	0,900117390657239	
		1600	0,899958499069769	
		1603,125	0,9000881604405	
		1606,25	0,900022148395824	
		1609,375	0,900761028355786	
		1612,5	0,901123149479169	
		1615,625	0,901466753802856	
		1618,75	0,901819744491337	
		1621,875	0,901924979991706	
		1625	0,903230861911343	
		1628,125	0,903101576207061	
		1631,25	0,903221572480531	
		1634,375	0,90284618011211	
		1637,5	0,903165912127473	
		1640,625	0,902143228900853	
		1643,75	0,902123871292798	
		1646,875	0,902069424569998	
		1650	0,901796077533746	
		1653,125	0,901055407166706	
		1656,25	0,900543920753354	
		1659,375	0,900395416750545	
		1662,5	0,89954847149412	
		1665,625	0,898554939442313	
		1668,75	0,8981656591846	
		1671,875	0,898044803415361	
		1675	0,896571483555016	
		1678,125	0,895713721664413	
		1681,25	0,894791224799328	
		1684,375	0,894177614714451	
		1687,5	0,893938178959053	
		1690,625	0,892940174924928	
		1693,75	0,892925938987298	
		1696,875	0,892187340096019	
		1700	0,891276165640901	
		1703,125	0,890472571599231	
		1706,25	0,890388387696663	
		1709,375	0,89006824654096	
		1712,5	0,889419845823907	
		1715,625	0,888760554754008	
		1718,75	0,888672967288374	
		1721,875	0,888161024884124	
		1725	0,887589645254763	
		1728,125	0,887900272774035	
		1731,25	0,88806839057295	
		1734,375	0,887438376405596	
		1737,5	0,887110410864412	
		1740,625	0,886138518455475	
		1743,75	0,887754470321459	
		1746,875	0,88813986214784	
		1750	0,887396232624884	
		1753,125	0,887825800994486	
		1756,25	0,887871203098147	
		1759,375	0,888935271665819	
		1762,5	0,889105899665172	
		1765,625	0,889643322732239	
		1768,75	0,8901164099919	
		1771,875	0,891331337864628	
		1775	0,891828814096161	
		1778,125	0,891696580383736	
		1781,25	0,891145436326894	
		1784,375	0,891544264489508	
		1787,5	0,89189331957923	
		1790,625	0,891729671752224	
		1793,75	0,891122379553937	
		1796,875	0,891659312231591	
		1800	0,891884661574905	
		1803,125	0,892392086704979	
		1806,25	0,892577347238196	
		1809,375	0,892878083834568	
		1812,5	0,892756556978163	
		1815,625	0,892140038436985	
		1818,75	0,892813836225703	
		1821,875	0,893258279035147	
		1825	0,893132829774259	
		1828,125	0,893204870902833	
		1831,25	0,893102837533313	
		1834,375	0,892516223875865	
		1837,5	0,893716238797701	
		1840,625	0,893738508630957	
		1843,75	0,893673127412517	
		1846,875	0,893357259956399	
		1850	0,892281692364064	
		1853,125	0,892687095474285	
		1856,25	0,893051184034726	
		1859,375	0,892548417716357	
		1862,5	0,892077873276007	
		1865,625	0,892102540326235	
		1868,75	0,892067481480489	
		1871,875	0,892010137522621	
		1875	0,891995262391142	
		1878,125	0,892521410569038	
		1881,25	0,89179042509594	
		1884,375	0,891895601018852	
		1887,5	0,891860446074851	
		1890,625	0,890816339692917	
		1893,75	0,891869848276206	
		1896,875	0,891457693779502	
		1900	0,89139984195736	
		1903,125	0,89147158702865	
		1906,25	0,89109535259479	
		1909,375	0,891138140378054	
		1912,5	0,891501352130464	
		1915,625	0,891726893750488	
		1918,75	0,890955812638608	
		1921,875	0,891688311383808	
		1925	0,89147928836616	
		1928,125	0,891700297528806	
		1931,25	0,89124279762534	
		1934,375	0,890631350699137	
		1937,5	0,890332048431275	
		1940,625	0,889916887778619	
		1943,75	0,890761114818799	
		1946,875	0,891216193891927	
		1950	0,890832087591773	
		1953,125	0,890612124010285	
		1956,25	0,89041404724695	
		1959,375	0,889906267880698	
		1962,5	0,890495123145445	
		1965,625	0,890944866533745	
		1968,75	0,890260460364201	
		1971,875	0,889727862678455	
		1975	0,891043827925739	
		1978,125	0,890939061763714	
		1981,25	0,890508350344858	
		1984,375	0,89094077819779	
		1987,5	0,889977123256621	
		1990,625	0,889403927941942	
		1993,75	0,890113943272831	
		1996,875	0,890039503006558	
		2000	0,88960872639637	
		2003,125	0,890115641335442	
		2006,25	0,889794917822243	
		2009,375	0,890479943635897	
		2012,5	0,890088897780392	
		2015,625	0,890082259377459	
		2018,75	0,889949173151351	
		2021,875	0,890081481289036	
		2025	0,890116692636149	
		2028,125	0,890503605076622	
		2031,25	0,889760111942564	
		2034,375	0,889722010913797	
		2037,5	0,890281704095976	
		2040,625	0,88939972735206	
		2043,75	0,889192697007503	
		2046,875	0,888868484673109	
		2050	0,888578868723433	
		2053,125	0,889170515268823	
		2056,25	0,889434168758678	
		2059,375	0,888103324203226	
		2062,5	0,888245608822609	
		2065,625	0,888533655948514	
		2068,75	0,887588798972887	
		2071,875	0,887106238781219	
		2075	0,886753431678778	
		2078,125	0,887514171297297	
		2081,25	0,887052858870387	
		2084,375	0,886831120081324	
		2087,5	0,885595208451927	
		2090,625	0,885654925295822	
		2093,75	0,885971731011342	
		2096,875	0,886015941226888	
		2100	0,885770037094743	
		2103,125	0,884671580537852	
		2106,25	0,884672712161572	
		2109,375	0,884099785982397	
		2112,5	0,885587819722418	
		2115,625	0,885380078096064	
		2118,75	0,884957376326912	
		2121,875	0,884573901153014	
		2125	0,884019705872885	
		2128,125	0,883782948151923	
		2131,25	0,88442046867195	
		2134,375	0,885083010819727	
		2137,5	0,884500472567079	
		2140,625	0,884369065245154	
		2143,75	0,884160084285118	
		2146,875	0,883853799976013	
		2150	0,884388487977253	
		2153,125	0,884010916681465	
		2156,25	0,884872176680646	
		2159,375	0,884552682780772	
		2162,5	0,885073909175438	
		2165,625	0,885819782302934	
		2168,75	0,8836699994941	
		2171,875	0,884081611988117	
		2175	0,885192708967008	
		2178,125	0,884166750821826	
		2181,25	0,884852132857065	
		2184,375	0,883950222090263	
		2187,5	0,884187105065598	
		2190,625	0,883974917139556	
		2193,75	0,884528348041342	
		2196,875	0,884251177965458	
		2200	0,884655269151353	
		2203,125	0,884438413155505	
		2206,25	0,88460923300685	
		2209,375	0,883109772417904	
		2212,5	0,882709743572573	
		2215,625	0,883391408005046	
		2218,75	0,883467145938879	
		2221,875	0,882800463234458	
		2225	0,88224561418016	
		2228,125	0,8822406042439	
		2231,25	0,882273620891168	
		2234,375	0,882715517685904	
		2237,5	0,883098568012413	
		2240,625	0,884084238818511	
		2243,75	0,883071638172762	
		2246,875	0,882198995330923	
		2250	0,882410443574354	
		2253,125	0,881966382572257	
		2256,25	0,881750950412663	
		2259,375	0,882446513856246	
		2262,5	0,881500818785762	
		2265,625	0,882054872721053	
		2268,75	0,881551596384711	
		2271,875	0,882211299120184	
		2275	0,881506063227689	
		2278,125	0,882102184169442	
		2281,25	0,882639701729522	
		2284,375	0,882223248876068	
		2287,5	0,881975228976597	
		2290,625	0,881349602465414	
		2293,75	0,881852901776917	
		2296,875	0,881347158890585	
		2300	0,881433773199192	
		2303,125	0,8814119275993	
		2306,25	0,881349321404807	
		2309,375	0,881513362842786	
		2312,5	0,881732317010362	
		2315,625	0,88195065748018	
		2318,75	0,882349002718924	
		2321,875	0,882243413466615	
		2325	0,881433654010288	
		2328,125	0,881153911188475	
		2331,25	0,881002699681818	
		2334,375	0,881582257145957	
		2337,5	0,881927775620609	
		2340,625	0,881286638609255	
		2343,75	0,879915660997396	
		2346,875	0,880895309617012	
		2350	0,880636722561603	
		2353,125	0,881219812054815	
		2356,25	0,881480360749039	
		2359,375	0,880367640425348	
		2362,5	0,88124626032773	
		2365,625	0,882410093223313	
		2368,75	0,880475171838134	
		2371,875	0,880850350085469	
		2375	0,881297791578061	
		2378,125	0,881035783708125	
		2381,25	0,880998864003034	
		2384,375	0,881712811620616	
		2387,5	0,880513295544341	
		2390,625	0,880964774987015	
		2393,75	0,880168832498677	
		2396,875	0,880739668728814	
		2400	0,881699460265511	
		2403,125	0,88115572961776	
		2406,25	0,88164921170839	
		2409,375	0,881409198741609	
		2412,5	0,881352848473548	
		2415,625	0,880598678507626	
		2418,75	0,880948278127697	
		2421,875	0,88010651670203	
		2425	0,879815388066268	
		2428,125	0,880807886281324	
		2431,25	0,881896012477426	
		2434,375	0,881562373355511	
		2437,5	0,880858388992131	
		2440,625	0,881382335642088	
		2443,75	0,881113131522806	
		2446,875	0,881300084848803	
		2450	0,880880811032624	
		2453,125	0,880557532468906	
		2456,25	0,881371311712878	
		2459,375	0,881060921583062	
		2462,5	0,880224843810989	
		2465,625	0,881234350860969	
		2468,75	0,882103320915488	
		2471,875	0,881085037925107	
		2475	0,881267692343405	
		2478,125	0,881138918659949	
		2481,25	0,880898577657556	
		2484,375	0,881800705471061	
		2487,5	0,882061331906595	
		2490,625	0,880810472452081	
		2493,75	0,88086547526539	
		2496,875	0,880212973869884	
		2500	0,881222382012933	
		2503,125	0,882264261536425	
		2506,25	0,882165341918579	
		2509,375	0,881745039043032	
		2512,5	0,881970412034886	
		2515,625	0,88181026943406	
		2518,75	0,881831007306715	
		2521,875	0,882079804685219	
		2525	0,881419782470958	
		2528,125	0,881005998306145	
		2531,25	0,881597845838407	
		2534,375	0,882724638636301	
		2537,5	0,88213241713097	
		2540,625	0,882310185572791	
		2543,75	0,88231845265325	
		2546,875	0,882572496246077	
		2550	0,883450401790547	
		2553,125	0,883024180496925	
		2556,25	0,882747677934448	
		2559,375	0,883110971845662	
		2562,5	0,883703462754224	
		2565,625	0,883897125919148	
		2568,75	0,882844227441825	
		2571,875	0,883247869497892	
		2575	0,883739812974589	
		2578,125	0,883857601410594	
		2581,25	0,883166113107237	
		2584,375	0,883139811957375	
		2587,5	0,883814534626753	
		2590,625	0,883596608940132	
		2593,75	0,882990731883545	
		2596,875	0,883123838647342	
		2600	0,883726152121199	
		2603,125	0,884277957011092	
		2606,25	0,884166003572581	
		2609,375	0,884610087216442	
		2612,5	0,885163266267617	
		2615,625	0,884590657934519	
		2618,75	0,884176734251117	
		2621,875	0,884683169433059	
		2625	0,884343597322242	
		2628,125	0,884808384446209	
		2631,25	0,8843480225972	
		2634,375	0,885797100761157	
		2637,5	0,885714955612207	
		2640,625	0,885056675069995	
		2643,75	0,885182757909591	
		2646,875	0,884565957104165	
		2650	0,884732692439327	
		2653,125	0,884567983288104	
		2656,25	0,883696702575969	
		2659,375	0,884656771174444	
		2662,5	0,885107233991008	
		2665,625	0,884572349830045	
		2668,75	0,88526123700347	
		2671,875	0,884398257916196	
		2675	0,883712784489271	
		2678,125	0,884772954758048	
		2681,25	0,884659114758798	
		2684,375	0,884813320011123	
		2687,5	0,884876603668626	
		2690,625	0,885042333195999	
		2693,75	0,884779891339547	
		2696,875	0,884171847120951	
		2700	0,885590487160642	
		2703,125	0,885630194869512	
		2706,25	0,885806668443271	
		2709,375	0,885663693984869	
		2712,5	0,885984321511605	
		2715,625	0,88612980937964	
		2718,75	0,886040719365575	
		2721,875	0,886366771120618	
		2725	0,886228838099766	
		2728,125	0,886289667256763	
		2731,25	0,886165129846627	
		2734,375	0,886041345344859	
		2737,5	0,886821784896339	
		2740,625	0,886935352367579	
		2743,75	0,887030518812002	
		2746,875	0,887526897644673	
		2750	0,886994154092077	
		2753,125	0,887154140880852	
		2756,25	0,887750500210374	
		2759,375	0,888277303794554	
		2762,5	0,888645232515806	
		2765,625	0,888797306737473	
		2768,75	0,888154471597405	
		2771,875	0,888800991456027	
		2775	0,889277624740092	
		2778,125	0,889679846972438	
		2781,25	0,890220048023013	
		2784,375	0,889941354190884	
		2787,5	0,889707013539381	
		2790,625	0,889718683942904	
		2793,75	0,890256983071411	
		2796,875	0,889888627403833	
		2800	0,889756271736272	
		2803,125	0,89055624086406	
		2806,25	0,890444165754061	
		2809,375	0,890735544167716	
		2812,5	0,891169364668946	
		2815,625	0,89170955730181	
		2818,75	0,891598990513179	
		2821,875	0,892296593823515	
		2825	0,892462486414946	
		2828,125	0,892322643337462	
		2831,25	0,892967080794064	
		2834,375	0,892416825819425	
		2837,5	0,892585549203128	
		2840,625	0,892997837385474	
		2843,75	0,892655773258068	
		2846,875	0,892963115474689	
		2850	0,893414753217424	
		2853,125	0,893802056179458	
		2856,25	0,893667408601491	
		2859,375	0,894026497551509	
		2862,5	0,893672004631002	
		2865,625	0,893980592934998	
		2868,75	0,893839284642697	
		2871,875	0,893900990530137	
		2875	0,893960072787779	
		2878,125	0,894048064672744	
		2881,25	0,894222188217553	
		2884,375	0,894196042755854	
		2887,5	0,894313443618008	
		2890,625	0,89418657758326	
		2893,75	0,893604836770282	
		2896,875	0,894280336170972	
		2900	0,894165952642764	
		2903,125	0,894081048440681	
		2906,25	0,893931440099129	
		2909,375	0,893711251523784	
		2912,5	0,893583458247994	
		2915,625	0,893406810489234	
		2918,75	0,893723813101066	
		2921,875	0,894037523327385	
		2925	0,894100509370449	
		2928,125	0,894565962069987	
		2931,25	0,89437404375965	
		2934,375	0,895063350066869	
		2937,5	0,89522186185777	
		2940,625	0,895715551578952	
		2943,75	0,895971829235006	
		2946,875	0,895779758212881	
		2950	0,896139010640234	
		2953,125	0,89586926278317	
		2956,25	0,895767082920901	
		2959,375	0,89612780815431	
		2962,5	0,896193170470169	
		2965,625	0,896077449584024	
		2968,75	0,896573407707168	
		2971,875	0,896623405742621	
		2975	0,896046495463095	
		2978,125	0,89598303969521	
		2981,25	0,896367789907139	
		2984,375	0,896641068016691	
		2987,5	0,896726319645029	
		2990,625	0,896242182986585	
		2993,75	0,896049484090766	
		2996,875	0,895959559137916	
		3000	0,89633507933681	
		3003,125	0,896227951515315	
		3006,25	0,895757849312875	
		3009,375	0,895895052645075	
		3012,5	0,895580169048493	
		3015,625	0,895696218544666	
		3018,75	0,895017405715264	
		3021,875	0,894538826931314	
		3025	0,896149374256362	
		3028,125	0,895269060577009	
		3031,25	0,895157192681517	
		3034,375	0,895354872243861	
		3037,5	0,895120360235815	
		3040,625	0,895477790808288	
		3043,75	0,894842367522466	
		3046,875	0,894539304682972	
		3050	0,894534007695011	
		3053,125	0,894631660762936	
		3056,25	0,89438184845822	
		3059,375	0,894764827138622	
		3062,5	0,895020850701241	
		3065,625	0,894862017995391	
		3068,75	0,894882856545907	
		3071,875	0,894869371552718	
		3075	0,894418174466149	
		3078,125	0,894717061923014	
		3081,25	0,895554677393829	
		3084,375	0,895281129811692	
		3087,5	0,894324555609186	
		3090,625	0,894133150515437	
		3093,75	0,894522684456588	
		3096,875	0,894779152588847	
		3100	0,894483690500074	
		3103,125	0,894311745815995	
		3106,25	0,894262541329455	
		3109,375	0,894073637548514	
		3112,5	0,893273683433979	
		3115,625	0,893867653586666	
		3118,75	0,894175024082298	
		3121,875	0,894834408492291	
		3125	0,894570427840576	
		3128,125	0,894044688192987	
		3131,25	0,893495168553107	
		3134,375	0,893583889998433	
		3137,5	0,893877019889393	
		3140,625	0,894018925705153	
		3143,75	0,894150713007011	
		3146,875	0,894293585096075	
		3150	0,894176117356569	
		3153,125	0,893953195197155	
		3156,25	0,89467274850145	
		3159,375	0,894399940026063	
		3162,5	0,894938931368146	
		3165,625	0,895415467110736	
		3168,75	0,893913696979804	
		3171,875	0,893832457524701	
		3175	0,894243511522285	
		3178,125	0,893650505635643	
		3181,25	0,893777649956496	
		3184,375	0,894949950999099	
		3187,5	0,893856950994291	
		3190,625	0,894037732039137	
		3193,75	0,894286636964697	
		3196,875	0,89387017854596	
		3200	0,89422803552687	
		3203,125	0,894564934555241	
		3206,25	0,89375205887761	
		3209,375	0,893766721578667	
		3212,5	0,894479887629075	
		3215,625	0,895009455847994	
		3218,75	0,895484992446118	
		3221,875	0,894992580944801	
		3225	0,895651080513215	
		3228,125	0,895210626703357	
		3231,25	0,895302115067107	
		3234,375	0,895178801690344	
		3237,5	0,89539823292491	
		3240,625	0,89493054346801	
		3243,75	0,895054559842131	
		3246,875	0,894664732467976	
		3250	0,895682762373713	
		3253,125	0,896828997444854	
		3256,25	0,896802822130171	
		3259,375	0,896596487469256	
		3262,5	0,895966791769812	
		3265,625	0,896175711678424	
		3268,75	0,89614234947073	
		3271,875	0,895792059050001	
		3275	0,895426867268587	
		3278,125	0,896131174213924	
		3281,25	0,896423175925074	
		3284,375	0,89631890350087	
		3287,5	0,89617412553112	
		3290,625	0,896682656739245	
		3293,75	0,896997621593943	
		3296,875	0,896879904682552	
		3300	0,896941438228174	
		3303,125	0,896019456508937	
		3306,25	0,896469262782766	
		3309,375	0,89738351520217	
		3312,5	0,897625797793858	
		3315,625	0,897687879771414	
		3318,75	0,896396965663185	
		3321,875	0,896408142864847	
		3325	0,897070180909072	
		3328,125	0,897311004148611	
		3331,25	0,898113014771783	
		3334,375	0,897820968112982	
		3337,5	0,897397596870073	
		3340,625	0,898227048578472	
		3343,75	0,898389107458693	
		3346,875	0,897889495335902	
		3350	0,897628975283272	
		3353,125	0,898054848014449	
		3356,25	0,897787368938414	
		3359,375	0,898555357641965	
		3362,5	0,898895873095276	
		3365,625	0,899638564889065	
		3368,75	0,899226630873909	
		3371,875	0,898955046727568	
		3375	0,899289710528767	
		3378,125	0,899973078479672	
		3381,25	0,899937303278965	
		3384,375	0,899725796538176	
		3387,5	0,900147429265363	
		3390,625	0,900127683098553	
		3393,75	0,90030046625867	
		3396,875	0,900147278837912	
		3400	0,899007731753721	
		3403,125	0,900821318005138	
		3406,25	0,901564570329503	
		3409,375	0,901680975855221	
		3412,5	0,901198079282758	
		3415,625	0,901798970496696	
		3418,75	0,902332977781872	
		3421,875	0,900735408751052	
		3425	0,901392945102312	
		3428,125	0,902567746490277	
		3431,25	0,902208051656314	
		3434,375	0,901864708621058	
		3437,5	0,902533037499963	
		3440,625	0,902806333231549	
		3443,75	0,903477921904334	
		3446,875	0,903144483619569	
		3450	0,903018017524507	
		3453,125	0,903110098062624	
		3456,25	0,90360032672676	
		3459,375	0,903662283027602	
		3462,5	0,903680636466156	
		3465,625	0,904079545931517	
		3468,75	0,90415831449445	
		3471,875	0,904478142745516	
		3475	0,9049595881821	
		3478,125	0,904499706148587	
		3481,25	0,904886059541754	
		3484,375	0,905630692897966	
		3487,5	0,905506459929589	
		3490,625	0,905395646443573	
		3493,75	0,905943889445527	
		3496,875	0,905605477814429	
		3500	0,905970993500729	
		3503,125	0,906817163528826	
		3506,25	0,906032287252006	
		3509,375	0,907874911516457	
		3512,5	0,90734468351186	
		3515,625	0,907637988859549	
		3518,75	0,90719177136246	
		3521,875	0,907282787358877	
		3525	0,907629213219347	
		3528,125	0,907546571720873	
		3531,25	0,908137981615068	
		3534,375	0,908532419826718	
		3537,5	0,908592598281956	
		3540,625	0,908802209719825	
		3543,75	0,908462356343591	
		3546,875	0,908658829313707	
		3550	0,909120804635927	
		3553,125	0,909205631230194	
		3556,25	0,909370396454187	
		3559,375	0,909517324479938	
		3562,5	0,909574657418373	
		3565,625	0,910016090803244	
		3568,75	0,910080044916211	
		3571,875	0,910561626959235	
		3575	0,910591555796041	
		3578,125	0,910624674045762	
		3581,25	0,911087577465539	
		3584,375	0,911639578159313	
		3587,5	0,910975637331175	
		3590,625	0,911210094578585	
		3593,75	0,911511024851144	
		3596,875	0,911579035151477	
		3600	0,912733800577103	
		3603,125	0,911871874902621	
		3606,25	0,912267983393324	
		3609,375	0,912408909386496	
		3612,5	0,912625351147599	
		3615,625	0,912963267944139	
		3618,75	0,913006159827679	
		3621,875	0,912906462294949	
		3625	0,913609964602008	
		3628,125	0,913784376606201	
		3631,25	0,913864980318996	
		3634,375	0,914332365471872	
		3637,5	0,913758746248434	
		3640,625	0,913287866683206	
		3643,75	0,913419944017127	
		3646,875	0,91421501363147	
		3650	0,914726214202495	
		3653,125	0,914843969189274	
		3656,25	0,914451530964411	
		3659,375	0,914261700560317	
		3662,5	0,914143349657326	
		3665,625	0,914712183614072	
		3668,75	0,915015422825677	
		3671,875	0,915163543364897	
		3675	0,914370667735122	
		3678,125	0,91515534957368	
		3681,25	0,915496716485456	
		3684,375	0,915506681509507	
		3687,5	0,91558703764513	
		3690,625	0,91584318203567	
		3693,75	0,916067234953614	
		3696,875	0,915643609684141	
		3700	0,91572283605555	
		3703,125	0,916363257439511	
		3706,25	0,916798429234204	
		3709,375	0,916276608706576	
		3712,5	0,9169399312212	
		3715,625	0,917149318618076	
		3718,75	0,916003440120115	
		3721,875	0,916573799892438	
		3725	0,917705511960412	
		3728,125	0,917061867336595	
		3731,25	0,917461474695031	
		3734,375	0,917161790482359	
		3737,5	0,917241802138792	
		3740,625	0,917482434627759	
		3743,75	0,917642812103116	
		3746,875	0,917231965792859	
		3750	0,917866086731005	
		3753,125	0,918190914310468	
		3756,25	0,918297859173983	
		3759,375	0,918636022430002	
		3762,5	0,918138822975235	
		3765,625	0,917960695376367	
		3768,75	0,919035729832886	
		3771,875	0,919913028587491	
		3775	0,919536291524494	
		3778,125	0,91956890580712	
		3781,25	0,919918027873589	
		3784,375	0,920059824024293	
		3787,5	0,919595544042403	
		3790,625	0,919589931011136	
		3793,75	0,919499609348348	
		3796,875	0,919840395197948	
		3800	0,92048493647677	
		3803,125	0,920959951050352	
		3806,25	0,920578993145446	
		3809,375	0,920343486460479	
		3812,5	0,920863641571398	
		3815,625	0,921018534823085	
		3818,75	0,921072657879896	
		3821,875	0,921209808042369	
		3825	0,921581169406316	
		3828,125	0,921689989015901	
		3831,25	0,921584529374716	
		3834,375	0,922306227490493	
		3837,5	0,921709913793148	
		3840,625	0,922286606681449	
		3843,75	0,922568230334667	
		3846,875	0,922782341617745	
		3850	0,922281939148743	
		3853,125	0,923320138588459	
		3856,25	0,923213911609545	
		3859,375	0,923169602263806	
		3862,5	0,923348499181216	
		3865,625	0,92406136571322	
		3868,75	0,923422435463039	
		3871,875	0,924841020966058	
		3875	0,925090992922662	
		3878,125	0,924927128396685	
		3881,25	0,924668928315393	
		3884,375	0,924735439484577	
		3887,5	0,925643724003975	
		3890,625	0,925504265907965	
		3893,75	0,924771207985551	
		3896,875	0,925614163060208	
		3900	0,926492600436349	
		3903,125	0,926446472338595	
		3906,25	0,926143150631704	
		3909,375	0,925784617713823	
		3912,5	0,925752279491789	
		3915,625	0,926939479889701	
		3918,75	0,927440131896485	
		3921,875	0,927591495601783	
		3925	0,927415919835937	
		3928,125	0,928079094091662	
		3931,25	0,928581376369208	
		3934,375	0,928618639418324	
		3937,5	0,928343802970142	
		3940,625	0,928565944003453	
		3943,75	0,929195757936833	
		3946,875	0,929148804497595	
		3950	0,929350896977745	
		3953,125	0,929715729693466	
		3956,25	0,92994772686003	
		3959,375	0,929697664226165	
		3962,5	0,930542997791841	
		3965,625	0,930989958008307	
		3968,75	0,931233693002713	
		3971,875	0,931422372612672	
		3975	0,931648918341877	
		3978,125	0,931577255150719	
		3981,25	0,931895658016164	
		3984,375	0,932603153862077	
		3987,5	0,932597262710616	
		3990,625	0,932839429008475	
		3993,75	0,933974775808572	
		3996,875	0,933242383398309	
		4000	0,933508993296338	
		4003,125	0,934067196499984	
		4006,25	0,933547840130388	
		4009,375	0,935148260983349	
		4012,5	0,933873594567441	
		4015,625	0,93383122859219	
		4018,75	0,934749175367839	
		4021,875	0,934802688593764	
		4025	0,934201056789289	
		4028,125	0,93535975706545	
		4031,25	0,93524298246245	
		4034,375	0,934731779514814	
		4037,5	0,935123998705388	
		4040,625	0,935516408499517	
		4043,75	0,935123101809453	
		4046,875	0,934864489149844	
		4050	0,935374902095913	
		4053,125	0,935966325439359	
		4056,25	0,935691903324067	
		4059,375	0,935909515025153	
		4062,5	0,935057408397669	
		4065,625	0,935263506433952	
		4068,75	0,935424566977948	
		4071,875	0,935685207689361	
		4075	0,935320688060157	
		4078,125	0,934891576090851	
		4081,25	0,935313850232633	
		4084,375	0,935869026258236	
		4087,5	0,935749372100156	
		4090,625	0,935360524298344	
		4093,75	0,935867037658245	
		4096,875	0,935478032679358	
		4100	0,934944924682154	
		4103,125	0,934898281056011	
		4106,25	0,935385479237017	
		4109,375	0,93493887230812	
		4112,5	0,935041222936871	
		4115,625	0,934687186064205	
		4118,75	0,935407127844061	
		4121,875	0,934924438733526	
		4125	0,934677953789655	
		4128,125	0,935456100916973	
		4131,25	0,935930852862934	
		4134,375	0,936043779519156	
		4137,5	0,935688002015406	
		4140,625	0,935598203970084	
		4143,75	0,936100078774369	
		4146,875	0,936353108286129	
		4150	0,936293977305568	
		4153,125	0,937233285921223	
		4156,25	0,937725969620001	
		4159,375	0,938141537178726	
		4162,5	0,937780010039178	
		4165,625	0,938108581224059	
		4168,75	0,938739870481471	
		4171,875	0,93879927886873	
		4175	0,939171688449014	
		4178,125	0,939918347596351	
		4181,25	0,939849468953192	
		4184,375	0,940263317762669	
		4187,5	0,941149110840576	
		4190,625	0,941574818397859	
		4193,75	0,941320071251348	
		4196,875	0,941822389811992	
		4200	0,941636735989233	
		4203,125	0,942167952463657	
		4206,25	0,942786865278874	
		4209,375	0,942751331046933	
		4212,5	0,942314256735913	
		4215,625	0,942890322250236	
		4218,75	0,94352138047241	
		4221,875	0,943791642380919	
		4225	0,944229400583918	
		4228,125	0,944781657124295	
		4231,25	0,944256377899181	
		4234,375	0,9445556876999	
		4237,5	0,944486359672205	
		4240,625	0,94477722628482	
		4243,75	0,945487150492591	
		4246,875	0,945900815610083	
		4250	0,945925660238248	
		4253,125	0,946841653884524	
		4256,25	0,946777822811607	
		4259,375	0,946479413337383	
		4262,5	0,946588304768583	
		4265,625	0,946423030340434	
		4268,75	0,946821940095329	
		4271,875	0,947692674223876	
		4275	0,947954344299039	
		4278,125	0,947521926504256	
		4281,25	0,947581566589667	
		4284,375	0,947852939581133	
		4287,5	0,948281853692905	
		4290,625	0,948250155802451	
		4293,75	0,948728769771629	
		4296,875	0,948345336231149	
		4300	0,947804681983996	
		4303,125	0,947756926029897	
		4306,25	0,947959349183168	
		4309,375	0,948285991168561	
		4312,5	0,948038308213042	
		4315,625	0,948687480520387	
		4318,75	0,948845670784814	
		4321,875	0,948947781944256	
		4325	0,948997410111057	
		4328,125	0,949047183488966	
		4331,25	0,949009748012774	
		4334,375	0,949009399503152	
		4337,5	0,948595541040453	
		4340,625	0,948251714712167	
		4343,75	0,948595781741423	
		4346,875	0,949084426670668	
		4350	0,949371984765903	
		4353,125	0,949074738203801	
		4356,25	0,948914672701168	
		4359,375	0,949446413499501	
		4362,5	0,949542518200649	
		4365,625	0,949751919435535	
		4368,75	0,949916363142134	
		4371,875	0,949909036025588	
		4375	0,949984444405157	
		4378,125	0,949883122013596	
		4381,25	0,949644321645735	
		4384,375	0,950156351158115	
		4387,5	0,950168493247226	
		4390,625	0,949890165395518	
		4393,75	0,950299501915196	
		4396,875	0,950524863185833	
		4400	0,950455397322219	
		4403,125	0,949979430070237	
		4406,25	0,949940579917742	
		4409,375	0,949946419316601	
		4412,5	0,950436037370834	
		4415,625	0,950407481669748	
		4418,75	0,950494399308021	
		4421,875	0,950455193307613	
		4425	0,95056768744118	
		4428,125	0,950516413804297	
		4431,25	0,950613330087788	
		4434,375	0,950916506860754	
		4437,5	0,949788865813295	
		4440,625	0,950182815035782	
		4443,75	0,950516729013117	
		4446,875	0,950831778650889	
		4450	0,950400441211768	
		4453,125	0,950221029097068	
		4456,25	0,949848795967517	
		4459,375	0,950035051373386	
		4462,5	0,950074184642223	
		4465,625	0,949440319867797	
		4468,75	0,949511562366319	
		4471,875	0,949680336503247	
		4475	0,949224319068426	
		4478,125	0,94949361827191	
		4481,25	0,949130992019625	
		4484,375	0,949103063825688	
		4487,5	0,948945258832106	
		4490,625	0,948923520365272	
		4493,75	0,948747361057861	
		4496,875	0,948625161423961	
		4500	0,948046712163228	
		4503,125	0,947718216572548	
		4506,25	0,948003622989792	
		4509,375	0,947630674186718	
		4512,5	0,947378285580948	
		4515,625	0,94729535924971	
		4518,75	0,946964944076729	
		4521,875	0,94687865657831	
		4525	0,946897948969599	
		4528,125	0,94687140419176	
		4531,25	0,94698966191664	
		4534,375	0,946153017049133	
		4537,5	0,946486406653064	
		4540,625	0,946306266891812	
		4543,75	0,946857882043469	
		4546,875	0,946932067097077	
		4550	0,946913162201503	
		4553,125	0,947023226468008	
		4556,25	0,94719869308731	
		4559,375	0,947324409655192	
		4562,5	0,947097770892775	
		4565,625	0,94717022936834	
		4568,75	0,94727444385379	
		4571,875	0,947364858310208	
		4575	0,947267942933047	
		4578,125	0,947046538451454	
		4581,25	0,947124841964205	
		4584,375	0,947187400750066	
		4587,5	0,946766392705156	
		4590,625	0,946535672367564	
		4593,75	0,946421213562234	
		4596,875	0,946346030339785	
		4600	0,94608163886943	
		4603,125	0,945089027795488	
		4606,25	0,945117482285502	
		4609,375	0,944719006537762	
		4612,5	0,944416909907754	
		4615,625	0,943911058218801	
		4618,75	0,943688399062055	
		4621,875	0,943309637650938	
		4625	0,943209421631923	
		4628,125	0,943026105738128	
		4631,25	0,942664869379177	
		4634,375	0,942447205028407	
		4637,5	0,942408272382177	
		4640,625	0,942350179555934	
		4643,75	0,941625765996591	
		4646,875	0,941439558060389	
		4650	0,941384674958626	
		4653,125	0,941180517243294	
		4656,25	0,941513318656135	
		4659,375	0,941573496073402	
		4662,5	0,941306026920035	
		4665,625	0,941270868863325	
		4668,75	0,941112262632583	
		4671,875	0,940872360467776	
		4675	0,94048108704522	
		4678,125	0,940682340591945	
		4681,25	0,940927272188516	
		4684,375	0,940636851860272	
		4687,5	0,940397310472788	
		4690,625	0,940143108857895	
		4693,75	0,940163910178489	
		4696,875	0,940010105503313	
		4700	0,939858762086736	
		4703,125	0,939721742344949	
		4706,25	0,939752148793283	
		4709,375	0,939635341471638	
		4712,5	0,939264045395337	
		4715,625	0,938938673649536	
		4718,75	0,938992706677286	
		4721,875	0,939052246927765	
		4725	0,938793661675797	
		4728,125	0,93881187892019	
		4731,25	0,938779440666061	
		4734,375	0,938175870538751	
		4737,5	0,937566804369349	
		4740,625	0,93768153304271	
		4743,75	0,937682249773357	
		4746,875	0,937418009057852	
		4750	0,937033805711136	
		4753,125	0,936585998568851	
		4756,25	0,936672287546528	
		4759,375	0,9365863083693	
		4762,5	0,936337742429864	
		4765,625	0,935991482765577	
		4768,75	0,935232436726179	
		4771,875	0,935155510818843	
		4775	0,935258590329117	
		4778,125	0,934736075189109	
		4781,25	0,9343344104748	
		4784,375	0,934050355920199	
		4787,5	0,933583187555827	
		4790,625	0,933488232479777	
		4793,75	0,933333589511793	
		4796,875	0,932380935207895	
		4800	0,931815250041639	
		4803,125	0,9313391947905	
		4806,25	0,931330357486851	
		4809,375	0,931111999237673	
		4812,5	0,930947675500011	
		4815,625	0,930611396906883	
		4818,75	0,929697531571219	
		4821,875	0,929085493647837	
		4825	0,928924554784891	
		4828,125	0,929225080733668	
		4831,25	0,928006478687521	
		4834,375	0,927321941809562	
		4837,5	0,927266652259279	
		4840,625	0,92706040953909	
		4843,75	0,926525563344292	
		4846,875	0,925572673834523	
		4850	0,924915661058797	
		4853,125	0,924095239909133	
		4856,25	0,924170920936994	
		4859,375	0,923049052724716	
		4862,5	0,922053587861055	
		4865,625	0,922063278931565	
		4868,75	0,921502578265767	
		4871,875	0,921539507596738	
		4875	0,920747318229814	
		4878,125	0,919107491445325	
		4881,25	0,918651008774388	
		4884,375	0,91815119314526	
		4887,5	0,917696333264192	
		4890,625	0,916438318533873	
		4893,75	0,915588766124207	
		4896,875	0,914056690246734	
		4900	0,91275858432781	
		4903,125	0,911456046536142	
		4906,25	0,910379563444865	
		4909,375	0,909598621561372	
		4912,5	0,909126101885877	
		4915,625	0,907497074767357	
		4918,75	0,906590887227952	
		4921,875	0,906099320837382	
		4925	0,904407597549427	
		4928,125	0,903651136691266	
		4931,25	0,901094156897931	
		4934,375	0,899917722019609	
		4937,5	0,898759769292458	
		4940,625	0,897534727636017	
		4943,75	0,895398755685946	
		4946,875	0,894288796667903	
		4950	0,892569020236348	
		4953,125	0,891559442396575	
		4956,25	0,889739271881323	
		4959,375	0,887016871593448	
		4962,5	0,884672792519322	
		4965,625	0,882963145789614	
		4968,75	0,880794366573496	
		4971,875	0,87789636208286	
				
