Frequency in Hz	Wool_98 Normalized Surface Impedance continuous Re	Frequency in Hz	Wool_98 Normalized Surface Impedance continuous Im	
100	3,24480533599854	100	-14,6257600784302	
103,125	4,61657476425171	103,125	-15,0644998550415	
106,25	2,46133732795715	106,25	-12,3657646179199	
109,375	2,14096212387085	109,375	-14,1100749969482	
112,5	2,91891407966614	112,5	-13,0670909881592	
115,625	2,4976019859314	115,625	-12,195728302002	
118,75	2,4800021648407	118,75	-12,9947757720947	
121,875	3,03617262840271	121,875	-11,829683303833	
125	2,13992762565613	125	-12,2188749313354	
128,125	1,80679333209991	128,125	-11,4285106658936	
131,25	1,84243512153625	131,25	-11,5553359985352	
134,375	1,25751972198486	134,375	-11,7881898880005	
137,5	2,17198252677917	137,5	-10,1505994796753	
140,625	2,60964107513428	140,625	-10,6528072357178	
143,75	2,33890986442566	143,75	-10,0122680664063	
146,875	1,79645967483521	146,875	-11,1353578567505	
150	2,1019082069397	150	-10,1339540481567	
153,125	1,69300973415375	153,125	-9,53192520141602	
156,25	1,79044473171234	156,25	-9,772047996521	
159,375	1,64809417724609	159,375	-9,52906227111816	
162,5	1,57681262493134	162,5	-9,57560634613037	
165,625	1,78636837005615	165,625	-9,46008205413818	
168,75	1,45344007015228	168,75	-8,73696804046631	
171,875	1,84069097042084	171,875	-8,9720516204834	
175	1,84948587417603	175	-8,54452610015869	
178,125	1,49045062065125	178,125	-8,57985401153564	
181,25	1,54403555393219	181,25	-8,6692419052124	
184,375	1,72704172134399	184,375	-8,49915885925293	
187,5	1,74905824661255	187,5	-7,99679040908813	
190,625	1,84337377548218	190,625	-8,12328720092773	
193,75	1,67490112781525	193,75	-7,66283321380615	
196,875	1,67035734653473	196,875	-7,87319755554199	
200	1,43820476531982	200	-7,99715709686279	
203,125	1,31294167041779	203,125	-8,0813684463501	
206,25	1,31310546398163	206,25	-7,33790826797485	
209,375	1,43309485912323	209,375	-7,46753883361816	
212,5	1,3038547039032	212,5	-7,7592339515686	
215,625	1,40045857429504	215,625	-7,12016344070435	
218,75	1,42032587528229	218,75	-7,37742280960083	
221,875	1,36026418209076	221,875	-7,07973432540894	
225	1,47044825553894	225	-7,01553297042847	
228,125	1,45896351337433	228,125	-6,90183258056641	
231,25	1,42410612106323	231,25	-6,87843179702759	
234,375	1,44409441947937	234,375	-6,73200607299805	
237,5	1,2905501127243	237,5	-6,85557889938354	
240,625	1,07605803012848	240,625	-6,50838375091553	
243,75	1,18597829341888	243,75	-6,57854795455933	
246,875	1,35302746295929	246,875	-6,41429090499878	
250	1,36128115653992	250	-6,35833740234375	
253,125	1,21987879276276	253,125	-6,33670234680176	
256,25	1,19616961479187	256,25	-6,15155744552612	
259,375	1,33489394187927	259,375	-6,15269947052002	
262,5	1,17674744129181	262,5	-6,06216430664063	
265,625	1,05847322940826	265,625	-5,96529197692871	
268,75	1,15349686145782	268,75	-5,99543142318726	
271,875	1,12635695934296	271,875	-5,81037998199463	
275	1,04603433609009	275	-5,82777786254883	
278,125	1,09350311756134	278,125	-5,66849184036255	
281,25	1,09784817695618	281,25	-5,67343902587891	
284,375	1,07708203792572	284,375	-5,63167858123779	
287,5	0,950931549072266	287,5	-5,77008247375488	
290,625	0,964263021945953	290,625	-5,33440065383911	
293,75	0,938572406768799	293,75	-5,35868215560913	
296,875	0,971221506595612	296,875	-5,2812967300415	
300	0,993186891078949	300	-5,18766641616821	
303,125	0,944287240505219	303,125	-5,07690477371216	
306,25	0,981499075889587	306,25	-5,0002179145813	
309,375	1,04120397567749	309,375	-4,94523668289185	
312,5	1,0905886888504	312,5	-4,77506256103516	
315,625	1,33117997646332	315,625	-4,81768846511841	
318,75	1,30659508705139	318,75	-4,76771020889282	
321,875	1,30062067508698	321,875	-4,9312047958374	
325	1,31789362430573	325	-5,00780200958252	
328,125	1,37965655326843	328,125	-5,00574445724487	
331,25	1,11847531795502	331,25	-4,95564270019531	
334,375	1,08044445514679	334,375	-4,93757772445679	
337,5	1,12980675697327	337,5	-4,93638229370117	
340,625	1,03931188583374	340,625	-4,89992904663086	
343,75	1,0175222158432	343,75	-4,7609601020813	
346,875	0,988802194595337	346,875	-4,75527000427246	
350	1,01505994796753	350	-4,74147319793701	
353,125	0,981282711029053	353,125	-4,73214292526245	
356,25	0,869039475917816	356,25	-4,66535091400146	
359,375	0,832681655883789	359,375	-4,52633905410767	
362,5	0,873225629329681	362,5	-4,50304698944092	
365,625	0,967436730861664	365,625	-4,4590106010437	
368,75	0,847111999988556	368,75	-4,48231601715088	
371,875	0,679361283779144	371,875	-4,48289918899536	
375	1,01001358032227	375	-4,26988792419434	
378,125	0,912015914916992	378,125	-4,2405948638916	
381,25	0,833806574344635	381,25	-4,3993821144104	
384,375	0,958668053150177	384,375	-4,21782970428467	
387,5	0,845295310020447	387,5	-4,08519649505615	
390,625	0,762346982955933	390,625	-4,05322504043579	
393,75	0,778463542461395	393,75	-4,24465560913086	
396,875	0,783332228660584	396,875	-4,23783540725708	
400	0,801080107688904	400	-4,23084783554077	
403,125	0,797448933124542	403,125	-4,2087550163269	
406,25	0,835670650005341	406,25	-4,084228515625	
409,375	0,873090922832489	409,375	-3,91428852081299	
412,5	0,825737178325653	412,5	-3,8109769821167	
415,625	0,711725354194641	415,625	-3,90703749656677	
418,75	0,808565318584442	418,75	-3,82723498344421	
421,875	0,726575016975403	421,875	-3,74395394325256	
425	0,756780445575714	425	-3,77686190605164	
428,125	0,828037917613983	428,125	-3,9082133769989	
431,25	0,719260394573212	431,25	-3,75183153152466	
434,375	0,750495076179504	434,375	-3,77721881866455	
437,5	0,746152281761169	437,5	-3,77326846122742	
440,625	0,7742959856987	440,625	-3,76760578155518	
443,75	0,750016212463379	443,75	-3,67505025863647	
446,875	0,780007421970367	446,875	-3,67590737342834	
450	0,695890843868256	450	-3,74504137039185	
453,125	0,688725888729095	453,125	-3,72534418106079	
456,25	0,629456162452698	456,25	-3,7196352481842	
459,375	0,654889285564423	459,375	-3,62153840065002	
462,5	0,653123736381531	462,5	-3,5193817615509	
465,625	0,632187604904175	465,625	-3,50820779800415	
468,75	0,641358852386475	468,75	-3,51078701019287	
471,875	0,621590673923492	471,875	-3,39436745643616	
475	0,643930852413177	475	-3,38776588439941	
478,125	0,696546614170074	478,125	-3,43110179901123	
481,25	0,646542727947235	481,25	-3,46327424049377	
484,375	0,655837416648865	484,375	-3,36667490005493	
487,5	0,672210991382599	487,5	-3,38868498802185	
490,625	0,661675930023193	490,625	-3,34909296035767	
493,75	0,681317090988159	493,75	-3,31071877479553	
496,875	0,675126194953918	496,875	-3,29689145088196	
500	0,609686136245728	500	-3,27662014961243	
503,125	0,608762681484222	503,125	-3,24486064910889	
506,25	0,608928084373474	506,25	-3,24420571327209	
509,375	0,582128465175629	509,375	-3,20775008201599	
512,5	0,606837928295136	512,5	-3,16278886795044	
515,625	0,626089096069336	515,625	-3,18270468711853	
518,75	0,633268415927887	518,75	-3,18350720405579	
521,875	0,592904984951019	521,875	-3,11131525039673	
525	0,60862797498703	525	-3,09326577186584	
528,125	0,581770241260529	528,125	-3,11259484291077	
531,25	0,593454539775848	531,25	-3,0672664642334	
534,375	0,59516966342926	534,375	-3,05437445640564	
537,5	0,589577198028564	537,5	-3,03401970863342	
540,625	0,58061671257019	540,625	-3,01598811149597	
543,75	0,600813865661621	543,75	-3,02095246315002	
546,875	0,557983815670013	546,875	-2,96480417251587	
550	0,574183702468872	550	-2,9612283706665	
553,125	0,582692980766296	553,125	-2,93265008926392	
556,25	0,57316929101944	556,25	-2,9347095489502	
559,375	0,595175862312317	559,375	-2,90704035758972	
562,5	0,590046465396881	562,5	-2,8969841003418	
565,625	0,578688681125641	565,625	-2,87716102600098	
568,75	0,586152374744415	568,75	-2,86200547218323	
571,875	0,589316308498383	571,875	-2,85207796096802	
575	0,574432373046875	575	-2,83648705482483	
578,125	0,590904772281647	578,125	-2,82763648033142	
581,25	0,568851888179779	581,25	-2,81470942497253	
584,375	0,557207942008972	584,375	-2,79331183433533	
587,5	0,555732429027557	587,5	-2,78584361076355	
590,625	0,561820030212402	590,625	-2,76796436309814	
593,75	0,559683680534363	593,75	-2,75013661384583	
596,875	0,555069327354431	596,875	-2,7465455532074	
600	0,545529305934906	600	-2,71718239784241	
603,125	0,546440362930298	603,125	-2,7155487537384	
606,25	0,543956577777863	606,25	-2,69233536720276	
609,375	0,535230040550232	609,375	-2,69143152236938	
612,5	0,531379818916321	612,5	-2,67382383346558	
615,625	0,52523946762085	615,625	-2,64957690238953	
618,75	0,523957848548889	618,75	-2,64131188392639	
621,875	0,520565271377563	621,875	-2,63679051399231	
625	0,527977406978607	625	-2,61749219894409	
628,125	0,519169211387634	628,125	-2,59192967414856	
631,25	0,530253052711487	631,25	-2,57381916046143	
634,375	0,52735435962677	634,375	-2,56105971336365	
637,5	0,51975691318512	637,5	-2,55141735076904	
640,625	0,522516548633575	640,625	-2,5525279045105	
643,75	0,511755704879761	643,75	-2,52201461791992	
646,875	0,52033543586731	646,875	-2,51104187965393	
650	0,506231904029846	650	-2,50042796134949	
653,125	0,515142977237701	653,125	-2,48971152305603	
656,25	0,520252108573914	656,25	-2,47845673561096	
659,375	0,515332877635956	659,375	-2,45734047889709	
662,5	0,506647050380707	662,5	-2,45857620239258	
665,625	0,498512268066406	665,625	-2,44599890708923	
668,75	0,505428433418274	668,75	-2,42972350120544	
671,875	0,511402130126953	671,875	-2,42694211006165	
675	0,511868953704834	675	-2,4040060043335	
678,125	0,51158219575882	678,125	-2,38793802261353	
681,25	0,507852494716644	681,25	-2,38278579711914	
684,375	0,505261659622192	684,375	-2,37660956382751	
687,5	0,493563234806061	687,5	-2,37811779975891	
690,625	0,488781452178955	690,625	-2,3381679058075	
693,75	0,49338835477829	693,75	-2,34904980659485	
696,875	0,491573870182037	696,875	-2,34052300453186	
700	0,493302822113037	700	-2,32169651985168	
703,125	0,485982239246368	703,125	-2,31358814239502	
706,25	0,484672784805298	706,25	-2,31465744972229	
709,375	0,490645170211792	709,375	-2,30536508560181	
712,5	0,480236440896988	712,5	-2,27132296562195	
715,625	0,475270420312881	715,625	-2,28123354911804	
718,75	0,465751647949219	718,75	-2,27579522132874	
721,875	0,469158619642258	721,875	-2,26299476623535	
725	0,454741597175598	725	-2,2565929889679	
728,125	0,459957182407379	728,125	-2,24092817306519	
731,25	0,448840737342834	731,25	-2,23685932159424	
734,375	0,443949520587921	734,375	-2,22621035575867	
737,5	0,431815475225449	737,5	-2,22147130966187	
740,625	0,439141511917114	740,625	-2,19554114341736	
743,75	0,44146916270256	743,75	-2,17191815376282	
746,875	0,415941625833511	746,875	-2,15207147598267	
750	0,413910567760468	750	-2,14171671867371	
753,125	0,419746786355972	753,125	-2,13706684112549	
756,25	0,42439466714859	756,25	-2,12414026260376	
759,375	0,434384077787399	759,375	-2,11849164962769	
762,5	0,423860400915146	762,5	-2,11440539360046	
765,625	0,431124955415726	765,625	-2,09977889060974	
768,75	0,424218475818634	768,75	-2,07363510131836	
771,875	0,434175312519073	771,875	-2,05514073371887	
775	0,430569589138031	775	-2,05727243423462	
778,125	0,43606773018837	778,125	-2,04998254776001	
781,25	0,433189302682877	781,25	-2,0333034992218	
784,375	0,438228726387024	784,375	-2,01729226112366	
787,5	0,436090141534805	787,5	-1,99885153770447	
790,625	0,435835748910904	790,625	-1,99348998069763	
793,75	0,438892394304276	793,75	-1,99621593952179	
796,875	0,432693243026733	796,875	-1,99578201770782	
800	0,434160858392715	800	-1,98177564144135	
803,125	0,426502913236618	803,125	-1,9851313829422	
806,25	0,432939469814301	806,25	-1,96747601032257	
809,375	0,435546725988388	809,375	-1,92776572704315	
812,5	0,436594694852829	812,5	-1,95121777057648	
815,625	0,435833394527435	815,625	-1,95592749118805	
818,75	0,440070897340775	818,75	-1,92688381671906	
821,875	0,443456679582596	821,875	-1,92624759674072	
825	0,439872980117798	825	-1,94575655460358	
828,125	0,43960040807724	828,125	-1,93220794200897	
831,25	0,489183396100998	831,25	-1,93282318115234	
834,375	0,461722761392593	834,375	-1,88842535018921	
837,5	0,439828515052795	837,5	-1,88581788539886	
840,625	0,434107899665833	840,625	-1,87598764896393	
843,75	0,443277448415756	843,75	-1,85974097251892	
846,875	0,431260526180267	846,875	-1,86146068572998	
850	0,421732068061829	850	-1,85481250286102	
853,125	0,424651294946671	853,125	-1,85976254940033	
856,25	0,444142490625381	856,25	-1,86568653583527	
859,375	0,455872714519501	859,375	-1,85029935836792	
862,5	0,446073114871979	862,5	-1,83732211589813	
865,625	0,441006690263748	865,625	-1,83404338359833	
868,75	0,436188071966171	868,75	-1,83279263973236	
871,875	0,433270454406738	871,875	-1,81653892993927	
875	0,448107808828354	875	-1,81228625774384	
878,125	0,439900487661362	878,125	-1,80456471443176	
881,25	0,444579273462296	881,25	-1,79131996631622	
884,375	0,425103724002838	884,375	-1,75507533550262	
887,5	0,435866206884384	887,5	-1,74859619140625	
890,625	0,430847346782684	890,625	-1,73700296878815	
893,75	0,414474904537201	893,75	-1,73068678379059	
896,875	0,417909741401672	896,875	-1,71929728984833	
900	0,41917023062706	900	-1,72083735466003	
903,125	0,423706978559494	903,125	-1,71177089214325	
906,25	0,421346634626389	906,25	-1,70458149909973	
909,375	0,410440444946289	909,375	-1,7021769285202	
912,5	0,407360255718231	912,5	-1,686727643013	
915,625	0,409822434186935	915,625	-1,67849147319794	
918,75	0,415840148925781	918,75	-1,67288446426392	
921,875	0,42106506228447	921,875	-1,66754055023193	
925	0,418948739767075	925	-1,66235625743866	
928,125	0,411237150430679	928,125	-1,66433835029602	
931,25	0,413897275924683	931,25	-1,64421272277832	
934,375	0,41364523768425	934,375	-1,64032673835754	
937,5	0,414630562067032	937,5	-1,63217461109161	
940,625	0,41380849480629	940,625	-1,62933206558228	
943,75	0,408049494028091	943,75	-1,61556529998779	
946,875	0,408321648836136	946,875	-1,61173236370087	
950	0,410555779933929	950	-1,60685229301453	
953,125	0,409665286540985	953,125	-1,6058965921402	
956,25	0,413233250379562	956,25	-1,59648597240448	
959,375	0,413198083639145	959,375	-1,58495771884918	
962,5	0,407340228557587	962,5	-1,57878136634827	
965,625	0,407742917537689	965,625	-1,57369065284729	
968,75	0,403879672288895	968,75	-1,57294571399689	
971,875	0,406520903110504	971,875	-1,5590273141861	
975	0,408675760030746	975	-1,55615997314453	
978,125	0,408489525318146	978,125	-1,55078279972076	
981,25	0,411693722009659	981,25	-1,54238629341125	
984,375	0,406514227390289	984,375	-1,53773856163025	
987,5	0,40600597858429	987,5	-1,53157901763916	
990,625	0,407428771257401	990,625	-1,52741956710815	
993,75	0,401334404945374	993,75	-1,51797568798065	
996,875	0,401244282722473	996,875	-1,51417851448059	
1000	0,399205893278122	1000	-1,50512707233429	
1003,125	0,402445733547211	1003,125	-1,50200092792511	
1006,25	0,402386844158173	1006,25	-1,49632334709167	
1009,375	0,401383578777313	1009,375	-1,48758482933044	
1012,5	0,401933789253235	1012,5	-1,48536014556885	
1015,625	0,398249566555023	1015,625	-1,48221683502197	
1018,75	0,397101134061813	1018,75	-1,4686998128891	
1021,875	0,398822367191315	1021,875	-1,46766912937164	
1025	0,399976491928101	1025	-1,45799899101257	
1028,125	0,399260938167572	1028,125	-1,45458137989044	
1031,25	0,395340770483017	1031,25	-1,45253729820251	
1034,375	0,3958560526371	1034,375	-1,44446134567261	
1037,5	0,396724581718445	1037,5	-1,43864262104034	
1040,625	0,394179165363312	1040,625	-1,43235158920288	
1043,75	0,395256400108337	1043,75	-1,42868387699127	
1046,875	0,397301763296127	1046,875	-1,42440700531006	
1050	0,391021996736526	1050	-1,41521489620209	
1053,125	0,387287199497223	1053,125	-1,41153860092163	
1056,25	0,388597786426544	1056,25	-1,40260910987854	
1059,375	0,388453722000122	1059,375	-1,40163457393646	
1062,5	0,386271893978119	1062,5	-1,39723193645477	
1065,625	0,38384336233139	1065,625	-1,38569068908691	
1068,75	0,389553755521774	1068,75	-1,38460266590118	
1071,875	0,389972865581512	1071,875	-1,37766647338867	
1075	0,387401282787323	1075	-1,37232530117035	
1078,125	0,382153004407883	1078,125	-1,36796653270721	
1081,25	0,38871768116951	1081,25	-1,35326457023621	
1084,375	0,385195821523666	1084,375	-1,35238695144653	
1087,5	0,384586215019226	1087,5	-1,34784710407257	
1090,625	0,385678142309189	1090,625	-1,34490883350372	
1093,75	0,38393098115921	1093,75	-1,34041500091553	
1096,875	0,385119527578354	1096,875	-1,3315327167511	
1100	0,385222136974335	1100	-1,32458388805389	
1103,125	0,384364873170853	1103,125	-1,31842815876007	
1106,25	0,389134347438812	1106,25	-1,31686985492706	
1109,375	0,380971252918243	1109,375	-1,30642378330231	
1112,5	0,379937678575516	1112,5	-1,30659151077271	
1115,625	0,388761013746262	1115,625	-1,30008244514465	
1118,75	0,378641724586487	1118,75	-1,29517042636871	
1121,875	0,383561998605728	1121,875	-1,29376399517059	
1125	0,379734575748444	1125	-1,28689682483673	
1128,125	0,375184267759323	1128,125	-1,28223836421967	
1131,25	0,378868460655212	1131,25	-1,26789331436157	
1134,375	0,380963087081909	1134,375	-1,2698278427124	
1137,5	0,373986512422562	1137,5	-1,26979076862335	
1140,625	0,370998859405518	1140,625	-1,254554271698	
1143,75	0,374761074781418	1143,75	-1,25493180751801	
1146,875	0,374294191598892	1146,875	-1,25024950504303	
1150	0,37911394238472	1150	-1,23781037330627	
1153,125	0,381927788257599	1153,125	-1,23769176006317	
1156,25	0,376481205224991	1156,25	-1,23968112468719	
1159,375	0,371933370828629	1159,375	-1,22698628902435	
1162,5	0,375927835702896	1162,5	-1,2297910451889	
1165,625	0,378466367721558	1165,625	-1,21992862224579	
1168,75	0,377879500389099	1168,75	-1,21699130535126	
1171,875	0,374620050191879	1171,875	-1,21522665023804	
1175	0,375730961561203	1175	-1,20461475849152	
1178,125	0,375236362218857	1178,125	-1,20150482654572	
1181,25	0,375028043985367	1181,25	-1,20081329345703	
1184,375	0,374895960092545	1184,375	-1,1922048330307	
1187,5	0,373019725084305	1187,5	-1,18237066268921	
1190,625	0,373778134584427	1190,625	-1,17965602874756	
1193,75	0,372883945703506	1193,75	-1,18564212322235	
1196,875	0,379069238901138	1196,875	-1,18001532554626	
1200	0,376037120819092	1200	-1,16517174243927	
1203,125	0,375916987657547	1203,125	-1,16360282897949	
1206,25	0,383861899375916	1206,25	-1,16284501552582	
1209,375	0,375119209289551	1209,375	-1,14609587192535	
1212,5	0,372680068016052	1212,5	-1,13834071159363	
1215,625	0,375314235687256	1215,625	-1,14482712745667	
1218,75	0,373966425657272	1218,75	-1,13418340682983	
1221,875	0,377444267272949	1221,875	-1,13455855846405	
1225	0,37642639875412	1225	-1,1365932226181	
1228,125	0,373072296380997	1228,125	-1,12100648880005	
1231,25	0,374365210533142	1231,25	-1,12251019477844	
1234,375	0,373704314231873	1234,375	-1,12529909610748	
1237,5	0,366737514734268	1237,5	-1,11410927772522	
1240,625	0,372617989778519	1240,625	-1,11045920848846	
1243,75	0,369843930006027	1243,75	-1,10414981842041	
1246,875	0,370584934949875	1246,875	-1,10128819942474	
1250	0,37470269203186	1250	-1,09361779689789	
1253,125	0,368815898895264	1253,125	-1,08966684341431	
1256,25	0,369114249944687	1256,25	-1,079261302948	
1259,375	0,369479954242706	1259,375	-1,07852339744568	
1262,5	0,370914399623871	1262,5	-1,07994377613068	
1265,625	0,371724188327789	1265,625	-1,07575595378876	
1268,75	0,369155019521713	1268,75	-1,06864273548126	
1271,875	0,372381299734116	1271,875	-1,06386911869049	
1275	0,370431810617447	1275	-1,06112504005432	
1278,125	0,371455907821655	1278,125	-1,05521142482758	
1281,25	0,368282675743103	1281,25	-1,05095326900482	
1284,375	0,369386166334152	1284,375	-1,05025863647461	
1287,5	0,366626352071762	1287,5	-1,04709029197693	
1290,625	0,365556716918945	1290,625	-1,04002285003662	
1293,75	0,369562119245529	1293,75	-1,03853929042816	
1296,875	0,36972376704216	1296,875	-1,03082811832428	
1300	0,361980020999908	1300	-1,0297417640686	
1303,125	0,360003620386124	1303,125	-1,02512741088867	
1306,25	0,363432914018631	1306,25	-1,02299571037292	
1309,375	0,364767909049988	1309,375	-1,01693749427795	
1312,5	0,363732010126114	1312,5	-1,01295804977417	
1315,625	0,362180769443512	1315,625	-1,01133394241333	
1318,75	0,36580091714859	1318,75	-1,0048565864563	
1321,875	0,366763681173325	1321,875	-1,00350606441498	
1325	0,364807814359665	1325	-0,999746263027191	
1328,125	0,363690465688705	1328,125	-0,994339764118195	
1331,25	0,3657446205616	1331,25	-0,990474939346313	
1334,375	0,361619293689728	1334,375	-0,983608305454254	
1337,5	0,363621473312378	1337,5	-0,982964813709259	
1340,625	0,366270691156387	1340,625	-0,977806508541107	
1343,75	0,364748924970627	1343,75	-0,977151691913605	
1346,875	0,366371423006058	1346,875	-0,971509337425232	
1350	0,364159464836121	1350	-0,967787027359009	
1353,125	0,36378213763237	1353,125	-0,966963589191437	
1356,25	0,358324199914932	1356,25	-0,958552718162537	
1359,375	0,363925576210022	1359,375	-0,956464350223541	
1362,5	0,364200592041016	1362,5	-0,952184796333313	
1365,625	0,362536787986755	1365,625	-0,949751436710358	
1368,75	0,363742768764496	1368,75	-0,947655975818634	
1371,875	0,36220508813858	1371,875	-0,941744208335876	
1375	0,358318299055099	1375	-0,939270317554474	
1378,125	0,357650339603424	1378,125	-0,939523160457611	
1381,25	0,355420351028442	1381,25	-0,928967773914337	
1384,375	0,354817450046539	1384,375	-0,927119314670563	
1387,5	0,356762588024139	1387,5	-0,926680684089661	
1390,625	0,359477490186691	1390,625	-0,922084152698517	
1393,75	0,360072672367096	1393,75	-0,917133152484894	
1396,875	0,3584064245224	1396,875	-0,913426458835602	
1400	0,360372751951218	1400	-0,9093878865242	
1403,125	0,357607901096344	1403,125	-0,906008422374725	
1406,25	0,35565710067749	1406,25	-0,902676522731781	
1409,375	0,356029093265533	1409,375	-0,897409975528717	
1412,5	0,35812109708786	1412,5	-0,896078944206238	
1415,625	0,356121778488159	1415,625	-0,890791893005371	
1418,75	0,354952067136765	1418,75	-0,888255834579468	
1421,875	0,357032954692841	1421,875	-0,886100947856903	
1425	0,356386780738831	1425	-0,88407689332962	
1428,125	0,352263450622559	1428,125	-0,875722289085388	
1431,25	0,354808688163757	1431,25	-0,875266015529633	
1434,375	0,355868458747864	1434,375	-0,871640145778656	
1437,5	0,358946084976196	1437,5	-0,865433812141418	
1440,625	0,35759237408638	1440,625	-0,868820250034332	
1443,75	0,353262007236481	1443,75	-0,856746017932892	
1446,875	0,357017338275909	1446,875	-0,858224093914032	
1450	0,357200056314468	1450	-0,853959381580353	
1453,125	0,357013553380966	1453,125	-0,850886881351471	
1456,25	0,355158627033234	1456,25	-0,845694541931152	
1459,375	0,356581032276154	1459,375	-0,843981206417084	
1462,5	0,358724415302277	1462,5	-0,841237425804138	
1465,625	0,355217903852463	1465,625	-0,838579416275024	
1468,75	0,356401681900024	1468,75	-0,83206707239151	
1471,875	0,355164796113968	1471,875	-0,8286172747612	
1475	0,354553669691086	1475	-0,827802956104279	
1478,125	0,355380952358246	1478,125	-0,823331415653229	
1481,25	0,357717305421829	1481,25	-0,821035623550415	
1484,375	0,3560591340065	1484,375	-0,813900947570801	
1487,5	0,350957214832306	1487,5	-0,813398599624634	
1490,625	0,351922988891602	1490,625	-0,809726357460022	
1493,75	0,350485265254974	1493,75	-0,80623197555542	
1496,875	0,351120322942734	1496,875	-0,807388305664063	
1500	0,349714338779449	1500	-0,798601627349854	
1503,125	0,351893782615662	1503,125	-0,794584274291992	
1506,25	0,354332208633423	1506,25	-0,793865740299225	
1509,375	0,349468231201172	1509,375	-0,787300407886505	
1512,5	0,349927484989166	1512,5	-0,783741235733032	
1515,625	0,347681492567062	1515,625	-0,781538307666779	
1518,75	0,352390348911285	1518,75	-0,778555274009705	
1521,875	0,35280054807663	1521,875	-0,778877973556519	
1525	0,34593191742897	1525	-0,770367026329041	
1528,125	0,353023499250412	1528,125	-0,767800748348236	
1531,25	0,35204553604126	1531,25	-0,765300571918488	
1534,375	0,353345274925232	1534,375	-0,761678576469421	
1537,5	0,348539352416992	1537,5	-0,758181095123291	
1540,625	0,349849730730057	1540,625	-0,758282840251923	
1543,75	0,34824013710022	1543,75	-0,747481226921082	
1546,875	0,350988388061523	1546,875	-0,74767142534256	
1550	0,348607033491135	1550	-0,742605686187744	
1553,125	0,34828981757164	1553,125	-0,742442667484283	
1556,25	0,349684208631516	1556,25	-0,736639022827148	
1559,375	0,349251329898834	1559,375	-0,734187781810761	
1562,5	0,348774760961533	1562,5	-0,730536997318268	
1565,625	0,351994723081589	1565,625	-0,725381255149841	
1568,75	0,346301198005676	1568,75	-0,724765300750732	
1571,875	0,349110275506973	1571,875	-0,721347033977509	
1575	0,349383771419525	1575	-0,721186995506287	
1578,125	0,352391451597214	1578,125	-0,716958463191986	
1581,25	0,348947793245316	1581,25	-0,712009310722351	
1584,375	0,351932793855667	1584,375	-0,71187698841095	
1587,5	0,349287569522858	1587,5	-0,705082356929779	
1590,625	0,344109117984772	1590,625	-0,700167119503021	
1593,75	0,345858126878738	1593,75	-0,696326017379761	
1596,875	0,347485959529877	1596,875	-0,694890975952148	
1600	0,345461666584015	1600	-0,693872928619385	
1603,125	0,344614893198013	1603,125	-0,691855728626251	
1606,25	0,344498425722122	1606,25	-0,68661892414093	
1609,375	0,352291882038116	1609,375	-0,684125006198883	
1612,5	0,355097144842148	1612,5	-0,677509963512421	
1615,625	0,350829601287842	1615,625	-0,674622058868408	
1618,75	0,347164362668991	1618,75	-0,673121750354767	
1621,875	0,348777562379837	1621,875	-0,671554148197174	
1625	0,34785321354866	1625	-0,667042136192322	
1628,125	0,34929546713829	1628,125	-0,666796743869781	
1631,25	0,34863218665123	1631,25	-0,659863770008087	
1634,375	0,346396803855896	1634,375	-0,658393859863281	
1637,5	0,344053447246552	1637,5	-0,6556516289711	
1640,625	0,352891981601715	1640,625	-0,65678083896637	
1643,75	0,349746763706207	1643,75	-0,641779899597168	
1646,875	0,348069608211517	1646,875	-0,646116852760315	
1650	0,344465315341949	1650	-0,643906891345978	
1653,125	0,347307056188583	1653,125	-0,63992440700531	
1656,25	0,347363978624344	1656,25	-0,637707769870758	
1659,375	0,347525626420975	1659,375	-0,636773347854614	
1662,5	0,347632110118866	1662,5	-0,634158313274384	
1665,625	0,343487918376923	1665,625	-0,62793380022049	
1668,75	0,344012647867203	1668,75	-0,627403914928436	
1671,875	0,343431442975998	1671,875	-0,623861610889435	
1675	0,346687495708466	1675	-0,618030428886414	
1678,125	0,344525068998337	1678,125	-0,613419950008392	
1681,25	0,344466030597687	1681,25	-0,614495635032654	
1684,375	0,34932616353035	1684,375	-0,605231165885925	
1687,5	0,348050743341446	1687,5	-0,603885293006897	
1690,625	0,349096715450287	1690,625	-0,602384209632874	
1693,75	0,352772295475006	1693,75	-0,601232886314392	
1696,875	0,348164469003677	1696,875	-0,594796001911163	
1700	0,348789781332016	1700	-0,592875003814697	
1703,125	0,346671015024185	1703,125	-0,59122508764267	
1706,25	0,347084045410156	1706,25	-0,587285757064819	
1709,375	0,34917950630188	1709,375	-0,58196097612381	
1712,5	0,349049896001816	1712,5	-0,581120133399963	
1715,625	0,349547386169434	1715,625	-0,577574789524078	
1718,75	0,346745669841766	1718,75	-0,575997352600098	
1721,875	0,346792250871658	1721,875	-0,572275757789612	
1725	0,348766952753067	1725	-0,56555837392807	
1728,125	0,347382336854935	1728,125	-0,566269159317017	
1731,25	0,346261203289032	1731,25	-0,564929187297821	
1734,375	0,344330579042435	1734,375	-0,559995293617249	
1737,5	0,347888320684433	1737,5	-0,557368457317352	
1740,625	0,346837967634201	1740,625	-0,557859241962433	
1743,75	0,349731773138046	1743,75	-0,550135552883148	
1746,875	0,351165950298309	1746,875	-0,548645317554474	
1750	0,349824815988541	1750	-0,548146545886993	
1753,125	0,348914057016373	1753,125	-0,543684482574463	
1756,25	0,348145484924316	1756,25	-0,539512872695923	
1759,375	0,348431557416916	1759,375	-0,541091620922089	
1762,5	0,348320603370667	1762,5	-0,536313235759735	
1765,625	0,34850013256073	1765,625	-0,532330691814423	
1768,75	0,349817544221878	1768,75	-0,528283178806305	
1771,875	0,348774969577789	1771,875	-0,527532815933228	
1775	0,348993688821793	1775	-0,526184558868408	
1778,125	0,34792149066925	1778,125	-0,522449851036072	
1781,25	0,349296718835831	1781,25	-0,518649339675903	
1784,375	0,348251551389694	1784,375	-0,516790449619293	
1787,5	0,345027387142181	1787,5	-0,515144467353821	
1790,625	0,348413556814194	1790,625	-0,510782778263092	
1793,75	0,34444585442543	1793,75	-0,506438612937927	
1796,875	0,346000462770462	1796,875	-0,506663024425507	
1800	0,348724156618118	1800	-0,506064414978027	
1803,125	0,346148312091827	1803,125	-0,497998893260956	
1806,25	0,348453521728516	1806,25	-0,497693866491318	
1809,375	0,348907083272934	1809,375	-0,493629544973373	
1812,5	0,348495304584503	1812,5	-0,49555242061615	
1815,625	0,345545679330826	1815,625	-0,486951857805252	
1818,75	0,349579244852066	1818,75	-0,486220687627792	
1821,875	0,347959071397781	1821,875	-0,483158648014069	
1825	0,346942603588104	1825	-0,481081694364548	
1828,125	0,346721112728119	1828,125	-0,478967845439911	
1831,25	0,349323809146881	1831,25	-0,476834148168564	
1834,375	0,348796963691711	1834,375	-0,472517728805542	
1837,5	0,348125815391541	1837,5	-0,470955908298492	
1840,625	0,343950361013412	1840,625	-0,467828810214996	
1843,75	0,345933258533478	1843,75	-0,46459373831749	
1846,875	0,344454854726791	1846,875	-0,46121484041214	
1850	0,345405131578445	1850	-0,459179043769836	
1853,125	0,34464904665947	1853,125	-0,457478523254395	
1856,25	0,3483647108078	1856,25	-0,455530434846878	
1859,375	0,346451044082642	1859,375	-0,452632665634155	
1862,5	0,346454530954361	1862,5	-0,446305483579636	
1865,625	0,346686154603958	1865,625	-0,446534812450409	
1868,75	0,348236292600632	1868,75	-0,445426851511002	
1871,875	0,347130089998245	1871,875	-0,441124230623245	
1875	0,345293283462524	1875	-0,440400332212448	
1878,125	0,347342491149902	1878,125	-0,436702460050583	
1881,25	0,346058756113052	1881,25	-0,432380199432373	
1884,375	0,344205230474472	1884,375	-0,43075492978096	
1887,5	0,344725668430328	1887,5	-0,427601277828217	
1890,625	0,34805491566658	1890,625	-0,424003928899765	
1893,75	0,348606467247009	1893,75	-0,422549992799759	
1896,875	0,349697858095169	1896,875	-0,419669836759567	
1900	0,347893476486206	1900	-0,417450696229935	
1903,125	0,348998844623566	1903,125	-0,414591103792191	
1906,25	0,34854456782341	1906,25	-0,409710288047791	
1909,375	0,348042100667953	1909,375	-0,408831417560577	
1912,5	0,348230093717575	1912,5	-0,40846398472786	
1915,625	0,348468720912933	1915,625	-0,403792381286621	
1918,75	0,348674476146698	1918,75	-0,398686975240707	
1921,875	0,346620321273804	1921,875	-0,399881541728973	
1925	0,343999415636063	1925	-0,398122876882553	
1928,125	0,347444623708725	1928,125	-0,393135070800781	
1931,25	0,347931325435638	1931,25	-0,391869634389877	
1934,375	0,346622943878174	1934,375	-0,388938933610916	
1937,5	0,34645813703537	1937,5	-0,387617200613022	
1940,625	0,346222758293152	1940,625	-0,384706616401672	
1943,75	0,346381425857544	1943,75	-0,379910975694656	
1946,875	0,347628325223923	1946,875	-0,377783715724945	
1950	0,347331047058105	1950	-0,37674418091774	
1953,125	0,345189094543457	1953,125	-0,370941549539566	
1956,25	0,346039950847626	1956,25	-0,370513170957565	
1959,375	0,346001863479614	1959,375	-0,367951422929764	
1962,5	0,343382716178894	1962,5	-0,367610841989517	
1965,625	0,345984160900116	1965,625	-0,365906685590744	
1968,75	0,345070242881775	1968,75	-0,363393634557724	
1971,875	0,34758985042572	1971,875	-0,358487218618393	
1975	0,347698271274567	1975	-0,356169462203979	
1978,125	0,344304263591766	1978,125	-0,35272341966629	
1981,25	0,346458822488785	1981,25	-0,355245262384415	
1984,375	0,347741693258286	1984,375	-0,349558681249619	
1987,5	0,34767085313797	1987,5	-0,347651213407516	
1990,625	0,344902217388153	1990,625	-0,344921857118607	
1993,75	0,346811980009079	1993,75	-0,34077376127243	
1996,875	0,345335602760315	1996,875	-0,338904201984406	
2000	0,343176752328873	2000	-0,336564272642136	
2003,125	0,341932266950607	2003,125	-0,336331844329834	
2006,25	0,341726273298264	2006,25	-0,330971330404282	
2009,375	0,345205932855606	2009,375	-0,327746838331223	
2012,5	0,347189903259277	2012,5	-0,32678097486496	
2015,625	0,34581333398819	2015,625	-0,322953820228577	
2018,75	0,347069323062897	2018,75	-0,321621924638748	
2021,875	0,344132274389267	2021,875	-0,320056736469269	
2025	0,343691855669022	2025	-0,316650629043579	
2028,125	0,346163690090179	2028,125	-0,316214442253113	
2031,25	0,350972861051559	2031,25	-0,313623040914536	
2034,375	0,345109820365906	2034,375	-0,308342903852463	
2037,5	0,345102071762085	2037,5	-0,309058099985123	
2040,625	0,349473804235458	2040,625	-0,303155928850174	
2043,75	0,349459648132324	2043,75	-0,303191781044006	
2046,875	0,348418384790421	2046,875	-0,301183879375458	
2050	0,346944630146027	2050	-0,297326594591141	
2053,125	0,344810217618942	2053,125	-0,294906347990036	
2056,25	0,346918880939484	2056,25	-0,292740345001221	
2059,375	0,347142845392227	2059,375	-0,290062099695206	
2062,5	0,347248494625092	2062,5	-0,287961959838867	
2065,625	0,346131503582001	2065,625	-0,284296214580536	
2068,75	0,345759361982346	2068,75	-0,283671647310257	
2071,875	0,345285385847092	2071,875	-0,282052218914032	
2075	0,345829159021378	2075	-0,278873533010483	
2078,125	0,347786068916321	2078,125	-0,276416689157486	
2081,25	0,349629878997803	2081,25	-0,274669855833054	
2084,375	0,34727555513382	2084,375	-0,269906044006348	
2087,5	0,346794009208679	2087,5	-0,269501507282257	
2090,625	0,34656223654747	2090,625	-0,267216593027115	
2093,75	0,346810966730118	2093,75	-0,26350262761116	
2096,875	0,348088800907135	2096,875	-0,263337403535843	
2100	0,347679764032364	2100	-0,256490498781204	
2103,125	0,349880069494247	2103,125	-0,256735503673553	
2106,25	0,349181085824966	2106,25	-0,254957258701324	
2109,375	0,347648799419403	2109,375	-0,251738369464874	
2112,5	0,347035109996796	2112,5	-0,250431686639786	
2115,625	0,348481088876724	2115,625	-0,247301802039146	
2118,75	0,347796231508255	2118,75	-0,245472967624664	
2121,875	0,349477559328079	2121,875	-0,242934286594391	
2125	0,349883884191513	2125	-0,240865081548691	
2128,125	0,348279923200607	2128,125	-0,237779766321182	
2131,25	0,348452687263489	2131,25	-0,236109033226967	
2134,375	0,348565429449081	2134,375	-0,232592448592186	
2137,5	0,348506450653076	2137,5	-0,230682164430618	
2140,625	0,349893987178802	2140,625	-0,228409126400948	
2143,75	0,350541949272156	2143,75	-0,226221650838852	
2146,875	0,348353981971741	2146,875	-0,225720092654228	
2150	0,347638547420502	2150	-0,221894606947899	
2153,125	0,349420756101608	2153,125	-0,219941809773445	
2156,25	0,348064720630646	2156,25	-0,218102470040321	
2159,375	0,349079459905624	2159,375	-0,214869871735573	
2162,5	0,350335508584976	2162,5	-0,215214848518372	
2165,625	0,350537210702896	2165,625	-0,211845219135284	
2168,75	0,34947207570076	2168,75	-0,207239970564842	
2171,875	0,349533468484879	2171,875	-0,206084653735161	
2175	0,347650408744812	2175	-0,203995421528816	
2178,125	0,34915691614151	2178,125	-0,201291859149933	
2181,25	0,350428491830826	2181,25	-0,199976086616516	
2184,375	0,351256847381592	2184,375	-0,196665585041046	
2187,5	0,351220816373825	2187,5	-0,194317951798439	
2190,625	0,350433528423309	2190,625	-0,194008469581604	
2193,75	0,348747551441193	2193,75	-0,190598264336586	
2196,875	0,349335610866547	2196,875	-0,187129944562912	
2200	0,350880742073059	2200	-0,185956820845604	
2203,125	0,350561529397964	2203,125	-0,183869868516922	
2206,25	0,351371943950653	2206,25	-0,181735441088676	
2209,375	0,351813554763794	2209,375	-0,179825738072395	
2212,5	0,348818212747574	2212,5	-0,17741958796978	
2215,625	0,348066806793213	2215,625	-0,175537273287773	
2218,75	0,349418133497238	2218,75	-0,173068434000015	
2221,875	0,351216614246368	2221,875	-0,171455189585686	
2225	0,35045599937439	2225	-0,167698502540588	
2228,125	0,349746584892273	2228,125	-0,165815159678459	
2231,25	0,351444363594055	2231,25	-0,164182230830193	
2234,375	0,351682990789413	2234,375	-0,160936579108238	
2237,5	0,350737005472183	2237,5	-0,160169512033463	
2240,625	0,348882406949997	2240,625	-0,156689807772636	
2243,75	0,348895281553268	2243,75	-0,155576407909393	
2246,875	0,349542528390884	2246,875	-0,154090881347656	
2250	0,351424664258957	2250	-0,151253819465637	
2253,125	0,351677894592285	2253,125	-0,148495063185692	
2256,25	0,352577090263367	2256,25	-0,146299913525581	
2259,375	0,351956725120544	2259,375	-0,143444433808327	
2262,5	0,351681083440781	2262,5	-0,142192825675011	
2265,625	0,351541489362717	2265,625	-0,139993831515312	
2268,75	0,353823781013489	2268,75	-0,137750163674355	
2271,875	0,352843105792999	2271,875	-0,135515049099922	
2275	0,351252645254135	2275	-0,132280394434929	
2278,125	0,352031946182251	2278,125	-0,13050951063633	
2281,25	0,353009939193726	2281,25	-0,129410266876221	
2284,375	0,3530513048172	2284,375	-0,128122553229332	
2287,5	0,35048496723175	2287,5	-0,124526008963585	
2290,625	0,352386653423309	2290,625	-0,122494325041771	
2293,75	0,354340553283691	2293,75	-0,120935589075089	
2296,875	0,352149277925491	2296,875	-0,117755077779293	
2300	0,351909577846527	2300	-0,114840358495712	
2303,125	0,353357464075089	2303,125	-0,112796053290367	
2306,25	0,353728383779526	2306,25	-0,110854707658291	
2309,375	0,353711187839508	2309,375	-0,109942346811295	
2312,5	0,354536920785904	2312,5	-0,107817828655243	
2315,625	0,354694724082947	2315,625	-0,105086848139763	
2318,75	0,354211926460266	2318,75	-0,101618871092796	
2321,875	0,356727063655853	2321,875	-0,0994774475693703	
2325	0,354806333780289	2325	-0,0975384414196014	
2328,125	0,354820877313614	2328,125	-0,0970598831772804	
2331,25	0,354894071817398	2331,25	-0,0954946279525757	
2334,375	0,353718936443329	2334,375	-0,0933943465352058	
2337,5	0,355011016130447	2337,5	-0,0910734385251999	
2340,625	0,357721388339996	2340,625	-0,0887738689780235	
2343,75	0,354636162519455	2343,75	-0,0860638618469238	
2346,875	0,355331212282181	2346,875	-0,0836817473173141	
2350	0,354930579662323	2350	-0,0823129117488861	
2353,125	0,354059845209122	2353,125	-0,0799101367592812	
2356,25	0,354858368635178	2356,25	-0,0783838778734207	
2359,375	0,355730384588242	2359,375	-0,077205166220665	
2362,5	0,355008125305176	2362,5	-0,0742827132344246	
2365,625	0,356071561574936	2365,625	-0,070327527821064	
2368,75	0,356956273317337	2368,75	-0,0709158331155777	
2371,875	0,360374242067337	2371,875	-0,068208172917366	
2375	0,358761340379715	2375	-0,0651845410466194	
2378,125	0,357604682445526	2378,125	-0,0620163455605507	
2381,25	0,356901794672012	2381,25	-0,0593526586890221	
2384,375	0,356528699398041	2384,375	-0,0593716204166412	
2387,5	0,359266400337219	2387,5	-0,0574715211987495	
2390,625	0,358334273099899	2390,625	-0,0559937208890915	
2393,75	0,357911735773087	2393,75	-0,0539624243974686	
2396,875	0,356912881135941	2396,875	-0,0505754947662354	
2400	0,358347326517105	2400	-0,048695120960474	
2403,125	0,358300298452377	2403,125	-0,0461271069943905	
2406,25	0,356798201799393	2406,25	-0,0441756434738636	
2409,375	0,358128100633621	2409,375	-0,0415156856179237	
2412,5	0,359893918037415	2412,5	-0,042271800339222	
2415,625	0,361814588308334	2415,625	-0,0369125157594681	
2418,75	0,360534310340881	2418,75	-0,0354526154696941	
2421,875	0,359035164117813	2421,875	-0,0345688313245773	
2425	0,360430479049683	2425	-0,0324477069079876	
2428,125	0,361400604248047	2428,125	-0,0290730744600296	
2431,25	0,360631614923477	2431,25	-0,0277289319783449	
2434,375	0,362222790718079	2434,375	-0,0255383066833019	
2437,5	0,362151890993118	2437,5	-0,0244563184678555	
2440,625	0,361494511365891	2440,625	-0,0233328267931938	
2443,75	0,362039506435394	2443,75	-0,0192248336970806	
2446,875	0,362958043813705	2446,875	-0,0176842473447323	
2450	0,361698925495148	2450	-0,0160144064575434	
2453,125	0,361956298351288	2453,125	-0,014481857419014	
2456,25	0,362713187932968	2456,25	-0,0124440854415298	
2459,375	0,362094640731812	2459,375	-0,0104553401470184	
2462,5	0,363237231969833	2462,5	-0,00713142938911915	
2465,625	0,362834572792053	2465,625	-0,00605088425800204	
2468,75	0,363521605730057	2468,75	-0,00593374483287334	
2471,875	0,364283949136734	2471,875	-0,00122511468362063	
2475	0,362777560949326	2475	-0,00142290000803769	
2478,125	0,361913591623306	2478,125	0,00188403588254005	
2481,25	0,363209992647171	2481,25	0,00222075171768665	
2484,375	0,363553285598755	2484,375	0,00535076763480902	
2487,5	0,36167648434639	2487,5	0,00959829892963171	
2490,625	0,364145874977112	2490,625	0,00995620340108871	
2493,75	0,365757465362549	2493,75	0,0122838597744703	
2496,875	0,365845501422882	2496,875	0,0132565498352051	
2500	0,364042550325394	2500	0,0146762048825622	
2503,125	0,364904940128326	2503,125	0,0189375914633274	
2506,25	0,362808614969254	2506,25	0,019602544605732	
2509,375	0,363673597574234	2509,375	0,0213842298835516	
2512,5	0,364597648382187	2512,5	0,0231086108833551	
2515,625	0,366793632507324	2515,625	0,0255155190825462	
2518,75	0,365803837776184	2518,75	0,0273747332394123	
2521,875	0,366057991981506	2521,875	0,0282717291265726	
2525	0,365347236394882	2525	0,0335413441061974	
2528,125	0,367495357990265	2528,125	0,0325834676623344	
2531,25	0,368092775344849	2531,25	0,034532755613327	
2534,375	0,367376565933228	2534,375	0,035790428519249	
2537,5	0,367948740720749	2537,5	0,0409508235752583	
2540,625	0,370175838470459	2540,625	0,0395347662270069	
2543,75	0,370822310447693	2543,75	0,0426905415952206	
2546,875	0,367889374494553	2546,875	0,0448833927512169	
2550	0,367660850286484	2550	0,0459865629673004	
2553,125	0,368038177490234	2553,125	0,0488001555204391	
2556,25	0,367909520864487	2556,25	0,0504724569618702	
2559,375	0,36861526966095	2559,375	0,0520917475223541	
2562,5	0,369881153106689	2562,5	0,0543262660503387	
2565,625	0,370016306638718	2565,625	0,0553024224936962	
2568,75	0,369470059871674	2568,75	0,0570275522768497	
2571,875	0,368705004453659	2571,875	0,0595537684857845	
2575	0,370046555995941	2575	0,061056774109602	
2578,125	0,374168246984482	2578,125	0,0640346258878708	
2581,25	0,37069296836853	2581,25	0,0647737085819244	
2584,375	0,37195560336113	2584,375	0,0672929286956787	
2587,5	0,371816486120224	2587,5	0,0690704435110092	
2590,625	0,373060554265976	2590,625	0,0705694034695625	
2593,75	0,373507648706436	2593,75	0,0728506073355675	
2596,875	0,371638715267181	2596,875	0,074284628033638	
2600	0,373010218143463	2600	0,0762059167027473	
2603,125	0,373554348945618	2603,125	0,0790273547172546	
2606,25	0,374730974435806	2606,25	0,0793992057442665	
2609,375	0,373044550418854	2609,375	0,0821911543607712	
2612,5	0,373499244451523	2612,5	0,0840465947985649	
2615,625	0,374780982732773	2615,625	0,0867615565657616	
2618,75	0,373441398143768	2618,75	0,0875594466924667	
2621,875	0,375049084424973	2621,875	0,0897550582885742	
2625	0,37724494934082	2625	0,0905955731868744	
2628,125	0,376584976911545	2628,125	0,0931251421570778	
2631,25	0,376810729503632	2631,25	0,0960705354809761	
2634,375	0,378509610891342	2634,375	0,0964020043611526	
2637,5	0,37935084104538	2637,5	0,0995194688439369	
2640,625	0,378208816051483	2640,625	0,101103194057941	
2643,75	0,377287596464157	2643,75	0,102970115840435	
2646,875	0,376104921102524	2646,875	0,102265402674675	
2650	0,377933382987976	2650	0,109949715435505	
2653,125	0,378280729055405	2653,125	0,10885688662529	
2656,25	0,376999974250793	2656,25	0,11043094843626	
2659,375	0,378662914037704	2659,375	0,112319886684418	
2662,5	0,379099369049072	2662,5	0,113096617162228	
2665,625	0,379558622837067	2665,625	0,116202041506767	
2668,75	0,383387863636017	2668,75	0,116776779294014	
2671,875	0,380939513444901	2671,875	0,118819497525692	
2675	0,379582911729813	2675	0,120512366294861	
2678,125	0,380117684602737	2678,125	0,122111268341541	
2681,25	0,379934668540955	2681,25	0,124700546264648	
2684,375	0,380304455757141	2684,375	0,12792007625103	
2687,5	0,380187422037125	2687,5	0,127259999513626	
2690,625	0,38135951757431	2690,625	0,132099971175194	
2693,75	0,381233185529709	2693,75	0,132107973098755	
2696,875	0,383439660072327	2696,875	0,134571880102158	
2700	0,383124977350235	2700	0,135414287447929	
2703,125	0,383677303791046	2703,125	0,138464018702507	
2706,25	0,385293304920197	2706,25	0,139822974801064	
2709,375	0,384481877088547	2709,375	0,141440913081169	
2712,5	0,382897943258286	2712,5	0,14250285923481	
2715,625	0,383732199668884	2715,625	0,145469561219215	
2718,75	0,385838866233826	2718,75	0,147040411829948	
2721,875	0,386913448572159	2721,875	0,148281693458557	
2725	0,385557740926743	2725	0,151094615459442	
2728,125	0,385498106479645	2728,125	0,154259711503983	
2731,25	0,385780990123749	2731,25	0,154520645737648	
2734,375	0,38757061958313	2734,375	0,155718758702278	
2737,5	0,389083176851273	2737,5	0,158147275447845	
2740,625	0,388199716806412	2740,625	0,158695846796036	
2743,75	0,385179996490479	2743,75	0,161154225468636	
2746,875	0,387400805950165	2746,875	0,163489505648613	
2750	0,392230689525604	2750	0,165278971195221	
2753,125	0,389785259962082	2753,125	0,166553363204002	
2756,25	0,390345841646194	2756,25	0,171839162707329	
2759,375	0,390343457460403	2759,375	0,171106666326523	
2762,5	0,39206925034523	2762,5	0,172689437866211	
2765,625	0,39125183224678	2765,625	0,173391550779343	
2768,75	0,389781683683395	2768,75	0,176930174231529	
2771,875	0,39308950304985	2771,875	0,179187387228012	
2775	0,394050657749176	2775	0,181031852960587	
2778,125	0,394697964191437	2778,125	0,182003676891327	
2781,25	0,394417256116867	2781,25	0,184731766581535	
2784,375	0,39616933465004	2784,375	0,184990882873535	
2787,5	0,398077666759491	2787,5	0,185992062091827	
2790,625	0,397335290908813	2790,625	0,189237162470818	
2793,75	0,397378653287888	2793,75	0,19034968316555	
2796,875	0,397397726774216	2796,875	0,191571831703186	
2800	0,39679217338562	2800	0,193280592560768	
2803,125	0,394138514995575	2803,125	0,195281580090523	
2806,25	0,39867976307869	2806,25	0,197005927562714	
2809,375	0,397465020418167	2809,375	0,197378441691399	
2812,5	0,397478938102722	2812,5	0,20178484916687	
2815,625	0,399421691894531	2815,625	0,203666463494301	
2818,75	0,401244431734085	2818,75	0,204062759876251	
2821,875	0,40111118555069	2821,875	0,206039428710938	
2825	0,402620494365692	2825	0,20506489276886	
2828,125	0,402479737997055	2828,125	0,207030043005943	
2831,25	0,40412762761116	2831,25	0,212266758084297	
2834,375	0,40486416220665	2834,375	0,212074860930443	
2837,5	0,401358008384705	2837,5	0,214918702840805	
2840,625	0,401754349470139	2840,625	0,216221779584885	
2843,75	0,405313163995743	2843,75	0,215629726648331	
2846,875	0,406071960926056	2846,875	0,220175758004189	
2850	0,406188189983368	2850	0,220190152525902	
2853,125	0,407232761383057	2853,125	0,221379399299622	
2856,25	0,405772864818573	2856,25	0,222787156701088	
2859,375	0,408988833427429	2859,375	0,225024625658989	
2862,5	0,407964020967484	2862,5	0,226846858859062	
2865,625	0,409148007631302	2865,625	0,229307070374489	
2868,75	0,408073902130127	2868,75	0,229802414774895	
2871,875	0,406095057725906	2871,875	0,231560185551643	
2875	0,408792436122894	2875	0,23401352763176	
2878,125	0,408939510583878	2878,125	0,235612124204636	
2881,25	0,408838093280792	2881,25	0,237318843603134	
2884,375	0,410544365644455	2884,375	0,238731428980827	
2887,5	0,40962365269661	2887,5	0,240583524107933	
2890,625	0,408766329288483	2890,625	0,244401216506958	
2893,75	0,409265041351318	2893,75	0,245203778147697	
2896,875	0,411056011915207	2896,875	0,246017813682556	
2900	0,411246806383133	2900	0,247439906001091	
2903,125	0,411503046751022	2903,125	0,249428242444992	
2906,25	0,414184540510178	2906,25	0,251937001943588	
2909,375	0,412843763828278	2909,375	0,253380358219147	
2912,5	0,414940387010574	2912,5	0,253880530595779	
2915,625	0,415380626916885	2915,625	0,257574677467346	
2918,75	0,415602445602417	2918,75	0,259714514017105	
2921,875	0,414349406957626	2921,875	0,259034901857376	
2925	0,412431865930557	2925	0,262072712182999	
2928,125	0,416323244571686	2928,125	0,263588935136795	
2931,25	0,418631494045258	2931,25	0,265637397766113	
2934,375	0,416295051574707	2934,375	0,267662316560745	
2937,5	0,416582733392715	2937,5	0,269883066415787	
2940,625	0,418937027454376	2940,625	0,270390689373016	
2943,75	0,420051991939545	2943,75	0,272102296352386	
2946,875	0,418563067913055	2946,875	0,276207208633423	
2950	0,41885033249855	2950	0,276575356721878	
2953,125	0,42034637928009	2953,125	0,279219746589661	
2956,25	0,418009400367737	2956,25	0,280391305685043	
2959,375	0,418413162231445	2959,375	0,283785849809647	
2962,5	0,421698957681656	2962,5	0,285469859838486	
2965,625	0,42099803686142	2965,625	0,286786168813705	
2968,75	0,420393347740173	2968,75	0,289432525634766	
2971,875	0,420447766780853	2971,875	0,291856378316879	
2975	0,421893179416656	2975	0,292234480381012	
2978,125	0,421687096357346	2978,125	0,294378906488419	
2981,25	0,424761056900024	2981,25	0,296118766069412	
2984,375	0,423311412334442	2984,375	0,298398941755295	
2987,5	0,423436790704727	2987,5	0,299912422895432	
2990,625	0,426303148269653	2990,625	0,302167743444443	
2993,75	0,425999343395233	2993,75	0,303233742713928	
2996,875	0,426539212465286	2996,875	0,304732352495193	
3000	0,429314821958542	3000	0,310141563415527	
3003,125	0,424781203269959	3003,125	0,310858964920044	
3006,25	0,426455110311508	3006,25	0,312241733074188	
3009,375	0,429306656122208	3009,375	0,313583582639694	
3012,5	0,430838018655777	3012,5	0,316457062959671	
3015,625	0,429131418466568	3015,625	0,320793747901917	
3018,75	0,428076773881912	3018,75	0,320188224315643	
3021,875	0,430965334177017	3021,875	0,323127299547195	
3025	0,432165652513504	3025	0,325100690126419	
3028,125	0,432657986879349	3028,125	0,326142191886902	
3031,25	0,430168122053146	3031,25	0,330462425947189	
3034,375	0,434047698974609	3034,375	0,328864723443985	
3037,5	0,434506952762604	3037,5	0,336385786533356	
3040,625	0,434932380914688	3040,625	0,33709380030632	
3043,75	0,435417175292969	3043,75	0,337693125009537	
3046,875	0,433933675289154	3046,875	0,341559439897537	
3050	0,438607782125473	3050	0,343401104211807	
3053,125	0,440074235200882	3053,125	0,347282916307449	
3056,25	0,440532028675079	3056,25	0,350187659263611	
3059,375	0,439541637897491	3059,375	0,351854562759399	
3062,5	0,441632091999054	3062,5	0,35321906208992	
3065,625	0,44376802444458	3065,625	0,35297554731369	
3068,75	0,445041954517365	3068,75	0,355965077877045	
3071,875	0,44624263048172	3071,875	0,356484889984131	
3075	0,446858584880829	3075	0,359353393316269	
3078,125	0,449991047382355	3078,125	0,361526221036911	
3081,25	0,450574368238449	3081,25	0,363471001386642	
3084,375	0,450072467327118	3084,375	0,364317327737808	
3087,5	0,450557261705399	3087,5	0,364502608776093	
3090,625	0,450212389230728	3090,625	0,367320209741592	
3093,75	0,450433343648911	3093,75	0,369764655828476	
3096,875	0,451808422803879	3096,875	0,369892776012421	
3100	0,456211447715759	3100	0,3743636906147	
3103,125	0,45632404088974	3103,125	0,374753177165985	
3106,25	0,456124007701874	3106,25	0,378588318824768	
3109,375	0,45790496468544	3109,375	0,380618542432785	
3112,5	0,456441611051559	3112,5	0,381234794855118	
3115,625	0,45841646194458	3115,625	0,380692183971405	
3118,75	0,457552433013916	3118,75	0,382717430591583	
3121,875	0,454826682806015	3121,875	0,384279906749725	
3125	0,459396123886108	3125	0,387034714221954	
3128,125	0,459629237651825	3128,125	0,386888355016708	
3131,25	0,46105745434761	3131,25	0,390698730945587	
3134,375	0,46280375123024	3134,375	0,3933225274086	
3137,5	0,464804828166962	3137,5	0,392145574092865	
3140,625	0,464430302381516	3140,625	0,395683228969574	
3143,75	0,463858753442764	3143,75	0,394649147987366	
3146,875	0,466439545154572	3146,875	0,397186607122421	
3150	0,466600090265274	3150	0,399430960416794	
3153,125	0,46568438410759	3153,125	0,401298135519028	
3156,25	0,468233406543732	3156,25	0,403535008430481	
3159,375	0,468717247247696	3159,375	0,404610991477966	
3162,5	0,471476763486862	3162,5	0,405563622713089	
3165,625	0,470720231533051	3165,625	0,407565057277679	
3168,75	0,470613181591034	3168,75	0,407901614904404	
3171,875	0,474335283041	3171,875	0,411511808633804	
3175	0,475430548191071	3175	0,416207015514374	
3178,125	0,475093752145767	3178,125	0,42088857293129	
3181,25	0,472624748945236	3181,25	0,417808473110199	
3184,375	0,473178833723068	3184,375	0,41336977481842	
3187,5	0,469020277261734	3187,5	0,416573405265808	
3190,625	0,474304586648941	3190,625	0,41745737195015	
3193,75	0,475646257400513	3193,75	0,418791234493256	
3196,875	0,475501388311386	3196,875	0,425184994935989	
3200	0,468135863542557	3200	0,425879031419754	
3203,125	0,474439114332199	3203,125	0,428488403558731	
3206,25	0,475533843040466	3206,25	0,428278058767319	
3209,375	0,475493878126144	3209,375	0,431251764297485	
3212,5	0,474884003400803	3212,5	0,43480783700943	
3215,625	0,472958713769913	3215,625	0,433790922164917	
3218,75	0,473489820957184	3218,75	0,433672606945038	
3221,875	0,478485763072968	3221,875	0,43685194849968	
3225	0,477765291929245	3225	0,443452924489975	
3228,125	0,473416090011597	3228,125	0,446051567792892	
3231,25	0,47405332326889	3231,25	0,447460323572159	
3234,375	0,474045962095261	3234,375	0,451180279254913	
3237,5	0,474456876516342	3237,5	0,451721370220184	
3240,625	0,472843706607819	3240,625	0,453062683343887	
3243,75	0,474654793739319	3243,75	0,455364912748337	
3246,875	0,476276069879532	3246,875	0,456061571836472	
3250	0,475596457719803	3250	0,454722374677658	
3253,125	0,475111752748489	3253,125	0,461345821619034	
3256,25	0,476241171360016	3256,25	0,462292492389679	
3259,375	0,475190222263336	3259,375	0,463981330394745	
3262,5	0,475537240505219	3262,5	0,466630727052689	
3265,625	0,47972372174263	3265,625	0,469843715429306	
3268,75	0,479535281658173	3268,75	0,474524468183517	
3271,875	0,477045059204102	3271,875	0,477405041456223	
3275	0,478919804096222	3275	0,481696307659149	
3278,125	0,479335725307465	3278,125	0,479147166013718	
3281,25	0,47823566198349	3281,25	0,483892142772675	
3284,375	0,478433132171631	3284,375	0,486049383878708	
3287,5	0,477954179048538	3287,5	0,486720710992813	
3290,625	0,476927310228348	3290,625	0,487364679574966	
3293,75	0,479032546281815	3293,75	0,493274658918381	
3296,875	0,483685821294785	3296,875	0,494167745113373	
3300	0,482755154371262	3300	0,498305261135101	
3303,125	0,485330849885941	3303,125	0,499509662389755	
3306,25	0,485463887453079	3306,25	0,501091241836548	
3309,375	0,483901023864746	3309,375	0,506097674369812	
3312,5	0,483893007040024	3312,5	0,5066277384758	
3315,625	0,486013919115067	3315,625	0,507216930389404	
3318,75	0,483277052640915	3318,75	0,509078741073608	
3321,875	0,484883546829224	3321,875	0,514262974262238	
3325	0,484439462423325	3325	0,516688406467438	
3328,125	0,486542731523514	3328,125	0,518154382705688	
3331,25	0,487390369176865	3331,25	0,519604206085205	
3334,375	0,487070620059967	3334,375	0,522100269794464	
3337,5	0,489745676517487	3337,5	0,52707839012146	
3340,625	0,492739975452423	3340,625	0,528144657611847	
3343,75	0,490957081317902	3343,75	0,528874516487122	
3346,875	0,490328341722488	3346,875	0,536595106124878	
3350	0,490009248256683	3350	0,53605055809021	
3353,125	0,48834016919136	3353,125	0,538790822029114	
3356,25	0,491032749414444	3356,25	0,536907970905304	
3359,375	0,491134792566299	3359,375	0,542078077793121	
3362,5	0,49473962187767	3362,5	0,545564651489258	
3365,625	0,49639767408371	3365,625	0,54526698589325	
3368,75	0,496865689754486	3368,75	0,547646284103394	
3371,875	0,49553382396698	3371,875	0,547760188579559	
3375	0,495702683925629	3375	0,548351883888245	
3378,125	0,496799767017365	3378,125	0,558581650257111	
3381,25	0,497992485761642	3381,25	0,556837022304535	
3384,375	0,49884906411171	3384,375	0,55764365196228	
3387,5	0,503198623657227	3387,5	0,559815466403961	
3390,625	0,501205027103424	3390,625	0,562731027603149	
3393,75	0,504423022270203	3393,75	0,564910769462585	
3396,875	0,502564489841461	3396,875	0,565804839134216	
3400	0,504316508769989	3400	0,569346010684967	
3403,125	0,502682864665985	3403,125	0,570404469966888	
3406,25	0,50188934803009	3406,25	0,572668135166168	
3409,375	0,504627168178558	3409,375	0,576665163040161	
3412,5	0,50286191701889	3412,5	0,577655971050262	
3415,625	0,50220113992691	3415,625	0,581006407737732	
3418,75	0,506100952625275	3418,75	0,583151936531067	
3421,875	0,505886316299438	3421,875	0,582855403423309	
3425	0,506028234958649	3425	0,584271728992462	
3428,125	0,508513331413269	3428,125	0,589718580245972	
3431,25	0,509404242038727	3431,25	0,589506924152374	
3434,375	0,509591698646545	3434,375	0,59130322933197	
3437,5	0,509464085102081	3437,5	0,595829665660858	
3440,625	0,509657621383667	3440,625	0,598545491695404	
3443,75	0,510610044002533	3443,75	0,599091529846191	
3446,875	0,513344049453735	3446,875	0,601119816303253	
3450	0,513967216014862	3450	0,603391885757446	
3453,125	0,514039576053619	3453,125	0,604903161525726	
3456,25	0,513311982154846	3456,25	0,608411312103271	
3459,375	0,513114511966705	3459,375	0,609142363071442	
3462,5	0,516636490821838	3462,5	0,611764669418335	
3465,625	0,516626596450806	3465,625	0,612088322639465	
3468,75	0,514547109603882	3468,75	0,616158604621887	
3471,875	0,515646636486053	3471,875	0,617826700210571	
3475	0,517717897891998	3475	0,621366262435913	
3478,125	0,517573654651642	3478,125	0,620161175727844	
3481,25	0,523223340511322	3481,25	0,623100876808167	
3484,375	0,522911071777344	3484,375	0,624701738357544	
3487,5	0,520353674888611	3487,5	0,626696288585663	
3490,625	0,521450579166412	3490,625	0,630216062068939	
3493,75	0,520935535430908	3493,75	0,633192777633667	
3496,875	0,523082494735718	3496,875	0,632634818553925	
3500	0,523719370365143	3500	0,63876336812973	
3503,125	0,523881435394287	3503,125	0,639167428016663	
3506,25	0,522728323936462	3506,25	0,642131268978119	
3509,375	0,524510681629181	3509,375	0,642152369022369	
3512,5	0,52870500087738	3512,5	0,644765913486481	
3515,625	0,529806017875671	3515,625	0,646461188793182	
3518,75	0,528533577919006	3518,75	0,646467328071594	
3521,875	0,52980649471283	3521,875	0,649737358093262	
3525	0,530915260314941	3525	0,652779221534729	
3528,125	0,529158353805542	3528,125	0,65574061870575	
3531,25	0,528387010097504	3531,25	0,65835040807724	
3534,375	0,530973136425018	3534,375	0,658171415328979	
3537,5	0,534479022026062	3537,5	0,659196794033051	
3540,625	0,534489274024963	3540,625	0,662321805953979	
3543,75	0,534774422645569	3543,75	0,663517832756042	
3546,875	0,535934627056122	3546,875	0,663512110710144	
3550	0,537926614284515	3550	0,667806327342987	
3553,125	0,537947237491608	3553,125	0,668181121349335	
3556,25	0,538016080856323	3556,25	0,671374320983887	
3559,375	0,53867518901825	3559,375	0,673194229602814	
3562,5	0,537567973136902	3562,5	0,675680339336395	
3565,625	0,539897263050079	3565,625	0,676965594291687	
3568,75	0,541422128677368	3568,75	0,677681863307953	
3571,875	0,540668308734894	3571,875	0,683104932308197	
3575	0,539161801338196	3575	0,685322701931	
3578,125	0,539138197898865	3578,125	0,686910092830658	
3581,25	0,541017830371857	3581,25	0,689074277877808	
3584,375	0,544094920158386	3584,375	0,690130889415741	
3587,5	0,545610129833221	3587,5	0,691730678081512	
3590,625	0,544435262680054	3590,625	0,6944620013237	
3593,75	0,5441774725914	3593,75	0,696473479270935	
3596,875	0,545000612735748	3596,875	0,697482824325562	
3600	0,546238481998444	3600	0,700969815254211	
3603,125	0,549531996250153	3603,125	0,702676355838776	
3606,25	0,547800064086914	3606,25	0,701587498188019	
3609,375	0,551752150058746	3609,375	0,706253290176392	
3612,5	0,552305638790131	3612,5	0,70737498998642	
3615,625	0,55011385679245	3615,625	0,70925760269165	
3618,75	0,552845478057861	3618,75	0,711603224277496	
3621,875	0,553796887397766	3621,875	0,711872458457947	
3625	0,555806875228882	3625	0,713414549827576	
3628,125	0,555860936641693	3628,125	0,716676771640778	
3631,25	0,556748688220978	3631,25	0,721381783485413	
3634,375	0,555700123310089	3634,375	0,72200882434845	
3637,5	0,557332456111908	3637,5	0,721621990203857	
3640,625	0,560963571071625	3640,625	0,723289251327515	
3643,75	0,560662031173706	3643,75	0,726626574993134	
3646,875	0,561114072799683	3646,875	0,72719395160675	
3650	0,560607433319092	3650	0,730372071266174	
3653,125	0,56362110376358	3653,125	0,731697916984558	
3656,25	0,564368069171906	3656,25	0,733107149600983	
3659,375	0,563358128070831	3659,375	0,735687494277954	
3662,5	0,56389445066452	3662,5	0,73835688829422	
3665,625	0,560964584350586	3665,625	0,738586366176605	
3668,75	0,566151857376099	3668,75	0,743929743766785	
3671,875	0,56781280040741	3671,875	0,742393970489502	
3675	0,567467629909515	3675	0,745907425880432	
3678,125	0,568336486816406	3678,125	0,747810184955597	
3681,25	0,565534114837646	3681,25	0,745943129062653	
3684,375	0,575696468353271	3684,375	0,753128349781036	
3687,5	0,572133481502533	3687,5	0,75212025642395	
3690,625	0,572149574756622	3690,625	0,753206431865692	
3693,75	0,57423323392868	3693,75	0,757358908653259	
3696,875	0,572462201118469	3696,875	0,758750677108765	
3700	0,573800563812256	3700	0,759369552135468	
3703,125	0,577628016471863	3703,125	0,761500298976898	
3706,25	0,576752960681915	3706,25	0,766564726829529	
3709,375	0,576760172843933	3709,375	0,766261756420136	
3712,5	0,580332279205322	3712,5	0,767358720302582	
3715,625	0,583043038845062	3715,625	0,769022285938263	
3718,75	0,579441487789154	3718,75	0,77411961555481	
3721,875	0,582180261611938	3721,875	0,775673151016235	
3725	0,581460356712341	3725	0,776257157325745	
3728,125	0,584764301776886	3728,125	0,778439283370972	
3731,25	0,583695292472839	3731,25	0,77886438369751	
3734,375	0,586699187755585	3734,375	0,781891703605652	
3737,5	0,585597038269043	3737,5	0,782630383968353	
3740,625	0,587888240814209	3740,625	0,788933038711548	
3743,75	0,588746786117554	3743,75	0,788720607757568	
3746,875	0,587556838989258	3746,875	0,788674831390381	
3750	0,589945137500763	3750	0,792747616767883	
3753,125	0,591456055641174	3753,125	0,79330962896347	
3756,25	0,59317022562027	3756,25	0,795379877090454	
3759,375	0,595341145992279	3759,375	0,796711027622223	
3762,5	0,590915083885193	3762,5	0,796616971492767	
3765,625	0,599489808082581	3765,625	0,80469810962677	
3768,75	0,597167372703552	3768,75	0,802119970321655	
3771,875	0,599724054336548	3771,875	0,802951455116272	
3775	0,598958551883698	3775	0,805564999580383	
3778,125	0,601655125617981	3778,125	0,808336973190308	
3781,25	0,602529346942902	3781,25	0,811644852161407	
3784,375	0,599954307079315	3784,375	0,812674880027771	
3787,5	0,601259350776672	3787,5	0,817476391792297	
3790,625	0,602294683456421	3790,625	0,816028594970703	
3793,75	0,607789814472198	3793,75	0,819670855998993	
3796,875	0,608009099960327	3796,875	0,818539917469025	
3800	0,611075222492218	3800	0,819419801235199	
3803,125	0,609873831272125	3803,125	0,823222517967224	
3806,25	0,607808589935303	3806,25	0,826031506061554	
3809,375	0,611258149147034	3809,375	0,82750004529953	
3812,5	0,614023745059967	3812,5	0,828761696815491	
3815,625	0,615899682044983	3815,625	0,828742325305939	
3818,75	0,614736199378967	3818,75	0,833210945129395	
3821,875	0,617075085639954	3821,875	0,833112001419067	
3825	0,615553379058838	3825	0,834073722362518	
3828,125	0,617801666259766	3828,125	0,839052796363831	
3831,25	0,618574023246765	3831,25	0,840607345104218	
3834,375	0,619709968566895	3834,375	0,844141066074371	
3837,5	0,618504226207733	3837,5	0,844620823860168	
3840,625	0,623219728469849	3840,625	0,845835983753204	
3843,75	0,625471591949463	3843,75	0,845818221569061	
3846,875	0,626406908035278	3846,875	0,850676298141479	
3850	0,626385748386383	3850	0,850891947746277	
3853,125	0,626900672912598	3853,125	0,852170646190643	
3856,25	0,626610398292542	3856,25	0,85685122013092	
3859,375	0,629491448402405	3859,375	0,856913506984711	
3862,5	0,633798837661743	3862,5	0,859194934368134	
3865,625	0,63164883852005	3865,625	0,861424028873444	
3868,75	0,632059156894684	3868,75	0,862726330757141	
3871,875	0,635602176189423	3871,875	0,863929271697998	
3875	0,636217653751373	3875	0,865174829959869	
3878,125	0,635570645332336	3878,125	0,869895696640015	
3881,25	0,637996852397919	3881,25	0,87040388584137	
3884,375	0,640731036663055	3884,375	0,875455319881439	
3887,5	0,639807164669037	3887,5	0,874945104122162	
3890,625	0,641727864742279	3890,625	0,876613080501556	
3893,75	0,640527904033661	3893,75	0,880914509296417	
3896,875	0,643867909908295	3896,875	0,882897853851318	
3900	0,642195999622345	3900	0,884751439094543	
3903,125	0,644421339035034	3903,125	0,885468721389771	
3906,25	0,648354947566986	3906,25	0,88800173997879	
3909,375	0,64730829000473	3909,375	0,889030158519745	
3912,5	0,647738039493561	3912,5	0,88985937833786	
3915,625	0,652791857719421	3915,625	0,895306050777435	
3918,75	0,649762809276581	3918,75	0,890726089477539	
3921,875	0,657435178756714	3921,875	0,901767373085022	
3925	0,657589137554169	3925	0,896063923835754	
3928,125	0,660098969936371	3928,125	0,898116588592529	
3931,25	0,656395137310028	3931,25	0,896568655967712	
3934,375	0,657932043075562	3934,375	0,900090157985687	
3937,5	0,662036061286926	3937,5	0,903875648975372	
3940,625	0,661510050296783	3940,625	0,905719578266144	
3943,75	0,660830080509186	3943,75	0,905498087406158	
3946,875	0,665031015872955	3946,875	0,907796561717987	
3950	0,669136345386505	3950	0,90860116481781	
3953,125	0,669722318649292	3953,125	0,910760045051575	
3956,25	0,669524550437927	3956,25	0,91117924451828	
3959,375	0,674013137817383	3959,375	0,911086022853851	
3962,5	0,674132585525513	3962,5	0,916355848312378	
3965,625	0,670345306396484	3965,625	0,917510449886322	
3968,75	0,672760844230652	3968,75	0,919610381126404	
3971,875	0,674524962902069	3971,875	0,923418581485748	
3975	0,677145063877106	3975	0,928913772106171	
3978,125	0,678958356380463	3978,125	0,925607323646545	
3981,25	0,679860353469849	3981,25	0,921533226966858	
3984,375	0,682155013084412	3984,375	0,922456800937653	
3987,5	0,680658042430878	3987,5	0,923614323139191	
3990,625	0,682302951812744	3990,625	0,928834676742554	
3993,75	0,681559145450592	3993,75	0,930136561393738	
3996,875	0,68111664056778	3996,875	0,933412075042725	
4000	0,681017100811005	4000	0,941006243228912	
4003,125	0,683614492416382	4003,125	0,939683854579926	
4006,25	0,685385704040527	4006,25	0,939060866832733	
4009,375	0,687236249446869	4009,375	0,940026879310608	
4012,5	0,686413168907166	4012,5	0,941690802574158	
4015,625	0,687112092971802	4015,625	0,944600522518158	
4018,75	0,688199460506439	4018,75	0,946850955486298	
4021,875	0,689784049987793	4021,875	0,949232220649719	
4025	0,690750122070313	4025	0,952002763748169	
4028,125	0,690281569957733	4028,125	0,948647856712341	
4031,25	0,698863089084625	4031,25	0,950689494609833	
4034,375	0,697910487651825	4034,375	0,953798532485962	
4037,5	0,694470763206482	4037,5	0,958625674247742	
4040,625	0,70115053653717	4040,625	0,950712382793427	
4043,75	0,702174365520477	4043,75	0,956861257553101	
4046,875	0,70345813035965	4046,875	0,958771109580994	
4050	0,706577241420746	4050	0,959751605987549	
4053,125	0,701680719852448	4053,125	0,960781395435333	
4056,25	0,705532550811768	4056,25	0,966027438640594	
4059,375	0,703408658504486	4059,375	0,96414452791214	
4062,5	0,710534334182739	4062,5	0,963975310325623	
4065,625	0,70897114276886	4065,625	0,969961583614349	
4068,75	0,709030628204346	4068,75	0,970156788825989	
4071,875	0,711305022239685	4071,875	0,970469415187836	
4075	0,710076332092285	4075	0,980078399181366	
4078,125	0,709909975528717	4078,125	0,981010019779205	
4081,25	0,713408946990967	4081,25	0,983862400054932	
4084,375	0,716641366481781	4084,375	0,982018947601318	
4087,5	0,715667486190796	4087,5	0,987264156341553	
4090,625	0,717620432376862	4090,625	0,981054484844208	
4093,75	0,726521670818329	4093,75	0,983072519302368	
4096,875	0,721344470977783	4096,875	0,987001299858093	
4100	0,724054992198944	4100	0,991952359676361	
4103,125	0,725407540798187	4103,125	0,993230760097504	
4106,25	0,723779916763306	4106,25	0,992948234081268	
4109,375	0,72406941652298	4109,375	0,999839603900909	
4112,5	0,732938826084137	4112,5	0,997610092163086	
4115,625	0,733616054058075	4115,625	0,998661458492279	
4118,75	0,731752336025238	4118,75	1,00223982334137	
4121,875	0,729864180088043	4121,875	1,00214469432831	
4125	0,738772034645081	4125	1,00457191467285	
4128,125	0,738725066184998	4128,125	1,00540888309479	
4131,25	0,7370285987854	4131,25	1,00646364688873	
4134,375	0,740947782993317	4134,375	1,01209843158722	
4137,5	0,741823077201843	4137,5	1,01223134994507	
4140,625	0,743124604225159	4140,625	1,00861096382141	
4143,75	0,749166011810303	4143,75	1,01513969898224	
4146,875	0,746145904064178	4146,875	1,01391410827637	
4150	0,753712475299835	4150	1,01812922954559	
4153,125	0,749111652374268	4153,125	1,02550947666168	
4156,25	0,752405941486359	4156,25	1,0268462896347	
4159,375	0,752175509929657	4159,375	1,0210736989975	
4162,5	0,758829832077026	4162,5	1,02369606494904	
4165,625	0,760993957519531	4165,625	1,02604985237122	
4168,75	0,761606335639954	4168,75	1,02617132663727	
4171,875	0,762022376060486	4171,875	1,02595150470734	
4175	0,760689198970795	4175	1,03140830993652	
4178,125	0,763511002063751	4178,125	1,03835880756378	
4181,25	0,768593311309814	4181,25	1,03835773468018	
4184,375	0,767606914043427	4184,375	1,03673315048218	
4187,5	0,771072566509247	4187,5	1,03978431224823	
4190,625	0,770491600036621	4190,625	1,04137802124023	
4193,75	0,771051645278931	4193,75	1,04267287254333	
4196,875	0,775922834873199	4196,875	1,04495620727539	
4200	0,777069091796875	4200	1,04490876197815	
4203,125	0,781628489494324	4203,125	1,04651212692261	
4206,25	0,786228179931641	4206,25	1,04110264778137	
4209,375	0,785042643547058	4209,375	1,04482197761536	
4212,5	0,78245621919632	4212,5	1,04984200000763	
4215,625	0,783808708190918	4215,625	1,05360794067383	
4218,75	0,78683465719223	4218,75	1,0551609992981	
4221,875	0,788368046283722	4221,875	1,05483388900757	
4225	0,793544411659241	4225	1,05764663219452	
4228,125	0,7970831990242	4228,125	1,05624139308929	
4231,25	0,793602705001831	4231,25	1,05938291549683	
4234,375	0,79757684469223	4234,375	1,06105363368988	
4237,5	0,802228689193726	4237,5	1,06099390983582	
4240,625	0,79933488368988	4240,625	1,06324541568756	
4243,75	0,804805874824524	4243,75	1,06109011173248	
4246,875	0,801021635532379	4246,875	1,06813502311707	
4250	0,806590855121613	4250	1,07039940357208	
4253,125	0,809443235397339	4253,125	1,06716048717499	
4256,25	0,811203837394714	4256,25	1,07058167457581	
4259,375	0,806845605373383	4259,375	1,06931400299072	
4262,5	0,810969889163971	4262,5	1,07571077346802	
4265,625	0,814470410346985	4265,625	1,07776033878326	
4268,75	0,8123579621315	4268,75	1,07637798786163	
4271,875	0,815402209758759	4271,875	1,07700991630554	
4275	0,822240233421326	4275	1,08366513252258	
4278,125	0,819913506507874	4278,125	1,08265817165375	
4281,25	0,818521857261658	4281,25	1,08288466930389	
4284,375	0,824162006378174	4284,375	1,09421074390411	
4287,5	0,82303249835968	4287,5	1,09283566474915	
4290,625	0,825102150440216	4290,625	1,09307587146759	
4293,75	0,829719662666321	4293,75	1,08893346786499	
4296,875	0,832829535007477	4296,875	1,08701801300049	
4300	0,836316704750061	4300	1,09165155887604	
4303,125	0,838025808334351	4303,125	1,09700620174408	
4306,25	0,842873454093933	4306,25	1,09699904918671	
4309,375	0,841119587421417	4309,375	1,09552931785583	
4312,5	0,842629909515381	4312,5	1,10498285293579	
4315,625	0,845756053924561	4315,625	1,10300958156586	
4318,75	0,844682812690735	4318,75	1,10530495643616	
4321,875	0,85103178024292	4321,875	1,10734236240387	
4325	0,853644728660584	4325	1,10671377182007	
4328,125	0,848466157913208	4328,125	1,10999226570129	
4331,25	0,850102126598358	4331,25	1,11627268791199	
4334,375	0,857235610485077	4334,375	1,11303734779358	
4337,5	0,857098400592804	4337,5	1,11977767944336	
4340,625	0,860637128353119	4340,625	1,11794090270996	
4343,75	0,861837148666382	4343,75	1,12095332145691	
4346,875	0,866682827472687	4346,875	1,12352180480957	
4350	0,870319247245789	4350	1,12577748298645	
4353,125	0,868387341499329	4353,125	1,12579143047333	
4356,25	0,871999979019165	4356,25	1,1281703710556	
4359,375	0,879023134708405	4359,375	1,12699770927429	
4362,5	0,875650823116302	4362,5	1,13530206680298	
4365,625	0,874150574207306	4365,625	1,13873469829559	
4368,75	0,881348490715027	4368,75	1,14450144767761	
4371,875	0,885057985782623	4371,875	1,13722467422485	
4375	0,890976190567017	4375	1,13814616203308	
4378,125	0,892405867576599	4378,125	1,15139627456665	
4381,25	0,895114839076996	4381,25	1,14887607097626	
4384,375	0,897918581962585	4384,375	1,14809894561768	
4387,5	0,900107145309448	4387,5	1,14416861534119	
4390,625	0,903206288814545	4390,625	1,14949381351471	
4393,75	0,905011415481567	4393,75	1,15521490573883	
4396,875	0,902810215950012	4396,875	1,15940082073212	
4400	0,908789098262787	4400	1,15888369083405	
4403,125	0,915563404560089	4403,125	1,15797257423401	
4406,25	0,916896522045136	4406,25	1,1588271856308	
4409,375	0,921093046665192	4409,375	1,16792774200439	
4412,5	0,922961294651031	4412,5	1,1687422990799	
4415,625	0,925485134124756	4415,625	1,16811549663544	
4418,75	0,928246855735779	4418,75	1,17092192173004	
4421,875	0,92970609664917	4421,875	1,17549169063568	
4425	0,934890151023865	4425	1,17385280132294	
4428,125	0,937181770801544	4428,125	1,17814958095551	
4431,25	0,930945873260498	4431,25	1,1805431842804	
4434,375	0,942062020301819	4434,375	1,18614029884338	
4437,5	0,946211099624634	4437,5	1,18466699123383	
4440,625	0,949222087860107	4440,625	1,18726027011871	
4443,75	0,95757919549942	4443,75	1,18175935745239	
4446,875	0,95570319890976	4446,875	1,18722701072693	
4450	0,954616189002991	4450	1,19159865379333	
4453,125	0,961460888385773	4453,125	1,19431090354919	
4456,25	0,963981449604034	4456,25	1,18915987014771	
4459,375	0,974553287029266	4459,375	1,1931334733963	
4462,5	0,976721405982971	4462,5	1,20907425880432	
4465,625	0,976135075092316	4465,625	1,20220041275024	
4468,75	0,976765632629395	4468,75	1,20440268516541	
4471,875	0,994997024536133	4471,875	1,20447969436646	
4475	0,993930816650391	4475	1,20332562923431	
4478,125	0,991265416145325	4478,125	1,20034468173981	
4481,25	1,00576138496399	4481,25	1,21703147888184	
4484,375	1,00887882709503	4484,375	1,21932601928711	
4487,5	1,00972664356232	4487,5	1,21094059944153	
4490,625	1,01165688037872	4490,625	1,21403169631958	
4493,75	1,01845216751099	4493,75	1,21782839298248	
4496,875	1,03038442134857	4496,875	1,21424043178558	
4500	1,02270674705505	4500	1,22017383575439	
4503,125	1,03183770179749	4503,125	1,22523581981659	
4506,25	1,03569865226746	4506,25	1,22803997993469	
4509,375	1,03822302818298	4509,375	1,22878587245941	
4512,5	1,04360699653625	4512,5	1,21826028823853	
4515,625	1,0499222278595	4515,625	1,222327709198	
4518,75	1,0456794500351	4518,75	1,23033678531647	
4521,875	1,05139052867889	4521,875	1,23021590709686	
4525	1,06180620193481	4525	1,22632396221161	
4528,125	1,07054138183594	4528,125	1,22441685199738	
4531,25	1,07629799842834	4531,25	1,22615385055542	
4534,375	1,07492804527283	4534,375	1,22885310649872	
4537,5	1,08109331130981	4537,5	1,23029780387878	
4540,625	1,08973395824432	4540,625	1,22839963436127	
4543,75	1,09211134910583	4543,75	1,23385500907898	
4546,875	1,0947333574295	4546,875	1,23474597930908	
4550	1,09647357463837	4550	1,23652005195618	
4553,125	1,10297393798828	4553,125	1,23348152637482	
4556,25	1,11132180690765	4556,25	1,23680698871613	
4559,375	1,10068094730377	4559,375	1,23532032966614	
4562,5	1,12729012966156	4562,5	1,24868500232697	
4565,625	1,12250244617462	4565,625	1,24410486221313	
4568,75	1,12592160701752	4568,75	1,24931228160858	
4571,875	1,12832868099213	4571,875	1,24385118484497	
4575	1,13648700714111	4575	1,24212074279785	
4578,125	1,14154815673828	4578,125	1,23915004730225	
4581,25	1,15233719348907	4581,25	1,23987197875977	
4584,375	1,15770733356476	4584,375	1,24499118328094	
4587,5	1,15652251243591	4587,5	1,24799156188965	
4590,625	1,16488933563232	4590,625	1,2511955499649	
4593,75	1,17075908184052	4593,75	1,25273394584656	
4596,875	1,17554461956024	4596,875	1,24618446826935	
4600	1,18015253543854	4600	1,25476145744324	
4603,125	1,18841576576233	4603,125	1,26037359237671	
4606,25	1,19070792198181	4606,25	1,25106501579285	
4609,375	1,19100558757782	4609,375	1,25631761550903	
4612,5	1,20347249507904	4612,5	1,25627291202545	
4615,625	1,20700895786285	4615,625	1,25105106830597	
4618,75	1,21098363399506	4618,75	1,25932931900024	
4621,875	1,21248805522919	4621,875	1,25186085700989	
4625	1,23628354072571	4625	1,248051404953	
4628,125	1,23733806610107	4628,125	1,25643241405487	
4631,25	1,2395201921463	4631,25	1,25555789470673	
4634,375	1,25071597099304	4634,375	1,26383280754089	
4637,5	1,24663126468658	4637,5	1,25936448574066	
4640,625	1,24911141395569	4640,625	1,25931298732758	
4643,75	1,26606297492981	4643,75	1,26160728931427	
4646,875	1,26466763019562	4646,875	1,2586807012558	
4650	1,27246832847595	4650	1,2596207857132	
4653,125	1,28157341480255	4653,125	1,2650488615036	
4656,25	1,2879034280777	4656,25	1,26578712463379	
4659,375	1,28638792037964	4659,375	1,26368308067322	
4662,5	1,29118859767914	4662,5	1,28125786781311	
4665,625	1,31091058254242	4665,625	1,27184152603149	
4668,75	1,30805945396423	4668,75	1,26432347297668	
4671,875	1,32821989059448	4671,875	1,26682329177856	
4675	1,33027315139771	4675	1,26575207710266	
4678,125	1,33361518383026	4678,125	1,27397060394287	
4681,25	1,34072506427765	4681,25	1,26080310344696	
4684,375	1,34669351577759	4684,375	1,27240693569183	
4687,5	1,35694777965546	4687,5	1,2774246931076	
4690,625	1,35934615135193	4690,625	1,26957046985626	
4693,75	1,36394345760345	4693,75	1,26811122894287	
4696,875	1,37365567684174	4696,875	1,27467286586761	
4700	1,37546408176422	4700	1,28045964241028	
4703,125	1,38960826396942	4703,125	1,27616751194	
4706,25	1,39656209945679	4706,25	1,27748227119446	
4709,375	1,40459537506104	4709,375	1,28233778476715	
4712,5	1,40933537483215	4712,5	1,2843382358551	
4715,625	1,4190970659256	4715,625	1,28081393241882	
4718,75	1,42659175395966	4718,75	1,27357387542725	
4721,875	1,43136370182037	4721,875	1,2819367647171	
4725	1,43306291103363	4725	1,28540539741516	
4728,125	1,44368124008179	4728,125	1,28456568717957	
4731,25	1,45179915428162	4731,25	1,29372608661652	
4734,375	1,45429062843323	4734,375	1,29579544067383	
4737,5	1,46788263320923	4737,5	1,29576754570007	
4740,625	1,47703540325165	4740,625	1,29252219200134	
4743,75	1,48784255981445	4743,75	1,29161286354065	
4746,875	1,4906313419342	4746,875	1,2912415266037	
4750	1,49753749370575	4750	1,29738342761993	
4753,125	1,51355147361755	4753,125	1,30743539333344	
4756,25	1,5157196521759	4756,25	1,30583417415619	
4759,375	1,53112852573395	4759,375	1,30312240123749	
4762,5	1,5386176109314	4762,5	1,30619263648987	
4765,625	1,54021739959717	4765,625	1,3108001947403	
4768,75	1,54805958271027	4768,75	1,31421172618866	
4771,875	1,55405294895172	4771,875	1,31770467758179	
4775	1,58109986782074	4775	1,31355822086334	
4778,125	1,58384263515472	4778,125	1,32675957679749	
4781,25	1,58743464946747	4781,25	1,32489025592804	
4784,375	1,59741377830505	4784,375	1,3309645652771	
4787,5	1,61754560470581	4787,5	1,33000373840332	
4790,625	1,62470781803131	4790,625	1,32650637626648	
4793,75	1,64095783233643	4793,75	1,34033489227295	
4796,875	1,64441609382629	4796,875	1,34142029285431	
4800	1,65443563461304	4800	1,33419990539551	
4803,125	1,67723608016968	4803,125	1,33871817588806	
4806,25	1,68817162513733	4806,25	1,34836566448212	
4809,375	1,69009852409363	4809,375	1,35198724269867	
4812,5	1,71062695980072	4812,5	1,35923218727112	
4815,625	1,71322512626648	4815,625	1,35796141624451	
4818,75	1,71848547458649	4818,75	1,3584098815918	
4821,875	1,74107778072357	4821,875	1,36109662055969	
4825	1,74784409999847	4825	1,3619487285614	
4828,125	1,76088774204254	4828,125	1,35848164558411	
4831,25	1,77150678634644	4831,25	1,35812878608704	
4834,375	1,7907280921936	4834,375	1,37211334705353	
4837,5	1,8014258146286	4837,5	1,37323784828186	
4840,625	1,81590104103088	4840,625	1,37259244918823	
4843,75	1,82235872745514	4843,75	1,37856817245483	
4846,875	1,83647418022156	4846,875	1,38548457622528	
4850	1,85883152484894	4850	1,38848698139191	
4853,125	1,86973142623901	4853,125	1,39308834075928	
4856,25	1,87999212741852	4856,25	1,39168655872345	
4859,375	1,89966809749603	4859,375	1,39366400241852	
4862,5	1,90394568443298	4862,5	1,3845374584198	
4865,625	1,92222213745117	4865,625	1,38881075382233	
4868,75	1,93306374549866	4868,75	1,39407277107239	
4871,875	1,94991445541382	4871,875	1,40168881416321	
4875	1,9575822353363	4875	1,39590167999268	
4878,125	1,98754739761353	4878,125	1,39524412155151	
4881,25	1,99756026268005	4881,25	1,40391862392426	
4884,375	2,00734090805054	4884,375	1,39664006233215	
4887,5	2,01838850975037	4887,5	1,3990079164505	
4890,625	2,04352831840515	4890,625	1,38563334941864	
4893,75	2,05900812149048	4893,75	1,38306534290314	
4896,875	2,06523895263672	4896,875	1,39429473876953	
4900	2,07821393013	4900	1,39532625675201	
4903,125	2,08075428009033	4903,125	1,39070296287537	
4906,25	2,08785104751587	4906,25	1,37939667701721	
4909,375	2,11883997917175	4909,375	1,37909173965454	
4912,5	2,12883353233337	4912,5	1,38706827163696	
4915,625	2,13349437713623	4915,625	1,39879775047302	
4918,75	2,14204001426697	4918,75	1,39067232608795	
4921,875	2,15087580680847	4921,875	1,39020872116089	
4925	2,1658821105957	4925	1,39405679702759	
4928,125	2,1825578212738	4928,125	1,39918434619904	
4931,25	2,1862907409668	4931,25	1,40246593952179	
4934,375	2,19686245918274	4934,375	1,39993011951447	
4937,5	2,207026720047	4937,5	1,39149308204651	
4940,625	2,22221326828003	4940,625	1,40094125270844	
4943,75	2,22714447975159	4943,75	1,41632723808289	
4946,875	2,23846530914307	4946,875	1,41428208351135	
4950	2,25944042205811	4950	1,41990339756012	
4953,125	2,25074672698975	4953,125	1,42945849895477	
4956,25	2,25891947746277	4956,25	1,43635058403015	
4959,375	2,26297497749329	4959,375	1,44838654994965	
4962,5	2,27988815307617	4962,5	1,45948779582977	
4965,625	2,30369830131531	4965,625	1,45051610469818	
4968,75	2,31621932983398	4968,75	1,46401584148407	
4971,875	2,32996344566345	4971,875	1,47250711917877	
4975	2,32942605018616	4975	1,48038113117218	
				
