Frequency in Hz	Acrylic_94 Normalized Surface Impedance continuous Re	Frequency in Hz	Acrylic_94 Normalized Surface Impedance continuous Im	
100	1,96783375740051	100	-13,4808330535889	
103,125	2,08548378944397	103,125	-13,6855144500732	
106,25	1,54958295822144	106,25	-12,6079301834106	
109,375	1,64414978027344	109,375	-13,5021057128906	
112,5	1,84943175315857	112,5	-11,9702100753784	
115,625	2,33013916015625	115,625	-11,5132026672363	
118,75	2,32309722900391	118,75	-11,5588293075562	
121,875	2,07153987884521	121,875	-11,4049386978149	
125	2,05522394180298	125	-11,3266248703003	
128,125	2,06917929649353	128,125	-11,0633316040039	
131,25	1,42408955097198	131,25	-10,2714366912842	
134,375	1,82063448429108	134,375	-10,4916009902954	
137,5	2,06328058242798	137,5	-9,84838676452637	
140,625	2,12180495262146	140,625	-10,2328796386719	
143,75	1,96719419956207	143,75	-9,42408180236816	
146,875	1,76457345485687	146,875	-9,42507839202881	
150	1,42986226081848	150	-9,70489597320557	
153,125	1,98106741905212	153,125	-8,82503890991211	
156,25	1,71376347541809	156,25	-8,89342498779297	
159,375	1,56800544261932	159,375	-8,83344078063965	
162,5	1,53598463535309	162,5	-8,80208110809326	
165,625	1,28026962280273	165,625	-8,51937007904053	
168,75	1,96958577632904	168,75	-8,09587574005127	
171,875	1,77602827548981	171,875	-7,83783435821533	
175	1,75231993198395	175	-8,03290843963623	
178,125	1,82990741729736	178,125	-7,68753576278687	
181,25	1,75085687637329	181,25	-7,77942419052124	
184,375	1,5923684835434	184,375	-7,36440801620483	
187,5	1,62007677555084	187,5	-7,49121713638306	
190,625	1,52422881126404	190,625	-7,47025012969971	
193,75	1,60004556179047	193,75	-7,26969480514526	
196,875	1,57545208930969	196,875	-7,04963350296021	
200	1,68846845626831	200	-7,08655500411987	
203,125	1,55251085758209	203,125	-6,71349191665649	
206,25	1,55324137210846	206,25	-6,89444494247437	
209,375	1,5876168012619	209,375	-6,64533996582031	
212,5	1,4406316280365	212,5	-6,7732310295105	
215,625	1,43599796295166	215,625	-6,61694812774658	
218,75	1,564568400383	218,75	-6,60462665557861	
221,875	1,27261912822723	221,875	-6,28333806991577	
225	1,425168633461	225	-6,3512077331543	
228,125	1,46646428108215	228,125	-6,11389827728271	
231,25	1,4781893491745	231,25	-5,99106740951538	
234,375	1,37059152126312	234,375	-6,06818103790283	
237,5	1,4212132692337	237,5	-5,9480185508728	
240,625	1,3241753578186	240,625	-5,8708233833313	
243,75	1,43338894844055	243,75	-5,79664278030396	
246,875	1,517538189888	246,875	-5,63911056518555	
250	1,34141540527344	250	-5,52358055114746	
253,125	1,42048287391663	253,125	-5,60813188552856	
256,25	1,48524606227875	256,25	-5,43972778320313	
259,375	1,43700623512268	259,375	-5,28439044952393	
262,5	1,2801685333252	262,5	-5,39237594604492	
265,625	1,28213846683502	265,625	-5,31455326080322	
268,75	1,26934897899628	268,75	-5,28303050994873	
271,875	1,30058979988098	271,875	-5,11065435409546	
275	1,45476198196411	275	-5,00842714309692	
278,125	1,46283411979675	278,125	-5,01871156692505	
281,25	1,25307011604309	281,25	-4,88709306716919	
284,375	1,27090716362	284,375	-4,86670351028442	
287,5	1,36499071121216	287,5	-4,78458404541016	
290,625	1,34429776668549	290,625	-4,67983818054199	
293,75	1,27739083766937	293,75	-4,63708972930908	
296,875	1,1624128818512	296,875	-4,60317134857178	
300	1,25522816181183	300	-4,46795845031738	
303,125	1,37435948848724	303,125	-4,45821809768677	
306,25	1,28937077522278	306,25	-4,15831232070923	
309,375	1,34287488460541	309,375	-4,24020099639893	
312,5	1,41337549686432	312,5	-4,12018871307373	
315,625	1,42240369319916	315,625	-4,111656665802	
318,75	1,45133519172668	318,75	-4,15444183349609	
321,875	1,53022503852844	321,875	-4,21791839599609	
325	1,52059233188629	325	-4,2388482093811	
328,125	1,46215569972992	328,125	-4,33067750930786	
331,25	1,29728007316589	331,25	-4,24973297119141	
334,375	1,38921809196472	334,375	-4,18320798873901	
337,5	1,32738053798676	337,5	-4,17552947998047	
340,625	1,37877774238586	340,625	-4,21746587753296	
343,75	1,34554994106293	343,75	-4,09134912490845	
346,875	1,23816537857056	346,875	-3,97391271591187	
350	1,29613280296326	350	-3,93159556388855	
353,125	1,13009893894196	353,125	-3,77971220016479	
356,25	1,14860367774963	356,25	-3,90337634086609	
359,375	1,16519260406494	359,375	-3,90011501312256	
362,5	1,17049562931061	362,5	-3,68379878997803	
365,625	1,20822417736053	365,625	-3,81030106544495	
368,75	1,22695684432983	368,75	-3,82514071464539	
371,875	1,35491931438446	371,875	-3,72686243057251	
375	1,22371506690979	375	-3,49714350700378	
378,125	1,21705138683319	378,125	-3,5900342464447	
381,25	1,12437343597412	381,25	-3,81191802024841	
384,375	1,16932034492493	384,375	-3,67153120040894	
387,5	1,20932996273041	387,5	-3,54433727264404	
390,625	1,2310129404068	390,625	-3,43292212486267	
393,75	1,11448276042938	393,75	-3,38820910453796	
396,875	1,11360609531403	396,875	-3,41087865829468	
400	1,06838321685791	400	-3,46765446662903	
403,125	1,1290944814682	403,125	-3,39846467971802	
406,25	1,18818962574005	406,25	-3,35713362693787	
409,375	1,05720007419586	409,375	-3,36939430236816	
412,5	1,10699665546417	412,5	-3,31274271011353	
415,625	1,26707768440247	415,625	-3,28725481033325	
418,75	1,34763658046722	418,75	-3,18951940536499	
421,875	1,29087936878204	421,875	-3,21911406517029	
425	1,20775961875916	425	-3,12567925453186	
428,125	1,12924408912659	428,125	-3,3002655506134	
431,25	1,20518231391907	431,25	-3,31415319442749	
434,375	1,32486164569855	434,375	-3,13312673568726	
437,5	1,30272448062897	437,5	-3,09294772148132	
440,625	1,22168219089508	440,625	-3,07206201553345	
443,75	1,24089729785919	443,75	-3,0151104927063	
446,875	1,20045328140259	446,875	-3,05052399635315	
450	1,2094669342041	450	-3,0524799823761	
453,125	1,1914529800415	453,125	-2,95667624473572	
456,25	1,22454833984375	456,25	-2,87765216827393	
459,375	1,21008968353271	459,375	-2,89185738563538	
462,5	1,17496168613434	462,5	-2,85736203193665	
465,625	1,15083241462708	465,625	-2,84649586677551	
468,75	1,18301177024841	468,75	-2,87892460823059	
471,875	1,19241905212402	471,875	-2,83851504325867	
475	1,12278461456299	475	-2,81530094146729	
478,125	1,13309478759766	478,125	-2,81023144721985	
481,25	1,18731963634491	481,25	-2,79117512702942	
484,375	1,18347156047821	484,375	-2,76926064491272	
487,5	1,18433475494385	487,5	-2,75833296775818	
490,625	1,14961683750153	490,625	-2,72319149971008	
493,75	1,14720821380615	493,75	-2,70583629608154	
496,875	1,1667777299881	496,875	-2,65053796768188	
500	1,17235684394836	500	-2,66899275779724	
503,125	1,16913533210754	503,125	-2,65347003936768	
506,25	1,14868366718292	506,25	-2,64512252807617	
509,375	1,14583885669708	509,375	-2,62417984008789	
512,5	1,15874171257019	512,5	-2,59860563278198	
515,625	1,16344821453094	515,625	-2,5675847530365	
518,75	1,1189591884613	518,75	-2,55236649513245	
521,875	1,11286461353302	521,875	-2,54724097251892	
525	1,13564026355743	525	-2,51130628585815	
528,125	1,14687812328339	528,125	-2,50940179824829	
531,25	1,13806354999542	531,25	-2,49812912940979	
534,375	1,14290261268616	534,375	-2,49137830734253	
537,5	1,15089416503906	537,5	-2,47331190109253	
540,625	1,13927066326141	540,625	-2,46567225456238	
543,75	1,12822937965393	543,75	-2,42603778839111	
546,875	1,15097236633301	546,875	-2,40460753440857	
550	1,12781000137329	550	-2,38776779174805	
553,125	1,14028382301331	553,125	-2,39656591415405	
556,25	1,27441251277924	556,25	-2,44724774360657	
559,375	1,28585648536682	559,375	-2,45077753067017	
562,5	1,26597344875336	562,5	-2,44190526008606	
565,625	1,26143729686737	565,625	-2,45039582252502	
568,75	1,27659344673157	568,75	-2,40479707717896	
571,875	1,28300738334656	571,875	-2,39343333244324	
575	1,27089464664459	575	-2,38468456268311	
578,125	1,2692745923996	578,125	-2,38195419311523	
581,25	1,29135620594025	581,25	-2,36817121505737	
584,375	1,26897990703583	584,375	-2,34042429924011	
587,5	1,27438414096832	587,5	-2,34035325050354	
590,625	1,26879549026489	590,625	-2,32602572441101	
593,75	1,26580250263214	593,75	-2,30560040473938	
596,875	1,27438080310822	596,875	-2,30107235908508	
600	1,27593958377838	600	-2,30327939987183	
603,125	1,26301884651184	603,125	-2,27217054367065	
606,25	1,2835031747818	606,25	-2,26053619384766	
609,375	1,27152168750763	609,375	-2,222980260849	
612,5	1,27546393871307	612,5	-2,22955513000488	
615,625	1,27614331245422	615,625	-2,20830297470093	
618,75	1,26686096191406	618,75	-2,20501565933228	
621,875	1,26677286624908	621,875	-2,1825807094574	
625	1,2775616645813	625	-2,17602968215942	
628,125	1,26354122161865	628,125	-2,162433385849	
631,25	1,26630449295044	631,25	-2,15680027008057	
634,375	1,26943588256836	634,375	-2,1405918598175	
637,5	1,28058111667633	637,5	-2,12520885467529	
640,625	1,27017450332642	640,625	-2,10979247093201	
643,75	1,25971293449402	643,75	-2,1039981842041	
646,875	1,26901650428772	646,875	-2,09160375595093	
650	1,27162301540375	650	-2,08011698722839	
653,125	1,26418447494507	653,125	-2,07405543327332	
656,25	1,26517391204834	656,25	-2,06945443153381	
659,375	1,25500965118408	659,375	-2,05194425582886	
662,5	1,26727247238159	662,5	-2,03904056549072	
665,625	1,26161956787109	665,625	-2,03425693511963	
668,75	1,2655862569809	668,75	-2,02170944213867	
671,875	1,27157378196716	671,875	-2,01134538650513	
675	1,27408623695374	675	-2,00184082984924	
678,125	1,27545571327209	678,125	-1,98365652561188	
681,25	1,26974105834961	681,25	-1,97246694564819	
684,375	1,27321684360504	684,375	-1,96811544895172	
687,5	1,27494966983795	687,5	-1,94823050498962	
690,625	1,27252328395844	690,625	-1,93951416015625	
693,75	1,28115630149841	693,75	-1,93646800518036	
696,875	1,28423583507538	696,875	-1,92347455024719	
700	1,27270984649658	700	-1,9237664937973	
703,125	1,26584148406982	703,125	-1,91913139820099	
706,25	1,266361951828	706,25	-1,89191854000092	
709,375	1,26822507381439	709,375	-1,88672161102295	
712,5	1,25523507595062	712,5	-1,8811137676239	
715,625	1,26571345329285	715,625	-1,86966609954834	
718,75	1,26970613002777	718,75	-1,84988486766815	
721,875	1,26079499721527	721,875	-1,85211312770844	
725	1,26848316192627	725	-1,84302520751953	
728,125	1,27220141887665	728,125	-1,82773911952972	
731,25	1,25695085525513	731,25	-1,82477045059204	
734,375	1,26488947868347	734,375	-1,81309854984283	
737,5	1,26836323738098	737,5	-1,80605733394623	
740,625	1,26667582988739	740,625	-1,79150331020355	
743,75	1,26794743537903	743,75	-1,78484487533569	
746,875	1,26685130596161	746,875	-1,7846999168396	
750	1,27047336101532	750	-1,76261186599731	
753,125	1,27610242366791	753,125	-1,75767982006073	
756,25	1,27591180801392	756,25	-1,75255978107452	
759,375	1,26632177829742	759,375	-1,74704146385193	
762,5	1,27362036705017	762,5	-1,73267352581024	
765,625	1,27570950984955	765,625	-1,72797894477844	
768,75	1,28714048862457	768,75	-1,71007037162781	
771,875	1,27352821826935	771,875	-1,69846308231354	
775	1,28058898448944	775	-1,70442342758179	
778,125	1,28997445106506	778,125	-1,69089877605438	
781,25	1,28253841400146	781,25	-1,68328249454498	
784,375	1,2770688533783	784,375	-1,67332530021667	
787,5	1,29131519794464	787,5	-1,6640510559082	
790,625	1,28219294548035	790,625	-1,65739703178406	
793,75	1,28953039646149	793,75	-1,65386486053467	
796,875	1,28255724906921	796,875	-1,64124703407288	
800	1,28467559814453	800	-1,63719761371613	
803,125	1,29202914237976	803,125	-1,64355397224426	
806,25	1,28757297992706	806,25	-1,6443567276001	
809,375	1,29024577140808	809,375	-1,63259792327881	
812,5	1,29151320457458	812,5	-1,61828696727753	
815,625	1,30266118049622	815,625	-1,60571396350861	
818,75	1,29735374450684	818,75	-1,59887993335724	
821,875	1,29592895507813	821,875	-1,59423732757568	
825	1,28772377967834	825	-1,58494317531586	
828,125	1,29698550701141	828,125	-1,57759010791779	
831,25	1,30819237232208	831,25	-1,57048487663269	
834,375	1,30700194835663	834,375	-1,57154059410095	
837,5	1,30181789398193	837,5	-1,57464027404785	
840,625	1,31012368202209	840,625	-1,56896317005157	
843,75	1,30413830280304	843,75	-1,55518472194672	
846,875	1,30255198478699	846,875	-1,55665302276611	
850	1,30440711975098	850	-1,52918684482574	
853,125	1,30694961547852	853,125	-1,53478682041168	
856,25	1,31986355781555	856,25	-1,53915536403656	
859,375	1,32259750366211	859,375	-1,53305459022522	
862,5	1,31349623203278	862,5	-1,52589297294617	
865,625	1,31415605545044	865,625	-1,51976501941681	
868,75	1,31854867935181	868,75	-1,52067935466766	
871,875	1,31272554397583	871,875	-1,51703429222107	
875	1,30998122692108	875	-1,51288568973541	
878,125	1,32559645175934	878,125	-1,49870049953461	
881,25	1,31962621212006	881,25	-1,49863839149475	
884,375	1,42243635654449	884,375	-1,49151134490967	
887,5	1,42858242988586	887,5	-1,48681747913361	
890,625	1,42460143566132	890,625	-1,48427498340607	
893,75	1,42457485198975	893,75	-1,4810756444931	
896,875	1,42173516750336	896,875	-1,47098803520203	
900	1,4195122718811	900	-1,46974802017212	
903,125	1,41685628890991	903,125	-1,46378016471863	
906,25	1,42396199703217	906,25	-1,45297718048096	
909,375	1,42700970172882	909,375	-1,45283710956573	
912,5	1,41619729995728	912,5	-1,44817328453064	
915,625	1,42398011684418	915,625	-1,4405974149704	
918,75	1,42618727684021	918,75	-1,43336594104767	
921,875	1,41342782974243	921,875	-1,43050098419189	
925	1,41633987426758	925	-1,42492437362671	
928,125	1,41591441631317	928,125	-1,4286698102951	
931,25	1,41499257087708	931,25	-1,43136978149414	
934,375	1,41673183441162	934,375	-1,42993938922882	
937,5	1,405766248703	937,5	-1,43105936050415	
940,625	1,40614771842957	940,625	-1,42217528820038	
943,75	1,40906238555908	943,75	-1,41774022579193	
946,875	1,4081723690033	946,875	-1,41490149497986	
950	1,40635299682617	950	-1,41706550121307	
953,125	1,40017652511597	953,125	-1,41136479377747	
956,25	1,40061509609222	956,25	-1,40527319908142	
959,375	1,39577436447144	959,375	-1,40306150913239	
962,5	1,39064383506775	962,5	-1,40293920040131	
965,625	1,39321541786194	965,625	-1,40156149864197	
968,75	1,39032137393951	968,75	-1,40807616710663	
971,875	1,37883186340332	971,875	-1,40371453762054	
975	1,36969065666199	975	-1,39711141586304	
978,125	1,36866807937622	978,125	-1,40421426296234	
981,25	1,35782027244568	981,25	-1,39626705646515	
984,375	1,35295403003693	984,375	-1,40391397476196	
987,5	1,35044848918915	987,5	-1,4062385559082	
990,625	1,33646523952484	990,625	-1,40088713169098	
993,75	1,32287073135376	993,75	-1,41083574295044	
996,875	1,31874048709869	996,875	-1,40031468868256	
1000	1,30516111850739	1000	-1,39712917804718	
1003,125	1,29649519920349	1003,125	-1,39833247661591	
1006,25	1,28394281864166	1006,25	-1,38846695423126	
1009,375	1,27038240432739	1009,375	-1,390052318573	
1012,5	1,25042963027954	1012,5	-1,3929740190506	
1015,625	1,25093114376068	1015,625	-1,37253844738007	
1018,75	1,21036446094513	1018,75	-1,36430394649506	
1021,875	1,20463299751282	1021,875	-1,36567616462708	
1025	1,17868292331696	1025	-1,35231065750122	
1028,125	1,168172955513	1028,125	-1,33872938156128	
1031,25	1,1460223197937	1031,25	-1,33034110069275	
1034,375	1,13094770908356	1034,375	-1,31747794151306	
1037,5	1,10473608970642	1037,5	-1,28341579437256	
1040,625	1,0962827205658	1040,625	-1,26823794841766	
1043,75	1,08435559272766	1043,75	-1,24243199825287	
1046,875	1,06953680515289	1046,875	-1,22798216342926	
1050	1,05814242362976	1050	-1,19505953788757	
1053,125	1,040003657341	1053,125	-1,17938697338104	
1056,25	1,03152167797089	1056,25	-1,13890326023102	
1059,375	1,04698741436005	1059,375	-1,11576676368713	
1062,5	1,04340302944183	1062,5	-1,09479928016663	
1065,625	1,04022264480591	1065,625	-1,05175125598907	
1068,75	1,05053639411926	1068,75	-1,03297245502472	
1071,875	1,05422186851501	1071,875	-1,01305603981018	
1075	1,06432175636292	1075	-0,986475884914398	
1078,125	1,07437419891357	1078,125	-0,963024079799652	
1081,25	1,08863949775696	1081,25	-0,949651420116425	
1084,375	1,09821009635925	1084,375	-0,929007291793823	
1087,5	1,10942614078522	1087,5	-0,909094333648682	
1090,625	1,12082493305206	1090,625	-0,896453857421875	
1093,75	1,13122475147247	1093,75	-0,885184168815613	
1096,875	1,13927888870239	1096,875	-0,868875741958618	
1100	1,1493661403656	1100	-0,859573483467102	
1103,125	1,16329085826874	1103,125	-0,847992122173309	
1106,25	1,17962884902954	1106,25	-0,838083565235138	
1109,375	1,18649041652679	1109,375	-0,827962219715118	
1112,5	1,19237542152405	1112,5	-0,821849465370178	
1115,625	1,20404052734375	1115,625	-0,816053569316864	
1118,75	1,21376514434814	1118,75	-0,807095110416412	
1121,875	1,22185242176056	1121,875	-0,801710069179535	
1125	1,23020386695862	1125	-0,797382950782776	
1128,125	1,23785126209259	1128,125	-0,790740787982941	
1131,25	1,24557590484619	1131,25	-0,78384804725647	
1134,375	1,25345098972321	1134,375	-0,778532207012177	
1137,5	1,25839173793793	1137,5	-0,774466931819916	
1140,625	1,26347470283508	1140,625	-0,772662758827209	
1143,75	1,27064692974091	1143,75	-0,765142023563385	
1146,875	1,27352929115295	1146,875	-0,761386752128601	
1150	1,28236818313599	1150	-0,761122643947601	
1153,125	1,28783512115479	1153,125	-0,757683157920837	
1156,25	1,29285264015198	1156,25	-0,751915097236633	
1159,375	1,29888331890106	1159,375	-0,747749388217926	
1162,5	1,30504631996155	1162,5	-0,747325420379639	
1165,625	1,30983781814575	1165,625	-0,743115961551666	
1168,75	1,31060814857483	1168,75	-0,742318272590637	
1171,875	1,31341826915741	1171,875	-0,738197267055511	
1175	1,32137870788574	1175	-0,736587524414063	
1178,125	1,324338555336	1178,125	-0,734122395515442	
1181,25	1,32904958724976	1181,25	-0,731342852115631	
1184,375	1,33064997196198	1184,375	-0,727378189563751	
1187,5	1,33576118946075	1187,5	-0,725081622600555	
1190,625	1,33796107769012	1190,625	-0,722559094429016	
1193,75	1,34278964996338	1193,75	-0,718760192394257	
1196,875	1,34423971176147	1196,875	-0,714593529701233	
1200	1,34411990642548	1200	-0,713950753211975	
1203,125	1,34694516658783	1203,125	-0,708855211734772	
1206,25	1,35039842128754	1206,25	-0,711281180381775	
1209,375	1,35606718063354	1209,375	-0,708175361156464	
1212,5	1,35625386238098	1212,5	-0,705443143844604	
1215,625	1,35777139663696	1215,625	-0,707060158252716	
1218,75	1,35821712017059	1218,75	-0,705920338630676	
1221,875	1,36080873012543	1221,875	-0,700901985168457	
1225	1,36175966262817	1225	-0,70283180475235	
1228,125	1,36370861530304	1228,125	-0,696668684482574	
1231,25	1,36717820167542	1231,25	-0,698643088340759	
1234,375	1,36567938327789	1234,375	-0,694635570049286	
1237,5	1,3642315864563	1237,5	-0,693225502967834	
1240,625	1,36384987831116	1240,625	-0,692501306533813	
1243,75	1,36793100833893	1243,75	-0,686720609664917	
1246,875	1,3693140745163	1246,875	-0,689210176467896	
1250	1,36186587810516	1250	-0,686961472034454	
1253,125	1,36244451999664	1253,125	-0,684960246086121	
1256,25	1,3618004322052	1256,25	-0,685412466526031	
1259,375	1,36392056941986	1259,375	-0,68094664812088	
1262,5	1,35538733005524	1262,5	-0,673261821269989	
1265,625	1,35430026054382	1265,625	-0,675894916057587	
1268,75	1,3528128862381	1268,75	-0,671249210834503	
1271,875	1,34994649887085	1271,875	-0,665158867835999	
1275	1,34630227088928	1275	-0,661124169826508	
1278,125	1,34641420841217	1278,125	-0,658479988574982	
1281,25	1,34063982963562	1281,25	-0,650728166103363	
1284,375	1,33999502658844	1284,375	-0,647434175014496	
1287,5	1,33753550052643	1287,5	-0,640378355979919	
1290,625	1,33543527126312	1290,625	-0,632942080497742	
1293,75	1,33718621730804	1293,75	-0,627469956874847	
1296,875	1,33798491954803	1296,875	-0,616387724876404	
1300	1,33753645420074	1300	-0,608100652694702	
1303,125	1,3374764919281	1303,125	-0,604929685592651	
1306,25	1,33842360973358	1306,25	-0,599577665328979	
1309,375	1,33627903461456	1309,375	-0,59214198589325	
1312,5	1,33795952796936	1312,5	-0,589387595653534	
1315,625	1,33973562717438	1315,625	-0,580621838569641	
1318,75	1,34417426586151	1318,75	-0,57368791103363	
1321,875	1,34403073787689	1321,875	-0,567602157592773	
1325	1,34666848182678	1325	-0,564964532852173	
1328,125	1,35065054893494	1328,125	-0,557752192020416	
1331,25	1,35044312477112	1331,25	-0,552228271961212	
1334,375	1,35191535949707	1334,375	-0,54952210187912	
1337,5	1,35181140899658	1337,5	-0,544804334640503	
1340,625	1,35373020172119	1340,625	-0,537440359592438	
1343,75	1,35726141929626	1343,75	-0,531899452209473	
1346,875	1,35890114307404	1346,875	-0,527481436729431	
1350	1,36246645450592	1350	-0,520832777023315	
1353,125	1,36326158046722	1353,125	-0,516336917877197	
1356,25	1,36344921588898	1356,25	-0,514088988304138	
1359,375	1,36762392520905	1359,375	-0,508341670036316	
1362,5	1,37311291694641	1362,5	-0,504701316356659	
1365,625	1,37632203102112	1365,625	-0,503675401210785	
1368,75	1,37942802906036	1368,75	-0,499205648899078	
1371,875	1,38440406322479	1371,875	-0,494450360536575	
1375	1,38418304920197	1375	-0,49294725060463	
1378,125	1,38460552692413	1378,125	-0,492369890213013	
1381,25	1,38472545146942	1381,25	-0,489394664764404	
1384,375	1,38667142391205	1384,375	-0,48633736371994	
1387,5	1,38801550865173	1387,5	-0,48338195681572	
1390,625	1,38896107673645	1390,625	-0,478422820568085	
1393,75	1,39094221591949	1393,75	-0,476077169179916	
1396,875	1,39201986789703	1396,875	-0,473502516746521	
1400	1,39240622520447	1400	-0,471390008926392	
1403,125	1,39440011978149	1403,125	-0,466092646121979	
1406,25	1,39690768718719	1406,25	-0,461600691080093	
1409,375	1,39681220054626	1409,375	-0,45759055018425	
1412,5	1,39991283416748	1412,5	-0,456348091363907	
1415,625	1,400803565979	1415,625	-0,453534871339798	
1418,75	1,40078449249268	1418,75	-0,450638622045517	
1421,875	1,40200078487396	1421,875	-0,450258314609528	
1425	1,40346312522888	1425	-0,445378512144089	
1428,125	1,40475475788116	1428,125	-0,439662277698517	
1431,25	1,4056704044342	1431,25	-0,43644306063652	
1434,375	1,40534174442291	1434,375	-0,433921962976456	
1437,5	1,40825402736664	1437,5	-0,430244654417038	
1440,625	1,40936553478241	1440,625	-0,427219361066818	
1443,75	1,41029214859009	1443,75	-0,423880785703659	
1446,875	1,41160953044891	1446,875	-0,421267658472061	
1450	1,41335320472717	1450	-0,417045950889587	
1453,125	1,41586911678314	1453,125	-0,414151459932327	
1456,25	1,4162369966507	1456,25	-0,411904722452164	
1459,375	1,42024743556976	1459,375	-0,411550641059875	
1462,5	1,42035913467407	1462,5	-0,406245321035385	
1465,625	1,42102587223053	1465,625	-0,405344933271408	
1468,75	1,42187249660492	1468,75	-0,403565496206284	
1471,875	1,42215538024902	1471,875	-0,401177138090134	
1475	1,42571794986725	1475	-0,398698061704636	
1478,125	1,42770338058472	1478,125	-0,397281348705292	
1481,25	1,42734861373901	1481,25	-0,397241324186325	
1484,375	1,42727172374725	1484,375	-0,394076526165009	
1487,5	1,42930746078491	1487,5	-0,392336159944534	
1490,625	1,42835819721222	1490,625	-0,389415055513382	
1493,75	1,43031978607178	1493,75	-0,38612824678421	
1496,875	1,42974531650543	1496,875	-0,385876893997192	
1500	1,42845094203949	1500	-0,385589718818665	
1503,125	1,42926740646362	1503,125	-0,382310688495636	
1506,25	1,42839753627777	1506,25	-0,375447869300842	
1509,375	1,42717337608337	1509,375	-0,374083966016769	
1512,5	1,42787420749664	1512,5	-0,37450048327446	
1515,625	1,42809963226318	1515,625	-0,372788459062576	
1518,75	1,42617392539978	1518,75	-0,370503067970276	
1521,875	1,42626929283142	1521,875	-0,367408335208893	
1525	1,42341732978821	1525	-0,363909423351288	
1528,125	1,42379975318909	1528,125	-0,359576940536499	
1531,25	1,42491614818573	1531,25	-0,357321977615356	
1534,375	1,42358255386353	1534,375	-0,35267561674118	
1537,5	1,42308735847473	1537,5	-0,34993514418602	
1540,625	1,42276918888092	1540,625	-0,348029732704163	
1543,75	1,4226975440979	1543,75	-0,342845261096954	
1546,875	1,4219651222229	1546,875	-0,338414311408997	
1550	1,42168116569519	1550	-0,335367470979691	
1553,125	1,42243683338165	1553,125	-0,32966935634613	
1556,25	1,423255443573	1556,25	-0,328969120979309	
1559,375	1,42166125774384	1559,375	-0,323526799678802	
1562,5	1,42397880554199	1562,5	-0,31953752040863	
1565,625	1,42465281486511	1565,625	-0,314990699291229	
1568,75	1,42505085468292	1568,75	-0,309090465307236	
1571,875	1,42578983306885	1571,875	-0,307043373584747	
1575	1,42604696750641	1575	-0,305214703083038	
1578,125	1,42642986774445	1578,125	-0,300855159759521	
1581,25	1,42465591430664	1581,25	-0,297546803951263	
1584,375	1,42605757713318	1584,375	-0,293252408504486	
1587,5	1,4272665977478	1587,5	-0,28945979475975	
1590,625	1,4282431602478	1590,625	-0,287156194448471	
1593,75	1,42867231369019	1593,75	-0,282931923866272	
1596,875	1,42746245861053	1596,875	-0,280632019042969	
1600	1,43035471439362	1600	-0,27728933095932	
1603,125	1,43067836761475	1603,125	-0,272901922464371	
1606,25	1,43232941627502	1606,25	-0,269151031970978	
1609,375	1,43108093738556	1609,375	-0,264979839324951	
1612,5	1,43213212490082	1612,5	-0,261482179164886	
1615,625	1,43360245227814	1615,625	-0,257624119520187	
1618,75	1,43223309516907	1618,75	-0,254849195480347	
1621,875	1,43440639972687	1621,875	-0,251276582479477	
1625	1,43452930450439	1625	-0,246125444769859	
1628,125	1,43678367137909	1628,125	-0,242368906736374	
1631,25	1,43630647659302	1631,25	-0,23859441280365	
1634,375	1,43854916095734	1634,375	-0,236879900097847	
1637,5	1,43790686130524	1637,5	-0,231720671057701	
1640,625	1,44088566303253	1640,625	-0,232304528355598	
1643,75	1,4399870634079	1643,75	-0,229987919330597	
1646,875	1,44258952140808	1646,875	-0,225667491555214	
1650	1,442915558815	1650	-0,221773698925972	
1653,125	1,44456803798676	1653,125	-0,219444543123245	
1656,25	1,44814479351044	1656,25	-0,216013073921204	
1659,375	1,44779002666473	1659,375	-0,212498858571053	
1662,5	1,44946348667145	1662,5	-0,208532005548477	
1665,625	1,45191204547882	1665,625	-0,205150723457336	
1668,75	1,4511433839798	1668,75	-0,201902270317078	
1671,875	1,44775533676147	1671,875	-0,200302124023438	
1675	1,45126736164093	1675	-0,199871182441711	
1678,125	1,45000922679901	1678,125	-0,196450039744377	
1681,25	1,4539110660553	1681,25	-0,191217854619026	
1684,375	1,45650064945221	1684,375	-0,188751980662346	
1687,5	1,45540654659271	1687,5	-0,186248853802681	
1690,625	1,45800507068634	1690,625	-0,182340681552887	
1693,75	1,45713376998901	1693,75	-0,179527208209038	
1696,875	1,45960104465485	1696,875	-0,176686704158783	
1700	1,45978200435638	1700	-0,176314949989319	
1703,125	1,46189546585083	1703,125	-0,17415152490139	
1706,25	1,46325159072876	1706,25	-0,1701690107584	
1709,375	1,46413731575012	1709,375	-0,169051632285118	
1712,5	1,4663382768631	1712,5	-0,165617778897285	
1715,625	1,4661260843277	1715,625	-0,163243606686592	
1718,75	1,46688532829285	1718,75	-0,158844530582428	
1721,875	1,46620810031891	1721,875	-0,158921375870705	
1725	1,46923458576202	1725	-0,156791031360626	
1728,125	1,46835803985596	1728,125	-0,155628502368927	
1731,25	1,46881544589996	1731,25	-0,151005193591118	
1734,375	1,47073519229889	1734,375	-0,148732990026474	
1737,5	1,47133934497833	1737,5	-0,148414433002472	
1740,625	1,47245860099792	1740,625	-0,148667067289352	
1743,75	1,46907794475555	1743,75	-0,143592715263367	
1746,875	1,47034001350403	1746,875	-0,139397546648979	
1750	1,47157728672028	1750	-0,137953743338585	
1753,125	1,47183287143707	1753,125	-0,136959820985794	
1756,25	1,47284376621246	1756,25	-0,135214358568192	
1759,375	1,47100150585175	1759,375	-0,133188456296921	
1762,5	1,47329890727997	1762,5	-0,130949229001999	
1765,625	1,47447180747986	1765,625	-0,126613050699234	
1768,75	1,47472417354584	1768,75	-0,125941142439842	
1771,875	1,47446155548096	1771,875	-0,121845796704292	
1775	1,47603833675385	1775	-0,117397263646126	
1778,125	1,47739589214325	1778,125	-0,116668693721294	
1781,25	1,47902739048004	1781,25	-0,115585662424564	
1784,375	1,47923803329468	1784,375	-0,110826000571251	
1787,5	1,47823810577393	1787,5	-0,108824886381626	
1790,625	1,48019623756409	1790,625	-0,106509611010551	
1793,75	1,48337113857269	1793,75	-0,105817601084709	
1796,875	1,48196375370026	1796,875	-0,105181224644184	
1800	1,48319351673126	1800	-0,101260103285313	
1803,125	1,48295509815216	1803,125	-0,0988080874085426	
1806,25	1,48350417613983	1806,25	-0,0975938737392426	
1809,375	1,48356032371521	1809,375	-0,0941125005483627	
1812,5	1,48490393161774	1812,5	-0,09126066416502	
1815,625	1,48697888851166	1815,625	-0,0893682986497879	
1818,75	1,48631381988525	1818,75	-0,0865446254611015	
1821,875	1,48564839363098	1821,875	-0,0845470204949379	
1825	1,48725819587708	1825	-0,0843420177698135	
1828,125	1,48836088180542	1828,125	-0,0828512981534004	
1831,25	1,4895521402359	1831,25	-0,0796671807765961	
1834,375	1,49199652671814	1834,375	-0,0791163519024849	
1837,5	1,48850178718567	1837,5	-0,0762543678283691	
1840,625	1,48910558223724	1840,625	-0,0742982029914856	
1843,75	1,4895601272583	1843,75	-0,07126584649086	
1846,875	1,49059629440308	1846,875	-0,0706429108977318	
1850	1,49408292770386	1850	-0,0713681653141975	
1853,125	1,49343192577362	1853,125	-0,0692154839634895	
1856,25	1,49317872524261	1856,25	-0,0647208988666534	
1859,375	1,49443757534027	1859,375	-0,0635756850242615	
1862,5	1,4956773519516	1862,5	-0,063447080552578	
1865,625	1,49536299705505	1865,625	-0,0634046643972397	
1868,75	1,4965945482254	1868,75	-0,0603722669184208	
1871,875	1,49701273441315	1871,875	-0,0587184876203537	
1875	1,49709022045135	1875	-0,0571915432810783	
1878,125	1,49472784996033	1878,125	-0,0565215200185776	
1881,25	1,49619472026825	1881,25	-0,0550947748124599	
1884,375	1,49593031406403	1884,375	-0,0506338402628899	
1887,5	1,49518918991089	1887,5	-0,0501937679946423	
1890,625	1,49912488460541	1890,625	-0,0487765036523342	
1893,75	1,49623155593872	1893,75	-0,048650249838829	
1896,875	1,49782359600067	1896,875	-0,0456955172121525	
1900	1,49753057956696	1900	-0,0434035211801529	
1903,125	1,49696612358093	1903,125	-0,0416364520788193	
1906,25	1,49745237827301	1906,25	-0,0406395755708218	
1909,375	1,49707329273224	1909,375	-0,0379971191287041	
1912,5	1,4964245557785	1912,5	-0,0359628312289715	
1915,625	1,49490892887115	1915,625	-0,0359619036316872	
1918,75	1,49764406681061	1918,75	-0,0330232568085194	
1921,875	1,49509143829346	1921,875	-0,0314061269164085	
1925	1,4951868057251	1925	-0,0299742314964533	
1928,125	1,49457633495331	1928,125	-0,0274323523044586	
1931,25	1,49621081352234	1931,25	-0,0266767758876085	
1934,375	1,49763286113739	1934,375	-0,0263307727873325	
1937,5	1,49847447872162	1937,5	-0,024143585935235	
1940,625	1,49926352500916	1940,625	-0,0231306459754705	
1943,75	1,49683582782745	1943,75	-0,0207276307046413	
1946,875	1,49532175064087	1946,875	-0,0166533570736647	
1950	1,4957777261734	1950	-0,0164841879159212	
1953,125	1,4968729019165	1953,125	-0,0133140869438648	
1956,25	1,49748706817627	1956,25	-0,01164626237005	
1959,375	1,4997661113739	1959,375	-0,00955800991505384	
1962,5	1,49731576442719	1962,5	-0,0102873016148806	
1965,625	1,49521207809448	1965,625	-0,00663507310673594	
1968,75	1,49670958518982	1968,75	-0,00432891864329576	
1971,875	1,4983936548233	1971,875	-0,00461032148450613	
1975	1,4952130317688	1975	0,000991453533060849	
1978,125	1,49500727653503	1978,125	0,000185502402018756	
1981,25	1,49589037895203	1981,25	0,00221256678923965	
1984,375	1,49477434158325	1984,375	0,00464925076812506	
1987,5	1,49709928035736	1987,5	0,00590131105855107	
1990,625	1,49822700023651	1990,625	0,00488519622012973	
1993,75	1,49596047401428	1993,75	0,007996940985322	
1996,875	1,49567198753357	1996,875	0,0104759046807885	
2000	1,49665606021881	2000	0,0129408221691847	
2003,125	1,49629664421082	2003,125	0,0135189965367317	
2006,25	1,49762165546417	2006,25	0,0178456157445908	
2009,375	1,49533653259277	2009,375	0,0166371818631887	
2012,5	1,49544954299927	2012,5	0,0195938162505627	
2015,625	1,49624037742615	2015,625	0,0220910329371691	
2018,75	1,49600911140442	2018,75	0,022061612457037	
2021,875	1,49404907226563	2021,875	0,0240028016269207	
2025	1,49327874183655	2025	0,0277297347784042	
2028,125	1,49243485927582	2028,125	0,0291192531585693	
2031,25	1,49394142627716	2031,25	0,0315270721912384	
2034,375	1,49424469470978	2034,375	0,0328211411833763	
2037,5	1,49179899692535	2037,5	0,0343359857797623	
2040,625	1,49365508556366	2040,625	0,0350478030741215	
2043,75	1,49336791038513	2043,75	0,0383661352097988	
2046,875	1,49476671218872	2046,875	0,0374050140380859	
2050	1,49527132511139	2050	0,0385627560317516	
2053,125	1,492955327034	2053,125	0,0451233759522438	
2056,25	1,49152910709381	2056,25	0,0419525615870953	
2059,375	1,49455153942108	2059,375	0,0458006300032139	
2062,5	1,49408233165741	2062,5	0,049275740981102	
2065,625	1,49314165115356	2065,625	0,0498994924128056	
2068,75	1,49446892738342	2068,75	0,0542337745428085	
2071,875	1,49566996097565	2071,875	0,0512163490056992	
2075	1,49559307098389	2075	0,0550991706550121	
2078,125	1,49228572845459	2078,125	0,0580088943243027	
2081,25	1,49287950992584	2081,25	0,0589597411453724	
2084,375	1,49265837669373	2084,375	0,0585548058152199	
2087,5	1,49642503261566	2087,5	0,0613287463784218	
2090,625	1,49528062343597	2090,625	0,0599537007510662	
2093,75	1,49338352680206	2093,75	0,0639164447784424	
2096,875	1,49298822879791	2096,875	0,0653224140405655	
2100	1,4933340549469	2100	0,0651959553360939	
2103,125	1,49609231948853	2103,125	0,0682574138045311	
2106,25	1,49509871006012	2106,25	0,0695307031273842	
2109,375	1,49472463130951	2109,375	0,0742231011390686	
2112,5	1,49241507053375	2112,5	0,0723909586668015	
2115,625	1,49172067642212	2115,625	0,0745769068598747	
2118,75	1,49156081676483	2118,75	0,078516960144043	
2121,875	1,49291527271271	2121,875	0,0813142731785774	
2125	1,49392318725586	2125	0,0806155949831009	
2128,125	1,49360907077789	2128,125	0,0800694301724434	
2131,25	1,49136805534363	2131,25	0,0836010128259659	
2134,375	1,48981738090515	2134,375	0,0873496755957603	
2137,5	1,4900609254837	2137,5	0,0886017829179764	
2140,625	1,4900506734848	2140,625	0,0884410738945007	
2143,75	1,49024605751038	2143,75	0,0892942771315575	
2146,875	1,49018800258636	2146,875	0,0921899527311325	
2150	1,48991680145264	2150	0,0938911065459251	
2153,125	1,49059474468231	2153,125	0,0959825292229652	
2156,25	1,48817300796509	2156,25	0,0991272553801537	
2159,375	1,48812544345856	2159,375	0,101606816053391	
2162,5	1,48713433742523	2162,5	0,102893434464931	
2165,625	1,48395895957947	2165,625	0,106075279414654	
2168,75	1,488685131073	2168,75	0,111064158380032	
2171,875	1,48935770988464	2171,875	0,111123375594616	
2175	1,48802077770233	2175	0,111372441053391	
2178,125	1,490443110466	2178,125	0,112087793648243	
2181,25	1,48827314376831	2181,25	0,116582840681076	
2184,375	1,49090039730072	2184,375	0,119753122329712	
2187,5	1,49039077758789	2187,5	0,121275514364243	
2190,625	1,49215734004974	2190,625	0,122803971171379	
2193,75	1,49188995361328	2193,75	0,122363872826099	
2196,875	1,49179553985596	2196,875	0,12696860730648	
2200	1,49104046821594	2200	0,128023281693459	
2203,125	1,49318385124207	2203,125	0,126961201429367	
2206,25	1,49417996406555	2206,25	0,128559947013855	
2209,375	1,49694907665253	2209,375	0,133614137768745	
2212,5	1,4988032579422	2212,5	0,134322375059128	
2215,625	1,49763655662537	2215,625	0,13481830060482	
2218,75	1,49763429164886	2218,75	0,135777592658997	
2221,875	1,49884796142578	2221,875	0,140812769532204	
2225	1,50152206420898	2225	0,141279116272926	
2228,125	1,502601146698	2228,125	0,140197440981865	
2231,25	1,50204348564148	2231,25	0,141933545470238	
2234,375	1,50123107433319	2234,375	0,142019271850586	
2237,5	1,50052285194397	2237,5	0,143872559070587	
2240,625	1,49806916713715	2240,625	0,145461320877075	
2243,75	1,5015971660614	2243,75	0,144985064864159	
2246,875	1,50323617458344	2246,875	0,147531121969223	
2250	1,50169837474823	2250	0,150423094630241	
2253,125	1,50532102584839	2253,125	0,147444739937782	
2256,25	1,50475454330444	2256,25	0,15230256319046	
2259,375	1,5034989118576	2259,375	0,151939988136292	
2262,5	1,5064537525177	2262,5	0,152255833148956	
2265,625	1,50315058231354	2265,625	0,156286627054214	
2268,75	1,50671422481537	2268,75	0,153338029980659	
2271,875	1,50379633903503	2271,875	0,156268388032913	
2275	1,50502598285675	2275	0,158753722906113	
2278,125	1,50297737121582	2278,125	0,160676956176758	
2281,25	1,50363457202911	2281,25	0,155707806348801	
2284,375	1,50515806674957	2284,375	0,157105997204781	
2287,5	1,50477421283722	2287,5	0,16107614338398	
2290,625	1,50689673423767	2290,625	0,162148594856262	
2293,75	1,5036655664444	2293,75	0,166179805994034	
2296,875	1,50686728954315	2296,875	0,163073375821114	
2300	1,50486731529236	2300	0,166021138429642	
2303,125	1,50658977031708	2303,125	0,165794506669044	
2306,25	1,50519788265228	2306,25	0,168725177645683	
2309,375	1,50519061088562	2309,375	0,168987557291985	
2312,5	1,5047013759613	2312,5	0,171034172177315	
2315,625	1,50522339344025	2315,625	0,170109748840332	
2318,75	1,50298428535461	2318,75	0,173301085829735	
2321,875	1,50319564342499	2321,875	0,174753844738007	
2325	1,50713789463043	2325	0,175572156906128	
2328,125	1,50673127174377	2328,125	0,179561078548431	
2331,25	1,50762963294983	2331,25	0,180599763989449	
2334,375	1,50624334812164	2334,375	0,181882679462433	
2337,5	1,50733983516693	2337,5	0,180333197116852	
2340,625	1,50728988647461	2340,625	0,185170903801918	
2343,75	1,51070368289948	2343,75	0,189715474843979	
2346,875	1,51081991195679	2346,875	0,187482073903084	
2350	1,51022565364838	2350	0,191215321421623	
2353,125	1,51109862327576	2353,125	0,188841730356216	
2356,25	1,51100087165833	2356,25	0,191178679466248	
2359,375	1,51363003253937	2359,375	0,194646269083023	
2362,5	1,51221346855164	2362,5	0,19418902695179	
2365,625	1,51044762134552	2365,625	0,192338958382607	
2368,75	1,51550781726837	2368,75	0,198007479310036	
2371,875	1,51386654376984	2371,875	0,200225800275803	
2375	1,51539921760559	2375	0,197897627949715	
2378,125	1,51589930057526	2378,125	0,200088784098625	
2381,25	1,51614820957184	2381,25	0,203140839934349	
2384,375	1,51392245292664	2384,375	0,204080775380135	
2387,5	1,52121794223785	2387,5	0,200396239757538	
2390,625	1,51944184303284	2390,625	0,202932611107826	
2393,75	1,52149713039398	2393,75	0,207015812397003	
2396,875	1,51999187469482	2396,875	0,208668038249016	
2400	1,51905870437622	2400	0,20596370100975	
2403,125	1,51998555660248	2403,125	0,208010837435722	
2406,25	1,52061307430267	2406,25	0,206500515341759	
2409,375	1,52153313159943	2409,375	0,208155676722527	
2412,5	1,52099657058716	2412,5	0,211061537265778	
2415,625	1,52651977539063	2415,625	0,210129886865616	
2418,75	1,52599489688873	2418,75	0,209701433777809	
2421,875	1,52745449542999	2421,875	0,214329764246941	
2425	1,52894353866577	2425	0,215725615620613	
2428,125	1,52763569355011	2428,125	0,213132083415985	
2431,25	1,52644193172455	2431,25	0,212002336978912	
2434,375	1,52712917327881	2434,375	0,214042991399765	
2437,5	1,52931547164917	2437,5	0,2158332914114	
2440,625	1,52884578704834	2440,625	0,216149747371674	
2443,75	1,52896535396576	2443,75	0,218600556254387	
2446,875	1,52894902229309	2446,875	0,219279557466507	
2450	1,52991819381714	2450	0,221881419420242	
2453,125	1,5313868522644	2453,125	0,223087877035141	
2456,25	1,53167533874512	2456,25	0,221155345439911	
2459,375	1,5322482585907	2459,375	0,223123356699944	
2462,5	1,53413105010986	2462,5	0,224936559796333	
2465,625	1,53112900257111	2465,625	0,225299552083015	
2468,75	1,53067088127136	2468,75	0,222060307860374	
2471,875	1,53472924232483	2471,875	0,224081248044968	
2475	1,53458869457245	2475	0,225564584136009	
2478,125	1,53395557403564	2478,125	0,226509630680084	
2481,25	1,53554618358612	2481,25	0,228619918227196	
2484,375	1,53482377529144	2484,375	0,228988960385323	
2487,5	1,53549289703369	2487,5	0,228257283568382	
2490,625	1,53681790828705	2490,625	0,233409240841866	
2493,75	1,53729975223541	2493,75	0,232238367199898	
2496,875	1,54034495353699	2496,875	0,233147710561752	
2500	1,53943145275116	2500	0,233496978878975	
2503,125	1,53902125358582	2503,125	0,23127144575119	
2506,25	1,53741347789764	2506,25	0,233457803726196	
2509,375	1,53878664970398	2509,375	0,234069347381592	
2512,5	1,53911018371582	2512,5	0,235307827591896	
2515,625	1,53916168212891	2515,625	0,237941354513168	
2518,75	1,53967571258545	2518,75	0,23921537399292	
2521,875	1,54242765903473	2521,875	0,236702099442482	
2525	1,54234802722931	2525	0,240324065089226	
2528,125	1,54577898979187	2528,125	0,238910853862762	
2531,25	1,54466378688812	2531,25	0,239764958620071	
2534,375	1,54091930389404	2534,375	0,240685254335403	
2537,5	1,5462646484375	2537,5	0,239618882536888	
2540,625	1,54701030254364	2540,625	0,238441556692123	
2543,75	1,54326093196869	2543,75	0,243111237883568	
2546,875	1,54294455051422	2546,875	0,244553700089455	
2550	1,5439258813858	2550	0,242102950811386	
2553,125	1,54493045806885	2553,125	0,244938313961029	
2556,25	1,54586541652679	2556,25	0,245346546173096	
2559,375	1,5462452173233	2559,375	0,24505028128624	
2562,5	1,54490840435028	2562,5	0,245009198784828	
2565,625	1,54448091983795	2565,625	0,245266661047935	
2568,75	1,54952800273895	2568,75	0,245831608772278	
2571,875	1,54764747619629	2571,875	0,247154384851456	
2575	1,54805266857147	2575	0,248219713568687	
2578,125	1,54842448234558	2578,125	0,249717146158218	
2581,25	1,54847228527069	2581,25	0,251950234174728	
2584,375	1,55024182796478	2584,375	0,249817624688148	
2587,5	1,54973888397217	2587,5	0,250068068504334	
2590,625	1,55010426044464	2590,625	0,251996994018555	
2593,75	1,55408835411072	2593,75	0,251423329114914	
2596,875	1,55376839637756	2596,875	0,252591758966446	
2600	1,5519939661026	2600	0,254525512456894	
2603,125	1,55205571651459	2603,125	0,253359228372574	
2606,25	1,55180072784424	2606,25	0,255525976419449	
2609,375	1,55064582824707	2609,375	0,253892809152603	
2612,5	1,55117452144623	2612,5	0,252537280321121	
2615,625	1,55426466464996	2615,625	0,253548502922058	
2618,75	1,55512917041779	2618,75	0,257874488830566	
2621,875	1,55249071121216	2621,875	0,258108079433441	
2625	1,55686795711517	2625	0,256645798683167	
2628,125	1,55598938465118	2628,125	0,257532119750977	
2631,25	1,55372285842896	2631,25	0,261628717184067	
2634,375	1,55289363861084	2634,375	0,254848510026932	
2637,5	1,55359220504761	2637,5	0,256749421358109	
2640,625	1,55650901794434	2640,625	0,259730756282806	
2643,75	1,55555212497711	2643,75	0,258835732936859	
2646,875	1,55595099925995	2646,875	0,262143045663834	
2650	1,55609345436096	2650	0,262209922075272	
2653,125	1,55823051929474	2653,125	0,262349098920822	
2656,25	1,55979990959167	2656,25	0,263875216245651	
2659,375	1,55924665927887	2659,375	0,260927140712738	
2662,5	1,5584409236908	2662,5	0,260560274124146	
2665,625	1,56026375293732	2665,625	0,261347383260727	
2668,75	1,56099271774292	2668,75	0,260309755802155	
2671,875	1,56091177463531	2671,875	0,263544917106628	
2675	1,56263256072998	2675	0,265720456838608	
2678,125	1,56147253513336	2678,125	0,262766391038895	
2681,25	1,56198561191559	2681,25	0,26313528418541	
2684,375	1,56134617328644	2684,375	0,264848977327347	
2687,5	1,56188368797302	2687,5	0,264181613922119	
2690,625	1,56218647956848	2690,625	0,264345645904541	
2693,75	1,5614401102066	2693,75	0,267136216163635	
2696,875	1,56407785415649	2696,875	0,267207503318787	
2700	1,56229591369629	2700	0,263082832098007	
2703,125	1,5613272190094	2703,125	0,264264523983002	
2706,25	1,56205081939697	2706,25	0,267200797796249	
2709,375	1,56326389312744	2709,375	0,266502618789673	
2712,5	1,56208300590515	2712,5	0,266476303339005	
2715,625	1,56127536296844	2715,625	0,268082678318024	
2718,75	1,56264328956604	2718,75	0,267897009849548	
2721,875	1,56246185302734	2721,875	0,267390251159668	
2725	1,56261742115021	2725	0,268443644046783	
2728,125	1,56352090835571	2728,125	0,269047021865845	
2731,25	1,56407511234283	2731,25	0,270694553852081	
2734,375	1,56507289409637	2734,375	0,272226959466934	
2737,5	1,56530702114105	2737,5	0,270834714174271	
2740,625	1,56585836410522	2740,625	0,270725965499878	
2743,75	1,5655905008316	2743,75	0,270346164703369	
2746,875	1,56620633602142	2746,875	0,269879192113876	
2750	1,56721210479736	2750	0,275280892848969	
2753,125	1,57031393051147	2753,125	0,273483604192734	
2756,25	1,56941950321198	2756,25	0,272578418254852	
2759,375	1,56738328933716	2759,375	0,272267013788223	
2762,5	1,56769406795502	2762,5	0,271186828613281	
2765,625	1,56749415397644	2765,625	0,271946579217911	
2768,75	1,57225346565247	2768,75	0,272373110055923	
2771,875	1,57133030891418	2771,875	0,270927369594574	
2775	1,56946671009064	2775	0,271130591630936	
2778,125	1,5700044631958	2778,125	0,270218163728714	
2781,25	1,56821238994598	2781,25	0,269275337457657	
2784,375	1,5697785615921	2784,375	0,269843906164169	
2787,5	1,57025122642517	2787,5	0,271828144788742	
2790,625	1,57140922546387	2790,625	0,272081434726715	
2793,75	1,57063829898834	2793,75	0,271132707595825	
2796,875	1,5722142457962	2796,875	0,271865278482437	
2800	1,57360184192657	2800	0,271697342395782	
2803,125	1,57077944278717	2803,125	0,272147208452225	
2806,25	1,57305157184601	2806,25	0,272428959608078	
2809,375	1,57155859470367	2809,375	0,273342698812485	
2812,5	1,57089519500732	2812,5	0,271291375160217	
2815,625	1,56949627399445	2815,625	0,271103382110596	
2818,75	1,56900763511658	2818,75	0,273861110210419	
2821,875	1,56956851482391	2821,875	0,271408021450043	
2825	1,57079470157623	2825	0,269882529973984	
2828,125	1,56932687759399	2828,125	0,272881001234055	
2831,25	1,5693644285202	2831,25	0,271075665950775	
2834,375	1,57115125656128	2834,375	0,27399092912674	
2837,5	1,57241082191467	2837,5	0,272934794425964	
2840,625	1,57122588157654	2840,625	0,272941887378693	
2843,75	1,57083117961884	2843,75	0,275210708379745	
2846,875	1,57301390171051	2846,875	0,272039264440537	
2850	1,56986653804779	2850	0,273830771446228	
2853,125	1,56988859176636	2853,125	0,272878915071487	
2856,25	1,57075750827789	2856,25	0,275099396705627	
2859,375	1,57006144523621	2859,375	0,274185687303543	
2862,5	1,57214140892029	2862,5	0,274435669183731	
2865,625	1,5715206861496	2865,625	0,275103390216827	
2868,75	1,57161402702332	2868,75	0,277620047330856	
2871,875	1,57316958904266	2871,875	0,275022447109222	
2875	1,57198119163513	2875	0,276767700910568	
2878,125	1,57180535793304	2878,125	0,277478694915771	
2881,25	1,57258248329163	2881,25	0,276242464780808	
2884,375	1,57225430011749	2884,375	0,276870310306549	
2887,5	1,57168340682983	2887,5	0,276863843202591	
2890,625	1,57171583175659	2890,625	0,277736812829971	
2893,75	1,57452630996704	2893,75	0,27931335568428	
2896,875	1,57202422618866	2896,875	0,27768662571907	
2900	1,57249903678894	2900	0,278881430625916	
2903,125	1,57297825813293	2903,125	0,280420660972595	
2906,25	1,57416594028473	2906,25	0,280982971191406	
2909,375	1,57503664493561	2909,375	0,280761331319809	
2912,5	1,57441878318787	2912,5	0,280624628067017	
2915,625	1,57555913925171	2915,625	0,281075716018677	
2918,75	1,57559323310852	2918,75	0,280970603227615	
2921,875	1,57521641254425	2921,875	0,28205531835556	
2925	1,57627499103546	2925	0,282177150249481	
2928,125	1,57582437992096	2928,125	0,281533092260361	
2931,25	1,57580292224884	2931,25	0,284804999828339	
2934,375	1,5754588842392	2934,375	0,284946382045746	
2937,5	1,57708585262299	2937,5	0,285145074129105	
2940,625	1,57805383205414	2940,625	0,283840239048004	
2943,75	1,57733678817749	2943,75	0,284669905900955	
2946,875	1,57877480983734	2946,875	0,286048471927643	
2950	1,57835829257965	2950	0,286854922771454	
2953,125	1,58131587505341	2953,125	0,288002133369446	
2956,25	1,58148694038391	2956,25	0,287975668907166	
2959,375	1,57997012138367	2959,375	0,287681549787521	
2962,5	1,58168292045593	2962,5	0,287596732378006	
2965,625	1,5823667049408	2965,625	0,28806409239769	
2968,75	1,58161473274231	2968,75	0,287587523460388	
2971,875	1,58200252056122	2971,875	0,287963092327118	
2975	1,58364140987396	2975	0,290343910455704	
2978,125	1,5844898223877	2978,125	0,289983630180359	
2981,25	1,58410751819611	2981,25	0,289538413286209	
2984,375	1,58394479751587	2984,375	0,288419991731644	
2987,5	1,58429849147797	2987,5	0,288328558206558	
2990,625	1,58416187763214	2990,625	0,291016519069672	
2993,75	1,58391952514648	2993,75	0,29174616932869	
2996,875	1,58509135246277	2996,875	0,291864454746246	
3000	1,5846928358078	3000	0,290190935134888	
3003,125	1,58524703979492	3003,125	0,291541993618011	
3006,25	1,58558309078217	3006,25	0,292822301387787	
3009,375	1,58624851703644	3009,375	0,291991949081421	
3012,5	1,58689510822296	3012,5	0,294808059930801	
3015,625	1,58965396881104	3015,625	0,293907850980759	
3018,75	1,59146249294281	3018,75	0,296180099248886	
3021,875	1,59340834617615	3021,875	0,297630548477173	
3025	1,59252667427063	3025	0,288531839847565	
3028,125	1,5919463634491	3028,125	0,294062167406082	
3031,25	1,59293329715729	3031,25	0,296878576278687	
3034,375	1,59125459194183	3034,375	0,296338319778442	
3037,5	1,59279155731201	3037,5	0,295147925615311	
3040,625	1,59450495243073	3040,625	0,295700043439865	
3043,75	1,59475946426392	3043,75	0,299124658107758	
3046,875	1,59827625751495	3046,875	0,298449277877808	
3050	1,59894382953644	3050	0,298558354377747	
3053,125	1,59578740596771	3053,125	0,298512041568756	
3056,25	1,59771811962128	3056,25	0,299775511026382	
3059,375	1,59906280040741	3059,375	0,297946780920029	
3062,5	1,59933161735535	3062,5	0,29715821146965	
3065,625	1,59843158721924	3065,625	0,300124496221542	
3068,75	1,59812247753143	3068,75	0,299834102392197	
3071,875	1,59861588478088	3071,875	0,300689190626144	
3075	1,60291993618011	3075	0,301758319139481	
3078,125	1,60289549827576	3078,125	0,300158888101578	
3081,25	1,60095059871674	3081,25	0,298729509115219	
3084,375	1,60226082801819	3084,375	0,297424584627151	
3087,5	1,6048526763916	3087,5	0,299823313951492	
3090,625	1,60325646400452	3090,625	0,303103059530258	
3093,75	1,60411024093628	3093,75	0,301142156124115	
3096,875	1,60331702232361	3096,875	0,300256550312042	
3100	1,602215051651	3100	0,301132291555405	
3103,125	1,60581767559052	3103,125	0,303501754999161	
3106,25	1,60661637783051	3106,25	0,303655117750168	
3109,375	1,60541939735413	3109,375	0,304831236600876	
3112,5	1,60844898223877	3112,5	0,307628601789474	
3115,625	1,60984981060028	3115,625	0,30342236161232	
3118,75	1,60837471485138	3118,75	0,3035509288311	
3121,875	1,60589957237244	3121,875	0,302717089653015	
3125	1,60617625713348	3125	0,307816445827484	
3128,125	1,60912144184113	3128,125	0,308898568153381	
3131,25	1,61111164093018	3131,25	0,308021008968353	
3134,375	1,61247599124908	3134,375	0,306865304708481	
3137,5	1,61006736755371	3137,5	0,307032227516174	
3140,625	1,61189830303192	3140,625	0,305945426225662	
3143,75	1,61237144470215	3143,75	0,307705044746399	
3146,875	1,61261820793152	3146,875	0,308896660804749	
3150	1,61356031894684	3150	0,308644443750381	
3153,125	1,61571323871613	3153,125	0,306996434926987	
3156,25	1,60892498493195	3156,25	0,308366000652313	
3159,375	1,61151170730591	3159,375	0,309290170669556	
3162,5	1,61227929592133	3162,5	0,308705657720566	
3165,625	1,61115062236786	3165,625	0,308301508426666	
3168,75	1,61676669120789	3168,75	0,309085309505463	
3171,875	1,61605989933014	3171,875	0,308461278676987	
3175	1,61196005344391	3175	0,310770690441132	
3178,125	1,61892795562744	3178,125	0,310539424419403	
3181,25	1,61709666252136	3181,25	0,314839988946915	
3184,375	1,61427116394043	3184,375	0,312202304601669	
3187,5	1,61656033992767	3187,5	0,314279139041901	
3190,625	1,61559200286865	3190,625	0,315196722745895	
3193,75	1,6171133518219	3193,75	0,314060658216476	
3196,875	1,62044739723206	3196,875	0,313597232103348	
3200	1,61920177936554	3200	0,311874449253082	
3203,125	1,62019753456116	3203,125	0,308688759803772	
3206,25	1,62150502204895	3206,25	0,314294517040253	
3209,375	1,62360167503357	3209,375	0,314941257238388	
3212,5	1,61776828765869	3212,5	0,31471586227417	
3215,625	1,61503314971924	3215,625	0,31447571516037	
3218,75	1,61515772342682	3218,75	0,310530960559845	
3221,875	1,61679065227509	3221,875	0,314314633607864	
3225	1,61627995967865	3225	0,312931835651398	
3228,125	1,61880135536194	3228,125	0,316060960292816	
3231,25	1,61622405052185	3231,25	0,317585617303848	
3234,375	1,62592422962189	3234,375	0,319006055593491	
3237,5	1,62050271034241	3237,5	0,317766845226288	
3240,625	1,62072265148163	3240,625	0,313191652297974	
3243,75	1,61654663085938	3243,75	0,318517684936523	
3246,875	1,61962699890137	3246,875	0,320241063833237	
3250	1,61454129219055	3250	0,315101146697998	
3253,125	1,61104714870453	3253,125	0,316132187843323	
3256,25	1,61451482772827	3256,25	0,315880388021469	
3259,375	1,61551761627197	3259,375	0,316814601421356	
3262,5	1,61716377735138	3262,5	0,322786897420883	
3265,625	1,61492109298706	3265,625	0,324296325445175	
3268,75	1,61748313903809	3268,75	0,323084652423859	
3271,875	1,61638212203979	3271,875	0,323535591363907	
3275	1,61765587329865	3275	0,323742002248764	
3278,125	1,61800038814545	3278,125	0,322281301021576	
3281,25	1,61823201179504	3281,25	0,323265254497528	
3284,375	1,6184253692627	3284,375	0,32505601644516	
3287,5	1,61862194538116	3287,5	0,321882903575897	
3290,625	1,61644542217255	3290,625	0,322125226259232	
3293,75	1,61510694026947	3293,75	0,322403639554977	
3296,875	1,61313545703888	3296,875	0,32566037774086	
3300	1,6140341758728	3300	0,324746698141098	
3303,125	1,61970770359039	3303,125	0,32468256354332	
3306,25	1,61842894554138	3306,25	0,324185341596603	
3309,375	1,61552453041077	3309,375	0,324173212051392	
3312,5	1,61450219154358	3312,5	0,32613542675972	
3315,625	1,61083006858826	3315,625	0,329059302806854	
3318,75	1,61283206939697	3318,75	0,330801427364349	
3321,875	1,61674809455872	3321,875	0,329583585262299	
3325	1,61567354202271	3325	0,330496072769165	
3328,125	1,6131432056427	3328,125	0,333141714334488	
3331,25	1,61103165149689	3331,25	0,329893976449966	
3334,375	1,61261630058289	3334,375	0,333593398332596	
3337,5	1,6158789396286	3337,5	0,334153145551682	
3340,625	1,61390101909637	3340,625	0,330711394548416	
3343,75	1,60816943645477	3343,75	0,331956773996353	
3346,875	1,60877072811127	3346,875	0,337472349405289	
3350	1,61208486557007	3350	0,340582370758057	
3353,125	1,61084520816803	3353,125	0,340280830860138	
3356,25	1,61375105381012	3356,25	0,338904440402985	
3359,375	1,61034417152405	3359,375	0,340130358934402	
3362,5	1,60739886760712	3362,5	0,341709733009338	
3365,625	1,60865354537964	3365,625	0,33491063117981	
3368,75	1,61007559299469	3368,75	0,339519143104553	
3371,875	1,61152577400208	3371,875	0,34061273932457	
3375	1,60966777801514	3375	0,340266823768616	
3378,125	1,60586142539978	3378,125	0,340385615825653	
3381,25	1,60701680183411	3381,25	0,339176118373871	
3384,375	1,61029601097107	3384,375	0,342853605747223	
3387,5	1,60885882377625	3387,5	0,344639629125595	
3390,625	1,60581719875336	3390,625	0,344199955463409	
3393,75	1,60637974739075	3393,75	0,344592392444611	
3396,875	1,60688436031342	3396,875	0,34945473074913	
3400	1,61139345169067	3400	0,349243134260178	
3403,125	1,60702097415924	3403,125	0,342800110578537	
3406,25	1,60377931594849	3406,25	0,345673590898514	
3409,375	1,60210108757019	3409,375	0,34540131688118	
3412,5	1,60286509990692	3412,5	0,349512726068497	
3415,625	1,60289227962494	3415,625	0,346049606800079	
3418,75	1,60192203521729	3418,75	0,346493542194366	
3421,875	1,60926198959351	3421,875	0,348674118518829	
3425	1,60449993610382	3425	0,349677741527557	
3428,125	1,59912836551666	3428,125	0,348235577344894	
3431,25	1,6004159450531	3431,25	0,350184172391891	
3434,375	1,60054790973663	3434,375	0,352649450302124	
3437,5	1,5984970331192	3437,5	0,354942321777344	
3440,625	1,60000491142273	3440,625	0,353535532951355	
3443,75	1,59788954257965	3443,75	0,349899083375931	
3446,875	1,60165214538574	3446,875	0,350228130817413	
3450	1,60143721103668	3450	0,352169066667557	
3453,125	1,59958899021149	3453,125	0,353885054588318	
3456,25	1,59865605831146	3456,25	0,351670682430267	
3459,375	1,5973072052002	3459,375	0,352961331605911	
3462,5	1,59909760951996	3462,5	0,352890193462372	
3465,625	1,5973607301712	3465,625	0,355006068944931	
3468,75	1,59676277637482	3468,75	0,357911705970764	
3471,875	1,59448111057281	3471,875	0,357794344425201	
3475	1,59495186805725	3475	0,35346931219101	
3478,125	1,59576916694641	3478,125	0,355595499277115	
3481,25	1,59344589710236	3481,25	0,357592403888702	
3484,375	1,58998048305511	3484,375	0,358105361461639	
3487,5	1,59481012821198	3487,5	0,354013830423355	
3490,625	1,59299075603485	3490,625	0,358003079891205	
3493,75	1,59138977527618	3493,75	0,35888534784317	
3496,875	1,59325575828552	3496,875	0,357697635889053	
3500	1,59152030944824	3500	0,357746064662933	
3503,125	1,58729314804077	3503,125	0,357518643140793	
3506,25	1,59017026424408	3506,25	0,359833806753159	
3509,375	1,58431482315063	3509,375	0,350931644439697	
3512,5	1,5868364572525	3512,5	0,349818646907806	
3515,625	1,58683586120605	3515,625	0,354236245155334	
3518,75	1,58852791786194	3518,75	0,356416523456573	
3521,875	1,58553576469421	3521,875	0,358807444572449	
3525	1,58397972583771	3525	0,355538606643677	
3528,125	1,58426928520203	3528,125	0,353810608386993	
3531,25	1,58057129383087	3531,25	0,354793071746826	
3534,375	1,57953321933746	3534,375	0,353969663381577	
3537,5	1,57783496379852	3537,5	0,356074273586273	
3540,625	1,57741284370422	3540,625	0,354097306728363	
3543,75	1,57859146595001	3543,75	0,356894344091415	
3546,875	1,57771646976471	3546,875	0,355391830205917	
3550	1,57510352134705	3550	0,355688869953156	
3553,125	1,5727630853653	3553,125	0,35912299156189	
3556,25	1,57140207290649	3556,25	0,360388904809952	
3559,375	1,5674204826355	3559,375	0,364820390939713	
3562,5	1,57121336460114	3562,5	0,360878378152847	
3565,625	1,56957280635834	3565,625	0,361525923013687	
3568,75	1,56912446022034	3568,75	0,36366868019104	
3571,875	1,56686568260193	3571,875	0,364356130361557	
3575	1,56651341915131	3575	0,3647301197052	
3578,125	1,56698441505432	3578,125	0,364492475986481	
3581,25	1,56528627872467	3581,25	0,364962071180344	
3584,375	1,563760638237	3584,375	0,36301401257515	
3587,5	1,56599378585815	3587,5	0,366336405277252	
3590,625	1,56498420238495	3590,625	0,367231428623199	
3593,75	1,56408131122589	3593,75	0,365848898887634	
3596,875	1,56344246864319	3596,875	0,367361426353455	
3600	1,55873203277588	3600	0,365751385688782	
3603,125	1,56445252895355	3603,125	0,36548912525177	
3606,25	1,56162714958191	3606,25	0,366807818412781	
3609,375	1,55980038642883	3609,375	0,367648899555206	
3612,5	1,5609256029129	3612,5	0,365724831819534	
3615,625	1,55887567996979	3615,625	0,366002291440964	
3618,75	1,55906999111176	3618,75	0,368080794811249	
3621,875	1,56163477897644	3621,875	0,367316454648972	
3625	1,558678150177	3625	0,367307007312775	
3628,125	1,55901479721069	3628,125	0,366688042879105	
3631,25	1,55675101280212	3631,25	0,368159621953964	
3634,375	1,55361270904541	3634,375	0,369371891021729	
3637,5	1,55600917339325	3637,5	0,371333420276642	
3640,625	1,56361353397369	3640,625	0,368315875530243	
3643,75	1,56138074398041	3643,75	0,370968222618103	
3646,875	1,55748987197876	3646,875	0,368322819471359	
3650	1,55373322963715	3650	0,368730872869492	
3653,125	1,55337345600128	3653,125	0,368537545204163	
3656,25	1,55578696727753	3656,25	0,369621723890305	
3659,375	1,5581351518631	3659,375	0,367982566356659	
3662,5	1,55702698230743	3662,5	0,369969874620438	
3665,625	1,55505061149597	3665,625	0,369062900543213	
3668,75	1,55448639392853	3668,75	0,367803186178207	
3671,875	1,55483758449554	3671,875	0,365184158086777	
3675	1,55840158462524	3675	0,366918504238129	
3678,125	1,55364286899567	3678,125	0,366198748350143	
3681,25	1,55202543735504	3681,25	0,365956842899323	
3684,375	1,55298435688019	3684,375	0,366039842367172	
3687,5	1,55236542224884	3687,5	0,364015877246857	
3690,625	1,54929995536804	3690,625	0,364367753267288	
3693,75	1,54870367050171	3693,75	0,364775389432907	
3696,875	1,55189073085785	3696,875	0,365523457527161	
3700	1,55164635181427	3700	0,365004748106003	
3703,125	1,54870283603668	3703,125	0,363834112882614	
3706,25	1,54682576656342	3706,25	0,361940443515778	
3709,375	1,54918086528778	3709,375	0,362095683813095	
3712,5	1,54651761054993	3712,5	0,360724717378616	
3715,625	1,54498219490051	3715,625	0,360595464706421	
3718,75	1,54856204986572	3718,75	0,366009712219238	
3721,875	1,54871046543121	3721,875	0,36104291677475	
3725	1,54337573051453	3725	0,358979374170303	
3728,125	1,54429006576538	3728,125	0,361138075590134	
3731,25	1,5436509847641	3731,25	0,359084069728851	
3734,375	1,54281580448151	3734,375	0,363139241933823	
3737,5	1,54467785358429	3737,5	0,361707717180252	
3740,625	1,54272961616516	3740,625	0,362737864255905	
3743,75	1,54221618175507	3743,75	0,360800564289093	
3746,875	1,54436635971069	3746,875	0,361609905958176	
3750	1,54065346717834	3750	0,361861914396286	
3753,125	1,54248881340027	3753,125	0,358499050140381	
3756,25	1,54061353206635	3756,25	0,359713822603226	
3759,375	1,54063844680786	3759,375	0,357383489608765	
3762,5	1,54031157493591	3762,5	0,360563218593597	
3765,625	1,54160666465759	3765,625	0,361348241567612	
3768,75	1,53576529026031	3768,75	0,35916742682457	
3771,875	1,53391253948212	3771,875	0,355710119009018	
3775	1,53634858131409	3775	0,356337547302246	
3778,125	1,53618681430817	3778,125	0,355407625436783	
3781,25	1,5332635641098	3781,25	0,355619579553604	
3784,375	1,53414332866669	3784,375	0,354339599609375	
3787,5	1,5363951921463	3787,5	0,356031090021133	
3790,625	1,53355073928833	3790,625	0,359071344137192	
3793,75	1,53530478477478	3793,75	0,358507990837097	
3796,875	1,53608572483063	3796,875	0,355750203132629	
3800	1,53086376190186	3800	0,355946719646454	
3803,125	1,52955365180969	3803,125	0,352481096982956	
3806,25	1,53027427196503	3806,25	0,355673730373383	
3809,375	1,53251242637634	3809,375	0,356582134962082	
3812,5	1,52939355373383	3812,5	0,354959219694138	
3815,625	1,52726447582245	3815,625	0,355773657560349	
3818,75	1,52622449398041	3818,75	0,356271237134933	
3821,875	1,53007650375366	3821,875	0,351880997419357	
3825	1,52445101737976	3825	0,356260180473328	
3828,125	1,52585661411285	3828,125	0,351296901702881	
3831,25	1,52696764469147	3831,25	0,351491659879684	
3834,375	1,52133691310883	3834,375	0,351356834173203	
3837,5	1,52472317218781	3837,5	0,351108938455582	
3840,625	1,52073013782501	3840,625	0,351812899112701	
3843,75	1,52187979221344	3843,75	0,349240183830261	
3846,875	1,51979637145996	3846,875	0,348554879426956	
3850	1,51844036579132	3850	0,353201001882553	
3853,125	1,51743185520172	3853,125	0,348634749650955	
3856,25	1,5168788433075	3856,25	0,35003125667572	
3859,375	1,51561772823334	3859,375	0,349622935056686	
3862,5	1,51612770557404	3862,5	0,347816079854965	
3865,625	1,51152670383453	3865,625	0,345830917358398	
3868,75	1,51249921321869	3868,75	0,350172102451324	
3871,875	1,5082927942276	3871,875	0,345629990100861	
3875	1,50701701641083	3875	0,343775302171707	
3878,125	1,50545048713684	3878,125	0,346853941679001	
3881,25	1,50605690479279	3881,25	0,346325665712357	
3884,375	1,50602185726166	3884,375	0,346221804618835	
3887,5	1,50164997577667	3887,5	0,344265133142471	
3890,625	1,50072920322418	3890,625	0,345247328281403	
3893,75	1,50423014163971	3893,75	0,347484707832336	
3896,875	1,49960243701935	3896,875	0,345159649848938	
3900	1,49493873119354	3900	0,343169331550598	
3903,125	1,49340844154358	3903,125	0,346483677625656	
3906,25	1,49644565582275	3906,25	0,343465089797974	
3909,375	1,49728524684906	3909,375	0,345776170492172	
3912,5	1,49501490592957	3912,5	0,346866279840469	
3915,625	1,48939430713654	3915,625	0,345302373170853	
3918,75	1,48683297634125	3918,75	0,345511704683304	
3921,875	1,48376655578613	3921,875	0,347767412662506	
3925	1,4853413105011	3925	0,347488284111023	
3928,125	1,4841628074646	3928,125	0,342990428209305	
3931,25	1,47930502891541	3931,25	0,343752235174179	
3934,375	1,47974109649658	3934,375	0,343820005655289	
3937,5	1,4800398349762	3937,5	0,345710754394531	
3940,625	1,47878420352936	3940,625	0,345578849315643	
3943,75	1,47281682491302	3943,75	0,34516778588295	
3946,875	1,473761677742	3946,875	0,345298200845718	
3950	1,47304224967957	3950	0,345705568790436	
3953,125	1,47155559062958	3953,125	0,343507021665573	
3956,25	1,46736741065979	3956,25	0,344848901033401	
3959,375	1,46868026256561	3959,375	0,346881836652756	
3962,5	1,46364831924438	3962,5	0,344922870397568	
3965,625	1,46064674854279	3965,625	0,345187902450562	
3968,75	1,46204328536987	3968,75	0,342392295598984	
3971,875	1,45708870887756	3971,875	0,346646189689636	
3975	1,4566593170166	3975	0,344830453395844	
3978,125	1,45841562747955	3978,125	0,346147924661636	
3981,25	1,45625078678131	3981,25	0,345012843608856	
3984,375	1,45171415805817	3984,375	0,342782914638519	
3987,5	1,45172297954559	3987,5	0,343243926763535	
3990,625	1,44676291942596	3990,625	0,346872001886368	
3993,75	1,44800138473511	3993,75	0,340096920728683	
3996,875	1,44812488555908	3996,875	0,345398396253586	
4000	1,44516479969025	4000	0,345810949802399	
4003,125	1,44082283973694	4003,125	0,345577955245972	
4006,25	1,44314086437225	4006,25	0,345031440258026	
4009,375	1,4386979341507	4009,375	0,337176531553268	
4012,5	1,43965291976929	4012,5	0,34642505645752	
4015,625	1,43755781650543	4015,625	0,350315153598785	
4018,75	1,43517851829529	4018,75	0,345628052949905	
4021,875	1,43225800991058	4021,875	0,347982138395309	
4025	1,43396520614624	4025	0,349706679582596	
4028,125	1,42898082733154	4028,125	0,344293981790543	
4031,25	1,43158328533173	4031,25	0,345735758543015	
4034,375	1,43026602268219	4034,375	0,350725561380386	
4037,5	1,42974615097046	4037,5	0,349376946687698	
4040,625	1,42930138111115	4040,625	0,349176406860352	
4043,75	1,43082678318024	4043,75	0,352805197238922	
4046,875	1,43124687671661	4046,875	0,354863077402115	
4050	1,43298554420471	4050	0,347432762384415	
4053,125	1,43067193031311	4053,125	0,344228237867355	
4056,25	1,4311591386795	4056,25	0,341968357563019	
4059,375	1,42780065536499	4059,375	0,341187804937363	
4062,5	1,42804777622223	4062,5	0,341090589761734	
4065,625	1,42218244075775	4065,625	0,339756697416306	
4068,75	1,42151927947998	4068,75	0,33703938126564	
4071,875	1,41946244239807	4071,875	0,336497068405151	
4075	1,41695070266724	4075	0,336974948644638	
4078,125	1,41577816009521	4078,125	0,337201803922653	
4081,25	1,41234540939331	4081,25	0,337473571300507	
4084,375	1,41144466400146	4084,375	0,333662301301956	
4087,5	1,40816974639893	4087,5	0,336367309093475	
4090,625	1,40643322467804	4090,625	0,340058326721191	
4093,75	1,40439331531525	4093,75	0,337242692708969	
4096,875	1,40728652477264	4096,875	0,334917306900024	
4100	1,40513622760773	4100	0,338173151016235	
4103,125	1,402268409729	4103,125	0,339894473552704	
4106,25	1,40092527866364	4106,25	0,337704658508301	
4109,375	1,40442359447479	4109,375	0,337938904762268	
4112,5	1,40193331241608	4112,5	0,339268147945404	
4115,625	1,40463364124298	4115,625	0,338309288024902	
4118,75	1,40312123298645	4118,75	0,337581157684326	
4121,875	1,40417206287384	4121,875	0,338408350944519	
4125	1,40487885475159	4125	0,339094370603561	
4128,125	1,40394806861877	4128,125	0,336843550205231	
4131,25	1,40305912494659	4131,25	0,33577173948288	
4134,375	1,40216886997223	4134,375	0,335394024848938	
4137,5	1,40684103965759	4137,5	0,335369825363159	
4140,625	1,40484130382538	4140,625	0,337997913360596	
4143,75	1,40709626674652	4143,75	0,333356618881226	
4146,875	1,40649950504303	4146,875	0,333710312843323	
4150	1,40748858451843	4150	0,333732932806015	
4153,125	1,40827023983002	4153,125	0,328627228736877	
4156,25	1,40617477893829	4156,25	0,326920807361603	
4159,375	1,40514314174652	4159,375	0,327335208654404	
4162,5	1,4126923084259	4162,5	0,327770262956619	
4165,625	1,4118959903717	4165,625	0,325722336769104	
4168,75	1,40805518627167	4168,75	0,321759164333344	
4171,875	1,40945065021515	4171,875	0,318659454584122	
4175	1,41183888912201	4175	0,316711843013763	
4178,125	1,41090846061707	4178,125	0,314763844013214	
4181,25	1,41331434249878	4181,25	0,31275349855423	
4184,375	1,41192901134491	4184,375	0,310272514820099	
4187,5	1,40657091140747	4187,5	0,308638781309128	
4190,625	1,408327460289	4190,625	0,305368721485138	
4193,75	1,4093234539032	4193,75	0,304620176553726	
4196,875	1,40802586078644	4196,875	0,300564110279083	
4200	1,41130149364471	4200	0,300626337528229	
4203,125	1,40925550460815	4203,125	0,300495147705078	
4206,25	1,40922737121582	4206,25	0,296304315328598	
4209,375	1,40975868701935	4209,375	0,295343428850174	
4212,5	1,41135478019714	4212,5	0,296328812837601	
4215,625	1,41313111782074	4215,625	0,29131555557251	
4218,75	1,41301321983337	4218,75	0,287828683853149	
4221,875	1,41005504131317	4221,875	0,288354307413101	
4225	1,41233277320862	4225	0,282990366220474	
4228,125	1,40913271903992	4228,125	0,280857414007187	
4231,25	1,41211915016174	4231,25	0,281822204589844	
4234,375	1,41072463989258	4234,375	0,280468761920929	
4237,5	1,41049325466156	4237,5	0,278897136449814	
4240,625	1,41200792789459	4240,625	0,278031885623932	
4243,75	1,41028571128845	4243,75	0,27219620347023	
4246,875	1,40998077392578	4246,875	0,267853111028671	
4250	1,40909397602081	4250	0,268139988183975	
4253,125	1,40837645530701	4253,125	0,258361011743546	
4256,25	1,41123938560486	4256,25	0,261046439409256	
4259,375	1,41018128395081	4259,375	0,261742830276489	
4262,5	1,40805971622467	4262,5	0,260527014732361	
4265,625	1,40985691547394	4265,625	0,258482754230499	
4268,75	1,40738332271576	4268,75	0,25789999961853	
4271,875	1,40235376358032	4271,875	0,254030078649521	
4275	1,40341544151306	4275	0,250580728054047	
4278,125	1,40749442577362	4278,125	0,24971604347229	
4281,25	1,40735924243927	4281,25	0,248619705438614	
4284,375	1,40639901161194	4284,375	0,247608527541161	
4287,5	1,40572309494019	4287,5	0,242773681879044	
4290,625	1,40581059455872	4290,625	0,242619857192039	
4293,75	1,40180885791779	4293,75	0,241098374128342	
4296,875	1,40332102775574	4296,875	0,239474609494209	
4300	1,40338337421417	4300	0,24385242164135	
4303,125	1,40508639812469	4303,125	0,243076264858246	
4306,25	1,40899002552032	4306,25	0,237525939941406	
4309,375	1,40649771690369	4309,375	0,23714953660965	
4312,5	1,40763914585114	4312,5	0,235983431339264	
4315,625	1,40811967849731	4315,625	0,2284085303545	
4318,75	1,40474796295166	4318,75	0,229269430041313	
4321,875	1,40684020519257	4321,875	0,225871175527573	
4325	1,40721833705902	4325	0,224729225039482	
4328,125	1,4091123342514	4328,125	0,226427510380745	
4331,25	1,40876793861389	4331,25	0,225256636738777	
4334,375	1,40884292125702	4334,375	0,22570826113224	
4337,5	1,41000592708588	4337,5	0,221283420920372	
4340,625	1,41210317611694	4340,625	0,22058430314064	
4343,75	1,4115743637085	4343,75	0,215575888752937	
4346,875	1,406658411026	4346,875	0,215509310364723	
4350	1,40711057186127	4350	0,214145094156265	
4353,125	1,410285115242	4353,125	0,212781816720963	
4356,25	1,41065168380737	4356,25	0,210357904434204	
4359,375	1,4093097448349	4359,375	0,206223830580711	
4362,5	1,4078973531723	4362,5	0,205249637365341	
4365,625	1,40531814098358	4365,625	0,205703496932983	
4368,75	1,40924620628357	4368,75	0,204350784420967	
4371,875	1,40832006931305	4371,875	0,201424106955528	
4375	1,40562450885773	4375	0,197301417589188	
4378,125	1,40795540809631	4378,125	0,197485417127609	
4381,25	1,40870428085327	4381,25	0,196004062891006	
4384,375	1,40413403511047	4384,375	0,191382721066475	
4387,5	1,40483939647675	4387,5	0,189349502325058	
4390,625	1,40455770492554	4390,625	0,192982107400894	
4393,75	1,40253436565399	4393,75	0,190789103507996	
4396,875	1,40224719047546	4396,875	0,188123539090157	
4400	1,40206873416901	4400	0,18741437792778	
4403,125	1,4048159122467	4403,125	0,191234737634659	
4406,25	1,40415120124817	4406,25	0,188587307929993	
4409,375	1,40424275398254	4409,375	0,188786849379539	
4412,5	1,40164184570313	4412,5	0,184846341609955	
4415,625	1,39969539642334	4415,625	0,184902220964432	
4418,75	1,3993763923645	4418,75	0,182298749685287	
4421,875	1,39929449558258	4421,875	0,183169350028038	
4425	1,39898920059204	4425	0,182420894503593	
4428,125	1,40084862709045	4428,125	0,181667059659958	
4431,25	1,39851629734039	4431,25	0,180773690342903	
4434,375	1,39748799800873	4434,375	0,177979916334152	
4437,5	1,40152776241302	4437,5	0,180314511060715	
4440,625	1,3996365070343	4440,625	0,177602022886276	
4443,75	1,39918959140778	4443,75	0,176038429141045	
4446,875	1,39807379245758	4446,875	0,17458887398243	
4450	1,39963281154633	4450	0,176386192440987	
4453,125	1,40124273300171	4453,125	0,175740361213684	
4456,25	1,40165972709656	4456,25	0,17460410296917	
4459,375	1,39937138557434	4459,375	0,175667315721512	
4462,5	1,4002366065979	4462,5	0,174653500318527	
4465,625	1,40231621265411	4465,625	0,174594566226006	
4468,75	1,40127110481262	4468,75	0,173479914665222	
4471,875	1,40119063854218	4471,875	0,172154501080513	
4475	1,40336954593658	4475	0,173429936170578	
4478,125	1,40149974822998	4478,125	0,171487241983414	
4481,25	1,40351724624634	4481,25	0,170335561037064	
4484,375	1,40295648574829	4484,375	0,169211626052856	
4487,5	1,40292537212372	4487,5	0,168174505233765	
4490,625	1,40204906463623	4490,625	0,170496508479118	
4493,75	1,40468192100525	4493,75	0,169004321098328	
4496,875	1,4049596786499	4496,875	0,166585221886635	
4500	1,40534627437592	4500	0,168375328183174	
4503,125	1,40506386756897	4503,125	0,166948661208153	
4506,25	1,40801191329956	4506,25	0,166785031557083	
4509,375	1,40709245204926	4509,375	0,167013555765152	
4512,5	1,4068751335144	4512,5	0,166167184710503	
4515,625	1,4068124294281	4515,625	0,164542660117149	
4518,75	1,40685594081879	4518,75	0,163912028074265	
4521,875	1,408207654953	4521,875	0,162583976984024	
4525	1,40772867202759	4525	0,160908922553062	
4528,125	1,40868580341339	4528,125	0,160421073436737	
4531,25	1,40853345394135	4531,25	0,160578086972237	
4534,375	1,40984606742859	4534,375	0,160592257976532	
4537,5	1,40919852256775	4537,5	0,161178946495056	
4540,625	1,41009533405304	4540,625	0,159712165594101	
4543,75	1,40808272361755	4543,75	0,157237634062767	
4546,875	1,41035258769989	4546,875	0,155674949288368	
4550	1,40826046466827	4550	0,157679542899132	
4553,125	1,40946435928345	4553,125	0,156051829457283	
4556,25	1,40994310379028	4556,25	0,153933972120285	
4559,375	1,41024255752563	4559,375	0,15395051240921	
4562,5	1,41193974018097	4562,5	0,154913827776909	
4565,625	1,41281402111053	4565,625	0,152565881609917	
4568,75	1,41224372386932	4568,75	0,150635808706284	
4571,875	1,41233503818512	4571,875	0,15085557103157	
4575	1,41227328777313	4575	0,151008471846581	
4578,125	1,41240274906158	4578,125	0,14979113638401	
4581,25	1,41123449802399	4581,25	0,148752689361572	
4584,375	1,4105806350708	4584,375	0,14797255396843	
4587,5	1,41268491744995	4587,5	0,149157762527466	
4590,625	1,41320264339447	4590,625	0,147879078984261	
4593,75	1,41303682327271	4593,75	0,146107405424118	
4596,875	1,41339290142059	4596,875	0,143318727612495	
4600	1,41355776786804	4600	0,143622815608978	
4603,125	1,41448307037354	4603,125	0,143485978245735	
4606,25	1,4134578704834	4606,25	0,143618822097778	
4609,375	1,41422152519226	4609,375	0,142780095338821	
4612,5	1,41557347774506	4612,5	0,140364363789558	
4615,625	1,4146648645401	4615,625	0,139962151646614	
4618,75	1,41586089134216	4618,75	0,139390185475349	
4621,875	1,41683888435364	4621,875	0,139980733394623	
4625	1,4146511554718	4625	0,140678703784943	
4628,125	1,41537475585938	4628,125	0,138742417097092	
4631,25	1,4152717590332	4631,25	0,137552931904793	
4634,375	1,41519141197205	4634,375	0,136703133583069	
4637,5	1,41329681873322	4637,5	0,137706711888313	
4640,625	1,41392183303833	4640,625	0,137872412800789	
4643,75	1,41675591468811	4643,75	0,137123957276344	
4646,875	1,41597485542297	4646,875	0,137080937623978	
4650	1,41621541976929	4650	0,136127308011055	
4653,125	1,41568577289581	4653,125	0,136004224419594	
4656,25	1,41466677188873	4656,25	0,134558141231537	
4659,375	1,41642940044403	4659,375	0,134688094258308	
4662,5	1,41438281536102	4662,5	0,13619127869606	
4665,625	1,41406297683716	4665,625	0,136670246720314	
4668,75	1,41451454162598	4668,75	0,135288238525391	
4671,875	1,41416668891907	4671,875	0,135437786579132	
4675	1,41627144813538	4675	0,135738253593445	
4678,125	1,41717422008514	4678,125	0,135045245289803	
4681,25	1,41499602794647	4681,25	0,135237857699394	
4684,375	1,41471529006958	4684,375	0,135745018720627	
4687,5	1,41403460502625	4687,5	0,137572541832924	
4690,625	1,41308057308197	4690,625	0,138543799519539	
4693,75	1,41251373291016	4693,75	0,140345603227615	
4696,875	1,41179811954498	4696,875	0,141520366072655	
4700	1,41384637355804	4700	0,142213955521584	
4703,125	1,41388630867004	4703,125	0,145435899496078	
4706,25	1,41452372074127	4706,25	0,148120731115341	
4709,375	1,41468441486359	4709,375	0,150400742888451	
4712,5	1,41704952716827	4712,5	0,153225496411324	
4715,625	1,41719436645508	4715,625	0,155579745769501	
4718,75	1,41912281513214	4718,75	0,158137515187263	
4721,875	1,42060780525208	4721,875	0,159072667360306	
4725	1,42260456085205	4725	0,161086112260818	
4728,125	1,42573690414429	4728,125	0,163662225008011	
4731,25	1,43063735961914	4731,25	0,165673851966858	
4734,375	1,43282401561737	4734,375	0,167748764157295	
4737,5	1,43504917621613	4737,5	0,169910579919815	
4740,625	1,43919765949249	4740,625	0,171019479632378	
4743,75	1,44175088405609	4743,75	0,172951638698578	
4746,875	1,44672012329102	4746,875	0,169144704937935	
4750	1,45028078556061	4750	0,169006928801537	
4753,125	1,45239973068237	4753,125	0,171212524175644	
4756,25	1,45639538764954	4756,25	0,169854775071144	
4759,375	1,4614075422287	4759,375	0,169424638152122	
4762,5	1,46258568763733	4762,5	0,169069856405258	
4765,625	1,46361696720123	4765,625	0,171493977308273	
4768,75	1,4655179977417	4768,75	0,16714645922184	
4771,875	1,46873378753662	4771,875	0,167798265814781	
4775	1,46997392177582	4775	0,1686130464077	
4778,125	1,47315418720245	4778,125	0,16784605383873	
4781,25	1,47452116012573	4781,25	0,168030872941017	
4784,375	1,47651875019073	4784,375	0,167144790291786	
4787,5	1,48035883903503	4787,5	0,168193370103836	
4790,625	1,48180115222931	4790,625	0,169867664575577	
4793,75	1,48331999778748	4793,75	0,169434830546379	
4796,875	1,4860543012619	4796,875	0,168647840619087	
4800	1,48724925518036	4800	0,169771358370781	
4803,125	1,48967170715332	4803,125	0,170859470963478	
4806,25	1,49333477020264	4806,25	0,171542719006538	
4809,375	1,49475932121277	4809,375	0,169936537742615	
4812,5	1,49390578269958	4812,5	0,170681580901146	
4815,625	1,49746704101563	4815,625	0,17205972969532	
4818,75	1,49855756759644	4818,75	0,174073681235313	
4821,875	1,49919486045837	4821,875	0,17390413582325	
4825	1,5020352602005	4825	0,175240725278854	
4828,125	1,50363945960999	4828,125	0,175315648317337	
4831,25	1,50788021087646	4831,25	0,174941033124924	
4834,375	1,50912082195282	4834,375	0,176592335104942	
4837,5	1,51251184940338	4837,5	0,17793969810009	
4840,625	1,51514303684235	4840,625	0,178709760308266	
4843,75	1,51731812953949	4843,75	0,179493799805641	
4846,875	1,51844811439514	4846,875	0,184197619557381	
4850	1,5196179151535	4850	0,185670658946037	
4853,125	1,52501273155212	4853,125	0,186414018273354	
4856,25	1,52653884887695	4856,25	0,186672031879425	
4859,375	1,52841746807098	4859,375	0,186600595712662	
4862,5	1,53105115890503	4862,5	0,189079880714417	
4865,625	1,5340781211853	4865,625	0,188918471336365	
4868,75	1,53762829303741	4868,75	0,194011062383652	
4871,875	1,53896248340607	4871,875	0,195794388651848	
4875	1,53820645809174	4875	0,19868491590023	
4878,125	1,54494690895081	4878,125	0,205582991242409	
4881,25	1,55009400844574	4881,25	0,205821827054024	
4884,375	1,55370688438416	4884,375	0,207822352647781	
4887,5	1,55606198310852	4887,5	0,20867732167244	
4890,625	1,56036031246185	4890,625	0,214182958006859	
4893,75	1,56517791748047	4893,75	0,214206367731094	
4896,875	1,56733775138855	4896,875	0,214323192834854	
4900	1,57056903839111	4900	0,214581370353699	
4903,125	1,57439494132996	4903,125	0,21849824488163	
4906,25	1,57871425151825	4906,25	0,221379205584526	
4909,375	1,58108496665955	4909,375	0,225411042571068	
4912,5	1,58623397350311	4912,5	0,226139575242996	
4915,625	1,59186816215515	4915,625	0,228105813264847	
4918,75	1,59360921382904	4918,75	0,233106628060341	
4921,875	1,59646463394165	4921,875	0,236671343445778	
4925	1,6021317243576	4925	0,240053370594978	
4928,125	1,60645008087158	4928,125	0,243284165859222	
4931,25	1,61407494544983	4931,25	0,250246584415436	
4934,375	1,61787521839142	4934,375	0,253753691911697	
4937,5	1,62384867668152	4937,5	0,257103741168976	
4940,625	1,62196111679077	4940,625	0,261452883481979	
4943,75	1,63199234008789	4943,75	0,271120250225067	
4946,875	1,63870251178741	4946,875	0,269167512655258	
4950	1,64287829399109	4950	0,273076057434082	
4953,125	1,65153074264526	4953,125	0,275219410657883	
4956,25	1,65626192092896	4956,25	0,279802411794662	
4959,375	1,66454601287842	4959,375	0,286686360836029	
4962,5	1,67412996292114	4962,5	0,292632132768631	
4965,625	1,68028509616852	4965,625	0,296055048704147	
4968,75	1,68358361721039	4968,75	0,304410696029663	
4971,875	1,69611537456512	4971,875	0,311561584472656	
				
