Frequency in Hz	Ref_Specimen_HF Normalized Surface Impedance continuous Re	Frequency in Hz	Ref_Specimen_LF Normalized Surface Impedance continuous Re	Frequency in Hz	Ref_Specimen_HF Normalized Surface Impedance continuous Im	Frequency in Hz	Ref_Specimen_LF Normalized Surface Impedance continuous Im	
556,25	7,52613210678101	100	5,5263204574585	556,25	2,81952548027039	100	-17,0637016296387	
559,375	7,45393991470337	103,125	5,95639610290527	559,375	2,98385429382324	103,125	-17,6964740753174	
562,5	7,61640739440918	106,25	4,72401237487793	562,5	3,07774972915649	106,25	-16,3086795806885	
565,625	7,67390489578247	109,375	5,48562383651733	565,625	3,28911638259888	109,375	-17,7593517303467	
568,75	7,55682134628296	112,5	5,16725873947144	568,75	3,06276273727417	112,5	-15,1017255783081	
571,875	7,50706052780151	115,625	5,74842929840088	571,875	3,13163280487061	115,625	-14,171760559082	
575	7,61545515060425	118,75	5,86791801452637	575	3,17877411842346	118,75	-14,2823333740234	
578,125	7,63973140716553	121,875	5,59971618652344	578,125	3,30493831634521	121,875	-14,1340360641479	
581,25	7,47414779663086	125	5,62590074539185	581,25	3,30427408218384	125	-13,9962635040283	
584,375	7,66227626800537	128,125	5,56110334396362	584,375	3,22257208824158	128,125	-13,5381097793579	
587,5	7,63543224334717	131,25	4,29097938537598	587,5	3,37104034423828	131,25	-12,6992053985596	
590,625	7,69802522659302	134,375	5,17198276519775	590,625	3,35085248947144	134,375	-12,8343067169189	
593,75	7,73342990875244	137,5	5,23955059051514	593,75	3,26655626296997	137,5	-11,696813583374	
596,875	7,65904808044434	140,625	5,64864635467529	596,875	3,37786054611206	140,625	-12,1634149551392	
600	7,63343238830566	143,75	5,06928873062134	600	3,62842202186584	143,75	-11,0558519363403	
603,125	7,76233625411987	146,875	4,8829174041748	603,125	3,46138834953308	146,875	-11,1342391967773	
606,25	7,58474445343018	150	4,66402387619019	606,25	3,414630651474	150	-11,7333164215088	
609,375	7,7499303817749	153,125	5,02563667297363	609,375	3,22308087348938	153,125	-10,0645399093628	
612,5	7,6606650352478	156,25	4,7782826423645	612,5	3,46888208389282	156,25	-10,2466106414795	
615,625	7,63766193389893	159,375	4,65038585662842	615,625	3,39367628097534	159,375	-10,2071762084961	
618,75	7,76452159881592	162,5	4,69499349594116	618,75	3,4919753074646	162,5	-10,1321668624878	
621,875	7,72546529769897	165,625	4,27728652954102	621,875	3,38783550262451	165,625	-9,84809684753418	
625	7,58340406417847	168,75	4,98159837722778	625	3,42393374443054	168,75	-8,79193878173828	
628,125	7,80134296417236	171,875	4,67213773727417	628,125	3,42314982414246	171,875	-8,49617671966553	
631,25	7,77216005325317	175	4,85907888412476	631,25	3,53315472602844	175	-8,68492317199707	
634,375	7,72560262680054	178,125	4,81994104385376	634,375	3,52488231658936	178,125	-8,12475299835205	
637,5	7,59989309310913	181,25	4,88475036621094	637,5	3,48863554000854	181,25	-8,1989631652832	
640,625	7,74897289276123	184,375	4,49942541122437	640,625	3,45528864860535	184,375	-7,74004793167114	
643,75	7,8094744682312	187,5	4,71697187423706	643,75	3,57211375236511	187,5	-7,77627801895142	
646,875	7,74455308914185	190,625	4,67176866531372	646,875	3,53892040252686	190,625	-7,72687673568726	
650	7,72710990905762	193,75	4,71059083938599	650	3,50780415534973	193,75	-7,34296751022339	
653,125	7,77702045440674	196,875	4,61788129806519	653,125	3,6074013710022	196,875	-7,00907230377197	
656,25	7,77477264404297	200	4,82933521270752	656,25	3,71073579788208	200	-6,87709903717041	
659,375	7,95285701751709	203,125	4,51134061813354	659,375	3,64020395278931	203,125	-6,50026798248291	
662,5	7,75907325744629	206,25	4,7366681098938	662,5	3,56846022605896	206,25	-6,57725143432617	
665,625	7,83175182342529	209,375	4,66898155212402	665,625	3,64001536369324	209,375	-6,22225570678711	
668,75	7,78125047683716	212,5	4,73076581954956	668,75	3,6191782951355	212,5	-6,34331274032593	
671,875	7,72895574569702	215,625	4,69847202301025	671,875	3,60979986190796	215,625	-6,09551239013672	
675	7,72933292388916	218,75	4,89060497283936	675	3,59978342056274	218,75	-5,87230062484741	
678,125	7,67164325714111	221,875	4,48695802688599	678,125	3,49779725074768	221,875	-5,7362847328186	
681,25	7,71611022949219	225	4,76946258544922	681,25	3,49652099609375	225	-5,55746126174927	
684,375	7,68398857116699	228,125	4,70294141769409	684,375	3,58891439437866	228,125	-5,23245573043823	
687,5	7,64186096191406	231,25	4,7012152671814	687,5	3,47746300697327	231,25	-5,02453088760376	
690,625	7,69718456268311	234,375	4,78685665130615	690,625	3,46907138824463	234,375	-5,06595134735107	
693,75	7,63761615753174	237,5	4,81383657455444	693,75	3,51181030273438	237,5	-4,830246925354	
696,875	7,58010005950928	240,625	4,78049182891846	696,875	3,50138759613037	240,625	-4,75542545318604	
700	7,6405725479126	243,75	4,87581014633179	700	3,65347266197205	243,75	-4,50173950195313	
703,125	7,70376300811768	246,875	4,87183427810669	703,125	3,66773128509521	246,875	-4,22439527511597	
706,25	7,7202467918396	250	4,7627158164978	706,25	3,49088311195374	250	-4,21314668655396	
709,375	7,60907363891602	253,125	4,97566604614258	709,375	3,50494194030762	253,125	-4,07120704650879	
712,5	7,76829099655151	256,25	4,93713808059692	712,5	3,54937148094177	256,25	-3,82415509223938	
715,625	7,63828945159912	259,375	4,86748552322388	715,625	3,52045822143555	259,375	-3,69411420822144	
718,75	7,53980302810669	262,5	5,00257015228271	718,75	3,42425298690796	262,5	-3,77287435531616	
721,875	7,6237154006958	265,625	5,01972675323486	721,875	3,53406476974487	265,625	-3,63681221008301	
725	7,56785917282104	268,75	5,08271360397339	725	3,5059757232666	268,75	-3,52408337593079	
728,125	7,47167301177979	271,875	5,01843500137329	728,125	3,47301006317139	271,875	-3,33595013618469	
731,25	7,67313766479492	275	5,04729700088501	731,25	3,55816698074341	275	-3,05411672592163	
734,375	7,52976226806641	278,125	5,11858177185059	734,375	3,51105928421021	278,125	-2,96649193763733	
737,5	7,44266510009766	281,25	5,06912040710449	737,5	3,5323543548584	281,25	-3,03188490867615	
740,625	7,4800910949707	284,375	5,15575551986694	740,625	3,46926760673523	284,375	-2,8964307308197	
743,75	7,44595909118652	287,5	5,18126487731934	743,75	3,48868441581726	287,5	-2,70045208930969	
746,875	7,40436983108521	290,625	5,18240308761597	746,875	3,59606242179871	290,625	-2,63164806365967	
750	7,3945140838623	293,75	5,24130535125732	750	3,42080307006836	293,75	-2,5744366645813	
753,125	7,32767343521118	296,875	5,33769035339355	753,125	3,47005128860474	296,875	-2,5827054977417	
756,25	7,27409505844116	300	5,21672964096069	756,25	3,516352891922	300	-2,36979603767395	
759,375	7,34190320968628	303,125	5,27837562561035	759,375	3,52066659927368	303,125	-2,12252068519592	
762,5	7,25362920761108	306,25	5,04244565963745	762,5	3,48595595359802	306,25	-2,15861129760742	
765,625	7,19364452362061	309,375	5,20076465606689	765,625	3,54769015312195	309,375	-1,9888197183609	
768,75	7,09007120132446	312,5	5,14104557037354	768,75	3,38670539855957	312,5	-1,81347012519836	
771,875	7,26135444641113	315,625	5,19298124313354	771,875	3,43163418769836	315,625	-1,67793035507202	
775	7,08906364440918	318,75	5,36157703399658	775	3,55873084068298	318,75	-1,4691880941391	
778,125	7,05993318557739	321,875	5,53815317153931	778,125	3,45013570785522	321,875	-1,29387497901917	
781,25	7,06085538864136	325	5,65013933181763	781,25	3,51420712471008	325	-1,22973799705505	
784,375	7,10363531112671	328,125	5,85726404190063	784,375	3,55051875114441	328,125	-1,11482763290405	
787,5	6,93838691711426	331,25	5,97523641586304	787,5	3,47705459594727	331,25	-1,26084303855896	
790,625	6,9942889213562	334,375	5,8954062461853	790,625	3,55839991569519	334,375	-1,10712289810181	
793,75	6,92740201950073	337,5	6,0521240234375	793,75	3,57154726982117	337,5	-1,10474598407745	
796,875	6,99910020828247	340,625	6,09864282608032	796,875	3,55236172676086	340,625	-0,910651743412018	
800	6,89968633651733	343,75	6,04989624023438	800	3,59715962409973	343,75	-0,94927853345871	
803,125	6,75659084320068	346,875	6,11262083053589	803,125	3,64389514923096	346,875	-1,04136836528778	
806,25	6,74327898025513	350	6,0617527961731	806,25	3,81371140480042	350	-0,871476590633392	
809,375	6,72963428497314	353,125	6,09973669052124	809,375	3,80415844917297	353,125	-1,17836940288544	
812,5	6,77835607528687	356,25	6,39312744140625	812,5	3,70376682281494	356,25	-0,935515344142914	
815,625	6,68786716461182	359,375	6,44510555267334	815,625	3,6021740436554	359,375	-0,779034495353699	
818,75	6,67952013015747	362,5	6,29102468490601	818,75	3,70114946365356	362,5	-0,93481320142746	
821,875	6,64828014373779	365,625	6,44814348220825	821,875	3,71451663970947	365,625	-0,613948822021484	
825	6,75799322128296	368,75	6,55039978027344	825	3,77934646606445	368,75	-0,489465087652206	
828,125	6,67112302780151	371,875	6,38510465621948	828,125	3,67214155197144	371,875	-0,427972018718719	
831,25	6,56983423233032	375	6,28586721420288	831,25	3,62450551986694	375	-0,774727046489716	
834,375	6,50294971466064	378,125	6,51992893218994	834,375	3,77568864822388	378,125	-0,551705360412598	
837,5	6,43852949142456	381,25	7,0070972442627	837,5	3,90497660636902	381,25	-0,188613280653954	
840,625	6,41682529449463	384,375	6,9185996055603	840,625	3,82816576957703	384,375	-0,256344467401505	
843,75	6,57963466644287	387,5	6,7263126373291	843,75	3,91707324981689	387,5	-0,317065089941025	
846,875	6,53189182281494	390,625	6,65601396560669	846,875	4,09868335723877	390,625	-0,443024456501007	
850	6,7387261390686	393,75	6,878249168396	850	3,88067603111267	393,75	-0,525331318378448	
853,125	6,60320568084717	396,875	7,04459428787231	853,125	3,96937131881714	396,875	-0,412783056497574	
856,25	6,25251197814941	400	7,27058029174805	856,25	4,00156545639038	400	-0,142748057842255	
859,375	6,16135311126709	403,125	7,12118291854858	859,375	3,89174628257751	403,125	-0,253525793552399	
862,5	6,29262828826904	406,25	7,04687452316284	862,5	4,00964832305908	406,25	-0,222231924533844	
865,625	6,35889053344727	409,375	7,44610404968262	865,625	4,11418724060059	409,375	-0,17794144153595	
868,75	6,3402214050293	412,5	7,38442945480347	868,75	4,14827156066895	412,5	-0,14555150270462	
871,875	6,40099859237671	415,625	7,00208425521851	871,875	4,24915075302124	415,625	0,0328838527202606	
875	6,33097457885742	418,75	6,76137447357178	875	4,31538772583008	418,75	-0,0271902177482843	
878,125	6,29245185852051	421,875	6,88483333587646	878,125	4,12539768218994	421,875	0,0159309525042772	
881,25	6,27699995040894	425	7,13595819473267	881,25	4,19438886642456	425	-0,313539296388626	
884,375	6,26753902435303	428,125	7,65495300292969	884,375	4,20064306259155	428,125	0,376645088195801	
887,5	6,13638401031494	431,25	7,42032957077026	887,5	4,21771192550659	431,25	0,5925173163414	
890,625	6,17739725112915	434,375	6,9642505645752	890,625	4,32120943069458	434,375	0,15438374876976	
893,75	6,1848030090332	437,5	7,00157356262207	893,75	4,41853809356689	437,5	0,114620864391327	
896,875	6,23908281326294	440,625	7,27134656906128	896,875	4,29819011688232	440,625	0,0640307515859604	
900	6,23724794387817	443,75	7,2275505065918	900	4,42870664596558	443,75	-0,0079055093228817	
903,125	6,27769613265991	446,875	7,52186632156372	903,125	4,40364217758179	446,875	0,234020248055458	
906,25	6,15445232391357	450	7,57981443405151	906,25	4,29227304458618	450	0,379894733428955	
909,375	6,13538312911987	453,125	7,56197357177734	909,375	4,35758781433105	453,125	0,0526856072247028	
912,5	6,23718118667603	456,25	7,32142400741577	912,5	4,49425315856934	456,25	-0,139732509851456	
915,625	6,07169723510742	459,375	7,53067779541016	915,625	4,38117218017578	459,375	0,0134826749563217	
918,75	6,01311159133911	462,5	7,62853240966797	918,75	4,34800481796265	462,5	-0,0642766430974007	
921,875	6,28919649124146	465,625	7,79434823989868	921,875	4,38923072814941	465,625	-0,0511106364428997	
925	6,2704610824585	468,75	7,77744340896606	925	4,34096431732178	468,75	0,273424088954926	
928,125	6,2430305480957	471,875	7,65453958511353	928,125	4,50729846954346	471,875	0,142914742231369	
931,25	6,20041465759277	475	8,13018989562988	931,25	4,6742525100708	475	0,0203458815813065	
934,375	6,19710063934326	478,125	8,13921737670898	934,375	4,71656274795532	478,125	0,140943437814713	
937,5	6,36572551727295	481,25	7,84307050704956	937,5	4,80885124206543	481,25	0,295832425355911	
940,625	6,29620122909546	484,375	7,85959577560425	940,625	4,66788959503174	484,375	0,296658843755722	
943,75	6,20124483108521	487,5	7,88684988021851	943,75	4,61069965362549	487,5	0,368252754211426	
946,875	6,15859413146973	490,625	8,10803413391113	946,875	4,64366388320923	490,625	0,153839454054832	
950	6,10782432556152	493,75	8,14678382873535	950	4,7820463180542	493,75	0,192687317728996	
953,125	6,17300319671631	496,875	7,93426990509033	953,125	4,70924377441406	496,875	-0,0289148539304733	
956,25	6,15014362335205	500	8,02867698669434	956,25	4,61363124847412	500	0,289575338363647	
959,375	6,18853712081909	503,125	8,04835796356201	959,375	4,61018896102905	503,125	0,335184246301651	
962,5	6,2657413482666	506,25	8,27859497070313	962,5	4,59464073181152	506,25	0,33632892370224	
965,625	6,15338230133057	509,375	8,29969692230225	965,625	4,650559425354	509,375	0,296417385339737	
968,75	6,10231494903564	512,5	8,20844078063965	968,75	4,82334089279175	512,5	0,315398901700974	
971,875	6,2479305267334	515,625	8,1116361618042	971,875	4,73819303512573	515,625	0,220406979322433	
975	6,29243040084839	518,75	8,58726501464844	975	4,66693592071533	518,75	0,109022319316864	
978,125	6,22677135467529	521,875	8,71561813354492	978,125	4,75851678848267	521,875	0,11977431923151	
981,25	6,25205564498901	525	8,39308643341064	981,25	4,63503980636597	525	0,0336797758936882	
984,375	6,22837495803833	528,125	8,42566967010498	984,375	4,80146265029907	528,125	0,294467121362686	
987,5	6,15020513534546	531,25	8,55817985534668	987,5	4,82600784301758	531,25	0,329170137643814	
990,625	6,24601984024048	534,375	8,58681774139404	990,625	4,78146266937256	534,375	0,466295123100281	
993,75	6,26835203170776	537,5	8,54959583282471	993,75	4,95754289627075	537,5	0,484050989151001	
996,875	6,17852640151978	540,625	8,73509693145752	996,875	4,83033227920532	540,625	0,542657971382141	
1000	6,2262077331543	543,75	8,72681999206543	1000	4,82340240478516	543,75	0,239420711994171	
1003,125	6,20203495025635	546,875	8,47585391998291	1003,125	4,87344980239868	546,875	0,300062954425812	
1006,25	6,19620800018311	550	8,7631196975708	1006,25	4,80055284500122	550	0,136034116148949	
1009,375	6,18614196777344	553,125	8,77965545654297	1009,375	4,84246921539307	553,125	0,507088661193848	
1012,5	6,227783203125	556,25	8,49021625518799	1012,5	4,90847778320313	556,25	0,0708656832575798	
1015,625	6,13130664825439	559,375	8,53318309783936	1015,625	4,72341585159302	559,375	0,229466468095779	
1018,75	6,34627199172974	562,5	8,89444446563721	1018,75	4,80265951156616	562,5	0,198297336697578	
1021,875	6,21831941604614	565,625	9,10448265075684	1021,875	4,86042070388794	565,625	0,427308261394501	
1025	6,29963541030884	568,75	8,75678443908691	1025	4,88005065917969	568,75	0,223588764667511	
1028,125	6,2358193397522	571,875	8,71042728424072	1028,125	4,83827829360962	571,875	0,274563193321228	
1031,25	6,26866722106934	575	8,93463802337646	1031,25	4,90187931060791	575	0,197439566254616	
1034,375	6,22203588485718	578,125	9,10248756408691	1034,375	4,92533826828003	578,125	0,277991235256195	
1037,5	6,35858583450317	581,25	8,89325046539307	1037,5	4,87607860565186	581,25	0,392808020114899	
1040,625	6,30144882202148	584,375	9,08174324035645	1040,625	4,86136436462402	584,375	0,106132157146931	
1043,75	6,31379270553589	587,5	9,13455772399902	1043,75	4,82205581665039	587,5	0,298121184110641	
1046,875	6,25737142562866	590,625	9,21729373931885	1046,875	4,91533374786377	590,625	0,240989521145821	
1050	6,33369302749634	593,75	9,23786067962646	1050	4,85037469863892	593,75	0,0941212847828865	
1053,125	6,31434440612793	596,875	9,26785850524902	1053,125	4,98214435577393	596,875	0,205431684851646	
1056,25	6,41026544570923	600	9,41952896118164	1056,25	4,96041584014893	600	0,401207327842712	
1059,375	6,29310941696167	603,125	9,36482334136963	1059,375	4,84186983108521	603,125	0,0652242004871368	
1062,5	6,26984977722168	606,25	9,24110507965088	1062,5	4,8885498046875	606,25	0,222094148397446	
1065,625	6,42240810394287	609,375	9,17486190795898	1065,625	4,87839412689209	609,375	-0,0245000887662172	
1068,75	6,36196041107178	612,5	9,26119613647461	1068,75	4,82480812072754	612,5	0,149565681815147	
1071,875	6,32453536987305	615,625	9,18374347686768	1071,875	4,85156440734863	615,625	0,0657293051481247	
1075	6,35119962692261	618,75	9,40665531158447	1075	4,80455636978149	618,75	0,0147970719262958	
1078,125	6,37925100326538	621,875	9,31258773803711	1078,125	4,80407571792603	621,875	-0,0856265276670456	
1081,25	6,30440425872803	625	9,30864429473877	1081,25	4,76047468185425	625	-0,017602764070034	
1084,375	6,30549383163452	628,125	9,48140621185303	1084,375	4,72515535354614	628,125	-0,148881822824478	
1087,5	6,35161876678467	631,25	9,51831531524658	1087,5	4,71136903762817	631,25	-0,0493474081158638	
1090,625	6,3322377204895	634,375	9,45243549346924	1090,625	4,70546245574951	634,375	-0,0599600709974766	
1093,75	6,31963443756104	637,5	9,35815715789795	1093,75	4,68414974212646	637,5	-0,0204621274024248	
1096,875	6,36362075805664	640,625	9,47194862365723	1096,875	4,67962884902954	640,625	-0,173348188400269	
1100	6,30949211120605	643,75	9,56545448303223	1100	4,67401647567749	643,75	-0,218814492225647	
1103,125	6,33421945571899	646,875	9,52621746063232	1103,125	4,66217231750488	646,875	-0,177010834217072	
1106,25	6,29104375839233	650	9,50925922393799	1106,25	4,53490257263184	650	-0,196719452738762	
1109,375	6,32735776901245	653,125	9,57687282562256	1109,375	4,51596069335938	653,125	-0,221858650445938	
1112,5	6,31447458267212	656,25	9,66765117645264	1112,5	4,64213180541992	656,25	-0,179906964302063	
1115,625	6,26419353485107	659,375	9,76272964477539	1115,625	4,58742046356201	659,375	-0,362320274114609	
1118,75	6,29511070251465	662,5	9,59798145294189	1118,75	4,51023101806641	662,5	-0,309895187616348	
1121,875	6,2851185798645	665,625	9,69359111785889	1121,875	4,49246311187744	665,625	-0,32891571521759	
1125	6,24475193023682	668,75	9,64232444763184	1125	4,5164532661438	668,75	-0,321741491556168	
1128,125	6,23286628723145	671,875	9,6213493347168	1128,125	4,49869441986084	671,875	-0,327552676200867	
1131,25	6,29737281799316	675	9,63843441009521	1131,25	4,4422173500061	675	-0,345146536827087	
1134,375	6,21502780914307	678,125	9,53785419464111	1134,375	4,46204996109009	678,125	-0,421975463628769	
1137,5	6,20779705047607	681,25	9,57409763336182	1137,5	4,44472312927246	681,25	-0,492938965559006	
1140,625	6,20224189758301	684,375	9,60066604614258	1140,625	4,4607195854187	684,375	-0,424550414085388	
1143,75	6,21967840194702	687,5	9,5087718963623	1143,75	4,37106943130493	687,5	-0,52021598815918	
1146,875	6,26398277282715	690,625	9,53097152709961	1146,875	4,38745403289795	690,625	-0,567636847496033	
1150	6,15529680252075	693,75	9,50354480743408	1150	4,37742233276367	693,75	-0,46471431851387	
1153,125	6,09770441055298	696,875	9,42410087585449	1153,125	4,35944938659668	696,875	-0,505613923072815	
1156,25	6,05382347106934	700	9,55488681793213	1156,25	4,31455516815186	700	-0,536457657814026	
1159,375	6,08538341522217	703,125	9,6509838104248	1159,375	4,3070068359375	703,125	-0,559223890304565	
1162,5	6,05494070053101	706,25	9,5120096206665	1162,5	4,2483811378479	706,25	-0,7129847407341	
1165,625	6,03276491165161	709,375	9,52050495147705	1165,625	4,22158575057983	709,375	-0,708404779434204	
1168,75	6,01715898513794	712,5	9,64198780059814	1168,75	4,3230447769165	712,5	-0,758775413036346	
1171,875	6,04529714584351	715,625	9,51482486724854	1171,875	4,25643253326416	715,625	-0,676472365856171	
1175	5,92005968093872	718,75	9,37087440490723	1175	4,25012922286987	718,75	-0,740174770355225	
1178,125	5,89075422286987	721,875	9,57290363311768	1178,125	4,28432512283325	721,875	-0,784739911556244	
1181,25	5,86530590057373	725	9,50501823425293	1181,25	4,24673891067505	725	-0,727970123291016	
1184,375	5,87393283843994	728,125	9,41228103637695	1184,375	4,21285915374756	728,125	-0,730145514011383	
1187,5	5,81641435623169	731,25	9,55978012084961	1187,5	4,18669748306274	731,25	-0,779986321926117	
1190,625	5,75655603408813	734,375	9,46776962280273	1190,625	4,11564540863037	734,375	-0,733536303043365	
1193,75	5,74038887023926	737,5	9,47097301483154	1193,75	4,06853532791138	737,5	-0,728668451309204	
1196,875	5,75177669525146	740,625	9,49186420440674	1196,875	4,10834312438965	740,625	-0,794762134552002	
1200	5,71825218200684	743,75	9,48006820678711	1200	4,17923498153687	743,75	-0,760002791881561	
1203,125	5,68262386322021	746,875	9,54866886138916	1203,125	4,13102579116821	746,875	-0,730553030967712	
1206,25	5,62504720687866	750	9,38215732574463	1206,25	4,15013790130615	750	-0,836083352565765	
1209,375	5,58200454711914	753,125	9,33611583709717	1209,375	4,0764217376709	753,125	-0,775066077709198	
1212,5	5,59282732009888	756,25	9,31804370880127	1212,5	4,05700445175171	756,25	-0,737143814563751	
1215,625	5,50829887390137	759,375	9,45703887939453	1215,625	4,12163829803467	759,375	-0,765789210796356	
1218,75	5,5071496963501	762,5	9,37874984741211	1218,75	4,11000108718872	762,5	-0,755169689655304	
1221,875	5,48512411117554	765,625	9,31081104278564	1221,875	4,12443542480469	765,625	-0,718789517879486	
1225	5,43612241744995	768,75	9,17549228668213	1225	4,24910402297974	768,75	-0,712433934211731	
1228,125	5,42552328109741	771,875	9,21800518035889	1228,125	4,05355215072632	771,875	-0,841048061847687	
1231,25	5,3022313117981	775	9,33400917053223	1231,25	4,06947708129883	775	-0,691417634487152	
1234,375	5,23689317703247	778,125	9,12400913238525	1234,375	4,12699317932129	778,125	-0,598448276519775	
1237,5	5,22287702560425	781,25	9,28467845916748	1237,5	4,18204832077026	781,25	-0,640528857707977	
1240,625	5,27576065063477	784,375	9,3469877243042	1240,625	4,24271392822266	784,375	-0,792445421218872	
1243,75	5,25728321075439	787,5	9,02491188049316	1243,75	4,19314908981323	787,5	-0,742107570171356	
1246,875	5,22313833236694	790,625	9,24866008758545	1246,875	4,29440116882324	790,625	-0,599126636981964	
1250	5,22636222839355	793,75	9,18980979919434	1250	4,15638971328735	793,75	-0,505337297916412	
1253,125	5,16807270050049	796,875	9,23455047607422	1253,125	4,17940950393677	796,875	-0,62714022397995	
1256,25	5,09952259063721	800	9,30440807342529	1256,25	4,23230981826782	800	-0,619736313819885	
1259,375	5,04667091369629	803,125	9,09824180603027	1259,375	4,17640924453735	803,125	-0,250851035118103	
1262,5	5,14754486083984	806,25	9,2559289932251	1262,5	4,07934808731079	806,25	-0,254195690155029	
1265,625	5,09711360931396	809,375	9,43876266479492	1265,625	4,23947286605835	809,375	-0,298194855451584	
1268,75	5,07284116744995	812,5	9,37575054168701	1268,75	4,1719822883606	812,5	-0,409981042146683	
1271,875	5,05800676345825	815,625	9,3143482208252	1271,875	4,20868587493896	815,625	-0,45330947637558	
1275	5,01030158996582	818,75	9,58836460113525	1275	4,30245971679688	818,75	-0,396090030670166	
1278,125	4,92525005340576	821,875	9,32368659973145	1278,125	4,27207183837891	821,875	-0,332374691963196	
1281,25	4,95927143096924	825	9,38837814331055	1281,25	4,20631742477417	825	-0,442405521869659	
1284,375	4,90412712097168	828,125	9,30949783325195	1284,375	4,28052854537964	828,125	-0,603636145591736	
1287,5	4,91972017288208	831,25	9,19282722473145	1287,5	4,30949401855469	831,25	-0,571713745594025	
1290,625	4,90245008468628	834,375	9,30234432220459	1290,625	4,33102130889893	834,375	-0,333512037992477	
1293,75	4,85428380966187	837,5	9,38610649108887	1293,75	4,26746988296509	837,5	-0,0758071392774582	
1296,875	4,92750310897827	840,625	9,54421329498291	1296,875	4,21060514450073	840,625	-0,272211223840714	
1300	4,89579582214355	843,75	9,86629772186279	1300	4,30533933639526	843,75	-0,461908131837845	
1303,125	4,82682943344116	846,875	10,106616973877	1303,125	4,36361312866211	846,875	-0,432470053434372	
1306,25	4,82692909240723	850	9,94227981567383	1306,25	4,34404420852661	850	-0,607387602329254	
1309,375	4,78104829788208	853,125	9,83028507232666	1309,375	4,43933057785034	853,125	-0,59689199924469	
1312,5	4,7649302482605	856,25	9,6977014541626	1312,5	4,48580932617188	856,25	0,199436351656914	
1315,625	4,80213117599487	859,375	9,20334815979004	1315,625	4,35454750061035	859,375	0,162493348121643	
1318,75	4,73286914825439	862,5	9,39706802368164	1318,75	4,31194734573364	862,5	-0,138034731149673	
1321,875	4,79791784286499	865,625	9,84096813201904	1321,875	4,40011262893677	865,625	-0,117679968476295	
1325	4,64969730377197	868,75	9,95650577545166	1325	4,4211893081665	868,75	-0,36200800538063	
1328,125	4,68601179122925	871,875	10,2094240188599	1328,125	4,27413892745972	871,875	-0,317239820957184	
1331,25	4,74020576477051	875	10,1448411941528	1331,25	4,36826181411743	875	-0,167331516742706	
1334,375	4,66118192672729	878,125	10,292986869812	1334,375	4,46245002746582	878,125	-0,102708660066128	
1337,5	4,70773220062256	881,25	10,1059923171997	1337,5	4,52885818481445	881,25	-0,207975372672081	
1340,625	4,68976068496704			1340,625	4,44916248321533			
1343,75	4,6561107635498			1343,75	4,42189359664917			
1346,875	4,65858602523804			1346,875	4,49578475952148			
1350	4,63042163848877			1350	4,44978809356689			
1353,125	4,67118644714355			1353,125	4,50651264190674			
1356,25	4,71075010299683			1356,25	4,60824489593506			
1359,375	4,66787958145142			1359,375	4,55587196350098			
1362,5	4,64618968963623			1362,5	4,55140113830566			
1365,625	4,6486930847168			1365,625	4,64417886734009			
1368,75	4,64421510696411			1368,75	4,57790994644165			
1371,875	4,54778099060059			1371,875	4,47760772705078			
1375	4,59134435653687			1375	4,49639797210693			
1378,125	4,60908699035645			1378,125	4,56842136383057			
1381,25	4,61793327331543			1381,25	4,53466463088989			
1384,375	4,61711072921753			1384,375	4,49551105499268			
1387,5	4,58929109573364			1387,5	4,51559686660767			
1390,625	4,55206632614136			1390,625	4,52003622055054			
1393,75	4,51293659210205			1393,75	4,52939033508301			
1396,875	4,54968118667603			1396,875	4,51034450531006			
1400	4,55465316772461			1400	4,52184438705444			
1403,125	4,52502965927124			1403,125	4,50697565078735			
1406,25	4,47186231613159			1406,25	4,49508237838745			
1409,375	4,4994044303894			1409,375	4,47988128662109			
1412,5	4,4607949256897			1412,5	4,53351306915283			
1415,625	4,455322265625			1415,625	4,51505899429321			
1418,75	4,47553443908691			1418,75	4,5390043258667			
1421,875	4,44526481628418			1421,875	4,58916997909546			
1425	4,41290521621704			1425	4,52159214019775			
1428,125	4,42045068740845			1428,125	4,460289478302			
1431,25	4,39408302307129			1431,25	4,49091148376465			
1434,375	4,39520502090454			1434,375	4,49466133117676			
1437,5	4,33970642089844			1437,5	4,48191165924072			
1440,625	4,33587265014648			1440,625	4,51917839050293			
1443,75	4,33989810943604			1443,75	4,49058246612549			
1446,875	4,32726716995239			1446,875	4,4932427406311			
1450	4,28555011749268			1450	4,46640920639038			
1453,125	4,26544618606567			1453,125	4,47231531143188			
1456,25	4,27653169631958			1456,25	4,47556352615356			
1459,375	4,22604703903198			1459,375	4,52340888977051			
1462,5	4,24079370498657			1462,5	4,48374509811401			
1465,625	4,22793054580688			1465,625	4,47637176513672			
1468,75	4,20963144302368			1468,75	4,51006174087524			
1471,875	4,2179856300354			1471,875	4,51422023773193			
1475	4,15525913238525			1475	4,51631593704224			
1478,125	4,12492561340332			1478,125	4,51958608627319			
1481,25	4,14239549636841			1481,25	4,56782579421997			
1484,375	4,13815021514893			1484,375	4,54344272613525			
1487,5	4,10779571533203			1487,5	4,54168176651001			
1490,625	4,12189054489136			1490,625	4,52335262298584			
1493,75	4,06575441360474			1493,75	4,51116704940796			
1496,875	4,06362676620483			1496,875	4,55524110794067			
1500	4,06158638000488			1500	4,56632804870605			
1503,125	4,0247631072998			1503,125	4,55475664138794			
1506,25	4,03638458251953			1506,25	4,48132038116455			
1509,375	4,02777290344238			1509,375	4,50919198989868			
1512,5	3,996098279953			1512,5	4,55767059326172			
1515,625	3,98620867729187			1515,625	4,58406782150269			
1518,75	3,99004030227661			1518,75	4,59551525115967			
1521,875	3,94993948936462			1521,875	4,60696983337402			
1525	3,96357917785645			1525	4,62079763412476			
1528,125	3,94229102134705			1528,125	4,59367799758911			
1531,25	3,91223335266113			1531,25	4,61269855499268			
1534,375	3,93087267875671			1534,375	4,60567235946655			
1537,5	3,91067361831665			1537,5	4,612624168396			
1540,625	3,89070606231689			1540,625	4,64556074142456			
1543,75	3,90487408638			1543,75	4,63283157348633			
1546,875	3,89833569526672			1546,875	4,63890886306763			
1550	3,88361573219299			1550	4,67566680908203			
1553,125	3,87693500518799			1553,125	4,65255498886108			
1556,25	3,84879922866821			1556,25	4,68601512908936			
1559,375	3,89246845245361			1559,375	4,67057037353516			
1562,5	3,8712854385376			1562,5	4,66761684417725			
1565,625	3,86366415023804			1565,625	4,65312433242798			
1568,75	3,86335110664368			1568,75	4,64552450180054			
1571,875	3,84003162384033			1571,875	4,65662384033203			
1575	3,84537482261658			1575	4,69435739517212			
1578,125	3,84110569953918			1578,125	4,67981958389282			
1581,25	3,86357975006104			1581,25	4,68762111663818			
1584,375	3,86180257797241			1584,375	4,65861654281616			
1587,5	3,86128497123718			1587,5	4,63925313949585			
1590,625	3,84348177909851			1590,625	4,67248773574829			
1593,75	3,81904530525208			1593,75	4,6580810546875			
1596,875	3,85363245010376			1596,875	4,64876699447632			
1600	3,8253870010376			1600	4,64163208007813			
1603,125	3,83425712585449			1603,125	4,64348125457764			
1606,25	3,76920080184937			1606,25	4,65773868560791			
1609,375	3,84041571617126			1609,375	4,63319826126099			
1612,5	3,83686804771423			1612,5	4,62117195129395			
1615,625	3,80835056304932			1615,625	4,60965442657471			
1618,75	3,7842161655426			1618,75	4,6179838180542			
1621,875	3,73764395713806			1621,875	4,60635232925415			
1625	3,79213070869446			1625	4,54018497467041			
1628,125	3,74762892723084			1628,125	4,5670371055603			
1631,25	3,76091980934143			1631,25	4,58278608322144			
1634,375	3,72208833694458			1634,375	4,61792039871216			
1637,5	3,76452159881592			1637,5	4,60026454925537			
1640,625	3,67486023902893			1640,625	4,70703029632568			
1643,75	3,71305894851685			1643,75	4,74679231643677			
1646,875	3,69039106369019			1646,875	4,71849632263184			
1650	3,73183584213257			1650	4,70443630218506			
1653,125	3,776447057724			1653,125	4,72273349761963			
1656,25	3,73364448547363			1656,25	4,73949146270752			
1659,375	3,7804868221283			1659,375	4,71009254455566			
1662,5	3,76915192604065			1662,5	4,65591430664063			
1665,625	3,73057389259338			1665,625	4,67228889465332			
1668,75	3,74151682853699			1668,75	4,68350648880005			
1671,875	3,82808518409729			1671,875	4,63477659225464			
1675	3,73991274833679			1675	4,68442153930664			
1678,125	3,77834820747375			1678,125	4,69943237304688			
1681,25	3,77125668525696			1681,25	4,68063735961914			
1684,375	3,79716396331787			1684,375	4,65152406692505			
1687,5	3,87241673469543			1687,5	4,64195775985718			
1690,625	3,7760009765625			1690,625	4,64093732833862			
1693,75	3,80086183547974			1693,75	4,59546947479248			
1696,875	3,7899444103241			1696,875	4,52230978012085			
1700	3,80995678901672			1700	4,53412818908691			
1703,125	3,83865213394165			1703,125	4,523362159729			
1706,25	3,77215981483459			1706,25	4,49312162399292			
1709,375	3,74264764785767			1709,375	4,43046951293945			
1712,5	3,76287794113159			1712,5	4,44125461578369			
1715,625	3,79210638999939			1715,625	4,4571361541748			
1718,75	3,71346974372864			1718,75	4,43804407119751			
1721,875	3,68767642974854			1721,875	4,42349910736084			
1725	3,69038796424866			1725	4,44080448150635			
1728,125	3,76653814315796			1728,125	4,41750144958496			
1731,25	3,71198225021362			1731,25	4,32365322113037			
1734,375	3,6716136932373			1734,375	4,33779716491699			
1737,5	3,66389870643616			1737,5	4,34861421585083			
1740,625	3,6281840801239			1740,625	4,38978004455566			
1743,75	3,66347122192383			1743,75	4,24069929122925			
1746,875	3,65819358825684			1746,875	4,21169519424438			
1750	3,65825605392456			1750	4,28179931640625			
1753,125	3,71807289123535			1753,125	4,25670480728149			
1756,25	3,73736453056335			1756,25	4,24342250823975			
1759,375	3,73216700553894			1759,375	4,20280170440674			
1762,5	3,63219833374023			1762,5	4,23695421218872			
1765,625	3,68795347213745			1765,625	4,22845220565796			
1768,75	3,71193623542786			1768,75	4,23837757110596			
1771,875	3,61295413970947			1771,875	4,13503932952881			
1775	3,56484413146973			1775	4,12639760971069			
1778,125	3,60152840614319			1778,125	4,14507436752319			
1781,25	3,57016658782959			1781,25	4,15746831893921			
1784,375	3,53474187850952			1784,375	4,10229158401489			
1787,5	3,51405954360962			1787,5	4,05782318115234			
1790,625	3,47125768661499			1790,625	4,05219650268555			
1793,75	3,49846744537354			1793,75	4,10206317901611			
1796,875	3,53679013252258			1796,875	4,11040544509888			
1800	3,45557856559753			1800	4,08095979690552			
1803,125	3,43489933013916			1803,125	4,05035543441772			
1806,25	3,43291282653809			1806,25	4,05027770996094			
1809,375	3,39893293380737			1809,375	4,03855752944946			
1812,5	3,37106013298035			1812,5	4,05432987213135			
1815,625	3,32920622825623			1815,625	4,08125638961792			
1818,75	3,30662107467651			1818,75	4,02766895294189			
1821,875	3,30714559555054			1821,875	3,9934241771698			
1825	3,29347133636475			1825	4,02963209152222			
1828,125	3,28705739974976			1828,125	3,9982123374939			
1831,25	3,25487685203552			1831,25	3,99506402015686			
1834,375	3,22404599189758			1834,375	4,02818965911865			
1837,5	3,23003673553467			1837,5	3,94649720191956			
1840,625	3,22169399261475			1840,625	3,94550585746765			
1843,75	3,19191431999207			1843,75	3,94803404808044			
1846,875	3,20008397102356			1846,875	3,95864653587341			
1850	3,19018244743347			1850	4,01809883117676			
1853,125	3,1627562046051			1853,125	3,99501895904541			
1856,25	3,11340618133545			1856,25	3,95521020889282			
1859,375	3,08674669265747			1859,375	3,96814274787903			
1862,5	3,07245516777039			1862,5	3,98289227485657			
1865,625	3,0679829120636			1865,625	3,99493598937988			
1868,75	3,0307891368866			1868,75	4,00569629669189			
1871,875	3,03750014305115			1871,875	4,00162267684937			
1875	3,01422262191772			1875	3,98911738395691			
1878,125	3,00088858604431			1878,125	3,96925115585327			
1881,25	2,97395300865173			1881,25	3,9911470413208			
1884,375	2,94652581214905			1884,375	3,98466181755066			
1887,5	2,95840549468994			1887,5	3,99939298629761			
1890,625	2,91067862510681			1890,625	4,02954816818237			
1893,75	2,95177936553955			1893,75	3,99832248687744			
1896,875	2,90809488296509			1896,875	4,01106262207031			
1900	2,87848043441772			1900	4,00968265533447			
1903,125	2,87541174888611			1903,125	4,01259708404541			
1906,25	2,86693501472473			1906,25	4,03154325485229			
1909,375	2,83269643783569			1909,375	4,01716136932373			
1912,5	2,82429313659668			1912,5	4,01352405548096			
1915,625	2,84767746925354			1915,625	4,01477098464966			
1918,75	2,80497431755066			1918,75	4,03044986724854			
1921,875	2,82012009620667			1921,875	4,00786018371582			
1925	2,79696989059448			1925	4,01560020446777			
1928,125	2,77870941162109			1928,125	3,99412178993225			
1931,25	2,77038931846619			1931,25	4,02293920516968			
1934,375	2,76986408233643			1934,375	4,05151176452637			
1937,5	2,74084496498108			1937,5	4,0521764755249			
1940,625	2,73343348503113			1940,625	4,06872129440308			
1943,75	2,74487495422363			1943,75	4,05224132537842			
1946,875	2,72722840309143			1946,875	4,02481126785278			
1950	2,7249767780304			1950	4,05182552337646			
1953,125	2,68923926353455			1953,125	4,05086231231689			
1956,25	2,6918249130249			1956,25	4,0591983795166			
1959,375	2,65726613998413			1959,375	4,07400608062744			
1962,5	2,69978332519531			1962,5	4,07797193527222			
1965,625	2,68402099609375			1965,625	4,04198694229126			
1968,75	2,65654277801514			1968,75	4,06129741668701			
1971,875	2,65754985809326			1971,875	4,1007080078125			
1975	2,62743544578552			1975	4,02312135696411			
1978,125	2,65519142150879			1978,125	4,05863618850708			
1981,25	2,63757801055908			1981,25	4,06848907470703			
1984,375	2,62944746017456			1984,375	4,04730033874512			
1987,5	2,58735680580139			1987,5	4,07601070404053			
1990,625	2,59782028198242			1990,625	4,13741111755371			
1993,75	2,60253047943115			1993,75	4,10485458374023			
1996,875	2,60705971717834			1996,875	4,08949184417725			
2000	2,5710015296936			2000	4,09245204925537			
2003,125	2,5879487991333			2003,125	4,09428691864014			
2006,25	2,55440378189087			2006,25	4,09929609298706			
2009,375	2,60841035842896			2009,375	4,09037160873413			
2012,5	2,56322622299194			2012,5	4,09481954574585			
2015,625	2,55818772315979			2015,625	4,07858943939209			
2018,75	2,56667113304138			2018,75	4,09010362625122			
2021,875	2,56978130340576			2021,875	4,0894832611084			
2025	2,54604244232178			2025	4,07343435287476			
2028,125	2,55401873588562			2028,125	4,06516981124878			
2031,25	2,53839111328125			2031,25	4,08241081237793			
2034,375	2,5439670085907			2034,375	4,07345819473267			
2037,5	2,54821467399597			2037,5	4,0391993522644			
2040,625	2,55787086486816			2040,625	4,11309766769409			
2043,75	2,52023005485535			2043,75	4,08773374557495			
2046,875	2,50859785079956			2046,875	4,08988523483276			
2050	2,53115820884705			2050	4,13402700424194			
2053,125	2,49872350692749			2053,125	4,0488543510437			
2056,25	2,57769751548767			2056,25	4,07728719711304			
2059,375	2,52135539054871			2059,375	4,11100673675537			
2062,5	2,49369096755981			2062,5	4,05551528930664			
2065,625	2,51999473571777			2065,625	4,0353856086731			
2068,75	2,4682240486145			2068,75	4,05023097991943			
2071,875	2,47488498687744			2071,875	4,0605001449585			
2075	2,45172119140625			2075	4,05413198471069			
2078,125	2,46185874938965			2078,125	3,99891901016235			
2081,25	2,4680347442627			2081,25	4,04056787490845			
2084,375	2,47398543357849			2084,375	4,06047630310059			
2087,5	2,45642828941345			2087,5	4,08625459671021			
2090,625	2,45557498931885			2090,625	4,08649349212646			
2093,75	2,43994688987732			2093,75	4,04671144485474			
2096,875	2,44058847427368			2096,875	4,01152515411377			
2100	2,44576740264893			2100	4,0356969833374			
2103,125	2,38498139381409			2103,125	4,05460929870605			
2106,25	2,38762283325195			2106,25	4,04928588867188			
2109,375	2,34656262397766			2109,375	4,03144550323486			
2112,5	2,41547036170959			2112,5	4,0283350944519			
2115,625	2,39074206352234			2115,625	4,00282621383667			
2118,75	2,35663199424744			2118,75	3,98334336280823			
2121,875	2,34296822547913			2121,875	3,9860737323761			
2125	2,34964513778687			2125	4,04168510437012			
2128,125	2,33541774749756			2128,125	4,0575704574585			
2131,25	2,3188579082489			2131,25	4,00495004653931			
2134,375	2,3360710144043			2134,375	3,98738694190979			
2137,5	2,3189582824707			2137,5	3,99674987792969			
2140,625	2,28134179115295			2140,625	4,01893520355225			
2143,75	2,27753090858459			2143,75	4,03368854522705			
2146,875	2,30069470405579			2146,875	4,03586578369141			
2150	2,33026170730591			2150	4,04973554611206			
2153,125	2,28296089172363			2153,125	4,04695606231689			
2156,25	2,27746725082397			2156,25	3,97968697547913			
2159,375	2,26339292526245			2159,375	4,00922441482544			
2162,5	2,28234434127808			2162,5	3,9968593120575			
2165,625	2,25495338439941			2165,625	3,96321892738342			
2168,75	2,17921137809753			2168,75	4,01124668121338			
2171,875	2,20990395545959			2171,875	4,02135992050171			
2175	2,27510237693787			2175	4,00256109237671			
2178,125	2,26616811752319			2178,125	4,04337787628174			
2181,25	2,19631385803223			2181,25	3,9566924571991			
2184,375	2,14081239700317			2184,375	3,98334002494812			
2187,5	2,16077518463135			2187,5	3,98310422897339			
2190,625	2,20814895629883			2190,625	4,02337980270386			
2193,75	2,25268363952637			2193,75	4,02823829650879			
2196,875	2,20158743858337			2196,875	4,01027584075928			
2200	2,19804787635803			2200	3,99694609642029			
2203,125	2,20836925506592			2203,125	4,03719711303711			
2206,25	2,21820950508118			2206,25	4,04086017608643			
2209,375	2,17048525810242			2209,375	4,07555961608887			
2212,5	2,18124222755432			2212,5	4,10363435745239			
2215,625	2,18802857398987			2215,625	4,05959701538086			
2218,75	2,17016339302063			2218,75	4,03517246246338			
2221,875	2,13695335388184			2221,875	4,05460739135742			
2225	2,1499445438385			2225	4,09961557388306			
2228,125	2,17546343803406			2228,125	4,08541011810303			
2231,25	2,15356349945068			2231,25	4,07917881011963			
2234,375	2,16746878623962			2234,375	4,0708122253418			
2237,5	2,16081142425537			2237,5	4,05782222747803			
2240,625	2,1678102016449			2240,625	4,00573396682739			
2243,75	2,19466328620911			2243,75	4,04776239395142			
2246,875	2,16441130638123			2246,875	4,07564258575439			
2250	2,12675905227661			2250	4,03952503204346			
2253,125	2,17787528038025			2253,125	4,09282779693604			
2256,25	2,12355422973633			2256,25	4,07969856262207			
2259,375	2,15353775024414			2259,375	4,05626678466797			
2262,5	2,14396286010742			2262,5	4,0953803062439			
2265,625	2,08679366111755			2265,625	4,03498792648315			
2268,75	2,14444208145142			2268,75	4,07196044921875			
2271,875	2,12633037567139			2271,875	4,04094982147217			
2275	2,1071605682373			2275	4,08033895492554			
2278,125	2,0967390537262			2278,125	4,04735851287842			
2281,25	2,18512964248657			2281,25	4,0326681137085			
2284,375	2,19461297988892			2284,375	4,06486749649048			
2287,5	2,1482081413269			2287,5	4,05181550979614			
2290,625	2,13456726074219			2290,625	4,08604049682617			
2293,75	2,1112105846405			2293,75	4,04963159561157			
2296,875	2,15252900123596			2296,875	4,10050535202026			
2300	2,12781715393066			2300	4,06388902664185			
2303,125	2,14285206794739			2303,125	4,06355571746826			
2306,25	2,13647174835205			2306,25	4,05900144577026			
2309,375	2,15087127685547			2309,375	4,05550956726074			
2312,5	2,14450001716614			2312,5	4,03872299194336			
2315,625	2,18040776252747			2315,625	4,05557250976563			
2318,75	2,16521191596985			2318,75	4,01734399795532			
2321,875	2,1635046005249			2321,875	4,01462364196777			
2325	2,17697286605835			2325	4,06320333480835			
2328,125	2,13694620132446			2328,125	4,05592107772827			
2331,25	2,13887476921082			2331,25	4,05983352661133			
2334,375	2,14953994750977			2334,375	4,03005266189575			
2337,5	2,18434834480286			2337,5	4,0263934135437			
2340,625	2,12341904640198			2340,625	4,03206539154053			
2343,75	2,10801887512207			2343,75	4,08506298065186			
2346,875	2,153151512146			2346,875	4,04972410202026			
2350	2,11645650863647			2350	4,03856468200684			
2353,125	2,16565656661987			2353,125	4,03377676010132			
2356,25	2,15283608436584			2356,25	4,01836824417114			
2359,375	2,12811088562012			2359,375	4,04920387268066			
2362,5	2,14349699020386			2362,5	4,01319456100464			
2365,625	2,19037079811096			2365,625	3,97934579849243			
2368,75	2,13612771034241			2368,75	4,03231048583984			
2371,875	2,11083555221558			2371,875	4,00681591033936			
2375	2,16180109977722			2375	4,01522207260132			
2378,125	2,14531445503235			2378,125	4,00770807266235			
2381,25	2,12381744384766			2381,25	3,99290466308594			
2384,375	2,11495542526245			2384,375	3,95419764518738			
2387,5	2,17330551147461			2387,5	4,04122447967529			
2390,625	2,14871621131897			2390,625	4,00157880783081			
2393,75	2,10992050170898			2393,75	4,01510906219482			
2396,875	2,09898996353149			2396,875	3,98095107078552			
2400	2,14532828330994			2400	3,96169543266296			
2403,125	2,12803316116333			2403,125	3,96561241149902			
2406,25	2,15379667282104			2406,25	3,95301270484924			
2409,375	2,14347100257874			2409,375	3,961665391922			
2412,5	2,10612392425537			2412,5	3,95358371734619			
2415,625	2,12937951087952			2415,625	3,98018670082092			
2418,75	2,13190031051636			2418,75	3,96906685829163			
2421,875	2,0844099521637			2421,875	3,98232364654541			
2425	2,07790923118591			2425	3,97846674919128			
2428,125	2,11076092720032			2428,125	3,96110987663269			
2431,25	2,14115929603577			2431,25	3,94348931312561			
2434,375	2,12533211708069			2434,375	3,95267343521118			
2437,5	2,10003519058228			2437,5	3,96672368049622			
2440,625	2,11119055747986			2440,625	3,94116473197937			
2443,75	2,09015965461731			2443,75	3,94703817367554			
2446,875	2,09654116630554			2446,875	3,93650770187378			
2450	2,07932591438293			2450	3,94528961181641			
2453,125	2,0680673122406			2453,125	3,95225381851196			
2456,25	2,12027311325073			2456,25	3,94420647621155			
2459,375	2,09820199012756			2459,375	3,95676016807556			
2462,5	2,07755827903748			2462,5	3,99106001853943			
2465,625	2,09382343292236			2465,625	3,943767786026			
2468,75	2,11956644058228			2468,75	3,92313599586487			
2471,875	2,09589529037476			2471,875	3,95918297767639			
2475	2,0946307182312			2475	3,94100904464722			
2478,125	2,08713221549988			2478,125	3,9404137134552			
2481,25	2,08287715911865			2481,25	3,95318865776062			
2484,375	2,09655618667603			2484,375	3,91159915924072			
2487,5	2,11590242385864			2487,5	3,92417883872986			
2490,625	2,04645943641663			2490,625	3,95068740844727			
2493,75	2,06206560134888			2493,75	3,9581139087677			
2496,875	2,05041575431824			2496,875	3,97643327713013			
2500	2,0752100944519			2500	3,95159459114075			
2503,125	2,11756205558777			2503,125	3,93788695335388			
2506,25	2,09355282783508			2506,25	3,90632724761963			
2509,375	2,09225749969482			2509,375	3,93217802047729			
2512,5	2,10261535644531			2512,5	3,93264102935791			
2515,625	2,08565640449524			2515,625	3,93121910095215			
2518,75	2,08748698234558			2518,75	3,91049361228943			
2521,875	2,11907291412354			2521,875	3,94659948348999			
2525	2,06059575080872			2525	3,93867540359497			
2528,125	2,08525109291077			2528,125	3,97177624702454			
2531,25	2,07684779167175			2531,25	3,94408369064331			
2534,375	2,09251546859741			2534,375	3,87954878807068			
2537,5	2,11800169944763			2537,5	3,96700692176819			
2540,625	2,13655877113342			2540,625	3,97747898101807			
2543,75	2,07386898994446			2543,75	3,91877007484436			
2546,875	2,07889032363892			2546,875	3,91259407997131			
2550	2,10919260978699			2550	3,88175892829895			
2553,125	2,07377028465271			2553,125	3,87551665306091			
2556,25	2,0698037147522			2556,25	3,89695811271667			
2559,375	2,08482885360718			2559,375	3,90405774116516			
2562,5	2,09679818153381			2562,5	3,88374590873718			
2565,625	2,11023449897766			2565,625	3,88279294967651			
2568,75	2,10504388809204			2568,75	3,93075561523438			
2571,875	2,10607242584229			2571,875	3,92115950584412			
2575	2,100590467453			2575	3,91087889671326			
2578,125	2,07184171676636			2578,125	3,88899946212769			
2581,25	2,04909181594849			2581,25	3,91728472709656			
2584,375	2,09027624130249			2584,375	3,96382641792297			
2587,5	2,12125825881958			2587,5	3,91037964820862			
2590,625	2,10160565376282			2590,625	3,91724181175232			
2593,75	2,13339805603027			2593,75	3,98821616172791			
2596,875	2,13623642921448			2596,875	3,95537328720093			
2600	2,15759634971619			2600	3,90329790115356			
2603,125	2,17180132865906			2603,125	3,88906979560852			
2606,25	2,14823031425476			2606,25	3,86460995674133			
2609,375	2,16782188415527			2609,375	3,83164024353027			
2612,5	2,19454026222229			2612,5	3,82262635231018			
2615,625	2,1823890209198			2615,625	3,86595678329468			
2618,75	2,13076615333557			2618,75	3,87054228782654			
2621,875	2,1403648853302			2621,875	3,79386234283447			
2625	2,17330765724182			2625	3,84237623214722			
2628,125	2,16420316696167			2628,125	3,84268856048584			
2631,25	2,10451912879944			2631,25	3,83068203926086			
2634,375	2,19295835494995			2634,375	3,76527905464172			
2637,5	2,18478536605835			2637,5	3,75421190261841			
2640,625	2,16762351989746			2640,625	3,77909731864929			
2643,75	2,15986704826355			2643,75	3,77454853057861			
2646,875	2,13049125671387			2646,875	3,78054261207581			
2650	2,12523674964905			2650	3,74342632293701			
2653,125	2,11258149147034			2653,125	3,75662159919739			
2656,25	2,12155365943909			2656,25	3,80211853981018			
2659,375	2,16921877861023			2659,375	3,75728034973145			
2662,5	2,16399335861206			2662,5	3,73757004737854			
2665,625	2,16249465942383			2665,625	3,7475733757019			
2668,75	2,17658519744873			2668,75	3,70857381820679			
2671,875	2,11906433105469			2671,875	3,73231601715088			
2675	2,10833644866943			2675	3,76572489738464			
2678,125	2,13798832893372			2678,125	3,73152804374695			
2681,25	2,13426470756531			2681,25	3,73014855384827			
2684,375	2,11799144744873			2684,375	3,71641278266907			
2687,5	2,12263512611389			2687,5	3,71586847305298			
2690,625	2,12154650688171			2690,625	3,70537853240967			
2693,75	2,08548069000244			2693,75	3,70773124694824			
2696,875	2,10438632965088			2696,875	3,74744963645935			
2700	2,14973616600037			2700	3,69646024703979			
2703,125	2,128741979599			2703,125	3,67829036712646			
2706,25	2,1208918094635			2706,25	3,68071961402893			
2709,375	2,12488746643066			2709,375	3,6932065486908			
2712,5	2,114825963974			2712,5	3,67379426956177			
2715,625	2,0970766544342			2715,625	3,65337944030762			
2718,75	2,1135036945343			2718,75	3,66196489334106			
2721,875	2,10411524772644			2721,875	3,6508777141571			
2725	2,09925985336304			2725	3,65978217124939			
2728,125	2,10711002349854			2728,125	3,66066408157349			
2731,25	2,09683203697205			2731,25	3,6596040725708			
2734,375	2,08642506599426			2734,375	3,66200995445251			
2737,5	2,10039377212524			2737,5	3,64068412780762			
2740,625	2,10435843467712			2740,625	3,62906980514526			
2743,75	2,10386514663696			2743,75	3,62335085868835			
2746,875	2,10632944107056			2746,875	3,61994171142578			
2750	2,060626745224			2750	3,63346290588379			
2753,125	2,08761286735535			2753,125	3,64107155799866			
2756,25	2,09485268592834			2756,25	3,61568832397461			
2759,375	2,09998106956482			2759,375	3,59614419937134			
2762,5	2,10696721076965			2762,5	3,59020471572876			
2765,625	2,08765339851379			2765,625	3,58446907997131			
2768,75	2,0947539806366			2768,75	3,6157820224762			
2771,875	2,10397148132324			2771,875	3,59776592254639			
2775	2,09035134315491			2775	3,57152509689331			
2778,125	2,09491658210754			2778,125	3,56910443305969			
2781,25	2,09749913215637			2781,25	3,54334592819214			
2784,375	2,09511995315552			2784,375	3,56071996688843			
2787,5	2,07674193382263			2787,5	3,56406497955322			
2790,625	2,07631993293762			2790,625	3,56635856628418			
2793,75	2,07537174224854			2793,75	3,54710054397583			
2796,875	2,06990337371826			2796,875	3,56699132919312			
2800	2,07575178146362			2800	3,58418154716492			
2803,125	2,06996297836304			2803,125	3,54621982574463			
2806,25	2,08195853233337			2806,25	3,56027173995972			
2809,375	2,06671667098999			2809,375	3,54183983802795			
2812,5	2,08371567726135			2812,5	3,52734541893005			
2815,625	2,08525443077087			2815,625	3,51213717460632			
2818,75	2,05359029769897			2818,75	3,51589441299438			
2821,875	2,07855319976807			2821,875	3,50311779975891			
2825	2,10201692581177			2825	3,4919273853302			
2828,125	2,06811332702637			2828,125	3,48922276496887			
2831,25	2,07726192474365			2831,25	3,4808976650238			
2834,375	2,06076574325562			2834,375	3,49402022361755			
2837,5	2,08217906951904			2837,5	3,48751974105835			
2840,625	2,0834686756134			2840,625	3,4659149646759			
2843,75	2,05267596244812			2843,75	3,46481895446777			
2846,875	2,09034180641174			2846,875	3,47387623786926			
2850	2,06959915161133			2850	3,45001626014709			
2853,125	2,08760857582092			2853,125	3,43646550178528			
2856,25	2,06601047515869			2856,25	3,43319463729858			
2859,375	2,06569385528564			2859,375	3,41826200485229			
2862,5	2,07393169403076			2862,5	3,43084740638733			
2865,625	2,06636238098145			2865,625	3,41207456588745			
2868,75	2,04032349586487			2868,75	3,40758895874023			
2871,875	2,06556057929993			2871,875	3,40386915206909			
2875	2,05568671226501			2875	3,39392018318176			
2878,125	2,05257749557495			2878,125	3,394202709198			
2881,25	2,07208442687988			2881,25	3,38233923912048			
2884,375	2,06603693962097			2884,375	3,36816453933716			
2887,5	2,05803966522217			2887,5	3,35584855079651			
2890,625	2,03561115264893			2890,625	3,34381318092346			
2893,75	2,03174495697021			2893,75	3,36272788047791			
2896,875	2,05215096473694			2896,875	3,32759857177734			
2900	2,04013800621033			2900	3,32978510856628			
2903,125	2,03047919273376			2903,125	3,32261776924133			
2906,25	2,02581429481506			2906,25	3,32591843605042			
2909,375	2,0243935585022			2909,375	3,32485699653625			
2912,5	2,02139067649841			2912,5	3,31831622123718			
2915,625	2,01453852653503			2915,625	3,32610511779785			
2918,75	2,02572727203369			2918,75	3,32029867172241			
2921,875	2,02071070671082			2921,875	3,31323003768921			
2925	2,02812528610229			2925	3,31650543212891			
2928,125	2,04217481613159			2928,125	3,3028028011322			
2931,25	2,01620006561279			2931,25	3,28957486152649			
2934,375	2,02728796005249			2934,375	3,27016854286194			
2937,5	2,02784585952759			2937,5	3,26739859580994			
2940,625	2,04151821136475			2940,625	3,24988603591919			
2943,75	2,02855658531189			2943,75	3,23006582260132			
2946,875	2,02367043495178			2946,875	3,22556400299072			
2950	2,01759886741638			2950	3,20312666893005			
2953,125	2,01307034492493			2953,125	3,21727395057678			
2956,25	2,01377081871033			2956,25	3,21034669876099			
2959,375	2,00515389442444			2959,375	3,18527364730835			
2962,5	2,00732755661011			2962,5	3,17712330818176			
2965,625	1,99898958206177			2965,625	3,17517495155334			
2968,75	1,99718427658081			2968,75	3,13986730575562			
2971,875	1,99780070781708			2971,875	3,12843370437622			
2975	1,97084295749664			2975	3,13074278831482			
2978,125	1,96697449684143			2978,125	3,12971019744873			
2981,25	1,96470677852631			2981,25	3,11417388916016			
2984,375	1,97053229808807			2984,375	3,104576587677			
2987,5	1,9679981470108			2987,5	3,09314751625061			
2990,625	1,93785011768341			2990,625	3,08428859710693			
2993,75	1,92908239364624			2993,75	3,06401634216309			
2996,875	1,92374062538147			2996,875	3,0596227645874			
3000	1,93419909477234			3000	3,04186868667603			
3003,125	1,93499720096588			3003,125	3,03753304481506			
3006,25	1,91446816921234			3006,25	3,04265403747559			
3009,375	1,91045212745667			3009,375	3,03275465965271			
3012,5	1,89187121391296			3012,5	3,03018498420715			
3015,625	1,90425968170166			3015,625	3,03663277626038			
3018,75	1,87337279319763			3018,75	3,03960847854614			
3021,875	1,84464120864868			3021,875	3,03409576416016			
3025	1,93442928791046			3025	2,99604892730713			
3028,125	1,88355004787445			3028,125	3,00223684310913			
3031,25	1,85840320587158			3031,25	3,00433754920959			
3034,375	1,84492790699005			3034,375	2,99047327041626			
3037,5	1,84113645553589			3037,5	2,97649359703064			
3040,625	1,85691618919373			3040,625	2,96901106834412			
3043,75	1,82851755619049			3043,75	2,96961069107056			
3046,875	1,83522856235504			3046,875	2,99024486541748			
3050	1,82179272174835			3050	2,97990965843201			
3053,125	1,80932879447937			3053,125	2,95115900039673			
3056,25	1,80411911010742			3056,25	2,95957064628601			
3059,375	1,80603456497192			3059,375	2,950110912323			
3062,5	1,81327438354492			3062,5	2,93626737594604			
3065,625	1,78085446357727			3065,625	2,93739867210388			
3068,75	1,76153993606567			3068,75	2,92444133758545			
3071,875	1,76760411262512			3071,875	2,91826605796814			
3075	1,76107966899872			3075	2,92466998100281			
3078,125	1,76471018791199			3078,125	2,91286540031433			
3081,25	1,758957862854			3081,25	2,88950085639954			
3084,375	1,7544926404953			3084,375	2,88276886940002			
3087,5	1,73195600509644			3087,5	2,89800500869751			
3090,625	1,7058140039444			3090,625	2,88593935966492			
3093,75	1,72398591041565			3093,75	2,89066076278687			
3096,875	1,72233915328979			3096,875	2,8732578754425			
3100	1,70283877849579			3100	2,86640667915344			
3103,125	1,6940279006958			3103,125	2,86779975891113			
3106,25	1,68049490451813			3106,25	2,8636326789856			
3109,375	1,67405951023102			3109,375	2,86807894706726			
3112,5	1,66391110420227			3112,5	2,87926387786865			
3115,625	1,68220961093903			3115,625	2,86763167381287			
3118,75	1,66539525985718			3118,75	2,84046912193298			
3121,875	1,6679847240448			3121,875	2,82589173316956			
3125	1,6318142414093			3125	2,82562971115112			
3128,125	1,63316810131073			3128,125	2,8312029838562			
3131,25	1,62770307064056			3131,25	2,83935356140137			
3134,375	1,62372946739197			3134,375	2,82734084129334			
3137,5	1,60798418521881			3137,5	2,80630469322205			
3140,625	1,61408853530884			3140,625	2,81868481636047			
3143,75	1,59192776679993			3143,75	2,80969166755676			
3146,875	1,5864189863205			3146,875	2,80732202529907			
3150	1,5799971818924			3150	2,80712008476257			
3153,125	1,57557463645935			3153,125	2,81017565727234			
3156,25	1,55928456783295			3156,25	2,76433420181274			
3159,375	1,55998980998993			3159,375	2,77968406677246			
3162,5	1,55670285224915			3162,5	2,77072668075562			
3165,625	1,55656731128693			3165,625	2,75163221359253			
3168,75	1,53415238857269			3168,75	2,78008413314819			
3171,875	1,52194726467133			3171,875	2,78450345993042			
3175	1,50562727451324			3175	2,76165413856506			
3178,125	1,5044686794281			3178,125	2,79195261001587			
3181,25	1,48162996768951			3181,25	2,77840280532837			
3184,375	1,49385178089142			3184,375	2,76889991760254			
3187,5	1,47391760349274			3187,5	2,78152179718018			
3190,625	1,45246696472168			3190,625	2,75656294822693			
3193,75	1,4450147151947			3193,75	2,75939154624939			
3196,875	1,44959080219269			3196,875	2,76745247840881			
3200	1,4393846988678			3200	2,75307321548462			
3203,125	1,44290101528168			3203,125	2,75898718833923			
3206,25	1,41724193096161			3206,25	2,76754331588745			
3209,375	1,41432702541351			3209,375	2,77804899215698			
3212,5	1,40767025947571			3212,5	2,7557110786438			
3215,625	1,40748131275177			3215,625	2,75148701667786			
3218,75	1,41553461551666			3218,75	2,74765181541443			
3221,875	1,38382303714752			3221,875	2,73923110961914			
3225	1,37637758255005			3225	2,73349356651306			
3228,125	1,36381959915161			3228,125	2,75664067268372			
3231,25	1,35405135154724			3231,25	2,74432778358459			
3234,375	1,36136317253113			3234,375	2,76813697814941			
3237,5	1,34867894649506			3237,5	2,74015378952026			
3240,625	1,33609199523926			3240,625	2,75740051269531			
3243,75	1,3175060749054			3243,75	2,75042486190796			
3246,875	1,30118072032928			3246,875	2,7688307762146			
3250	1,31965112686157			3250	2,77304291725159			
3253,125	1,30687391757965			3253,125	2,74272084236145			
3256,25	1,3074597120285			3256,25	2,76317644119263			
3259,375	1,30114662647247			3259,375	2,7687361240387			
3262,5	1,27304792404175			3262,5	2,76525640487671			
3265,625	1,27054119110107			3265,625	2,75377416610718			
3268,75	1,28112018108368			3268,75	2,76943635940552			
3271,875	1,2686311006546			3271,875	2,76881861686707			
3275	1,25495135784149			3275	2,77515840530396			
3278,125	1,26044523715973			3278,125	2,77227020263672			
3281,25	1,26253831386566			3281,25	2,77915024757385			
3284,375	1,25493216514587			3284,375	2,77848029136658			
3287,5	1,2569671869278			3287,5	2,78591775894165			
3290,625	1,2561662197113			3290,625	2,78052067756653			
3293,75	1,24739575386047			3293,75	2,78682255744934			
3296,875	1,22912871837616			3296,875	2,77521538734436			
3300	1,22860765457153			3300	2,77718329429626			
3303,125	1,213702917099			3303,125	2,78290915489197			
3306,25	1,22482192516327			3306,25	2,788010597229			
3309,375	1,22589325904846			3309,375	2,78888916969299			
3312,5	1,21551418304443			3312,5	2,79015946388245			
3315,625	1,2028501033783			3315,625	2,78111433982849			
3318,75	1,18679988384247			3318,75	2,79423689842224			
3321,875	1,18697261810303			3321,875	2,80585169792175			
3325	1,18784081935883			3325	2,79868078231812			
3328,125	1,18162059783936			3328,125	2,79527306556702			
3331,25	1,19512903690338			3331,25	2,80770969390869			
3334,375	1,1744818687439			3334,375	2,79966425895691			
3337,5	1,15525090694427			3337,5	2,79861927032471			
3340,625	1,16935777664185			3340,625	2,80855226516724			
3343,75	1,1734493970871			3343,75	2,79926514625549			
3346,875	1,14792966842651			3346,875	2,8004584312439			
3350	1,136314868927			3350	2,8017590045929			
3353,125	1,14727246761322			3353,125	2,79872679710388			
3356,25	1,14084410667419			3356,25	2,81285190582275			
3359,375	1,13779962062836			3359,375	2,80912661552429			
3362,5	1,13190066814423			3362,5	2,79668378829956			
3365,625	1,14809215068817			3365,625	2,80900430679321			
3368,75	1,13417232036591			3368,75	2,80952024459839			
3371,875	1,12877726554871			3371,875	2,82278895378113			
3375	1,12702071666718			3375	2,82436347007751			
3378,125	1,12918949127197			3378,125	2,81589245796204			
3381,25	1,12901556491852			3381,25	2,82743549346924			
3384,375	1,11234259605408			3384,375	2,82687830924988			
3387,5	1,11646640300751			3387,5	2,82186126708984			
3390,625	1,10499632358551			3390,625	2,82225561141968			
3393,75	1,10597920417786			3393,75	2,82030248641968			
3396,875	1,0885843038559			3396,875	2,82694005966187			
3400	1,06843423843384			3400	2,85856199264526			
3403,125	1,10882580280304			3403,125	2,84399127960205			
3406,25	1,10593914985657			3406,25	2,83067154884338			
3409,375	1,09732007980347			3409,375	2,83127093315125			
3412,5	1,08622419834137			3412,5	2,83418798446655			
3415,625	1,10072755813599			3415,625	2,84581589698792			
3418,75	1,09582078456879			3418,75	2,83855819702148			
3421,875	1,07091176509857			3421,875	2,86712384223938			
3425	1,08207225799561			3425	2,85148167610168			
3428,125	1,09596872329712			3428,125	2,84776759147644			
3431,25	1,08703029155731			3431,25	2,84765911102295			
3434,375	1,0767730474472			3434,375	2,84963321685791			
3437,5	1,0738046169281			3437,5	2,83751344680786			
3440,625	1,07567501068115			3440,625	2,85125660896301			
3443,75	1,09178149700165			3443,75	2,85387587547302			
3446,875	1,0820974111557			3446,875	2,86441397666931			
3450	1,0721241235733			3450	2,85923838615417			
3453,125	1,07083880901337			3453,125	2,85259795188904			
3456,25	1,08077156543732			3456,25	2,86258602142334			
3459,375	1,07653939723969			3459,375	2,86081743240356			
3462,5	1,07029056549072			3462,5	2,8667938709259			
3465,625	1,07119476795197			3465,625	2,85568904876709			
3468,75	1,06045722961426			3468,75	2,85953187942505			
3471,875	1,06672263145447			3471,875	2,85334539413452			
3475	1,07947862148285			3475	2,85425901412964			
3478,125	1,06294107437134			3478,125	2,85586285591125			
3481,25	1,06081771850586			3481,25	2,85385084152222			
3484,375	1,06793642044067			3484,375	2,83777499198914			
3487,5	1,07722675800323			3487,5	2,86240077018738			
3490,625	1,06018602848053			3490,625	2,8533718585968			
3493,75	1,06517446041107			3493,75	2,85199332237244			
3496,875	1,05804026126862			3496,875	2,86436176300049			
3500	1,0589919090271			3500	2,8558943271637			
3503,125	1,07104063034058			3503,125	2,8405454158783			
3506,25	1,05268454551697			3506,25	2,85986733436584			
3509,375	1,09643280506134			3509,375	2,86142325401306			
3512,5	1,09889912605286			3512,5	2,87005996704102			
3515,625	1,08025968074799			3515,625	2,85108256340027			
3518,75	1,06989872455597			3518,75	2,85407543182373			
3521,875	1,06570839881897			3521,875	2,83984565734863			
3525	1,07047832012177			3525	2,85103130340576			
3528,125	1,06835126876831			3528,125	2,84939050674438			
3531,25	1,06844854354858			3531,25	2,83318996429443			
3534,375	1,07363486289978			3534,375	2,8356249332428			
3537,5	1,06342148780823			3537,5	2,82425761222839			
3540,625	1,07721185684204			3540,625	2,8337140083313			
3543,75	1,06614327430725			3543,75	2,84453558921814			
3546,875	1,0731053352356			3546,875	2,85056900978088			
3550	1,07374906539917			3550	2,84416007995605			
3553,125	1,06190776824951			3553,125	2,83354806900024			
3556,25	1,06120610237122			3556,25	2,8343358039856			
3559,375	1,05076253414154			3559,375	2,81497621536255			
3562,5	1,06362116336823			3562,5	2,84099793434143			
3565,625	1,07399237155914			3565,625	2,83106446266174			
3568,75	1,06943726539612			3568,75	2,82428169250488			
3571,875	1,07157337665558			3571,875	2,81673455238342			
3575	1,07103943824768			3575	2,8068573474884			
3578,125	1,07514548301697			3578,125	2,80686950683594			
3581,25	1,07696068286896			3581,25	2,79995226860046			
3584,375	1,08467268943787			3584,375	2,79553294181824			
3587,5	1,07118690013885			3587,5	2,79941940307617			
3590,625	1,07191050052643			3590,625	2,79427289962769			
3593,75	1,07801520824432			3593,75	2,78495359420776			
3596,875	1,07065665721893			3596,875	2,77792382240295			
3600	1,08190608024597			3600	2,75667858123779			
3603,125	1,07292509078979			3603,125	2,78735876083374			
3606,25	1,0678117275238			3606,25	2,77054667472839			
3609,375	1,06940710544586			3609,375	2,7601056098938			
3612,5	1,07190895080566			3612,5	2,76699352264404			
3615,625	1,0706752538681			3615,625	2,75434446334839			
3618,75	1,06042504310608			3618,75	2,75045299530029			
3621,875	1,06360244750977			3621,875	2,77000212669373			
3625	1,07048118114471			3625	2,7472722530365			
3628,125	1,07045722007751			3628,125	2,74950456619263			
3631,25	1,06552636623383			3631,25	2,73891973495483			
3634,375	1,06445133686066			3634,375	2,71961402893066			
3637,5	1,05025112628937			3637,5	2,72443819046021			
3640,625	1,06238520145416			3640,625	2,75561285018921			
3643,75	1,05531549453735			3643,75	2,73778915405273			
3646,875	1,06382501125336			3646,875	2,71970081329346			
3650	1,06716322898865			3650	2,70587968826294			
3653,125	1,06766247749329			3653,125	2,70075798034668			
3656,25	1,06210124492645			3656,25	2,70562219619751			
3659,375	1,06190133094788			3659,375	2,70679879188538			
3662,5	1,053582072258			3662,5	2,69792652130127			
3665,625	1,05754029750824			3665,625	2,68844127655029			
3668,75	1,05635821819305			3668,75	2,67881035804749			
3671,875	1,06332039833069			3671,875	2,67849135398865			
3675	1,04668295383453			3675	2,68573093414307			
3678,125	1,05262923240662			3678,125	2,67064666748047			
3681,25	1,0529021024704			3681,25	2,65996623039246			
3684,375	1,05300211906433			3684,375	2,65893340110779			
3687,5	1,05287671089172			3687,5	2,66053509712219			
3690,625	1,04779493808746			3690,625	2,64567637443542			
3693,75	1,04424452781677			3693,75	2,63679766654968			
3696,875	1,03421556949615			3696,875	2,64427089691162			
3700	1,03210985660553			3700	2,64093637466431			
3703,125	1,03413581848145			3703,125	2,62696671485901			
3706,25	1,03941977024078			3706,25	2,61902546882629			
3709,375	1,02835977077484			3709,375	2,62572503089905			
3712,5	1,03370749950409			3712,5	2,61671781539917			
3715,625	1,0319858789444			3715,625	2,60867500305176			
3718,75	1,00411629676819			3718,75	2,61096525192261			
3721,875	1,01835370063782			3721,875	2,61192107200623			
3725	1,02808463573456			3725	2,59407138824463			
3728,125	1,01157963275909			3728,125	2,5962131023407			
3731,25	1,01549708843231			3731,25	2,59520673751831			
3734,375	0,999062716960907			3734,375	2,58273339271545			
3737,5	0,999859094619751			3737,5	2,5899760723114			
3740,625	0,995349228382111			3740,625	2,57614874839783			
3743,75	0,992273926734924			3743,75	2,5767822265625			
3746,875	0,985273420810699			3746,875	2,58252906799316			
3750	0,983576655387878			3750	2,56550621986389			
3753,125	0,98675936460495			3753,125	2,57061982154846			
3756,25	0,980940639972687			3756,25	2,56208276748657			
3759,375	0,985531151294708			3759,375	2,56308579444885			
3762,5	0,967313408851624			3762,5	2,55752682685852			
3765,625	0,958656072616577			3765,625	2,5589165687561			
3768,75	0,96783322095871			3768,75	2,53899240493774			
3771,875	0,975350856781006			3771,875	2,53388023376465			
3775	0,966131210327148			3775	2,53869676589966			
3778,125	0,96186888217926			3778,125	2,54076242446899			
3781,25	0,956944346427917			3781,25	2,53264355659485			
3784,375	0,955133974552155			3784,375	2,53421783447266			
3787,5	0,940560162067413			3787,5	2,53771615028381			
3790,625	0,929167687892914			3790,625	2,52716541290283			
3793,75	0,92636638879776			3793,75	2,53248715400696			
3796,875	0,929570972919464			3796,875	2,53023767471313			
3800	0,928763270378113			3800	2,51203680038452			
3803,125	0,933278024196625			3803,125	2,51655101776123			
3806,25	0,915171921253204			3806,25	2,51800012588501			
3809,375	0,908237218856812			3809,375	2,5241916179657			
3812,5	0,91048389673233			3812,5	2,51400136947632			
3815,625	0,905206441879272			3815,625	2,50780653953552			
3818,75	0,896712601184845			3818,75	2,50069069862366			
3821,875	0,902877748012543			3821,875	2,51727247238159			
3825	0,89137065410614			3825	2,4915816783905			
3828,125	0,892349779605865			3828,125	2,50479936599731			
3831,25	0,88468062877655			3831,25	2,51070809364319			
3834,375	0,88547146320343			3834,375	2,49456119537354			
3837,5	0,876359403133392			3837,5	2,50302791595459			
3840,625	0,87628036737442			3840,625	2,49366521835327			
3843,75	0,883256435394287			3843,75	2,50174021720886			
3846,875	0,872908413410187			3846,875	2,49768877029419			
3850	0,853365957736969			3850	2,48199367523193			
3853,125	0,867745995521545			3853,125	2,48894572257996			
3856,25	0,856572091579437			3856,25	2,49056005477905			
3859,375	0,851422965526581			3859,375	2,49032711982727			
3862,5	0,850282669067383			3862,5	2,49589920043945			
3865,625	0,859413743019104			3865,625	2,48607301712036			
3868,75	0,839394569396973			3868,75	2,48308634757996			
3871,875	0,854171276092529			3871,875	2,48202204704285			
3875	0,8525430560112			3875	2,486487865448			
3878,125	0,834004461765289			3878,125	2,47763562202454			
3881,25	0,828648507595062			3881,25	2,4836733341217			
3884,375	0,822013199329376			3884,375	2,4865870475769			
3887,5	0,835841655731201			3887,5	2,48096394538879			
3890,625	0,823902785778046			3890,625	2,47929120063782			
3893,75	0,798663437366486			3893,75	2,49516272544861			
3896,875	0,808372974395752			3896,875	2,48674058914185			
3900	0,819353342056274			3900	2,47428584098816			
3903,125	0,807735562324524			3903,125	2,46851110458374			
3906,25	0,806035876274109			3906,25	2,49452185630798			
3909,375	0,787152528762817			3909,375	2,49447894096375			
3912,5	0,778113186359406			3912,5	2,49397468566895			
3915,625	0,790632247924805			3915,625	2,48491406440735			
3918,75	0,790958285331726			3918,75	2,4781014919281			
3921,875	0,783228635787964			3921,875	2,46770548820496			
3925	0,778456628322601			3925	2,48476576805115			
3928,125	0,794389426708221			3928,125	2,49427700042725			
3931,25	0,792066395282745			3931,25	2,47471380233765			
3934,375	0,787157297134399			3934,375	2,47550940513611			
3937,5	0,771065771579742			3937,5	2,48162198066711			
3940,625	0,763439238071442			3940,625	2,49207615852356			
3943,75	0,772451400756836			3943,75	2,4772310256958			
3946,875	0,765366554260254			3946,875	2,4883120059967			
3950	0,761367738246918			3950	2,48652791976929			
3953,125	0,767502188682556			3953,125	2,48835873603821			
3956,25	0,757788062095642			3956,25	2,47855615615845			
3959,375	0,743190348148346			3959,375	2,50076508522034			
3962,5	0,759375810623169			3962,5	2,48980712890625			
3965,625	0,764751791954041			3965,625	2,4839403629303			
3968,75	0,771388828754425			3968,75	2,5020649433136			
3971,875	0,755592167377472			3971,875	2,47688746452332			
3975	0,757168471813202			3975	2,49512434005737			
3978,125	0,74068808555603			3978,125	2,51101636886597			
3981,25	0,748614192008972			3981,25	2,50451564788818			
3984,375	0,764913380146027			3984,375	2,49201393127441			
3987,5	0,75635302066803			3987,5	2,49771642684937			
3990,625	0,743013918399811			3990,625	2,47939348220825			
3993,75	0,77157598733902			3993,75	2,49647426605225			
3996,875	0,747388958930969			3996,875	2,50069952011108			
4000	0,747101247310638			4000	2,4959921836853			
4003,125	0,755853712558746			4003,125	2,48214411735535			
4006,25	0,762985467910767			4006,25	2,50971841812134			
4009,375	0,78583425283432			4009,375	2,50052714347839			
4012,5	0,747755765914917			4012,5	2,50259733200073			
4015,625	0,736119627952576			4015,625	2,50017428398132			
4018,75	0,751160621643066			4018,75	2,49360466003418			
4021,875	0,743220090866089			4021,875	2,48682332038879			
4025	0,733312427997589			4025	2,5071713924408			
4028,125	0,762145221233368			4028,125	2,49263501167297			
4031,25	0,757376253604889			4031,25	2,50201153755188			
4034,375	0,740619540214539			4034,375	2,50005149841309			
4037,5	0,752813518047333			4037,5	2,50177478790283			
4040,625	0,753678441047668			4040,625	2,49762201309204			
4043,75	0,737823188304901			4043,75	2,49960899353027			
4046,875	0,728247582912445			4046,875	2,49775266647339			
4050	0,75013655424118			4050	2,50824284553528			
4053,125	0,759097218513489			4053,125	2,49793457984924			
4056,25	0,753948152065277			4056,25	2,50135493278503			
4059,375	0,751380324363709			4059,375	2,49203681945801			
4062,5	0,744680106639862			4062,5	2,50813317298889			
4065,625	0,748614907264709			4065,625	2,49432492256165			
4068,75	0,753051519393921			4068,75	2,49950742721558			
4071,875	0,753632485866547			4071,875	2,49040246009827			
4075	0,746599197387695			4075	2,49056386947632			
4078,125	0,743980824947357			4078,125	2,50468778610229			
4081,25	0,750603795051575			4081,25	2,49763011932373			
4084,375	0,772940039634705			4084,375	2,4996280670166			
4087,5	0,758559763431549			4087,5	2,48982977867126			
4090,625	0,755577087402344			4090,625	2,49096512794495			
4093,75	0,773758351802826			4093,75	2,47913789749146			
4096,875	0,777680099010468			4096,875	2,49715328216553			
4100	0,762769877910614			4100	2,49380540847778			
4103,125	0,757957935333252			4103,125	2,48339104652405			
4106,25	0,771377861499786			4106,25	2,47727870941162			
4109,375	0,775802612304688			4109,375	2,48965740203857			
4112,5	0,769981265068054			4112,5	2,4758243560791			
4115,625	0,770228922367096			4115,625	2,48839926719666			
4118,75	0,778509795665741			4118,75	2,47438597679138			
4121,875	0,775059640407562			4121,875	2,48361301422119			
4125	0,767121315002441			4125	2,49081659317017			
4128,125	0,783408105373383			4128,125	2,48615050315857			
4131,25	0,78431248664856			4131,25	2,47085738182068			
4134,375	0,785139143466949			4134,375	2,47248291969299			
4137,5	0,784434676170349			4137,5	2,4876856803894			
4140,625	0,775606632232666			4140,625	2,47226977348328			
4143,75	0,792755961418152			4143,75	2,47760677337646			
4146,875	0,782482743263245			4146,875	2,47258806228638			
4150	0,77951717376709			4150	2,47975730895996			
4153,125	0,800332129001617			4153,125	2,47296380996704			
4156,25	0,802068412303925			4156,25	2,46048021316528			
4159,375	0,799166858196259			4159,375	2,44697165489197			
4162,5	0,787939786911011			4162,5	2,46644878387451			
4165,625	0,790832996368408			4165,625	2,46272921562195			
4168,75	0,807228624820709			4168,75	2,44782733917236			
4171,875	0,811481416225433			4171,875	2,4511878490448			
4175	0,812703669071198			4175	2,4599232673645			
4178,125	0,814084649085999			4178,125	2,45295166969299			
4181,25	0,811502277851105			4181,25	2,46084904670715			
4184,375	0,812897682189941			4184,375	2,45466637611389			
4187,5	0,82257342338562			4187,5	2,42820310592651			
4190,625	0,832253038883209			4190,625	2,43276405334473			
4193,75	0,824998557567596			4193,75	2,4404776096344			
4196,875	0,829851150512695			4196,875	2,43378186225891			
4200	0,818697869777679			4200	2,44164395332336			
4203,125	0,822054862976074			4203,125	2,43522596359253			
4206,25	0,834683358669281			4206,25	2,43667030334473			
4209,375	0,821790397167206			4209,375	2,44046187400818			
4212,5	0,818884789943695			4212,5	2,43559765815735			
4215,625	0,825477123260498			4215,625	2,44105315208435			
4218,75	0,836508810520172			4218,75	2,43780708312988			
4221,875	0,833238661289215			4221,875	2,41916513442993			
4225	0,841915786266327			4225	2,42889022827148			
4228,125	0,841211438179016			4228,125	2,41757273674011			
4231,25	0,834107339382172			4231,25	2,43311786651611			
4234,375	0,833498179912567			4234,375	2,42577242851257			
4237,5	0,828795373439789			4237,5	2,4271194934845			
4240,625	0,825894773006439			4240,625	2,42811560630798			
4243,75	0,841379225254059			4243,75	2,42165184020996			
4246,875	0,851159453392029			4246,875	2,42518472671509			
4250	0,837605834007263			4250	2,41874432563782			
4253,125	0,87340247631073			4253,125	2,41707730293274			
4256,25	0,866836428642273			4256,25	2,41467452049255			
4259,375	0,853713035583496			4259,375	2,41281175613403			
4262,5	0,854943096637726			4262,5	2,40289568901062			
4265,625	0,867429435253143			4265,625	2,41358518600464			
4268,75	0,863026142120361			4268,75	2,39556050300598			
4271,875	0,876253664493561			4271,875	2,38162875175476			
4275	0,876171112060547			4275	2,39222955703735			
4278,125	0,865261614322662			4278,125	2,39512729644775			
4281,25	0,871576964855194			4281,25	2,3909752368927			
4284,375	0,880401313304901			4284,375	2,39327239990234			
4287,5	0,89210832118988			4287,5	2,39293360710144			
4290,625	0,886424660682678			4290,625	2,38112473487854			
4293,75	0,898724436759949			4293,75	2,36989617347717			
4296,875	0,890231132507324			4296,875	2,37411212921143			
4300	0,863218307495117			4300	2,36498355865479			
4303,125	0,86569082736969			4303,125	2,37618970870972			
4306,25	0,875052452087402			4306,25	2,3834753036499			
4309,375	0,875201225280762			4309,375	2,36678385734558			
4312,5	0,880230009555817			4312,5	2,37112998962402			
4315,625	0,899294018745422			4315,625	2,37277746200562			
4318,75	0,884642660617828			4318,75	2,35651445388794			
4321,875	0,894063532352448			4321,875	2,37034130096436			
4325	0,898634016513824			4325	2,36883354187012			
4328,125	0,881701588630676			4328,125	2,36421537399292			
4331,25	0,887780487537384			4331,25	2,36313724517822			
4334,375	0,886885464191437			4334,375	2,35897898674011			
4337,5	0,881395995616913			4337,5	2,36631441116333			
4340,625	0,864992201328278			4340,625	2,377760887146			
4343,75	0,899353086948395			4343,75	2,38107585906982			
4346,875	0,898452579975128			4346,875	2,34965896606445			
4350	0,897178947925568			4350	2,34777402877808			
4353,125	0,893822252750397			4353,125	2,36060881614685			
4356,25	0,899250030517578			4356,25	2,36700296401978			
4359,375	0,902521431446075			4359,375	2,34874939918518			
4362,5	0,911112666130066			4362,5	2,35051655769348			
4365,625	0,90418928861618			4365,625	2,34068632125854			
4368,75	0,902233004570007			4368,75	2,34985589981079			
4371,875	0,905235469341278			4371,875	2,34391903877258			
4375	0,92024302482605			4375	2,33805799484253			
4378,125	0,912252008914948			4378,125	2,34073853492737			
4381,25	0,908808887004852			4381,25	2,34499311447144			
4384,375	0,922963976860046			4384,375	2,3239483833313			
4387,5	0,921013534069061			4387,5	2,33870339393616			
4390,625	0,895336210727692			4390,625	2,33944416046143			
4393,75	0,913171529769897			4393,75	2,3312873840332			
4396,875	0,920974135398865			4396,875	2,33464813232422			
4400	0,910152435302734			4400	2,33384466171265			
4403,125	0,878771722316742			4403,125	2,35271549224854			
4406,25	0,911922037601471			4406,25	2,3487491607666			
4409,375	0,912041008472443			4409,375	2,34999299049377			
4412,5	0,918273150920868			4412,5	2,34103345870972			
4415,625	0,918167173862457			4415,625	2,33938813209534			
4418,75	0,935784816741943			4418,75	2,33988165855408			
4421,875	0,927416205406189			4421,875	2,33269453048706			
4425	0,925028145313263			4425	2,31950426101685			
4428,125	0,935289204120636			4428,125	2,33387541770935			
4431,25	0,935528695583344			4431,25	2,32985353469849			
4434,375	0,948627710342407			4434,375	2,33174657821655			
4437,5	0,943278610706329			4437,5	2,3635470867157			
4440,625	0,949098825454712			4440,625	2,341876745224			
4443,75	0,94401878118515			4443,75	2,33513188362122			
4446,875	0,958337068557739			4446,875	2,32578301429749			
4450	0,974466562271118			4450	2,33342885971069			
4453,125	0,982559204101563			4453,125	2,33583688735962			
4456,25	0,97549307346344			4456,25	2,33783364295959			
4459,375	0,973300635814667			4459,375	2,32156014442444			
4462,5	0,976303398609161			4462,5	2,31436824798584			
4465,625	0,966072082519531			4465,625	2,31650686264038			
4468,75	0,978338956832886			4468,75	2,31215476989746			
4471,875	0,977751195430756			4471,875	2,30756402015686			
4475	0,965711295604706			4475	2,31742715835571			
4478,125	0,970562815666199			4478,125	2,30319356918335			
4481,25	0,973124444484711			4481,25	2,30615925788879			
4484,375	0,965087175369263			4484,375	2,2975549697876			
4487,5	0,968651354312897			4487,5	2,30829668045044			
4490,625	0,9659463763237			4490,625	2,30822730064392			
4493,75	0,973503172397614			4493,75	2,31101393699646			
4496,875	0,98166686296463			4496,875	2,30218005180359			
4500	0,964652419090271			4500	2,30839657783508			
4503,125	0,965076208114624			4503,125	2,29888439178467			
4506,25	0,975287318229675			4506,25	2,31001138687134			
4509,375	0,967381715774536			4509,375	2,31102848052979			
4512,5	0,968856513500214			4512,5	2,31035757064819			
4515,625	0,969243109226227			4515,625	2,30855917930603			
4518,75	0,965204298496246			4518,75	2,31291270256042			
4521,875	0,968203604221344			4521,875	2,31416296958923			
4525	0,980915009975433			4525	2,30762314796448			
4528,125	0,980891585350037			4528,125	2,31130313873291			
4531,25	0,983735203742981			4531,25	2,31071186065674			
4534,375	0,981341063976288			4534,375	2,32570457458496			
4537,5	0,977263510227203			4537,5	2,31518173217773			
4540,625	0,982334554195404			4540,625	2,32308650016785			
4543,75	0,979435443878174			4543,75	2,30319929122925			
4546,875	1,00486123561859			4546,875	2,31359887123108			
4550	0,989529252052307			4550	2,30429720878601			
4553,125	0,991710305213928			4553,125	2,30115699768066			
4556,25	0,991697490215302			4556,25	2,30124711990356			
4559,375	0,991902649402618			4559,375	2,30996441841125			
4562,5	0,986378192901611			4562,5	2,32130575180054			
4565,625	0,993212223052979			4565,625	2,31991720199585			
4568,75	0,996287643909454			4568,75	2,31966662406921			
4571,875	0,994631946086884			4571,875	2,30587887763977			
4575	1,00695908069611			4575	2,30817031860352			
4578,125	1,00720024108887			4578,125	2,31229019165039			
4581,25	1,00275444984436			4581,25	2,31099581718445			
4584,375	0,994485318660736			4584,375	2,31179642677307			
4587,5	0,988048672676086			4587,5	2,32014417648315			
4590,625	0,996974647045136			4590,625	2,31925344467163			
4593,75	0,99619859457016			4593,75	2,3165225982666			
4596,875	0,995719969272614			4596,875	2,32149791717529			
4600	0,991686761379242			4600	2,32158470153809			
4603,125	1,00055587291718			4603,125	2,32736945152283			
4606,25	1,0129919052124			4606,25	2,31458687782288			
4609,375	1,01049530506134			4609,375	2,32105755805969			
4612,5	1,01005339622498			4612,5	2,32375931739807			
4615,625	1,00608491897583			4615,625	2,32457423210144			
4618,75	1,01902318000793			4618,75	2,3239278793335			
4621,875	1,00224208831787			4621,875	2,33258676528931			
4625	1,01452684402466			4625	2,33387064933777			
4628,125	1,01681315898895			4628,125	2,33032059669495			
4631,25	1,01415944099426			4631,25	2,3260600566864			
4634,375	1,01709818840027			4634,375	2,32574963569641			
4637,5	1,02122974395752			4637,5	2,32995581626892			
4640,625	1,02251791954041			4640,625	2,32384920120239			
4643,75	1,02236270904541			4643,75	2,33520293235779			
4646,875	1,02168476581573			4646,875	2,33655428886414			
4650	1,03174138069153			4650	2,33209729194641			
4653,125	1,03176403045654			4653,125	2,33813381195068			
4656,25	1,02915906906128			4656,25	2,32600545883179			
4659,375	1,02652263641357			4659,375	2,33119440078735			
4662,5	1,02307558059692			4662,5	2,3359272480011			
4665,625	1,0330171585083			4665,625	2,33798003196716			
4668,75	1,03419351577759			4668,75	2,34018421173096			
4671,875	1,03229928016663			4671,875	2,34070873260498			
4675	1,03172945976257			4675	2,34956884384155			
4678,125	1,03442561626434			4678,125	2,33272576332092			
4681,25	1,04424691200256			4681,25	2,33902382850647			
4684,375	1,03217661380768			4684,375	2,34776401519775			
4687,5	1,03460443019867			4687,5	2,34527254104614			
4690,625	1,03456890583038			4690,625	2,3467264175415			
4693,75	1,03693616390228			4693,75	2,34162878990173			
4696,875	1,03506016731262			4696,875	2,34997868537903			
4700	1,03668487071991			4700	2,35155439376831			
4703,125	1,03964745998383			4703,125	2,35217094421387			
4706,25	1,03686940670013			4706,25	2,34794330596924			
4709,375	1,03303527832031			4709,375	2,34019303321838			
4712,5	1,04197299480438			4712,5	2,35707783699036			
4715,625	1,0327113866806			4715,625	2,34790992736816			
4718,75	1,04408836364746			4718,75	2,34452605247498			
4721,875	1,05010998249054			4721,875	2,3485996723175			
4725	1,04244196414948			4725	2,35174536705017			
4728,125	1,04725015163422			4728,125	2,35307312011719			
4731,25	1,04966032505035			4731,25	2,35271620750427			
4734,375	1,04467105865479			4734,375	2,34602284431458			
4737,5	1,04385030269623			4737,5	2,35274291038513			
4740,625	1,04168105125427			4740,625	2,35443377494812			
4743,75	1,05755376815796			4743,75	2,33965849876404			
4746,875	1,05430793762207			4746,875	2,34763669967651			
4750	1,04478859901428			4750	2,34913492202759			
4753,125	1,04623019695282			4753,125	2,36923861503601			
4756,25	1,05553984642029			4756,25	2,35695624351501			
4759,375	1,04902791976929			4759,375	2,36144757270813			
4762,5	1,05555558204651			4762,5	2,361661195755			
4765,625	1,03074264526367			4765,625	2,34693956375122			
4768,75	1,05426120758057			4768,75	2,36503171920776			
4771,875	1,04923248291016			4771,875	2,35423040390015			
4775	1,05220055580139			4775	2,35110402107239			
4778,125	1,04894542694092			4778,125	2,36309766769409			
4781,25	1,04794013500214			4781,25	2,35886764526367			
4784,375	1,0393477678299			4784,375	2,35942149162292			
4787,5	1,04545569419861			4787,5	2,37458276748657			
4790,625	1,05301475524902			4790,625	2,35420489311218			
4793,75	1,0433452129364			4793,75	2,35317635536194			
4796,875	1,03572678565979			4796,875	2,35401034355164			
4800	1,02130210399628			4800	2,35871291160584			
4803,125	1,00825786590576			4803,125	2,37492704391479			
4806,25	1,01457297801971			4806,25	2,39565992355347			
4809,375	1,03973150253296			4809,375	2,39543724060059			
4812,5	1,05127465724945			4812,5	2,39900922775269			
4815,625	1,07306897640228			4815,625	2,39785408973694			
4818,75	1,06615686416626			4818,75	2,38675713539124			
4821,875	1,05849957466125			4821,875	2,37830781936646			
4825	1,0505918264389			4825	2,37758135795593			
4828,125	1,05536997318268			4828,125	2,37136912345886			
4831,25	1,06826961040497			4831,25	2,38182663917542			
4834,375	1,06585133075714			4834,375	2,37716555595398			
4837,5	1,05554676055908			4837,5	2,37822270393372			
4840,625	1,06298530101776			4840,625	2,37941837310791			
4843,75	1,0615268945694			4843,75	2,36806273460388			
4846,875	1,07054376602173			4846,875	2,37094688415527			
4850	1,07259273529053			4850	2,38084554672241			
4853,125	1,06527483463287			4853,125	2,38074588775635			
4856,25	1,06978833675385			4856,25	2,38405728340149			
4859,375	1,06815147399902			4859,375	2,39221954345703			
4862,5	1,05704689025879			4862,5	2,39805698394775			
4865,625	1,07316291332245			4865,625	2,38023686408997			
4868,75	1,07250678539276			4868,75	2,38819217681885			
4871,875	1,07010889053345			4871,875	2,37052750587463			
4875	1,08121359348297			4875	2,38433909416199			
4878,125	1,07842171192169			4878,125	2,38470053672791			
4881,25	1,08886408805847			4881,25	2,38838887214661			
4884,375	1,09136199951172			4884,375	2,38731575012207			
4887,5	1,08438158035278			4887,5	2,38738298416138			
4890,625	1,08736217021942			4890,625	2,3986668586731			
4893,75	1,09872472286224			4893,75	2,39200448989868			
4896,875	1,09708964824677			4896,875	2,38565492630005			
4900	1,10742402076721			4900	2,3884117603302			
4903,125	1,10969960689545			4903,125	2,38690876960754			
4906,25	1,10659575462341			4906,25	2,38504767417908			
4909,375	1,10713958740234			4909,375	2,38961505889893			
4912,5	1,11330366134644			4912,5	2,39103198051453			
4915,625	1,11743235588074			4915,625	2,39505290985107			
4918,75	1,11715996265411			4918,75	2,39654660224915			
4921,875	1,12265813350677			4921,875	2,39233326911926			
4925	1,14739608764648			4925	2,39999055862427			
4928,125	1,13785517215729			4928,125	2,39623141288757			
4931,25	1,1343024969101			4931,25	2,40398931503296			
4934,375	1,1644583940506			4934,375	2,39621996879578			
4937,5	1,15091526508331			4937,5	2,38966035842896			
4940,625	1,18035173416138			4940,625	2,4081814289093			
4943,75	1,1773784160614			4943,75	2,40447211265564			
4946,875	1,19566905498505			4946,875	2,40122771263123			
4950	1,20858979225159			4950	2,41210865974426			
4953,125	1,22457873821259			4953,125	2,38654661178589			
4956,25	1,23973166942596			4956,25	2,38475918769836			
4959,375	1,24254202842712			4959,375	2,39586448669434			
4962,5	1,2728865146637			4962,5	2,38542866706848			
4965,625	1,27931678295135			4965,625	2,38219523429871			
4968,75	1,29572057723999			4968,75	2,38853693008423			
4971,875	1,31309986114502			4971,875	2,38406920433044			
								
