Randomly Selected Posterior Samples
Fiber Type: Silk
Porosity: 94

Sample Index   Airflow Resistivity Tortuosity          Viscous Characteristic LengthThermal Characteristic LengthStatic Thermal PermeabilitySigma Noise         
1              6.011130e+05 2.037386e+00 1.262432e-05 8.585655e-05 4.987023e-10 1.870418e-01 
2              5.338123e+05 2.059802e+00 1.262432e-05 1.087607e-04 5.141749e-10 1.786106e-01 
3              3.492611e+05 2.059853e+00 1.262432e-05 1.226590e-04 5.750452e-10 1.431340e-01 
4              5.860840e+05 2.059408e+00 1.262432e-05 9.057311e-05 5.021908e-10 1.838547e-01 
5              5.706489e+05 2.058686e+00 1.262432e-05 1.000211e-04 5.394396e-10 1.852265e-01 
6              5.779433e+05 2.050923e+00 1.262499e-05 9.889764e-05 4.623132e-10 1.841031e-01 
7              3.142714e+05 2.059520e+00 1.262432e-05 1.323668e-04 5.569982e-10 1.326309e-01 
8              3.698721e+05 2.057066e+00 1.263512e-05 1.153706e-04 5.726085e-10 1.476614e-01 
9              5.930387e+05 2.057273e+00 1.270451e-05 8.543911e-05 4.521270e-10 1.861220e-01 
10             5.241145e+05 2.059403e+00 1.262432e-05 1.123742e-04 5.405007e-10 1.768445e-01 
11             6.048250e+05 1.912141e+00 1.262432e-05 8.625411e-05 4.881853e-10 1.889317e-01 
12             5.927853e+05 2.055636e+00 1.262432e-05 8.728634e-05 4.282408e-10 1.866598e-01 
13             5.241332e+05 2.056958e+00 1.262432e-05 1.108597e-04 5.333774e-10 1.785553e-01 
14             3.517685e+05 2.059243e+00 1.262432e-05 1.191093e-04 5.823747e-10 1.448357e-01 
15             5.181433e+05 2.057038e+00 1.262432e-05 1.113424e-04 5.492188e-10 1.756494e-01 
16             3.511162e+05 2.059782e+00 1.262432e-05 1.201670e-04 5.708206e-10 1.435837e-01 
17             6.019905e+05 2.009099e+00 1.268681e-05 8.585251e-05 4.660172e-10 1.872151e-01 
18             5.910066e+05 2.058963e+00 1.262432e-05 8.848172e-05 5.092447e-10 1.872613e-01 
19             5.342830e+05 2.052345e+00 1.264627e-05 1.091992e-04 5.108984e-10 1.788811e-01 
20             5.731166e+05 2.057810e+00 1.264185e-05 9.744643e-05 5.367006e-10 1.840060e-01 
21             3.546785e+05 2.059569e+00 1.262432e-05 1.180978e-04 5.838472e-10 1.439605e-01 
22             5.932343e+05 2.057683e+00 1.262432e-05 8.522555e-05 4.888122e-10 1.856846e-01 
23             5.336443e+05 2.059085e+00 1.265006e-05 1.096195e-04 4.960840e-10 1.792759e-01 
24             5.004987e+05 2.057903e+00 1.262432e-05 1.178509e-04 5.201952e-10 1.729274e-01 
25             3.263341e+05 2.060000e+00 1.262432e-05 1.310422e-04 5.946710e-10 1.355885e-01 
26             5.782078e+05 2.058479e+00 1.268039e-05 9.716620e-05 5.075120e-10 1.851242e-01 
27             5.223039e+05 2.057435e+00 1.262771e-05 1.126403e-04 5.339371e-10 1.749358e-01 
28             5.875797e+05 2.059740e+00 1.262432e-05 9.046719e-05 4.489522e-10 1.848698e-01 
29             5.776871e+05 2.059312e+00 1.265196e-05 9.987510e-05 5.311042e-10 1.852873e-01 
30             3.630291e+05 2.057766e+00 1.262432e-05 1.207673e-04 5.495599e-10 1.460168e-01 
31             5.824639e+05 2.054827e+00 1.262432e-05 9.343375e-05 4.731277e-10 1.843244e-01 
32             3.842332e+05 2.059553e+00 1.264881e-05 1.153376e-04 5.791303e-10 1.488625e-01 
33             3.306899e+05 2.060000e+00 1.262432e-05 1.289971e-04 5.533187e-10 1.379877e-01 
34             3.588289e+05 2.055132e+00 1.266570e-05 1.198990e-04 6.049801e-10 1.430617e-01 
35             3.780302e+05 2.058636e+00 1.262432e-05 1.150701e-04 5.503673e-10 1.498798e-01 
36             3.771324e+05 2.056352e+00 1.262432e-05 1.145709e-04 5.666376e-10 1.493675e-01 
37             5.105717e+05 2.058393e+00 1.264377e-05 1.198591e-04 5.242612e-10 1.763849e-01 
38             6.012015e+05 2.039867e+00 1.262432e-05 8.571765e-05 5.108076e-10 1.901904e-01 
39             5.246954e+05 2.059280e+00 1.262432e-05 1.107980e-04 5.430179e-10 1.771844e-01 
40             5.826080e+05 2.059127e+00 1.262432e-05 9.189405e-05 4.571323e-10 1.845455e-01 
41             3.143156e+05 2.059741e+00 1.265737e-05 1.324646e-04 5.927677e-10 1.337251e-01 
42             6.065209e+05 1.850141e+00 1.270775e-05 8.534308e-05 4.875494e-10 1.903305e-01 
43             5.213480e+05 2.059563e+00 1.262432e-05 1.101669e-04 5.409416e-10 1.781599e-01 
44             5.958104e+05 2.055779e+00 1.266192e-05 8.658512e-05 4.568862e-10 1.882009e-01 
45             3.708665e+05 2.060000e+00 1.262432e-05 1.153667e-04 5.434170e-10 1.494590e-01 
46             5.097665e+05 2.057769e+00 1.262432e-05 1.192657e-04 5.278797e-10 1.748673e-01 
47             5.765813e+05 2.057769e+00 1.263417e-05 9.983720e-05 4.862495e-10 1.830582e-01 
48             3.283045e+05 2.059921e+00 1.264032e-05 1.300218e-04 5.643632e-10 1.361542e-01 
49             5.085136e+05 2.054994e+00 1.264201e-05 1.198216e-04 5.664065e-10 1.747208e-01 
50             5.276349e+05 2.054502e+00 1.262432e-05 1.108106e-04 4.963472e-10 1.772353e-01 
51             5.242009e+05 2.056389e+00 1.263670e-05 1.133035e-04 4.998540e-10 1.756937e-01 
52             3.516017e+05 2.058034e+00 1.262432e-05 1.194090e-04 5.760498e-10 1.430579e-01 
53             3.400650e+05 2.059758e+00 1.262432e-05 1.230590e-04 5.937245e-10 1.417790e-01 
54             6.047592e+05 1.915528e+00 1.262432e-05 8.675714e-05 4.840740e-10 1.890170e-01 
55             5.196515e+05 2.052536e+00 1.262432e-05 1.113126e-04 5.275320e-10 1.763284e-01 
56             6.019970e+05 2.009411e+00 1.262432e-05 8.546829e-05 4.803798e-10 1.878522e-01 
57             5.264958e+05 2.059595e+00 1.263859e-05 1.119300e-04 5.310725e-10 1.791359e-01 
58             3.381254e+05 2.060000e+00 1.262432e-05 1.224298e-04 5.795097e-10 1.378625e-01 
59             3.618123e+05 2.055952e+00 1.262432e-05 1.200204e-04 5.940197e-10 1.465286e-01 
60             5.145784e+05 2.055076e+00 1.262432e-05 1.152319e-04 4.961487e-10 1.743942e-01 
61             3.822690e+05 2.059838e+00 1.262432e-05 1.153531e-04 5.591556e-10 1.502639e-01 
62             5.932495e+05 2.055361e+00 1.262432e-05 8.548146e-05 4.700735e-10 1.876526e-01 
63             5.458838e+05 2.058673e+00 1.262432e-05 1.080118e-04 5.664922e-10 1.807956e-01 
64             5.070605e+05 2.058803e+00 1.262432e-05 1.212636e-04 5.260360e-10 1.736183e-01 
65             6.085701e+05 1.843328e+00 1.263151e-05 8.242003e-05 4.812677e-10 1.876269e-01 
66             5.783391e+05 2.059476e+00 1.262432e-05 9.832138e-05 5.067562e-10 1.837229e-01 
67             5.911333e+05 2.055204e+00 1.262432e-05 8.856931e-05 4.939356e-10 1.880265e-01 
68             5.186652e+05 2.058598e+00 1.266264e-05 1.116416e-04 5.441329e-10 1.778535e-01 
69             3.658446e+05 2.055820e+00 1.262432e-05 1.180760e-04 6.039222e-10 1.470210e-01 
70             3.160760e+05 2.060000e+00 1.262432e-05 1.328246e-04 5.768557e-10 1.335689e-01 
71             5.308066e+05 2.059920e+00 1.262432e-05 1.136677e-04 5.411511e-10 1.789552e-01 
72             5.705882e+05 2.058817e+00 1.266645e-05 1.008275e-04 4.998055e-10 1.832313e-01 
73             3.832729e+05 2.059955e+00 1.262432e-05 1.145152e-04 5.910759e-10 1.512305e-01 
74             6.014570e+05 2.024703e+00 1.269434e-05 8.556073e-05 4.865688e-10 1.906022e-01 
75             3.354071e+05 2.059767e+00 1.262432e-05 1.241159e-04 6.270729e-10 1.391021e-01 
76             5.146776e+05 2.051050e+00 1.262432e-05 1.148523e-04 5.072171e-10 1.761240e-01 
77             5.910987e+05 2.055568e+00 1.262432e-05 8.933137e-05 4.587278e-10 1.867783e-01 
78             5.325692e+05 2.058003e+00 1.267725e-05 1.115044e-04 5.181018e-10 1.765861e-01 
79             5.162806e+05 2.059756e+00 1.262432e-05 1.129282e-04 5.187997e-10 1.765547e-01 
80             3.397808e+05 2.059868e+00 1.262432e-05 1.228052e-04 5.641287e-10 1.401844e-01 
81             3.385493e+05 2.058898e+00 1.262432e-05 1.219180e-04 5.805917e-10 1.413039e-01 
82             3.397385e+05 2.058602e+00 1.262432e-05 1.228496e-04 5.502058e-10 1.402606e-01 
83             5.878061e+05 2.055152e+00 1.262432e-05 9.028271e-05 4.749516e-10 1.861693e-01 
84             5.930234e+05 2.052990e+00 1.262432e-05 8.588788e-05 4.630625e-10 1.884501e-01 
85             3.766036e+05 2.059786e+00 1.267385e-05 1.148337e-04 5.568019e-10 1.496087e-01 
86             5.716818e+05 2.058628e+00 1.262432e-05 9.972431e-05 5.265731e-10 1.830295e-01 
87             5.359298e+05 2.059524e+00 1.262432e-05 1.065757e-04 4.930798e-10 1.769692e-01 
88             3.148699e+05 2.058680e+00 1.262432e-05 1.316181e-04 5.699580e-10 1.336157e-01 
89             3.652880e+05 2.050025e+00 1.262432e-05 1.188240e-04 6.108763e-10 1.464126e-01 
90             5.364045e+05 2.058044e+00 1.262432e-05 1.075413e-04 5.485691e-10 1.789356e-01 
91             3.825520e+05 2.060000e+00 1.262432e-05 1.151887e-04 5.648664e-10 1.524624e-01 
92             3.815997e+05 2.058009e+00 1.262432e-05 1.157086e-04 5.688309e-10 1.503588e-01 
93             5.938654e+05 2.054214e+00 1.262870e-05 8.595323e-05 5.063883e-10 1.851047e-01 
94             3.468103e+05 2.059024e+00 1.262696e-05 1.228382e-04 5.431557e-10 1.442270e-01 
95             5.449140e+05 2.049992e+00 1.262432e-05 1.063643e-04 5.025872e-10 1.789567e-01 
96             3.221167e+05 2.060000e+00 1.262432e-05 1.328171e-04 5.780909e-10 1.356079e-01 
97             3.369902e+05 2.058050e+00 1.262432e-05 1.238550e-04 6.183550e-10 1.391048e-01 
98             5.421812e+05 2.058538e+00 1.262432e-05 1.066060e-04 5.112962e-10 1.793485e-01 
99             5.004114e+05 2.060000e+00 1.262432e-05 1.177693e-04 5.249350e-10 1.723191e-01 
100            5.822810e+05 2.059671e+00 1.267724e-05 9.372198e-05 4.648048e-10 1.835187e-01 
101            3.283603e+05 2.060000e+00 1.262432e-05 1.302775e-04 6.212812e-10 1.358892e-01 
102            3.183150e+05 2.058442e+00 1.262432e-05 1.326254e-04 5.976057e-10 1.323232e-01 
103            5.873306e+05 2.059477e+00 1.262432e-05 9.057932e-05 4.874521e-10 1.855757e-01 
104            5.223108e+05 2.057232e+00 1.262432e-05 1.127116e-04 5.172201e-10 1.772995e-01 
105            3.180330e+05 2.058141e+00 1.262432e-05 1.329678e-04 6.067696e-10 1.345103e-01 
106            5.255946e+05 2.059357e+00 1.262432e-05 1.100495e-04 5.359379e-10 1.774400e-01 
107            3.287445e+05 2.059216e+00 1.262897e-05 1.304426e-04 5.953650e-10 1.381841e-01 
108            5.880786e+05 2.060000e+00 1.267251e-05 8.857875e-05 4.578189e-10 1.868931e-01 
109            6.012009e+05 2.030226e+00 1.262432e-05 8.562883e-05 4.664478e-10 1.886899e-01 
110            5.932772e+05 2.057218e+00 1.262432e-05 8.559945e-05 4.916486e-10 1.872373e-01 
111            6.011339e+05 2.030173e+00 1.262432e-05 8.563856e-05 4.476293e-10 1.876041e-01 
112            5.780125e+05 2.055985e+00 1.262432e-05 9.822099e-05 4.608903e-10 1.869273e-01 
113            3.139804e+05 2.055636e+00 1.262432e-05 1.332206e-04 5.679715e-10 1.307754e-01 
114            6.008462e+05 2.051388e+00 1.262432e-05 8.496441e-05 4.458898e-10 1.898974e-01 
115            3.528162e+05 2.059228e+00 1.262432e-05 1.181413e-04 5.745641e-10 1.423388e-01 
116            3.256757e+05 2.060000e+00 1.262432e-05 1.310190e-04 5.920680e-10 1.380729e-01 
117            3.715912e+05 2.060000e+00 1.262432e-05 1.161575e-04 5.383734e-10 1.502281e-01 
118            5.459687e+05 2.060000e+00 1.269980e-05 1.081139e-04 5.359210e-10 1.802533e-01 
119            5.703213e+05 2.057438e+00 1.262432e-05 1.005143e-04 5.070849e-10 1.824911e-01 
120            3.362504e+05 2.060000e+00 1.262432e-05 1.251472e-04 6.005283e-10 1.390147e-01 
121            3.691471e+05 2.060000e+00 1.262432e-05 1.169428e-04 5.493642e-10 1.472271e-01 
122            5.977606e+05 2.058470e+00 1.262432e-05 8.647284e-05 4.510008e-10 1.874825e-01 
123            5.066577e+05 2.059295e+00 1.262432e-05 1.204290e-04 5.628654e-10 1.709947e-01 
124            5.752528e+05 2.058968e+00 1.270441e-05 1.008474e-04 5.198797e-10 1.876049e-01 
125            3.463838e+05 2.057797e+00 1.264120e-05 1.224755e-04 5.840418e-10 1.432636e-01 
126            5.303471e+05 2.057706e+00 1.268866e-05 1.127926e-04 4.691449e-10 1.786479e-01 
127            5.281993e+05 2.057857e+00 1.276424e-05 1.109794e-04 5.375140e-10 1.766510e-01 
128            3.631120e+05 2.058558e+00 1.262432e-05 1.205722e-04 6.070348e-10 1.461871e-01 
129            5.221880e+05 2.059264e+00 1.262432e-05 1.118125e-04 4.902156e-10 1.751830e-01 
130            5.242847e+05 2.054957e+00 1.267718e-05 1.113252e-04 5.365033e-10 1.774339e-01 
131            5.770238e+05 2.057882e+00 1.264306e-05 1.007930e-04 5.374565e-10 1.850274e-01 
132            5.187295e+05 2.059910e+00 1.262432e-05 1.119007e-04 5.219054e-10 1.769880e-01 
133            5.393185e+05 2.059533e+00 1.262432e-05 1.040669e-04 5.017143e-10 1.818775e-01 
134            5.932725e+05 2.059800e+00 1.262432e-05 8.512350e-05 4.534115e-10 1.852445e-01 
135            3.665333e+05 2.060000e+00 1.262432e-05 1.176553e-04 5.740390e-10 1.460965e-01 
136            5.004217e+05 2.058338e+00 1.262432e-05 1.178112e-04 5.459744e-10 1.733841e-01 
137            5.914697e+05 2.060000e+00 1.262432e-05 8.828530e-05 4.885217e-10 1.860019e-01 
138            3.284140e+05 2.058022e+00 1.262432e-05 1.303697e-04 5.737959e-10 1.364206e-01 
139            4.977760e+05 2.058269e+00 1.262546e-05 1.170890e-04 5.454082e-10 1.741157e-01 
140            5.725058e+05 2.058128e+00 1.268645e-05 9.821292e-05 4.865361e-10 1.828397e-01 
141            6.011397e+05 2.047837e+00 1.262432e-05 8.563809e-05 5.121910e-10 1.888205e-01 
142            5.933545e+05 2.056426e+00 1.262530e-05 8.553373e-05 4.885482e-10 1.893016e-01 
143            5.241798e+05 2.054223e+00 1.262432e-05 1.121893e-04 5.210252e-10 1.780284e-01 
144            3.737225e+05 2.058822e+00 1.262432e-05 1.156260e-04 5.747615e-10 1.495990e-01 
145            3.419576e+05 2.058943e+00 1.262432e-05 1.226088e-04 5.860577e-10 1.408149e-01 
146            6.005972e+05 2.049309e+00 1.262432e-05 8.591242e-05 4.724901e-10 1.854986e-01 
147            3.722445e+05 2.059684e+00 1.262432e-05 1.158837e-04 5.827211e-10 1.473734e-01 
148            3.165289e+05 2.060000e+00 1.262432e-05 1.337431e-04 6.171433e-10 1.334358e-01 
149            3.524789e+05 2.057614e+00 1.262432e-05 1.180841e-04 5.557268e-10 1.426075e-01 
150            3.263086e+05 2.058824e+00 1.264936e-05 1.310866e-04 6.085796e-10 1.359655e-01 
151            3.675159e+05 2.052380e+00 1.262432e-05 1.175372e-04 5.843242e-10 1.448914e-01 
152            5.108247e+05 2.055216e+00 1.266159e-05 1.202234e-04 5.361944e-10 1.744926e-01 
153            5.784419e+05 2.057224e+00 1.262432e-05 9.808678e-05 5.083435e-10 1.845059e-01 
154            3.298072e+05 2.059494e+00 1.266088e-05 1.298632e-04 5.669072e-10 1.377864e-01 
155            5.043919e+05 2.060000e+00 1.263237e-05 1.184550e-04 4.919297e-10 1.750142e-01 
156            5.065714e+05 2.057128e+00 1.262432e-05 1.197507e-04 5.009395e-10 1.729581e-01 
157            5.879210e+05 2.059773e+00 1.266293e-05 9.065663e-05 4.911745e-10 1.841451e-01 
158            3.210255e+05 2.060000e+00 1.262432e-05 1.325139e-04 5.870322e-10 1.342893e-01 
159            5.091918e+05 2.058833e+00 1.262432e-05 1.196108e-04 5.469004e-10 1.732193e-01 
160            3.177869e+05 2.057736e+00 1.262432e-05 1.334679e-04 5.953977e-10 1.330533e-01 
161            3.504640e+05 2.057160e+00 1.262432e-05 1.210763e-04 5.854054e-10 1.413045e-01 
162            4.999936e+05 2.059011e+00 1.262873e-05 1.173170e-04 5.511163e-10 1.730534e-01 
163            5.089370e+05 2.059342e+00 1.262432e-05 1.193568e-04 5.278982e-10 1.751685e-01 
164            3.239998e+05 2.059868e+00 1.262432e-05 1.329443e-04 5.501803e-10 1.367526e-01 
165            3.630420e+05 2.059666e+00 1.262432e-05 1.205278e-04 5.489184e-10 1.455894e-01 
166            5.160516e+05 2.059024e+00 1.264345e-05 1.135344e-04 5.349275e-10 1.757971e-01 
167            3.283564e+05 2.060000e+00 1.262432e-05 1.301009e-04 5.913105e-10 1.370666e-01 
168            5.942111e+05 2.059446e+00 1.262432e-05 8.519506e-05 4.798084e-10 1.873876e-01 
169            5.066485e+05 2.058118e+00 1.262706e-05 1.202523e-04 5.447177e-10 1.740942e-01 
170            4.989047e+05 2.059671e+00 1.262432e-05 1.166984e-04 5.234254e-10 1.725151e-01 
171            3.754684e+05 2.058408e+00 1.262432e-05 1.172556e-04 5.417605e-10 1.488363e-01 
172            5.954460e+05 2.059238e+00 1.262432e-05 8.527816e-05 5.271587e-10 1.854144e-01 
173            6.009459e+05 2.045453e+00 1.263179e-05 8.556351e-05 4.693429e-10 1.865788e-01 
174            3.698219e+05 2.059066e+00 1.262432e-05 1.161172e-04 5.433623e-10 1.477756e-01 
175            6.024301e+05 1.963425e+00 1.262432e-05 8.322883e-05 4.679678e-10 1.876751e-01 
176            5.264806e+05 2.055968e+00 1.262432e-05 1.122204e-04 5.447512e-10 1.767675e-01 
177            5.938823e+05 2.056384e+00 1.262432e-05 8.599586e-05 4.764336e-10 1.837376e-01 
178            5.470427e+05 2.060000e+00 1.265445e-05 1.089695e-04 4.853738e-10 1.797575e-01 
179            5.100136e+05 2.058666e+00 1.262432e-05 1.196188e-04 5.217506e-10 1.756660e-01 
180            5.865938e+05 2.057374e+00 1.262432e-05 9.180140e-05 5.145179e-10 1.852568e-01 
181            5.731166e+05 2.057810e+00 1.264185e-05 9.744643e-05 5.367006e-10 1.840060e-01 
182            3.589087e+05 2.053670e+00 1.262432e-05 1.197749e-04 6.013329e-10 1.457945e-01 
183            5.707259e+05 2.058188e+00 1.262432e-05 1.004837e-04 5.181238e-10 1.822583e-01 
184            5.935662e+05 2.054292e+00 1.272051e-05 8.481406e-05 4.778226e-10 1.853945e-01 
185            5.931893e+05 2.058783e+00 1.262432e-05 8.563684e-05 4.863031e-10 1.826214e-01 
186            6.071274e+05 1.853468e+00 1.262432e-05 8.591573e-05 4.840224e-10 1.885761e-01 
187            5.161955e+05 2.058905e+00 1.262432e-05 1.131286e-04 5.166257e-10 1.743387e-01 
188            5.847000e+05 2.056962e+00 1.262432e-05 9.324651e-05 4.916845e-10 1.845910e-01 
189            3.832727e+05 2.058417e+00 1.262432e-05 1.147255e-04 5.559741e-10 1.495917e-01 
190            3.352323e+05 2.059210e+00 1.262432e-05 1.241970e-04 5.862079e-10 1.391037e-01 
191            5.430462e+05 2.060000e+00 1.262432e-05 1.071946e-04 5.221218e-10 1.804769e-01 
192            5.015255e+05 2.058030e+00 1.267461e-05 1.168169e-04 5.287676e-10 1.742165e-01 
193            4.988897e+05 2.059872e+00 1.262432e-05 1.169143e-04 4.998317e-10 1.721812e-01 
194            5.330347e+05 2.055287e+00 1.262432e-05 1.107259e-04 5.452438e-10 1.749959e-01 
195            5.869855e+05 2.058723e+00 1.277552e-05 9.299475e-05 5.212898e-10 1.851465e-01 
196            5.095086e+05 2.056872e+00 1.262432e-05 1.197477e-04 4.978006e-10 1.748751e-01 
197            5.747915e+05 2.058825e+00 1.264130e-05 1.009210e-04 5.161758e-10 1.842220e-01 
198            3.761939e+05 2.058417e+00 1.262432e-05 1.154053e-04 5.549823e-10 1.486457e-01 
199            5.114703e+05 2.060000e+00 1.262432e-05 1.191566e-04 5.276545e-10 1.763666e-01 
200            3.148357e+05 2.059947e+00 1.262432e-05 1.318522e-04 5.650937e-10 1.330525e-01 
201            5.177758e+05 2.058891e+00 1.262432e-05 1.118847e-04 5.200702e-10 1.763262e-01 
202            5.801688e+05 2.055836e+00 1.262432e-05 9.892033e-05 4.860522e-10 1.855331e-01 
203            3.749724e+05 2.056753e+00 1.262432e-05 1.168891e-04 5.713737e-10 1.481542e-01 
204            5.824968e+05 2.057163e+00 1.265025e-05 9.375286e-05 4.387735e-10 1.853244e-01 
205            5.832855e+05 2.059426e+00 1.262432e-05 9.040888e-05 4.815557e-10 1.838980e-01 
206            5.296910e+05 2.058188e+00 1.264617e-05 1.103497e-04 5.689973e-10 1.789758e-01 
207            5.825505e+05 2.054150e+00 1.262432e-05 9.232718e-05 4.765549e-10 1.845478e-01 
208            5.945073e+05 2.056786e+00 1.262432e-05 8.602457e-05 4.814650e-10 1.892058e-01 
209            5.720446e+05 2.059450e+00 1.272001e-05 9.822457e-05 4.603258e-10 1.834991e-01 
210            5.957594e+05 2.059090e+00 1.262432e-05 8.682894e-05 4.893973e-10 1.875838e-01 
211            3.574092e+05 2.058929e+00 1.262432e-05 1.185526e-04 5.452110e-10 1.429116e-01 
212            5.183711e+05 2.057236e+00 1.262432e-05 1.123175e-04 5.280158e-10 1.754736e-01 
213            6.018712e+05 1.960833e+00 1.262432e-05 8.413710e-05 4.430829e-10 1.864748e-01 
214            3.737491e+05 2.059516e+00 1.262432e-05 1.156347e-04 5.481901e-10 1.491783e-01 
215            5.006214e+05 2.060000e+00 1.262432e-05 1.179279e-04 5.499762e-10 1.726642e-01 
216            5.904754e+05 2.054837e+00 1.270082e-05 8.913795e-05 4.859621e-10 1.871401e-01 
217            3.325491e+05 2.059050e+00 1.262432e-05 1.272553e-04 5.618740e-10 1.362676e-01 
218            5.986888e+05 2.060000e+00 1.262432e-05 8.718313e-05 5.014601e-10 1.868351e-01 
219            3.801803e+05 2.053805e+00 1.262432e-05 1.151092e-04 5.427280e-10 1.484662e-01 
220            3.218394e+05 2.059162e+00 1.262432e-05 1.333104e-04 5.629758e-10 1.345610e-01 
221            3.656826e+05 2.060000e+00 1.262432e-05 1.189246e-04 5.484657e-10 1.473765e-01 
222            3.802008e+05 2.053361e+00 1.262432e-05 1.151416e-04 5.734431e-10 1.487139e-01 
223            5.784793e+05 2.060000e+00 1.262432e-05 9.807582e-05 4.914098e-10 1.838600e-01 
224            5.911452e+05 2.057419e+00 1.274189e-05 8.915307e-05 4.883582e-10 1.866806e-01 
225            5.216349e+05 2.056983e+00 1.262432e-05 1.106099e-04 5.316422e-10 1.756227e-01 
226            3.868153e+05 2.059487e+00 1.262432e-05 1.138109e-04 5.556092e-10 1.510380e-01 
227            6.019498e+05 2.010938e+00 1.262432e-05 8.547318e-05 5.021115e-10 1.898100e-01 
228            3.779731e+05 2.059998e+00 1.263103e-05 1.152063e-04 5.541669e-10 1.502263e-01 
229            5.910400e+05 2.055344e+00 1.262432e-05 8.860010e-05 5.108797e-10 1.863378e-01 
230            5.834000e+05 2.058924e+00 1.266597e-05 9.031344e-05 4.666345e-10 1.879391e-01 
231            5.014488e+05 2.058171e+00 1.266301e-05 1.169581e-04 4.973197e-10 1.722575e-01 
232            5.283902e+05 2.055566e+00 1.262432e-05 1.106962e-04 5.287914e-10 1.760136e-01 
233            3.671765e+05 2.050432e+00 1.262432e-05 1.177805e-04 5.888524e-10 1.466499e-01 
234            5.246075e+05 2.059834e+00 1.262432e-05 1.107280e-04 5.599131e-10 1.758076e-01 
235            5.936930e+05 2.059521e+00 1.262432e-05 8.557398e-05 5.030480e-10 1.848789e-01 
236            3.618277e+05 2.056175e+00 1.263314e-05 1.199769e-04 5.733220e-10 1.460755e-01 
237            4.988808e+05 2.060000e+00 1.262432e-05 1.168089e-04 4.945260e-10 1.726758e-01 
238            3.283157e+05 2.060000e+00 1.264126e-05 1.302628e-04 5.671073e-10 1.365166e-01 
239            3.612302e+05 2.056180e+00 1.262432e-05 1.202071e-04 5.720549e-10 1.457575e-01 
240            3.843139e+05 2.057082e+00 1.262432e-05 1.143850e-04 5.349262e-10 1.507981e-01 
241            3.771287e+05 2.057396e+00 1.262432e-05 1.145721e-04 5.687536e-10 1.493657e-01 
242            5.851223e+05 2.059563e+00 1.262432e-05 9.116655e-05 5.092701e-10 1.843832e-01 
243            5.777386e+05 2.059808e+00 1.264323e-05 9.968460e-05 5.091216e-10 1.849289e-01 
244            5.145915e+05 2.056576e+00 1.262432e-05 1.155451e-04 5.393818e-10 1.768264e-01 
245            5.264643e+05 2.056742e+00 1.263912e-05 1.119960e-04 5.370985e-10 1.764821e-01 
246            5.184284e+05 2.059062e+00 1.262432e-05 1.118190e-04 5.106641e-10 1.741969e-01 
247            5.005682e+05 2.055590e+00 1.262432e-05 1.178637e-04 5.418179e-10 1.750739e-01 
248            3.522868e+05 2.060000e+00 1.262432e-05 1.187613e-04 5.616435e-10 1.437082e-01 
249            5.032083e+05 2.058677e+00 1.262510e-05 1.192367e-04 5.052745e-10 1.740566e-01 
250            5.718787e+05 2.054535e+00 1.264863e-05 9.822433e-05 4.815016e-10 1.854441e-01 
251            3.815463e+05 2.058585e+00 1.262432e-05 1.156205e-04 5.209605e-10 1.519891e-01 
252            5.230525e+05 2.057371e+00 1.263333e-05 1.138489e-04 5.443285e-10 1.766073e-01 
253            3.193479e+05 2.056872e+00 1.262432e-05 1.324303e-04 5.970420e-10 1.330359e-01 
254            5.833516e+05 2.060000e+00 1.262432e-05 9.096043e-05 4.939358e-10 1.845033e-01 
255            3.835857e+05 2.057544e+00 1.262432e-05 1.156462e-04 6.058122e-10 1.536455e-01 
256            3.645961e+05 2.058873e+00 1.262432e-05 1.195506e-04 5.953685e-10 1.466546e-01 
257            5.117857e+05 2.055756e+00 1.262432e-05 1.190252e-04 5.470561e-10 1.748162e-01 
258            5.086764e+05 2.060000e+00 1.262432e-05 1.197850e-04 5.156546e-10 1.751685e-01 
259            5.357661e+05 2.059354e+00 1.262432e-05 1.068389e-04 5.388893e-10 1.776544e-01 
260            5.014715e+05 2.056183e+00 1.262432e-05 1.165347e-04 5.387459e-10 1.738401e-01 
261            5.882827e+05 2.058646e+00 1.262432e-05 8.889642e-05 4.244571e-10 1.839719e-01 
262            5.310840e+05 2.057786e+00 1.266081e-05 1.141441e-04 5.259148e-10 1.772512e-01 
263            5.785588e+05 2.056842e+00 1.262432e-05 9.760309e-05 5.074577e-10 1.838570e-01 
264            5.732829e+05 2.056973e+00 1.262432e-05 9.671769e-05 4.819691e-10 1.845399e-01 
265            5.336649e+05 2.059681e+00 1.262432e-05 1.093644e-04 5.376090e-10 1.787465e-01 
266            3.661039e+05 2.058996e+00 1.262432e-05 1.184879e-04 5.574290e-10 1.484293e-01 
267            5.040914e+05 2.058866e+00 1.266753e-05 1.184698e-04 5.508143e-10 1.743267e-01 
268            3.690804e+05 2.059934e+00 1.262432e-05 1.158865e-04 5.688089e-10 1.463480e-01 
269            5.233010e+05 2.060000e+00 1.262432e-05 1.146962e-04 4.991532e-10 1.765838e-01 
270            5.936310e+05 2.053090e+00 1.262432e-05 8.456434e-05 4.716773e-10 1.887191e-01 
271            5.221851e+05 2.058838e+00 1.262432e-05 1.118352e-04 5.348073e-10 1.765283e-01 
272            5.178913e+05 2.059755e+00 1.262432e-05 1.116274e-04 4.985643e-10 1.770454e-01 
273            3.488393e+05 2.059050e+00 1.264706e-05 1.221885e-04 6.108080e-10 1.427074e-01 
274            6.011435e+05 2.042322e+00 1.263927e-05 8.584468e-05 5.060727e-10 1.861248e-01 
275            3.659871e+05 2.058112e+00 1.262432e-05 1.188251e-04 5.780114e-10 1.475648e-01 
276            5.265646e+05 2.056820e+00 1.262432e-05 1.121804e-04 5.442705e-10 1.762881e-01 
277            5.054847e+05 2.059313e+00 1.265909e-05 1.190433e-04 5.488282e-10 1.754045e-01 
278            3.195082e+05 2.057616e+00 1.262432e-05 1.327155e-04 5.940684e-10 1.352623e-01 
279            6.017174e+05 2.019212e+00 1.270258e-05 8.598083e-05 4.634005e-10 1.904949e-01 
280            3.666224e+05 2.059783e+00 1.262432e-05 1.177398e-04 5.548059e-10 1.461857e-01 
281            3.789563e+05 2.059961e+00 1.262432e-05 1.142158e-04 5.361419e-10 1.488614e-01 
282            6.069408e+05 1.849958e+00 1.266041e-05 8.520088e-05 4.702579e-10 1.902022e-01 
283            5.083698e+05 2.058864e+00 1.262432e-05 1.201619e-04 4.802660e-10 1.763211e-01 
284            5.764239e+05 2.060000e+00 1.262432e-05 9.915043e-05 4.826810e-10 1.830260e-01 
285            5.873124e+05 2.056345e+00 1.262432e-05 9.164933e-05 4.643811e-10 1.853269e-01 
286            3.156277e+05 2.059821e+00 1.262432e-05 1.333179e-04 5.885010e-10 1.322847e-01 
287            3.523960e+05 2.059945e+00 1.262432e-05 1.186881e-04 5.704207e-10 1.427259e-01 
288            5.858987e+05 2.055882e+00 1.277678e-05 9.103566e-05 5.049184e-10 1.860578e-01 
289            3.836035e+05 2.059541e+00 1.262432e-05 1.155713e-04 5.269294e-10 1.499005e-01 
290            5.795777e+05 2.058851e+00 1.262432e-05 9.852493e-05 5.110163e-10 1.830554e-01 
291            3.171950e+05 2.059724e+00 1.262432e-05 1.338337e-04 6.069209e-10 1.339996e-01 
292            3.374559e+05 2.059876e+00 1.262432e-05 1.229397e-04 5.864467e-10 1.371879e-01 
293            3.498114e+05 2.059740e+00 1.262977e-05 1.213938e-04 5.439542e-10 1.431639e-01 
294            6.072235e+05 1.856425e+00 1.265698e-05 8.600321e-05 4.833713e-10 1.891955e-01 
295            5.874541e+05 2.060000e+00 1.262562e-05 9.095622e-05 4.695355e-10 1.885954e-01 
296            3.754652e+05 2.059481e+00 1.262432e-05 1.173684e-04 5.694777e-10 1.493750e-01 
297            6.077717e+05 1.851878e+00 1.262432e-05 8.459513e-05 4.808670e-10 1.893830e-01 
298            5.041612e+05 2.057054e+00 1.262432e-05 1.186904e-04 5.234924e-10 1.734790e-01 
299            3.179537e+05 2.059147e+00 1.262432e-05 1.333782e-04 6.054787e-10 1.331726e-01 
300            5.942324e+05 2.059008e+00 1.262432e-05 8.518255e-05 4.778737e-10 1.853694e-01 
301            6.052502e+05 1.891593e+00 1.263498e-05 8.555908e-05 4.609831e-10 1.905084e-01 
302            3.549313e+05 2.058492e+00 1.262432e-05 1.184327e-04 6.061585e-10 1.436657e-01 
303            3.408311e+05 2.060000e+00 1.262946e-05 1.232835e-04 5.504341e-10 1.406705e-01 
304            5.777993e+05 2.058476e+00 1.280134e-05 9.963160e-05 4.988181e-10 1.853511e-01 
305            5.342841e+05 2.054788e+00 1.262432e-05 1.095613e-04 5.402414e-10 1.804133e-01 
306            5.779491e+05 2.058351e+00 1.262432e-05 9.814168e-05 5.365640e-10 1.846159e-01 
307            5.077743e+05 2.058734e+00 1.262432e-05 1.198040e-04 5.352356e-10 1.748198e-01 
308            6.016390e+05 2.018281e+00 1.262432e-05 8.555564e-05 4.487465e-10 1.885313e-01 
309            3.758290e+05 2.059628e+00 1.262432e-05 1.168663e-04 5.695833e-10 1.465525e-01 
310            3.348456e+05 2.055593e+00 1.262432e-05 1.249216e-04 6.005302e-10 1.394638e-01 
311            5.430382e+05 2.060000e+00 1.262432e-05 1.068823e-04 5.162283e-10 1.810872e-01 
312            6.076258e+05 1.858706e+00 1.262432e-05 8.546736e-05 4.696079e-10 1.886063e-01 
313            5.155738e+05 2.057741e+00 1.263564e-05 1.144303e-04 5.439764e-10 1.785758e-01 
314            5.944339e+05 2.058529e+00 1.271204e-05 8.609338e-05 4.784195e-10 1.862144e-01 
315            3.850210e+05 2.059864e+00 1.262432e-05 1.141024e-04 5.540472e-10 1.511676e-01 
316            3.635481e+05 2.060000e+00 1.262432e-05 1.204009e-04 5.636342e-10 1.471489e-01 
317            5.822669e+05 2.059654e+00 1.262643e-05 9.455461e-05 5.076697e-10 1.857907e-01 
318            3.163226e+05 2.059557e+00 1.262432e-05 1.337568e-04 5.822218e-10 1.358162e-01 
319            5.177179e+05 2.059383e+00 1.263385e-05 1.117275e-04 5.480392e-10 1.786937e-01 
320            5.360941e+05 2.059286e+00 1.267212e-05 1.067314e-04 5.346860e-10 1.810402e-01 
321            3.255173e+05 2.059393e+00 1.262432e-05 1.309612e-04 6.002143e-10 1.355129e-01 
322            5.921238e+05 2.060000e+00 1.262432e-05 8.797329e-05 4.713439e-10 1.872106e-01 
323            3.840541e+05 2.057756e+00 1.262432e-05 1.151472e-04 5.800153e-10 1.518433e-01 
324            5.457473e+05 2.056583e+00 1.263077e-05 1.072712e-04 5.156119e-10 1.807530e-01 
325            5.070125e+05 2.060000e+00 1.262432e-05 1.206938e-04 5.412355e-10 1.730949e-01 
326            5.741418e+05 2.059260e+00 1.262432e-05 9.997930e-05 5.273485e-10 1.812882e-01 
327            5.311426e+05 2.059912e+00 1.263480e-05 1.134352e-04 5.061327e-10 1.781391e-01 
328            3.476990e+05 2.058369e+00 1.262432e-05 1.225769e-04 5.889301e-10 1.419897e-01 
329            5.400746e+05 2.058083e+00 1.262432e-05 1.045490e-04 5.104245e-10 1.781654e-01 
330            5.104253e+05 2.057161e+00 1.262432e-05 1.196989e-04 5.372854e-10 1.748708e-01 
331            5.878133e+05 2.054814e+00 1.262432e-05 9.003122e-05 4.696000e-10 1.872685e-01 
332            5.955428e+05 2.056243e+00 1.263457e-05 8.554047e-05 4.584285e-10 1.870406e-01 
333            5.329378e+05 2.055653e+00 1.262432e-05 1.107051e-04 5.483117e-10 1.779423e-01 
334            5.867403e+05 2.060000e+00 1.262432e-05 9.297023e-05 5.121415e-10 1.882033e-01 
335            3.658124e+05 2.059725e+00 1.262432e-05 1.189733e-04 5.906783e-10 1.473114e-01 
336            5.294275e+05 2.059354e+00 1.264806e-05 1.103190e-04 5.110911e-10 1.775113e-01 
337            3.452012e+05 2.058931e+00 1.262432e-05 1.228109e-04 5.787016e-10 1.410811e-01 
338            5.303096e+05 2.054621e+00 1.264141e-05 1.122104e-04 5.150153e-10 1.776066e-01 
339            5.189735e+05 2.059025e+00 1.262513e-05 1.114581e-04 5.051639e-10 1.746901e-01 
340            3.242290e+05 2.059521e+00 1.262432e-05 1.326737e-04 5.975560e-10 1.355768e-01 
341            4.999953e+05 2.059737e+00 1.262432e-05 1.172002e-04 5.404657e-10 1.729615e-01 
342            3.463007e+05 2.058288e+00 1.262432e-05 1.223355e-04 6.073514e-10 1.421697e-01 
343            5.718771e+05 2.052685e+00 1.262432e-05 9.812854e-05 4.987353e-10 1.838094e-01 
344            5.241091e+05 2.057336e+00 1.262432e-05 1.122170e-04 5.410738e-10 1.774715e-01 
345            3.362755e+05 2.060000e+00 1.264061e-05 1.249857e-04 5.725341e-10 1.377838e-01 
346            5.755587e+05 2.058405e+00 1.262432e-05 1.005912e-04 5.586821e-10 1.846814e-01 
347            3.637223e+05 2.054746e+00 1.262432e-05 1.202764e-04 5.594386e-10 1.444127e-01 
348            5.263795e+05 2.054253e+00 1.262432e-05 1.114829e-04 5.181965e-10 1.780750e-01 
349            3.680091e+05 2.059728e+00 1.263206e-05 1.173949e-04 5.812691e-10 1.474256e-01 
350            5.859034e+05 2.059285e+00 1.262432e-05 9.134076e-05 4.775035e-10 1.862337e-01 
351            5.088067e+05 2.059073e+00 1.262432e-05 1.193648e-04 5.133459e-10 1.747447e-01 
352            5.263595e+05 2.056487e+00 1.263363e-05 1.118833e-04 4.990449e-10 1.762393e-01 
353            5.459967e+05 2.059427e+00 1.262432e-05 1.084907e-04 5.202918e-10 1.802517e-01 
354            5.733585e+05 2.056548e+00 1.262432e-05 9.912652e-05 4.928371e-10 1.855859e-01 
355            3.351883e+05 2.059318e+00 1.262432e-05 1.244044e-04 5.282794e-10 1.384529e-01 
356            5.069458e+05 2.057552e+00 1.262432e-05 1.211391e-04 5.251922e-10 1.739401e-01 
357            5.794700e+05 2.058916e+00 1.262777e-05 9.792430e-05 5.282325e-10 1.845100e-01 
358            5.944262e+05 2.058024e+00 1.270976e-05 8.614002e-05 4.430506e-10 1.873620e-01 
359            5.004797e+05 2.058092e+00 1.262432e-05 1.177235e-04 5.256808e-10 1.724449e-01 
360            3.377134e+05 2.060000e+00 1.262432e-05 1.226808e-04 5.988218e-10 1.390456e-01 
361            3.409935e+05 2.059861e+00 1.262596e-05 1.234522e-04 5.438983e-10 1.403920e-01 
362            5.187124e+05 2.060000e+00 1.262432e-05 1.119088e-04 5.079590e-10 1.770924e-01 
363            6.007473e+05 2.046170e+00 1.262432e-05 8.617875e-05 5.035986e-10 1.878461e-01 
364            5.161532e+05 2.058672e+00 1.262432e-05 1.135664e-04 5.266551e-10 1.744598e-01 
365            5.719311e+05 2.059774e+00 1.262432e-05 9.807011e-05 4.936057e-10 1.848812e-01 
366            5.265168e+05 2.059359e+00 1.267957e-05 1.119653e-04 4.762796e-10 1.760072e-01 
367            3.140600e+05 2.057151e+00 1.262432e-05 1.331078e-04 6.012336e-10 1.333806e-01 
368            3.300695e+05 2.058541e+00 1.262432e-05 1.295698e-04 5.894121e-10 1.374631e-01 
369            5.066555e+05 2.057308e+00 1.266570e-05 1.205076e-04 5.245640e-10 1.749601e-01 
370            3.255006e+05 2.060000e+00 1.262432e-05 1.319173e-04 6.222025e-10 1.368847e-01 
371            5.340608e+05 2.058045e+00 1.264273e-05 1.090251e-04 4.913763e-10 1.781952e-01 
372            3.720668e+05 2.060000e+00 1.262432e-05 1.159652e-04 5.370712e-10 1.483830e-01 
373            5.778561e+05 2.059971e+00 1.262432e-05 9.972918e-05 4.999703e-10 1.843746e-01 
374            5.822816e+05 2.058437e+00 1.262432e-05 9.327876e-05 4.988985e-10 1.839306e-01 
375            5.226220e+05 2.059330e+00 1.265039e-05 1.127517e-04 5.294325e-10 1.756796e-01 
376            5.741958e+05 2.058858e+00 1.262432e-05 9.984995e-05 5.189284e-10 1.839688e-01 
377            3.845549e+05 2.059781e+00 1.262432e-05 1.144531e-04 5.560172e-10 1.488766e-01 
378            5.080071e+05 2.060000e+00 1.263277e-05 1.204348e-04 5.803704e-10 1.745145e-01 
379            5.917209e+05 2.060000e+00 1.274084e-05 8.876511e-05 4.667602e-10 1.870491e-01 
380            6.047802e+05 1.908847e+00 1.265274e-05 8.595924e-05 4.657023e-10 1.894277e-01 
381            3.216842e+05 2.058657e+00 1.262432e-05 1.334000e-04 6.034029e-10 1.351436e-01 
382            5.804928e+05 2.057372e+00 1.262432e-05 9.812425e-05 5.254476e-10 1.860488e-01 
383            3.646931e+05 2.058385e+00 1.262432e-05 1.196515e-04 5.611207e-10 1.458949e-01 
384            5.099243e+05 2.056449e+00 1.262432e-05 1.193815e-04 5.507731e-10 1.732850e-01 
385            5.745667e+05 2.054291e+00 1.262942e-05 1.003179e-04 4.914994e-10 1.847461e-01 
386            5.353615e+05 2.054636e+00 1.262432e-05 1.069965e-04 5.075887e-10 1.773995e-01 
387            5.783780e+05 2.055392e+00 1.263223e-05 9.823426e-05 5.033258e-10 1.835459e-01 
388            3.871665e+05 2.059692e+00 1.262432e-05 1.135301e-04 5.555165e-10 1.530874e-01 
389            3.653915e+05 2.058057e+00 1.262432e-05 1.194049e-04 5.515075e-10 1.448479e-01 
390            5.827003e+05 2.058264e+00 1.262432e-05 9.416204e-05 5.138893e-10 1.819862e-01 
391            5.818058e+05 2.059940e+00 1.262432e-05 9.530434e-05 4.830783e-10 1.827559e-01 
392            5.806001e+05 2.058747e+00 1.262432e-05 9.774602e-05 5.012665e-10 1.844772e-01 
393            5.881459e+05 2.057015e+00 1.262432e-05 9.033795e-05 4.568724e-10 1.848010e-01 
394            3.610973e+05 2.058704e+00 1.262432e-05 1.203877e-04 5.898896e-10 1.453176e-01 
395            5.191684e+05 2.056363e+00 1.262432e-05 1.115741e-04 5.127118e-10 1.757619e-01 
396            5.746702e+05 2.057080e+00 1.262432e-05 1.006779e-04 5.314190e-10 1.851002e-01 
397            3.672874e+05 2.050352e+00 1.262432e-05 1.175259e-04 5.669912e-10 1.463676e-01 
398            5.096650e+05 2.060000e+00 1.262432e-05 1.196598e-04 5.386308e-10 1.731455e-01 
399            5.445674e+05 2.056735e+00 1.262432e-05 1.073331e-04 5.406677e-10 1.804802e-01 
400            5.138565e+05 2.058913e+00 1.262432e-05 1.146806e-04 4.965060e-10 1.772796e-01 
401            3.594340e+05 2.058179e+00 1.262432e-05 1.200296e-04 5.538774e-10 1.452688e-01 
402            5.302485e+05 2.057531e+00 1.262432e-05 1.129949e-04 5.444473e-10 1.805991e-01 
403            5.467916e+05 2.053012e+00 1.262432e-05 1.086965e-04 5.286123e-10 1.811447e-01 
404            3.686247e+05 2.060000e+00 1.262432e-05 1.169517e-04 5.716501e-10 1.460842e-01 
405            3.294998e+05 2.059753e+00 1.262432e-05 1.296768e-04 5.904224e-10 1.371478e-01 
406            3.260497e+05 2.059544e+00 1.262432e-05 1.312574e-04 5.642055e-10 1.383753e-01 
407            5.168115e+05 2.050862e+00 1.262432e-05 1.121901e-04 5.564743e-10 1.745943e-01 
408            5.335765e+05 2.053934e+00 1.262432e-05 1.080614e-04 5.531344e-10 1.770103e-01 
409            5.222425e+05 2.056532e+00 1.262432e-05 1.126637e-04 5.213523e-10 1.771635e-01 
410            5.385748e+05 2.057820e+00 1.262432e-05 1.056341e-04 5.296773e-10 1.783476e-01 
411            5.449803e+05 2.051178e+00 1.262450e-05 1.061142e-04 5.258718e-10 1.794518e-01 
412            5.093911e+05 2.059980e+00 1.266950e-05 1.198739e-04 5.378815e-10 1.733897e-01 
413            5.846763e+05 2.059991e+00 1.266139e-05 9.225100e-05 4.724086e-10 1.861093e-01 
414            3.355128e+05 2.060000e+00 1.262432e-05 1.239312e-04 5.905578e-10 1.399323e-01 
415            6.051967e+05 1.877176e+00 1.262432e-05 8.579771e-05 5.168349e-10 1.910690e-01 
416            5.892057e+05 2.050997e+00 1.264343e-05 8.808065e-05 4.810944e-10 1.860974e-01 
417            5.409544e+05 2.059419e+00 1.263953e-05 1.051223e-04 5.586534e-10 1.795771e-01 
418            3.772906e+05 2.060000e+00 1.262432e-05 1.145575e-04 5.913302e-10 1.481727e-01 
419            5.328107e+05 2.053830e+00 1.262432e-05 1.108211e-04 5.368312e-10 1.774581e-01 
420            5.794646e+05 2.059636e+00 1.262432e-05 9.803047e-05 4.613789e-10 1.857714e-01 
421            3.379020e+05 2.057050e+00 1.262432e-05 1.221942e-04 5.883449e-10 1.379761e-01 
422            3.567451e+05 2.059710e+00 1.262432e-05 1.182324e-04 5.985088e-10 1.445285e-01 
423            5.932152e+05 2.056484e+00 1.266519e-05 8.525693e-05 4.930419e-10 1.848757e-01 
424            5.783702e+05 2.056798e+00 1.262605e-05 9.825394e-05 4.883900e-10 1.839715e-01 
425            3.871659e+05 2.060000e+00 1.262432e-05 1.131659e-04 5.401295e-10 1.511778e-01 
426            5.265234e+05 2.057585e+00 1.262432e-05 1.122317e-04 5.409484e-10 1.759598e-01 
427            5.283799e+05 2.056409e+00 1.264570e-05 1.106276e-04 5.418312e-10 1.767586e-01 
428            5.284241e+05 2.059223e+00 1.262432e-05 1.110456e-04 4.916483e-10 1.776517e-01 
429            4.988737e+05 2.059253e+00 1.262432e-05 1.166164e-04 5.245575e-10 1.736298e-01 
430            5.103938e+05 2.056643e+00 1.262432e-05 1.196563e-04 5.647984e-10 1.750735e-01 
431            5.151079e+05 2.056818e+00 1.263521e-05 1.146597e-04 5.487776e-10 1.755391e-01 
432            5.414878e+05 2.060000e+00 1.262432e-05 1.057801e-04 4.822191e-10 1.789857e-01 
433            5.114379e+05 2.060000e+00 1.263444e-05 1.191840e-04 5.309833e-10 1.750576e-01 
434            5.795936e+05 2.052070e+00 1.262432e-05 9.824281e-05 4.660889e-10 1.832799e-01 
435            5.732030e+05 2.058931e+00 1.262432e-05 9.794034e-05 5.088979e-10 1.833226e-01 
436            5.822422e+05 2.056536e+00 1.269996e-05 9.327467e-05 5.039860e-10 1.835559e-01 
437            3.682519e+05 2.059410e+00 1.265946e-05 1.170794e-04 5.678860e-10 1.495283e-01 
438            3.138343e+05 2.058983e+00 1.262432e-05 1.332105e-04 6.039823e-10 1.327079e-01 
439            5.719604e+05 2.056628e+00 1.262432e-05 9.749149e-05 4.549263e-10 1.803522e-01 
440            5.867884e+05 2.059638e+00 1.262432e-05 9.332138e-05 4.562577e-10 1.853781e-01 
441            5.101238e+05 2.060000e+00 1.262432e-05 1.199650e-04 4.981738e-10 1.742975e-01 
442            3.660066e+05 2.060000e+00 1.262432e-05 1.184211e-04 5.957013e-10 1.466083e-01 
443            3.848293e+05 2.058300e+00 1.262432e-05 1.144590e-04 5.304526e-10 1.495235e-01 
444            3.429061e+05 2.060000e+00 1.262432e-05 1.217742e-04 5.730558e-10 1.411968e-01 
445            5.399618e+05 2.060000e+00 1.262432e-05 1.051393e-04 4.961572e-10 1.804137e-01 
446            6.032406e+05 1.941356e+00 1.262432e-05 8.383109e-05 4.438046e-10 1.878536e-01 
447            5.810743e+05 2.059530e+00 1.262432e-05 9.667899e-05 4.746713e-10 1.829661e-01 
448            5.946393e+05 2.057495e+00 1.262456e-05 8.626796e-05 4.936639e-10 1.883400e-01 
449            5.065968e+05 2.059198e+00 1.262432e-05 1.198656e-04 5.713499e-10 1.731446e-01 
450            3.657877e+05 2.057876e+00 1.262432e-05 1.188331e-04 5.949136e-10 1.474542e-01 
451            5.114410e+05 2.057888e+00 1.262432e-05 1.192515e-04 5.112076e-10 1.745209e-01 
452            5.259243e+05 2.059668e+00 1.262432e-05 1.104006e-04 4.995810e-10 1.782832e-01 
453            5.163114e+05 2.059671e+00 1.262432e-05 1.129976e-04 5.247782e-10 1.762490e-01 
454            3.283626e+05 2.059745e+00 1.262432e-05 1.300116e-04 6.067772e-10 1.369958e-01 
455            3.137996e+05 2.058145e+00 1.262432e-05 1.333406e-04 5.795589e-10 1.331769e-01 
456            3.283737e+05 2.059977e+00 1.262432e-05 1.300263e-04 5.650465e-10 1.372303e-01 
457            3.182310e+05 2.060000e+00 1.262432e-05 1.327828e-04 5.974362e-10 1.323354e-01 
458            5.779851e+05 2.058292e+00 1.262644e-05 9.931851e-05 4.969043e-10 1.862996e-01 
459            3.836202e+05 2.059695e+00 1.262432e-05 1.153836e-04 5.502482e-10 1.502501e-01 
460            6.005864e+05 2.044708e+00 1.262432e-05 8.615385e-05 4.656199e-10 1.857047e-01 
461            5.353615e+05 2.054636e+00 1.262432e-05 1.069965e-04 5.075887e-10 1.773995e-01 
462            5.090717e+05 2.060000e+00 1.262432e-05 1.189223e-04 5.807442e-10 1.768618e-01 
463            3.294998e+05 2.059753e+00 1.262432e-05 1.296768e-04 5.904224e-10 1.371478e-01 
464            5.847637e+05 2.058227e+00 1.262432e-05 9.283036e-05 5.137642e-10 1.850923e-01 
465            3.411891e+05 2.059927e+00 1.262432e-05 1.233814e-04 5.829213e-10 1.395525e-01 
466            5.094911e+05 2.060000e+00 1.263151e-05 1.196484e-04 5.955264e-10 1.726231e-01 
467            5.303591e+05 2.059460e+00 1.262432e-05 1.128089e-04 4.942056e-10 1.788122e-01 
468            5.895166e+05 2.050738e+00 1.262432e-05 8.841420e-05 4.601799e-10 1.849638e-01 
469            6.057243e+05 1.866388e+00 1.262432e-05 8.547644e-05 4.887828e-10 1.891679e-01 
470            5.005682e+05 2.055590e+00 1.262432e-05 1.178637e-04 5.418179e-10 1.750739e-01 
471            5.998773e+05 2.046988e+00 1.262432e-05 8.619359e-05 4.772384e-10 1.863336e-01 
472            3.800228e+05 2.059053e+00 1.262432e-05 1.148655e-04 5.785435e-10 1.508610e-01 
473            6.023185e+05 1.994838e+00 1.274964e-05 8.495418e-05 4.687613e-10 1.898651e-01 
474            3.551642e+05 2.059749e+00 1.262432e-05 1.191990e-04 6.072161e-10 1.430707e-01 
475            5.933562e+05 2.059775e+00 1.262432e-05 8.577112e-05 5.022192e-10 1.873210e-01 
476            5.102488e+05 2.059147e+00 1.267501e-05 1.189980e-04 5.302045e-10 1.724236e-01 
477            3.853620e+05 2.060000e+00 1.262448e-05 1.146771e-04 5.583659e-10 1.492501e-01 
478            3.743854e+05 2.059780e+00 1.262496e-05 1.155688e-04 5.933757e-10 1.517190e-01 
479            5.790672e+05 2.059750e+00 1.262432e-05 9.833819e-05 5.238240e-10 1.861005e-01 
480            5.071138e+05 2.059758e+00 1.262432e-05 1.210276e-04 5.135247e-10 1.735589e-01 
481            3.589707e+05 2.057356e+00 1.262432e-05 1.197446e-04 5.676462e-10 1.437439e-01 
482            3.746445e+05 2.057090e+00 1.262432e-05 1.160779e-04 5.745140e-10 1.482605e-01 
483            5.878710e+05 2.056204e+00 1.264287e-05 9.057260e-05 4.866046e-10 1.869791e-01 
484            5.430000e+05 2.059310e+00 1.262432e-05 1.073350e-04 5.231113e-10 1.799454e-01 
485            3.756625e+05 2.059693e+00 1.262432e-05 1.166513e-04 5.634525e-10 1.484122e-01 
486            5.916359e+05 2.060000e+00 1.271702e-05 8.869046e-05 5.035555e-10 1.866637e-01 
487            5.043778e+05 2.056872e+00 1.262432e-05 1.188118e-04 5.506928e-10 1.735352e-01 
488            3.257019e+05 2.059260e+00 1.262432e-05 1.310745e-04 5.816260e-10 1.367991e-01 
489            3.534892e+05 2.059830e+00 1.262432e-05 1.173443e-04 5.828545e-10 1.446097e-01 
490            3.720176e+05 2.056794e+00 1.262432e-05 1.163899e-04 5.429071e-10 1.476207e-01 
491            5.974903e+05 2.058383e+00 1.262432e-05 8.583158e-05 4.885082e-10 1.868403e-01 
492            5.439985e+05 2.059580e+00 1.262432e-05 1.067254e-04 5.193469e-10 1.790664e-01 
493            3.397385e+05 2.058602e+00 1.262432e-05 1.228496e-04 5.502058e-10 1.402606e-01 
494            6.019054e+05 1.957671e+00 1.262432e-05 8.359811e-05 4.480942e-10 1.904916e-01 
495            5.773258e+05 2.054187e+00 1.262854e-05 1.006570e-04 5.527454e-10 1.849966e-01 
496            5.160526e+05 2.059875e+00 1.262432e-05 1.138104e-04 5.279270e-10 1.754575e-01 
497            3.290889e+05 2.057788e+00 1.262432e-05 1.298956e-04 6.022847e-10 1.388414e-01 
498            3.520155e+05 2.059693e+00 1.262432e-05 1.189510e-04 5.879326e-10 1.435389e-01 
499            3.223481e+05 2.059532e+00 1.262432e-05 1.326474e-04 5.998606e-10 1.356439e-01 
500            5.847363e+05 2.059968e+00 1.267851e-05 9.278515e-05 4.942790e-10 1.856086e-01 
501            5.015564e+05 2.058618e+00 1.262432e-05 1.170402e-04 5.237623e-10 1.739027e-01 
502            5.268733e+05 2.057878e+00 1.262432e-05 1.118298e-04 5.555492e-10 1.778291e-01 
503            5.846742e+05 2.058849e+00 1.262432e-05 9.272143e-05 4.386256e-10 1.873972e-01 
504            3.407313e+05 2.059479e+00 1.263664e-05 1.229096e-04 5.844348e-10 1.382806e-01 
505            5.769488e+05 2.057703e+00 1.265992e-05 1.004297e-04 4.770630e-10 1.848911e-01 
506            5.823432e+05 2.057610e+00 1.262432e-05 9.352009e-05 4.772882e-10 1.867502e-01 
507            3.606389e+05 2.059543e+00 1.262432e-05 1.207851e-04 5.771227e-10 1.445805e-01 
508            5.909325e+05 2.057383e+00 1.263457e-05 8.875960e-05 4.662320e-10 1.849805e-01 
509            5.385409e+05 2.055875e+00 1.273083e-05 1.053856e-04 5.802858e-10 1.787176e-01 
510            5.198881e+05 2.052973e+00 1.262432e-05 1.120559e-04 5.341148e-10 1.740226e-01 
511            3.708514e+05 2.059348e+00 1.262432e-05 1.153885e-04 5.545902e-10 1.488383e-01 
512            5.783138e+05 2.056191e+00 1.266722e-05 9.775568e-05 4.871724e-10 1.880068e-01 
513            6.072619e+05 1.864944e+00 1.262432e-05 8.610845e-05 4.857037e-10 1.914441e-01 
514            3.336246e+05 2.059550e+00 1.265223e-05 1.254442e-04 5.725899e-10 1.397989e-01 
515            5.795356e+05 2.059815e+00 1.263648e-05 9.786707e-05 5.368962e-10 1.843214e-01 
516            5.372099e+05 2.058374e+00 1.262852e-05 1.065666e-04 5.206062e-10 1.788446e-01 
517            5.876162e+05 2.058902e+00 1.262432e-05 8.953817e-05 4.536128e-10 1.842191e-01 
518            6.019260e+05 2.004005e+00 1.262539e-05 8.482507e-05 4.680715e-10 1.895743e-01 
519            5.711495e+05 2.058872e+00 1.264662e-05 9.919570e-05 5.126744e-10 1.815855e-01 
520            3.515737e+05 2.058074e+00 1.262432e-05 1.194411e-04 5.472989e-10 1.427299e-01 
521            5.337817e+05 2.048756e+00 1.266485e-05 1.085417e-04 5.222160e-10 1.804617e-01 
522            5.259815e+05 2.059711e+00 1.262432e-05 1.106079e-04 5.114316e-10 1.767906e-01 
523            5.952281e+05 2.057844e+00 1.262432e-05 8.535067e-05 4.638157e-10 1.867730e-01 
524            5.769278e+05 2.056610e+00 1.262432e-05 1.006395e-04 5.014792e-10 1.840306e-01 
525            3.659156e+05 2.057705e+00 1.262432e-05 1.180375e-04 5.446124e-10 1.481988e-01 
526            4.994399e+05 2.059307e+00 1.262432e-05 1.173694e-04 5.613080e-10 1.710458e-01 
527            3.654200e+05 2.054693e+00 1.262432e-05 1.192574e-04 5.801215e-10 1.472526e-01 
528            6.020863e+05 2.011230e+00 1.262432e-05 8.560220e-05 4.961046e-10 1.895246e-01 
529            5.936252e+05 2.060000e+00 1.267105e-05 8.546673e-05 5.203384e-10 1.860616e-01 
530            5.819910e+05 2.060000e+00 1.262432e-05 9.485425e-05 5.011789e-10 1.833553e-01 
531            3.767210e+05 2.057985e+00 1.262432e-05 1.143903e-04 5.543153e-10 1.489296e-01 
532            3.316703e+05 2.060000e+00 1.262432e-05 1.280698e-04 5.845876e-10 1.365519e-01 
533            5.156508e+05 2.059320e+00 1.262432e-05 1.137822e-04 5.414609e-10 1.762384e-01 
534            5.345602e+05 2.056147e+00 1.262432e-05 1.089900e-04 5.705949e-10 1.802689e-01 
535            3.389403e+05 2.059533e+00 1.263126e-05 1.219379e-04 5.907923e-10 1.388293e-01 
536            5.813516e+05 2.053193e+00 1.262432e-05 9.616236e-05 4.882822e-10 1.833179e-01 
537            3.191095e+05 2.056880e+00 1.262432e-05 1.324823e-04 6.106238e-10 1.332986e-01 
538            3.422373e+05 2.060000e+00 1.262432e-05 1.227123e-04 5.598155e-10 1.404344e-01 
539            5.701744e+05 2.059596e+00 1.263199e-05 1.004885e-04 5.005419e-10 1.854008e-01 
540            3.149399e+05 2.058976e+00 1.262655e-05 1.320411e-04 5.870014e-10 1.345296e-01 
541            5.882789e+05 2.059996e+00 1.262432e-05 8.837660e-05 4.454578e-10 1.839103e-01 
542            3.426072e+05 2.060000e+00 1.262432e-05 1.226256e-04 5.621494e-10 1.418014e-01 
543            3.206169e+05 2.060000e+00 1.262432e-05 1.323422e-04 5.861009e-10 1.334597e-01 
544            5.768440e+05 2.058134e+00 1.262432e-05 1.008262e-04 5.243766e-10 1.862981e-01 
545            6.019662e+05 1.957172e+00 1.265460e-05 8.367596e-05 4.511984e-10 1.879339e-01 
546            5.795288e+05 2.058747e+00 1.262432e-05 9.808536e-05 5.242593e-10 1.858550e-01 
547            5.361917e+05 2.056589e+00 1.262432e-05 1.064238e-04 4.950633e-10 1.782826e-01 
548            5.136340e+05 2.056247e+00 1.262432e-05 1.172869e-04 5.157761e-10 1.774924e-01 
549            3.623539e+05 2.056388e+00 1.262432e-05 1.201239e-04 5.645631e-10 1.474117e-01 
550            5.256112e+05 2.057982e+00 1.262432e-05 1.102297e-04 5.400563e-10 1.757836e-01 
551            5.264924e+05 2.054917e+00 1.262432e-05 1.121866e-04 5.346273e-10 1.761226e-01 
552            6.052827e+05 1.892882e+00 1.264898e-05 8.552255e-05 4.623739e-10 1.898420e-01 
553            3.710554e+05 2.058669e+00 1.262432e-05 1.152084e-04 5.890891e-10 1.472777e-01 
554            5.930748e+05 2.058783e+00 1.262671e-05 8.539370e-05 4.747924e-10 1.870052e-01 
555            5.260841e+05 2.058161e+00 1.262432e-05 1.117831e-04 4.879967e-10 1.734033e-01 
556            5.731322e+05 2.060000e+00 1.271644e-05 9.745229e-05 4.830052e-10 1.824571e-01 
557            5.094930e+05 2.059811e+00 1.262432e-05 1.197154e-04 5.445484e-10 1.746605e-01 
558            5.075975e+05 2.060000e+00 1.262432e-05 1.205918e-04 5.375002e-10 1.724111e-01 
559            5.989254e+05 2.057841e+00 1.266347e-05 8.623225e-05 4.884418e-10 1.873581e-01 
560            5.298126e+05 2.059767e+00 1.262432e-05 1.115503e-04 5.297874e-10 1.765571e-01 
561            5.758979e+05 2.057817e+00 1.262432e-05 1.005596e-04 4.604013e-10 1.863374e-01 
562            3.643526e+05 2.059702e+00 1.262432e-05 1.200915e-04 5.912654e-10 1.460757e-01 
563            5.008643e+05 2.060000e+00 1.262432e-05 1.180925e-04 5.219651e-10 1.709595e-01 
564            5.276666e+05 2.052617e+00 1.262432e-05 1.106209e-04 4.861142e-10 1.776894e-01 
565            3.165107e+05 2.057364e+00 1.262432e-05 1.337147e-04 5.562781e-10 1.350712e-01 
566            5.899580e+05 2.054398e+00 1.265282e-05 8.889268e-05 4.558138e-10 1.869477e-01 
567            5.374272e+05 2.058955e+00 1.262432e-05 1.077079e-04 5.386731e-10 1.789868e-01 
568            3.435904e+05 2.058392e+00 1.262432e-05 1.218380e-04 5.618716e-10 1.427842e-01 
569            5.777795e+05 2.058933e+00 1.265190e-05 9.972407e-05 4.923385e-10 1.855526e-01 
570            3.226586e+05 2.057869e+00 1.262432e-05 1.329354e-04 5.667621e-10 1.345768e-01 
571            5.702146e+05 2.058663e+00 1.262432e-05 1.005400e-04 4.918481e-10 1.836726e-01 
572            3.426189e+05 2.058998e+00 1.262432e-05 1.226002e-04 5.176381e-10 1.423540e-01 
573            3.488977e+05 2.057126e+00 1.262432e-05 1.223277e-04 5.559792e-10 1.416668e-01 
574            5.098704e+05 2.054592e+00 1.262432e-05 1.189596e-04 5.291690e-10 1.752956e-01 
575            3.133206e+05 2.060000e+00 1.262432e-05 1.336948e-04 5.577916e-10 1.340351e-01 
576            3.461500e+05 2.059609e+00 1.262432e-05 1.223246e-04 6.112401e-10 1.427499e-01 
577            3.655336e+05 2.059309e+00 1.262432e-05 1.189466e-04 5.706040e-10 1.448787e-01 
578            6.034932e+05 1.913401e+00 1.262432e-05 8.505837e-05 4.686552e-10 1.887512e-01 
579            5.934147e+05 2.059638e+00 1.262432e-05 8.517073e-05 4.656671e-10 1.877915e-01 
580            5.716411e+05 2.058752e+00 1.262432e-05 9.976151e-05 4.609340e-10 1.841626e-01 
581            4.981802e+05 2.055716e+00 1.262432e-05 1.175349e-04 5.046168e-10 1.720767e-01 
582            3.873588e+05 2.059280e+00 1.262432e-05 1.135637e-04 5.112740e-10 1.509894e-01 
583            5.097043e+05 2.059873e+00 1.263157e-05 1.191672e-04 5.229464e-10 1.752690e-01 
584            5.763137e+05 2.060000e+00 1.263616e-05 1.000835e-04 5.185745e-10 1.840305e-01 
585            3.229404e+05 2.060000e+00 1.262432e-05 1.325114e-04 5.870555e-10 1.367405e-01 
586            5.230327e+05 2.060000e+00 1.262432e-05 1.128732e-04 5.145479e-10 1.767235e-01 
587            6.036492e+05 1.930482e+00 1.262432e-05 8.402471e-05 4.856998e-10 1.873979e-01 
588            5.933025e+05 2.059695e+00 1.263877e-05 8.536063e-05 4.659688e-10 1.865723e-01 
589            5.763176e+05 2.058652e+00 1.262449e-05 1.002452e-04 5.018435e-10 1.850960e-01 
590            6.026645e+05 1.956764e+00 1.262432e-05 8.436467e-05 4.580938e-10 1.896548e-01 
591            5.850759e+05 2.060000e+00 1.262432e-05 9.045371e-05 4.702228e-10 1.852890e-01 
592            3.657716e+05 2.058282e+00 1.262432e-05 1.189970e-04 5.541853e-10 1.460086e-01 
593            5.763262e+05 2.055595e+00 1.262432e-05 9.998424e-05 4.922911e-10 1.848630e-01 
594            3.403761e+05 2.057207e+00 1.262432e-05 1.220503e-04 5.923761e-10 1.383040e-01 
595            5.920046e+05 2.060000e+00 1.262432e-05 8.783690e-05 4.668243e-10 1.852908e-01 
596            5.266196e+05 2.059522e+00 1.262432e-05 1.118267e-04 4.982144e-10 1.784783e-01 
597            5.103581e+05 2.057158e+00 1.262432e-05 1.197063e-04 5.181877e-10 1.742494e-01 
598            3.286600e+05 2.058857e+00 1.262432e-05 1.305180e-04 5.804330e-10 1.371756e-01 
599            3.720517e+05 2.056433e+00 1.262432e-05 1.157019e-04 5.432555e-10 1.472781e-01 
600            5.822784e+05 2.057881e+00 1.262432e-05 9.335171e-05 4.775065e-10 1.851106e-01 
601            5.864902e+05 2.059352e+00 1.262432e-05 9.225497e-05 4.590219e-10 1.876585e-01 
602            5.174398e+05 2.055089e+00 1.262432e-05 1.114751e-04 5.368020e-10 1.750318e-01 
603            5.974767e+05 2.059150e+00 1.262432e-05 8.591096e-05 4.804885e-10 1.880617e-01 
604            3.804159e+05 2.057820e+00 1.262432e-05 1.147137e-04 5.767537e-10 1.498011e-01 
605            5.317419e+05 2.059661e+00 1.262432e-05 1.128096e-04 4.940513e-10 1.787889e-01 
606            5.250483e+05 2.059276e+00 1.262594e-05 1.100448e-04 5.027014e-10 1.765720e-01 
607            5.358282e+05 2.059511e+00 1.262432e-05 1.067455e-04 4.646498e-10 1.767088e-01 
608            3.855098e+05 2.058408e+00 1.262432e-05 1.145187e-04 5.738187e-10 1.535563e-01 
609            5.762845e+05 2.060000e+00 1.263715e-05 1.003850e-04 4.849858e-10 1.835155e-01 
610            5.401147e+05 2.059915e+00 1.263198e-05 1.047807e-04 5.426713e-10 1.776553e-01 
611            3.526820e+05 2.059356e+00 1.262432e-05 1.182557e-04 6.019423e-10 1.433982e-01 
612            6.070037e+05 1.846071e+00 1.262761e-05 8.500734e-05 4.806034e-10 1.900876e-01 
613            5.248482e+05 2.058395e+00 1.262432e-05 1.105692e-04 5.310889e-10 1.779194e-01 
614            5.848251e+05 2.060000e+00 1.262640e-05 9.261759e-05 4.695060e-10 1.857019e-01 
615            5.168031e+05 2.051234e+00 1.262432e-05 1.120612e-04 5.484370e-10 1.757568e-01 
616            6.023613e+05 1.997185e+00 1.272296e-05 8.509470e-05 4.682734e-10 1.882325e-01 
617            3.681624e+05 2.058853e+00 1.264643e-05 1.172705e-04 6.057127e-10 1.484918e-01 
618            3.775223e+05 2.060000e+00 1.262432e-05 1.142107e-04 5.605326e-10 1.482236e-01 
619            3.803233e+05 2.059941e+00 1.262432e-05 1.148375e-04 5.160274e-10 1.506925e-01 
620            5.370055e+05 2.060000e+00 1.264672e-05 1.072611e-04 5.503737e-10 1.810339e-01 
621            3.140399e+05 2.058537e+00 1.262432e-05 1.326885e-04 5.834995e-10 1.329717e-01 
622            5.933937e+05 2.058712e+00 1.262432e-05 8.572029e-05 4.634395e-10 1.883135e-01 
623            5.036508e+05 2.058767e+00 1.262432e-05 1.186258e-04 5.402202e-10 1.751380e-01 
624            3.751127e+05 2.057119e+00 1.262432e-05 1.169312e-04 5.695369e-10 1.508571e-01 
625            5.337412e+05 2.053307e+00 1.262432e-05 1.082633e-04 5.047646e-10 1.757758e-01 
626            5.084067e+05 2.059500e+00 1.262432e-05 1.202698e-04 5.250933e-10 1.743646e-01 
627            5.705676e+05 2.057494e+00 1.262432e-05 1.008592e-04 4.784747e-10 1.831097e-01 
628            5.786477e+05 2.056354e+00 1.262432e-05 9.726350e-05 4.824979e-10 1.855670e-01 
629            5.101362e+05 2.059248e+00 1.262432e-05 1.196315e-04 5.461276e-10 1.738509e-01 
630            3.377303e+05 2.059775e+00 1.262432e-05 1.226310e-04 5.868679e-10 1.394408e-01 
631            5.719136e+05 2.055956e+00 1.267054e-05 9.764057e-05 4.974557e-10 1.819651e-01 
632            5.441193e+05 2.058366e+00 1.263834e-05 1.063255e-04 5.052826e-10 1.804290e-01 
633            3.708896e+05 2.059447e+00 1.262432e-05 1.155255e-04 6.033063e-10 1.473578e-01 
634            3.140373e+05 2.056868e+00 1.262432e-05 1.331979e-04 6.019482e-10 1.321596e-01 
635            5.471255e+05 2.058298e+00 1.262440e-05 1.097001e-04 5.253366e-10 1.815964e-01 
636            3.760090e+05 2.053571e+00 1.262432e-05 1.159311e-04 5.844974e-10 1.481536e-01 
637            3.183550e+05 2.060000e+00 1.262432e-05 1.323641e-04 6.297955e-10 1.352865e-01 
638            3.720668e+05 2.060000e+00 1.262432e-05 1.159652e-04 5.370712e-10 1.483830e-01 
639            5.339609e+05 2.058747e+00 1.262432e-05 1.084272e-04 5.114931e-10 1.787411e-01 
640            5.233924e+05 2.058593e+00 1.263526e-05 1.145933e-04 5.545485e-10 1.763598e-01 
641            3.401509e+05 2.056876e+00 1.262432e-05 1.224931e-04 5.695771e-10 1.380431e-01 
642            3.437687e+05 2.058099e+00 1.262432e-05 1.219373e-04 5.781422e-10 1.413912e-01 
643            5.443713e+05 2.057120e+00 1.266144e-05 1.073556e-04 4.955381e-10 1.789798e-01 
644            4.977220e+05 2.059189e+00 1.262432e-05 1.171620e-04 5.089619e-10 1.730666e-01 
645            5.807605e+05 2.058804e+00 1.262432e-05 9.767151e-05 5.080675e-10 1.841121e-01 
646            5.480079e+05 2.058449e+00 1.262432e-05 1.096916e-04 5.047514e-10 1.801086e-01 
647            5.224064e+05 2.058523e+00 1.262432e-05 1.128932e-04 5.238296e-10 1.763993e-01 
648            5.727221e+05 2.055290e+00 1.262432e-05 9.797924e-05 4.627330e-10 1.855462e-01 
649            5.955955e+05 2.057328e+00 1.268600e-05 8.507812e-05 4.991615e-10 1.843078e-01 
650            5.752642e+05 2.059060e+00 1.264691e-05 1.008312e-04 4.520175e-10 1.882920e-01 
651            5.141746e+05 2.056857e+00 1.262432e-05 1.145096e-04 5.166448e-10 1.759731e-01 
652            5.259872e+05 2.060000e+00 1.262432e-05 1.109162e-04 5.168604e-10 1.762419e-01 
653            5.400093e+05 2.059851e+00 1.262432e-05 1.049910e-04 4.965097e-10 1.796773e-01 
654            5.239985e+05 2.054898e+00 1.262432e-05 1.125964e-04 5.350152e-10 1.788158e-01 
655            3.378318e+05 2.059907e+00 1.262432e-05 1.225845e-04 5.623370e-10 1.394879e-01 
656            5.928012e+05 2.054572e+00 1.262889e-05 8.569395e-05 4.890874e-10 1.857890e-01 
657            3.706833e+05 2.054510e+00 1.262432e-05 1.161416e-04 5.901360e-10 1.469197e-01 
658            5.897700e+05 2.058323e+00 1.262432e-05 8.903517e-05 4.951568e-10 1.887198e-01 
659            3.261886e+05 2.060000e+00 1.262432e-05 1.309526e-04 6.078476e-10 1.368495e-01 
660            4.976397e+05 2.057869e+00 1.262432e-05 1.173562e-04 5.159397e-10 1.748081e-01 
661            3.620517e+05 2.059821e+00 1.262432e-05 1.198606e-04 5.439699e-10 1.467020e-01 
662            5.268346e+05 2.059214e+00 1.264348e-05 1.119007e-04 4.961671e-10 1.786284e-01 
663            5.384666e+05 2.058188e+00 1.262432e-05 1.059750e-04 5.151506e-10 1.811222e-01 
664            5.388683e+05 2.059881e+00 1.262836e-05 1.040220e-04 5.411388e-10 1.806067e-01 
665            5.232739e+05 2.058877e+00 1.265735e-05 1.130358e-04 5.114909e-10 1.794748e-01 
666            5.088966e+05 2.059963e+00 1.262432e-05 1.189906e-04 5.534504e-10 1.763485e-01 
667            6.057243e+05 1.866388e+00 1.262432e-05 8.547644e-05 4.887828e-10 1.891679e-01 
668            5.108878e+05 2.052188e+00 1.262432e-05 1.195749e-04 5.336057e-10 1.747984e-01 
669            3.455216e+05 2.059740e+00 1.262451e-05 1.228589e-04 5.399831e-10 1.430217e-01 
670            3.827080e+05 2.059451e+00 1.262432e-05 1.148112e-04 5.508346e-10 1.496237e-01 
671            5.789860e+05 2.056175e+00 1.262432e-05 9.691632e-05 5.034888e-10 1.872920e-01 
672            5.103820e+05 2.056609e+00 1.262432e-05 1.197491e-04 5.497706e-10 1.740584e-01 
673            3.690887e+05 2.059219e+00 1.262432e-05 1.164697e-04 5.450356e-10 1.475455e-01 
674            5.164744e+05 2.059799e+00 1.262432e-05 1.130251e-04 5.336189e-10 1.753009e-01 
675            5.372357e+05 2.059555e+00 1.262457e-05 1.063485e-04 5.063430e-10 1.813587e-01 
676            5.167300e+05 2.053419e+00 1.264799e-05 1.123814e-04 4.968131e-10 1.776125e-01 
677            5.142996e+05 2.057033e+00 1.262432e-05 1.146483e-04 4.931302e-10 1.758864e-01 
678            3.391318e+05 2.058287e+00 1.262432e-05 1.222095e-04 5.401929e-10 1.391695e-01 
679            3.841392e+05 2.058706e+00 1.262432e-05 1.159712e-04 5.597274e-10 1.487087e-01 
680            5.823046e+05 2.057200e+00 1.262432e-05 9.501685e-05 4.909092e-10 1.871572e-01 
681            5.075393e+05 2.058055e+00 1.262432e-05 1.205750e-04 5.134398e-10 1.725074e-01 
682            4.977347e+05 2.060000e+00 1.262432e-05 1.168860e-04 5.285661e-10 1.739906e-01 
683            5.923451e+05 2.058637e+00 1.268196e-05 8.798823e-05 4.885930e-10 1.843409e-01 
684            6.020096e+05 2.010080e+00 1.262432e-05 8.584222e-05 4.841389e-10 1.854909e-01 
685            3.349779e+05 2.058670e+00 1.262432e-05 1.244054e-04 6.308087e-10 1.393502e-01 
686            5.931500e+05 2.059691e+00 1.262432e-05 8.536754e-05 4.684025e-10 1.862695e-01 
687            3.276626e+05 2.060000e+00 1.262432e-05 1.310212e-04 5.745986e-10 1.360671e-01 
688            5.752671e+05 2.058518e+00 1.275318e-05 1.007499e-04 5.259826e-10 1.865062e-01 
689            6.019526e+05 2.009853e+00 1.262682e-05 8.584137e-05 4.960775e-10 1.879639e-01 
690            5.111125e+05 2.056410e+00 1.265821e-05 1.191471e-04 5.335160e-10 1.756209e-01 
691            5.715321e+05 2.059610e+00 1.264269e-05 9.977666e-05 5.162422e-10 1.825674e-01 
692            5.701462e+05 2.059011e+00 1.262432e-05 1.009124e-04 5.095018e-10 1.820849e-01 
693            3.408720e+05 2.059445e+00 1.262432e-05 1.232427e-04 5.647740e-10 1.402018e-01 
694            5.155180e+05 2.054922e+00 1.265260e-05 1.141653e-04 4.941233e-10 1.750658e-01 
695            5.338989e+05 2.060000e+00 1.262432e-05 1.087787e-04 5.121483e-10 1.775303e-01 
696            6.014798e+05 2.022330e+00 1.262432e-05 8.560203e-05 4.870749e-10 1.882741e-01 
697            3.348356e+05 2.055497e+00 1.262432e-05 1.249278e-04 5.505240e-10 1.390070e-01 
698            5.733161e+05 2.054059e+00 1.263287e-05 9.871325e-05 5.340657e-10 1.852700e-01 
699            3.294692e+05 2.060000e+00 1.262432e-05 1.296058e-04 5.344228e-10 1.372481e-01 
700            3.639861e+05 2.059051e+00 1.264556e-05 1.201429e-04 5.553876e-10 1.463151e-01 
701            3.512796e+05 2.059032e+00 1.262432e-05 1.200660e-04 6.082065e-10 1.439242e-01 
702            3.152950e+05 2.059280e+00 1.262432e-05 1.325457e-04 6.440496e-10 1.338931e-01 
703            3.850179e+05 2.060000e+00 1.262432e-05 1.142165e-04 5.552384e-10 1.517178e-01 
704            5.173372e+05 2.055014e+00 1.262432e-05 1.114261e-04 5.507208e-10 1.753242e-01 
705            3.253205e+05 2.059698e+00 1.262432e-05 1.321068e-04 5.542264e-10 1.353129e-01 
706            3.666630e+05 2.059896e+00 1.262432e-05 1.178382e-04 5.565251e-10 1.453710e-01 
707            3.632553e+05 2.059786e+00 1.262432e-05 1.204073e-04 5.996067e-10 1.444159e-01 
708            3.413513e+05 2.058197e+00 1.262432e-05 1.229103e-04 6.051588e-10 1.401743e-01 
709            5.822306e+05 2.057228e+00 1.262432e-05 9.329459e-05 5.055652e-10 1.845261e-01 
710            5.423021e+05 2.057948e+00 1.262432e-05 1.067031e-04 5.155837e-10 1.793654e-01 
711            3.853953e+05 2.059839e+00 1.262432e-05 1.145617e-04 5.463954e-10 1.510678e-01 
712            5.823171e+05 2.057917e+00 1.262432e-05 9.230516e-05 5.008424e-10 1.837941e-01 
713            3.133505e+05 2.059761e+00 1.262432e-05 1.336371e-04 5.747380e-10 1.339535e-01 
714            3.783516e+05 2.059532e+00 1.262432e-05 1.153215e-04 5.787825e-10 1.507443e-01 
715            5.129686e+05 2.054106e+00 1.265953e-05 1.176025e-04 5.036503e-10 1.736701e-01 
716            3.387728e+05 2.059675e+00 1.262432e-05 1.217562e-04 5.914667e-10 1.388949e-01 
717            5.719277e+05 2.056014e+00 1.262432e-05 9.784956e-05 5.091614e-10 1.841318e-01 
718            3.777180e+05 2.058802e+00 1.262432e-05 1.145079e-04 5.695685e-10 1.510096e-01 
719            3.596236e+05 2.058289e+00 1.262432e-05 1.202669e-04 5.927690e-10 1.440799e-01 
720            5.235918e+05 2.060000e+00 1.262432e-05 1.140261e-04 5.617922e-10 1.770619e-01 
721            5.344560e+05 2.056498e+00 1.262432e-05 1.092501e-04 5.639229e-10 1.811802e-01 
722            3.794379e+05 2.055707e+00 1.262432e-05 1.150365e-04 5.254943e-10 1.495912e-01 
723            6.052782e+05 1.891685e+00 1.267295e-05 8.582556e-05 4.561336e-10 1.898517e-01 
724            5.804073e+05 2.051728e+00 1.262432e-05 9.823987e-05 4.902756e-10 1.828146e-01 
725            3.331619e+05 2.058894e+00 1.263593e-05 1.265800e-04 5.172574e-10 1.391448e-01 
726            5.824107e+05 2.057319e+00 1.262432e-05 9.378657e-05 5.006070e-10 1.855773e-01 
727            6.007794e+05 2.051406e+00 1.264060e-05 8.606073e-05 4.410338e-10 1.854104e-01 
728            5.711127e+05 2.057368e+00 1.262432e-05 9.904298e-05 4.777633e-10 1.803197e-01 
729            5.199077e+05 2.053107e+00 1.262432e-05 1.120016e-04 5.361874e-10 1.747988e-01 
730            6.020173e+05 1.992773e+00 1.266593e-05 8.523561e-05 4.724158e-10 1.874806e-01 
731            5.762511e+05 2.058483e+00 1.264314e-05 9.898798e-05 5.136310e-10 1.834493e-01 
732            5.822951e+05 2.059201e+00 1.262432e-05 9.467344e-05 5.180205e-10 1.850247e-01 
733            6.071931e+05 1.857767e+00 1.262432e-05 8.594157e-05 4.862279e-10 1.904705e-01 
734            5.308549e+05 2.059774e+00 1.262432e-05 1.135536e-04 5.254452e-10 1.753050e-01 
735            5.421469e+05 2.059696e+00 1.262432e-05 1.067589e-04 5.210594e-10 1.795203e-01 
736            5.000553e+05 2.059986e+00 1.262432e-05 1.177471e-04 5.704756e-10 1.718530e-01 
737            5.741604e+05 2.058876e+00 1.262432e-05 1.000019e-04 4.814609e-10 1.808801e-01 
738            5.933462e+05 2.059945e+00 1.262432e-05 8.523862e-05 4.753228e-10 1.864272e-01 
739            5.162950e+05 2.058565e+00 1.262432e-05 1.132029e-04 5.259065e-10 1.761147e-01 
740            5.242342e+05 2.058635e+00 1.262432e-05 1.108864e-04 5.405110e-10 1.778410e-01 
741            3.178510e+05 2.057089e+00 1.262432e-05 1.334356e-04 5.981929e-10 1.333220e-01 
742            3.843195e+05 2.057230e+00 1.262432e-05 1.143890e-04 5.886297e-10 1.510853e-01 
743            5.187232e+05 2.060000e+00 1.262432e-05 1.117671e-04 5.621737e-10 1.741758e-01 
744            5.727212e+05 2.056179e+00 1.264351e-05 9.791048e-05 5.129455e-10 1.834780e-01 
745            3.510600e+05 2.059277e+00 1.262432e-05 1.205281e-04 5.777142e-10 1.434572e-01 
746            3.291279e+05 2.059067e+00 1.262432e-05 1.299716e-04 5.682775e-10 1.398296e-01 
747            5.457599e+05 2.056356e+00 1.262432e-05 1.072511e-04 5.088073e-10 1.805201e-01 
748            5.166217e+05 2.052060e+00 1.263160e-05 1.122358e-04 5.088316e-10 1.776628e-01 
749            5.716274e+05 2.060000e+00 1.262432e-05 9.977866e-05 4.718448e-10 1.833301e-01 
750            3.372107e+05 2.058995e+00 1.262432e-05 1.234268e-04 5.764495e-10 1.391654e-01 
751            3.690233e+05 2.059483e+00 1.262432e-05 1.162204e-04 5.878045e-10 1.476051e-01 
752            5.820883e+05 2.059853e+00 1.262432e-05 9.488330e-05 4.969979e-10 1.837118e-01 
753            3.776642e+05 2.059855e+00 1.262432e-05 1.144537e-04 5.618289e-10 1.494902e-01 
754            5.848621e+05 2.057450e+00 1.262432e-05 9.245187e-05 4.620331e-10 1.865376e-01 
755            5.174536e+05 2.059407e+00 1.262432e-05 1.115765e-04 5.338519e-10 1.746130e-01 
756            5.805495e+05 2.059064e+00 1.262432e-05 9.787633e-05 4.935365e-10 1.851904e-01 
757            3.545195e+05 2.059744e+00 1.262432e-05 1.174978e-04 5.786484e-10 1.433130e-01 
758            5.101566e+05 2.059266e+00 1.262432e-05 1.185400e-04 4.631688e-10 1.754067e-01 
759            5.154263e+05 2.059624e+00 1.262432e-05 1.146048e-04 4.863094e-10 1.783143e-01 
760            3.339179e+05 2.059756e+00 1.262432e-05 1.251048e-04 5.751226e-10 1.388299e-01 
761            3.340831e+05 2.059819e+00 1.262432e-05 1.255004e-04 5.828307e-10 1.380381e-01 
762            5.459248e+05 2.056516e+00 1.262432e-05 1.069738e-04 5.197853e-10 1.812654e-01 
763            5.705281e+05 2.058752e+00 1.271804e-05 1.012110e-04 4.988091e-10 1.826686e-01 
764            3.453734e+05 2.057019e+00 1.262432e-05 1.231046e-04 5.763024e-10 1.403626e-01 
765            5.753826e+05 2.057502e+00 1.262432e-05 1.008380e-04 5.095584e-10 1.857332e-01 
766            5.791426e+05 2.055237e+00 1.264879e-05 9.672672e-05 4.943931e-10 1.878660e-01 
767            3.195712e+05 2.060000e+00 1.262432e-05 1.326436e-04 6.135728e-10 1.339818e-01 
768            5.889894e+05 2.057941e+00 1.263533e-05 8.841707e-05 4.737141e-10 1.868240e-01 
769            5.851517e+05 2.059418e+00 1.268922e-05 9.141370e-05 5.120788e-10 1.835405e-01 
770            5.931500e+05 2.059691e+00 1.262432e-05 8.536754e-05 4.684025e-10 1.862695e-01 
771            5.232908e+05 2.058617e+00 1.262432e-05 1.134570e-04 5.116914e-10 1.748475e-01 
772            3.571439e+05 2.059751e+00 1.262432e-05 1.185022e-04 5.660774e-10 1.455504e-01 
773            5.824034e+05 2.056082e+00 1.262432e-05 9.352160e-05 5.000586e-10 1.861297e-01 
774            5.393496e+05 2.058639e+00 1.265958e-05 1.042039e-04 5.468376e-10 1.796793e-01 
775            5.071138e+05 2.059758e+00 1.262432e-05 1.210276e-04 5.135247e-10 1.735589e-01 
776            3.789892e+05 2.059371e+00 1.262432e-05 1.142323e-04 5.528570e-10 1.501103e-01 
777            5.716834e+05 2.059569e+00 1.262432e-05 9.954032e-05 4.699220e-10 1.843922e-01 
778            5.317303e+05 2.059965e+00 1.262572e-05 1.128190e-04 5.339596e-10 1.774599e-01 
779            5.321062e+05 2.056982e+00 1.262432e-05 1.118018e-04 5.180080e-10 1.805123e-01 
780            5.914894e+05 2.059732e+00 1.269624e-05 8.865982e-05 4.726270e-10 1.876949e-01 
781            5.824583e+05 2.056861e+00 1.262432e-05 9.346188e-05 5.201575e-10 1.854815e-01 
782            3.171103e+05 2.058781e+00 1.262432e-05 1.334437e-04 5.858799e-10 1.353615e-01 
783            5.241022e+05 2.057559e+00 1.262432e-05 1.107996e-04 5.309576e-10 1.760213e-01 
784            3.183767e+05 2.059132e+00 1.262432e-05 1.325292e-04 5.497487e-10 1.350787e-01 
785            5.121991e+05 2.057651e+00 1.262432e-05 1.177866e-04 5.500657e-10 1.737768e-01 
786            3.546798e+05 2.059078e+00 1.262432e-05 1.181051e-04 5.394222e-10 1.433334e-01 
787            5.828687e+05 2.057700e+00 1.262432e-05 9.208102e-05 4.756795e-10 1.850043e-01 
788            5.095752e+05 2.058873e+00 1.262432e-05 1.191097e-04 5.305199e-10 1.747626e-01 
789            3.392406e+05 2.060000e+00 1.262432e-05 1.224563e-04 6.056299e-10 1.394697e-01 
790            3.732982e+05 2.059908e+00 1.262432e-05 1.157178e-04 5.915640e-10 1.503483e-01 
791            5.446027e+05 2.059566e+00 1.265904e-05 1.074393e-04 5.313901e-10 1.792138e-01 
792            3.408637e+05 2.060000e+00 1.262432e-05 1.233224e-04 5.760772e-10 1.408691e-01 
793            5.119148e+05 2.055248e+00 1.262795e-05 1.189585e-04 5.115235e-10 1.759233e-01 
794            5.825093e+05 2.059655e+00 1.262432e-05 9.203441e-05 5.097713e-10 1.870913e-01 
795            3.843764e+05 2.060000e+00 1.262432e-05 1.144041e-04 4.993342e-10 1.518987e-01 
796            3.416025e+05 2.059849e+00 1.262432e-05 1.227436e-04 5.765929e-10 1.394339e-01 
797            5.101016e+05 2.056923e+00 1.262432e-05 1.189135e-04 5.632386e-10 1.758862e-01 
798            3.453705e+05 2.057511e+00 1.262432e-05 1.231304e-04 5.403536e-10 1.415752e-01 
799            4.994183e+05 2.059873e+00 1.262432e-05 1.173958e-04 5.463593e-10 1.716687e-01 
800            5.126707e+05 2.059744e+00 1.262432e-05 1.181344e-04 5.557297e-10 1.739565e-01 
801            3.317426e+05 2.060000e+00 1.262432e-05 1.275846e-04 5.670554e-10 1.377414e-01 
802            3.445801e+05 2.060000e+00 1.262432e-05 1.219963e-04 5.696704e-10 1.429719e-01 
803            5.739757e+05 2.058577e+00 1.262432e-05 9.956812e-05 4.982491e-10 1.807107e-01 
804            5.910006e+05 2.059248e+00 1.263508e-05 8.852551e-05 4.721677e-10 1.856520e-01 
805            3.171537e+05 2.058643e+00 1.262432e-05 1.337325e-04 6.074849e-10 1.339626e-01 
806            5.344740e+05 2.056236e+00 1.262432e-05 1.095182e-04 5.242615e-10 1.778671e-01 
807            5.927213e+05 2.056779e+00 1.269305e-05 8.705553e-05 4.734210e-10 1.881902e-01 
808            3.183536e+05 2.059156e+00 1.264339e-05 1.327030e-04 5.814545e-10 1.338663e-01 
809            5.279477e+05 2.053061e+00 1.262432e-05 1.108436e-04 4.954886e-10 1.768347e-01 
810            3.259055e+05 2.057367e+00 1.262432e-05 1.311132e-04 5.837149e-10 1.376747e-01 
811            3.469110e+05 2.058243e+00 1.262432e-05 1.229657e-04 5.970730e-10 1.406021e-01 
812            5.239013e+05 2.054158e+00 1.262465e-05 1.123629e-04 4.810740e-10 1.753260e-01 
813            3.629852e+05 2.059662e+00 1.262432e-05 1.205272e-04 5.365691e-10 1.440410e-01 
814            5.416476e+05 2.058719e+00 1.262432e-05 1.066905e-04 5.158070e-10 1.786141e-01 
815            3.646481e+05 2.059306e+00 1.262432e-05 1.195511e-04 5.536335e-10 1.469067e-01 
816            3.692119e+05 2.056938e+00 1.262432e-05 1.168110e-04 5.454048e-10 1.481600e-01 
817            5.224232e+05 2.054840e+00 1.262432e-05 1.124493e-04 5.230952e-10 1.754971e-01 
818            5.480401e+05 2.058174e+00 1.262432e-05 1.088610e-04 5.161252e-10 1.816104e-01 
819            5.026960e+05 2.054583e+00 1.264652e-05 1.183612e-04 5.488562e-10 1.749453e-01 
820            5.121933e+05 2.058176e+00 1.262432e-05 1.178612e-04 5.136767e-10 1.732677e-01 
821            5.420299e+05 2.058480e+00 1.262432e-05 1.067690e-04 4.969414e-10 1.798475e-01 
822            5.870156e+05 2.056559e+00 1.262432e-05 9.189369e-05 5.122485e-10 1.842345e-01 
823            5.850842e+05 2.053047e+00 1.267989e-05 9.100286e-05 4.758685e-10 1.850224e-01 
824            5.173966e+05 2.059133e+00 1.262432e-05 1.116936e-04 5.193213e-10 1.748377e-01 
825            6.082611e+05 1.847490e+00 1.264400e-05 8.336114e-05 4.467426e-10 1.861293e-01 
826            3.600892e+05 2.060000e+00 1.264414e-05 1.207372e-04 5.437588e-10 1.444825e-01 
827            5.072290e+05 2.059968e+00 1.262432e-05 1.202278e-04 4.910501e-10 1.731758e-01 
828            5.218333e+05 2.059997e+00 1.263502e-05 1.109357e-04 5.682862e-10 1.786963e-01 
829            5.170647e+05 2.058400e+00 1.262432e-05 1.122250e-04 5.180732e-10 1.754572e-01 
830            3.432770e+05 2.056300e+00 1.262432e-05 1.218678e-04 5.748701e-10 1.413485e-01 
831            3.754584e+05 2.059815e+00 1.262432e-05 1.172508e-04 5.406929e-10 1.489213e-01 
832            5.262356e+05 2.059660e+00 1.262432e-05 1.123629e-04 4.963158e-10 1.790572e-01 
833            5.702601e+05 2.058455e+00 1.264022e-05 1.014386e-04 5.001714e-10 1.819833e-01 
834            6.049669e+05 1.890644e+00 1.262432e-05 8.598474e-05 4.388598e-10 1.885242e-01 
835            5.719724e+05 2.056749e+00 1.262432e-05 9.784278e-05 5.704862e-10 1.854717e-01 
836            5.232739e+05 2.058877e+00 1.265735e-05 1.130358e-04 5.114909e-10 1.794748e-01 
837            3.784995e+05 2.059850e+00 1.262432e-05 1.144998e-04 5.676204e-10 1.483584e-01 
838            3.518632e+05 2.059332e+00 1.262432e-05 1.191325e-04 5.815479e-10 1.418172e-01 
839            5.945142e+05 2.056621e+00 1.263384e-05 8.598075e-05 5.016762e-10 1.863887e-01 
840            5.264620e+05 2.058799e+00 1.262432e-05 1.118377e-04 5.245099e-10 1.762711e-01 
841            6.019151e+05 2.006341e+00 1.263276e-05 8.632259e-05 4.737541e-10 1.879371e-01 
842            3.415666e+05 2.058560e+00 1.262432e-05 1.228212e-04 5.956213e-10 1.405037e-01 
843            3.444551e+05 2.059478e+00 1.264332e-05 1.219365e-04 5.570215e-10 1.409975e-01 
844            5.825896e+05 2.058628e+00 1.262628e-05 9.372760e-05 5.146735e-10 1.857393e-01 
845            5.833794e+05 2.058869e+00 1.262432e-05 9.090180e-05 4.936182e-10 1.857048e-01 
846            3.803896e+05 2.053846e+00 1.262432e-05 1.141274e-04 5.483894e-10 1.509136e-01 
847            3.675418e+05 2.053055e+00 1.262432e-05 1.175546e-04 5.825597e-10 1.458075e-01 
848            3.380643e+05 2.059543e+00 1.262432e-05 1.222917e-04 5.741244e-10 1.392118e-01 
849            4.977990e+05 2.058968e+00 1.263661e-05 1.169344e-04 5.322366e-10 1.716853e-01 
850            5.230820e+05 2.059877e+00 1.266118e-05 1.129659e-04 5.152442e-10 1.776530e-01 
851            3.696647e+05 2.059523e+00 1.262432e-05 1.164617e-04 5.743548e-10 1.469835e-01 
852            5.015351e+05 2.059654e+00 1.262432e-05 1.169525e-04 5.325626e-10 1.718489e-01 
853            5.146703e+05 2.050909e+00 1.262432e-05 1.148285e-04 5.548341e-10 1.763987e-01 
854            6.070442e+05 1.846418e+00 1.262432e-05 8.482454e-05 4.869680e-10 1.910625e-01 
855            6.017768e+05 1.956080e+00 1.262432e-05 8.381098e-05 4.723070e-10 1.873098e-01 
856            5.070618e+05 2.060000e+00 1.262432e-05 1.205689e-04 5.460741e-10 1.733567e-01 
857            3.821027e+05 2.058350e+00 1.262432e-05 1.158033e-04 5.692815e-10 1.491441e-01 
858            6.016212e+05 2.017102e+00 1.262655e-05 8.586995e-05 4.526791e-10 1.866538e-01 
859            5.145948e+05 2.056057e+00 1.262845e-05 1.150511e-04 5.478062e-10 1.764001e-01 
860            3.255374e+05 2.058184e+00 1.262432e-05 1.317884e-04 5.464750e-10 1.379173e-01 
861            3.631038e+05 2.059414e+00 1.262432e-05 1.206119e-04 5.780981e-10 1.461482e-01 
862            3.293618e+05 2.060000e+00 1.262432e-05 1.298523e-04 6.096075e-10 1.363634e-01 
863            6.007240e+05 2.045484e+00 1.270971e-05 8.614106e-05 4.750639e-10 1.865154e-01 
864            5.783244e+05 2.059568e+00 1.266455e-05 9.713468e-05 5.011810e-10 1.828218e-01 
865            3.656462e+05 2.059742e+00 1.262432e-05 1.185930e-04 5.649152e-10 1.475734e-01 
866            5.927213e+05 2.056779e+00 1.269305e-05 8.705553e-05 4.734210e-10 1.881902e-01 
867            5.815096e+05 2.056141e+00 1.262432e-05 9.556457e-05 5.190638e-10 1.839925e-01 
868            3.283076e+05 2.059091e+00 1.262432e-05 1.299683e-04 5.531092e-10 1.360806e-01 
869            5.442812e+05 2.059224e+00 1.262432e-05 1.060565e-04 4.696171e-10 1.813272e-01 
870            5.152114e+05 2.059996e+00 1.262563e-05 1.146946e-04 5.363586e-10 1.737887e-01 
871            5.733219e+05 2.055494e+00 1.266894e-05 9.700741e-05 4.892831e-10 1.836172e-01 
872            5.874086e+05 2.058928e+00 1.263782e-05 9.173140e-05 4.422308e-10 1.868052e-01 
873            5.322822e+05 2.055209e+00 1.277836e-05 1.117845e-04 5.297560e-10 1.790947e-01 
874            5.882267e+05 2.059426e+00 1.262432e-05 8.904636e-05 4.910601e-10 1.853344e-01 
875            3.825806e+05 2.059538e+00 1.262432e-05 1.153209e-04 5.527894e-10 1.525801e-01 
876            5.443827e+05 2.057249e+00 1.263721e-05 1.072189e-04 5.320773e-10 1.812653e-01 
877            5.460773e+05 2.057489e+00 1.262432e-05 1.081347e-04 5.020651e-10 1.789525e-01 
878            5.273252e+05 2.059221e+00 1.262432e-05 1.115878e-04 5.337242e-10 1.784609e-01 
879            5.220575e+05 2.055620e+00 1.266826e-05 1.117822e-04 5.651604e-10 1.752805e-01 
880            5.910301e+05 2.054892e+00 1.264920e-05 8.854240e-05 4.753059e-10 1.869191e-01 
881            5.888195e+05 2.059454e+00 1.264558e-05 8.828699e-05 4.465383e-10 1.852937e-01 
882            3.656462e+05 2.059742e+00 1.262432e-05 1.185930e-04 5.649152e-10 1.475734e-01 
883            5.824472e+05 2.059014e+00 1.268497e-05 9.294174e-05 5.257273e-10 1.831875e-01 
884            3.266353e+05 2.060000e+00 1.262432e-05 1.312367e-04 5.845864e-10 1.357879e-01 
885            5.783206e+05 2.054209e+00 1.267108e-05 9.785877e-05 5.021103e-10 1.859431e-01 
886            5.281639e+05 2.057147e+00 1.262432e-05 1.108458e-04 5.118261e-10 1.769447e-01 
887            5.183680e+05 2.058282e+00 1.262432e-05 1.123511e-04 5.548871e-10 1.749812e-01 
888            6.065539e+05 1.851001e+00 1.265854e-05 8.566241e-05 5.118263e-10 1.891522e-01 
889            5.909276e+05 2.060000e+00 1.262596e-05 8.855465e-05 4.811932e-10 1.858567e-01 
890            6.020358e+05 2.011408e+00 1.262432e-05 8.573748e-05 4.847325e-10 1.902846e-01 
891            3.590992e+05 2.059770e+00 1.262432e-05 1.196995e-04 5.902261e-10 1.436286e-01 
892            5.930076e+05 2.050976e+00 1.262432e-05 8.557618e-05 4.525614e-10 1.855554e-01 
893            5.102942e+05 2.059055e+00 1.262746e-05 1.190908e-04 5.617313e-10 1.718725e-01 
894            6.018299e+05 1.959012e+00 1.262432e-05 8.367360e-05 4.547997e-10 1.889330e-01 
895            3.139524e+05 2.055137e+00 1.262432e-05 1.332389e-04 5.682754e-10 1.313488e-01 
896            5.230733e+05 2.057827e+00 1.262432e-05 1.138161e-04 5.309701e-10 1.762735e-01 
897            3.253505e+05 2.060000e+00 1.265111e-05 1.320553e-04 6.221546e-10 1.366137e-01 
898            3.485432e+05 2.059599e+00 1.262432e-05 1.224498e-04 5.575058e-10 1.406251e-01 
899            5.964590e+05 2.058816e+00 1.262432e-05 8.743137e-05 5.166849e-10 1.849999e-01 
900            5.435150e+05 2.058920e+00 1.262432e-05 1.070175e-04 5.242344e-10 1.806296e-01 
901            5.264430e+05 2.059668e+00 1.262432e-05 1.118747e-04 5.069645e-10 1.770506e-01 
902            5.329710e+05 2.059454e+00 1.262432e-05 1.106448e-04 5.235746e-10 1.786127e-01 
903            5.846028e+05 2.058188e+00 1.262432e-05 9.100031e-05 5.131637e-10 1.849664e-01 
904            5.274227e+05 2.058357e+00 1.262771e-05 1.115192e-04 5.055341e-10 1.781419e-01 
905            3.722930e+05 2.060000e+00 1.262432e-05 1.157677e-04 5.813524e-10 1.477252e-01 
906            3.138693e+05 2.059841e+00 1.262515e-05 1.329007e-04 5.793707e-10 1.339311e-01 
907            3.444551e+05 2.059478e+00 1.264332e-05 1.219365e-04 5.570215e-10 1.409975e-01 
908            3.804151e+05 2.054214e+00 1.262432e-05 1.147276e-04 5.499163e-10 1.504573e-01 
909            5.814340e+05 2.052050e+00 1.262432e-05 9.555107e-05 4.743228e-10 1.833129e-01 
910            5.059681e+05 2.059893e+00 1.262432e-05 1.195543e-04 5.477571e-10 1.760140e-01 
911            5.957800e+05 2.060000e+00 1.262432e-05 8.573154e-05 4.758933e-10 1.883345e-01 
912            3.206161e+05 2.059822e+00 1.262579e-05 1.323723e-04 5.607872e-10 1.332566e-01 
913            5.352240e+05 2.055282e+00 1.262432e-05 1.070952e-04 5.117060e-10 1.774198e-01 
914            5.953011e+05 2.060000e+00 1.262432e-05 8.649975e-05 4.854775e-10 1.831348e-01 
915            5.853481e+05 2.059295e+00 1.262432e-05 9.087999e-05 4.906708e-10 1.862997e-01 
916            5.898265e+05 2.057066e+00 1.268062e-05 8.901014e-05 4.780199e-10 1.877462e-01 
917            5.000345e+05 2.057505e+00 1.262432e-05 1.173526e-04 5.219708e-10 1.725811e-01 
918            3.427525e+05 2.059425e+00 1.262432e-05 1.218254e-04 5.518035e-10 1.391415e-01 
919            5.753554e+05 2.059700e+00 1.262432e-05 1.010046e-04 5.050159e-10 1.846939e-01 
920            6.071582e+05 1.845403e+00 1.262432e-05 8.545906e-05 5.011728e-10 1.898810e-01 
921            5.954190e+05 2.057354e+00 1.262432e-05 8.494412e-05 4.686429e-10 1.870274e-01 
922            6.023608e+05 1.960362e+00 1.262432e-05 8.394360e-05 4.636196e-10 1.870197e-01 
923            6.075303e+05 1.871909e+00 1.262432e-05 8.682143e-05 4.701372e-10 1.892212e-01 
924            3.626407e+05 2.054156e+00 1.262432e-05 1.202039e-04 5.835368e-10 1.442109e-01 
925            3.290704e+05 2.058361e+00 1.262432e-05 1.305981e-04 6.017579e-10 1.358468e-01 
926            3.370400e+05 2.059739e+00 1.262558e-05 1.237904e-04 6.077358e-10 1.401264e-01 
927            3.511242e+05 2.059406e+00 1.262432e-05 1.202847e-04 6.051121e-10 1.441537e-01 
928            3.199299e+05 2.059904e+00 1.262432e-05 1.324021e-04 5.932536e-10 1.343739e-01 
929            5.452789e+05 2.052367e+00 1.264434e-05 1.070053e-04 5.271194e-10 1.798119e-01 
930            5.097133e+05 2.059961e+00 1.267359e-05 1.191372e-04 5.592497e-10 1.742704e-01 
931            5.794840e+05 2.059766e+00 1.262432e-05 9.865926e-05 4.742192e-10 1.837758e-01 
932            5.952005e+05 2.057811e+00 1.268448e-05 8.616586e-05 5.426085e-10 1.882052e-01 
933            3.801712e+05 2.060000e+00 1.262432e-05 1.148124e-04 5.475410e-10 1.505621e-01 
934            3.265915e+05 2.060000e+00 1.263279e-05 1.309100e-04 5.944989e-10 1.352714e-01 
935            3.537848e+05 2.058686e+00 1.262432e-05 1.176555e-04 5.583598e-10 1.434299e-01 
936            3.590533e+05 2.058690e+00 1.262432e-05 1.196358e-04 5.867700e-10 1.442627e-01 
937            3.757332e+05 2.060000e+00 1.262432e-05 1.166779e-04 5.487016e-10 1.490930e-01 
938            6.055153e+05 1.867913e+00 1.262432e-05 8.543759e-05 4.556177e-10 1.877752e-01 
939            5.970137e+05 2.057927e+00 1.262432e-05 8.716856e-05 4.812047e-10 1.867251e-01 
940            6.070108e+05 1.846142e+00 1.263117e-05 8.515376e-05 5.119576e-10 1.902380e-01 
941            5.823685e+05 2.057392e+00 1.266991e-05 9.323754e-05 4.663369e-10 1.844595e-01 
942            3.467172e+05 2.059877e+00 1.262432e-05 1.226972e-04 5.603633e-10 1.412988e-01 
943            3.706467e+05 2.052594e+00 1.262432e-05 1.160996e-04 5.622614e-10 1.479549e-01 
944            3.637711e+05 2.056854e+00 1.262432e-05 1.204303e-04 5.647135e-10 1.445788e-01 
945            3.502730e+05 2.060000e+00 1.265669e-05 1.213379e-04 5.502243e-10 1.427809e-01 
946            5.455433e+05 2.056238e+00 1.262432e-05 1.072966e-04 5.472147e-10 1.793488e-01 
947            5.956066e+05 2.058461e+00 1.262432e-05 8.605507e-05 5.068322e-10 1.854728e-01 
948            5.067853e+05 2.059589e+00 1.262432e-05 1.205626e-04 5.222482e-10 1.753212e-01 
949            5.405277e+05 2.057004e+00 1.262432e-05 1.048168e-04 5.245064e-10 1.796283e-01 
950            5.010440e+05 2.060000e+00 1.262432e-05 1.176982e-04 5.481073e-10 1.729076e-01 
951            3.799053e+05 2.059775e+00 1.262432e-05 1.141929e-04 5.675199e-10 1.505075e-01 
952            3.821660e+05 2.054727e+00 1.262432e-05 1.158242e-04 5.587955e-10 1.522915e-01 
953            3.544449e+05 2.059067e+00 1.262432e-05 1.170029e-04 5.893175e-10 1.434414e-01 
954            5.841377e+05 2.059746e+00 1.262432e-05 9.223241e-05 4.754614e-10 1.862813e-01 
955            5.242536e+05 2.058413e+00 1.262432e-05 1.127092e-04 5.252774e-10 1.765933e-01 
956            5.924064e+05 2.056135e+00 1.262432e-05 8.792056e-05 4.746400e-10 1.863103e-01 
957            5.770459e+05 2.060000e+00 1.263711e-05 1.007941e-04 5.549685e-10 1.829992e-01 
958            5.855658e+05 2.060000e+00 1.264114e-05 9.084744e-05 4.932082e-10 1.862639e-01 
959            3.830445e+05 2.059449e+00 1.264496e-05 1.149876e-04 5.473784e-10 1.524591e-01 
960            6.034548e+05 1.942189e+00 1.262432e-05 8.355104e-05 4.441253e-10 1.916065e-01 
961            5.877125e+05 2.058503e+00 1.262432e-05 8.945424e-05 5.133894e-10 1.863158e-01 
962            5.769249e+05 2.059309e+00 1.262432e-05 1.006179e-04 4.774980e-10 1.845558e-01 
963            3.865923e+05 2.060000e+00 1.263513e-05 1.138914e-04 5.370653e-10 1.506469e-01 
964            5.250834e+05 2.060000e+00 1.262432e-05 1.101157e-04 4.917283e-10 1.775746e-01 
965            5.833458e+05 2.060000e+00 1.262432e-05 9.097040e-05 4.799767e-10 1.859773e-01 
966            6.083058e+05 1.842045e+00 1.274093e-05 8.370927e-05 4.848932e-10 1.910495e-01 
967            5.889044e+05 2.060000e+00 1.262432e-05 8.839234e-05 4.790836e-10 1.861971e-01 
968            3.614168e+05 2.057228e+00 1.262432e-05 1.199178e-04 5.756009e-10 1.455872e-01 
969            6.057380e+05 1.867610e+00 1.262432e-05 8.544214e-05 4.967299e-10 1.870662e-01 
970            3.508996e+05 2.058424e+00 1.262432e-05 1.211916e-04 5.370842e-10 1.440967e-01 
971            5.848331e+05 2.058355e+00 1.272604e-05 9.272658e-05 5.288296e-10 1.856534e-01 
972            4.976618e+05 2.059167e+00 1.262432e-05 1.169823e-04 5.328251e-10 1.699319e-01 
973            5.198661e+05 2.055832e+00 1.262432e-05 1.112541e-04 5.337177e-10 1.757696e-01 
974            5.344480e+05 2.057590e+00 1.262432e-05 1.094365e-04 5.715193e-10 1.788642e-01 
975            5.146669e+05 2.051523e+00 1.262432e-05 1.148211e-04 5.171204e-10 1.756651e-01 
976            3.493236e+05 2.059197e+00 1.262432e-05 1.221537e-04 5.739532e-10 1.415854e-01 
977            5.100266e+05 2.060000e+00 1.262432e-05 1.201556e-04 5.518656e-10 1.733098e-01 
978            3.735497e+05 2.058421e+00 1.262432e-05 1.155277e-04 5.388990e-10 1.488834e-01 
979            5.923709e+05 2.057247e+00 1.262432e-05 8.792027e-05 5.149294e-10 1.867676e-01 
980            5.085136e+05 2.054994e+00 1.264201e-05 1.198216e-04 5.664065e-10 1.747208e-01 
981            5.769295e+05 2.058327e+00 1.262432e-05 1.006914e-04 5.000154e-10 1.846455e-01 
982            5.240851e+05 2.059472e+00 1.262432e-05 1.127336e-04 5.093052e-10 1.765437e-01 
983            6.070158e+05 1.848460e+00 1.262432e-05 8.509666e-05 4.862108e-10 1.883486e-01 
984            5.126964e+05 2.059974e+00 1.266642e-05 1.181715e-04 5.408791e-10 1.745001e-01 
985            5.129439e+05 2.053965e+00 1.273061e-05 1.175981e-04 5.226316e-10 1.736545e-01 
986            3.743906e+05 2.059733e+00 1.262432e-05 1.155714e-04 5.855456e-10 1.496938e-01 
987            6.022231e+05 1.983593e+00 1.262432e-05 8.465688e-05 4.511220e-10 1.889130e-01 
988            5.875036e+05 2.060000e+00 1.266895e-05 8.925056e-05 5.068113e-10 1.838494e-01 
989            6.001288e+05 2.045843e+00 1.262432e-05 8.624663e-05 4.894914e-10 1.855333e-01 
990            3.151009e+05 2.059720e+00 1.262432e-05 1.321336e-04 6.050536e-10 1.313165e-01 
991            3.407877e+05 2.059070e+00 1.262432e-05 1.230532e-04 5.320604e-10 1.410074e-01 
992            5.000804e+05 2.058574e+00 1.263216e-05 1.175020e-04 5.316230e-10 1.722109e-01 
993            6.048706e+05 1.916805e+00 1.262432e-05 8.675718e-05 4.430775e-10 1.894753e-01 
994            6.048432e+05 1.895225e+00 1.262432e-05 8.616680e-05 4.941673e-10 1.901327e-01 
995            3.208400e+05 2.060000e+00 1.262432e-05 1.326229e-04 5.861153e-10 1.347250e-01 
996            6.016769e+05 2.018120e+00 1.262432e-05 8.566090e-05 4.977283e-10 1.875136e-01 
997            6.027850e+05 1.950212e+00 1.262432e-05 8.474942e-05 4.908800e-10 1.884364e-01 
998            3.497870e+05 2.060000e+00 1.262432e-05 1.212196e-04 5.598073e-10 1.426998e-01 
999            3.848287e+05 2.056324e+00 1.267490e-05 1.141422e-04 5.620896e-10 1.535867e-01 
1000           5.232833e+05 2.059012e+00 1.262432e-05 1.128202e-04 4.884963e-10 1.780070e-01 
