Randomly Selected Posterior Samples
Fiber Type: Silk
Porosity: 98

Sample Index   Airflow Resistivity Tortuosity          Viscous Characteristic LengthThermal Characteristic LengthStatic Thermal PermeabilitySigma Noise         
1              2.553452e+04 1.551092e+00 1.199796e-04 2.247633e-04 1.653604e-09 5.878071e-02 
2              2.581272e+04 1.565968e+00 1.340894e-04 2.780911e-04 1.704304e-09 5.841518e-02 
3              2.582655e+04 1.583062e+00 1.335668e-04 2.652295e-04 1.603621e-09 5.731617e-02 
4              2.554730e+04 1.490191e+00 1.052080e-04 1.804222e-04 1.654391e-09 5.929971e-02 
5              2.574512e+04 1.578694e+00 1.340228e-04 2.660165e-04 1.658977e-09 5.778514e-02 
6              2.541612e+04 1.528327e+00 1.158352e-04 2.878585e-04 1.711357e-09 5.731318e-02 
7              2.539706e+04 1.535125e+00 1.178006e-04 2.866902e-04 1.776898e-09 5.663935e-02 
8              2.547602e+04 1.559454e+00 1.236956e-04 2.511630e-04 1.671175e-09 5.692960e-02 
9              2.570306e+04 1.550938e+00 1.184439e-04 2.218232e-04 1.628325e-09 5.813698e-02 
10             2.528300e+04 1.510499e+00 1.093389e-04 2.467711e-04 1.610705e-09 5.645121e-02 
11             2.584536e+04 1.585927e+00 1.337615e-04 2.711494e-04 1.670857e-09 5.728300e-02 
12             2.595894e+04 1.585508e+00 1.410981e-04 2.779437e-04 1.716559e-09 5.626021e-02 
13             2.557226e+04 1.568909e+00 1.362625e-04 2.508648e-04 1.703657e-09 5.673517e-02 
14             2.539408e+04 1.561747e+00 1.304523e-04 2.372940e-04 1.632881e-09 5.609807e-02 
15             2.581021e+04 1.573245e+00 1.351815e-04 2.632706e-04 1.682929e-09 5.746102e-02 
16             2.568670e+04 1.528801e+00 1.205616e-04 2.040033e-04 1.635781e-09 5.892034e-02 
17             2.566758e+04 1.556912e+00 1.239011e-04 2.442100e-04 1.659545e-09 5.762581e-02 
18             2.571134e+04 1.528945e+00 1.158268e-04 2.872987e-04 1.735474e-09 5.665462e-02 
19             2.541755e+04 1.522074e+00 1.130835e-04 1.945069e-04 1.684450e-09 5.897724e-02 
20             2.537768e+04 1.502296e+00 1.095275e-04 2.645744e-04 1.667827e-09 5.683861e-02 
21             2.578488e+04 1.560990e+00 1.273969e-04 2.295978e-04 1.692433e-09 5.845996e-02 
22             2.552944e+04 1.547704e+00 1.215077e-04 2.320243e-04 1.622781e-09 5.796578e-02 
23             2.570982e+04 1.579934e+00 1.365250e-04 2.728335e-04 1.672350e-09 5.714183e-02 
24             2.544659e+04 1.480117e+00 1.017912e-04 1.740627e-04 1.692560e-09 6.030624e-02 
25             2.553841e+04 1.591938e+00 1.365911e-04 2.732643e-04 1.714974e-09 5.621423e-02 
26             2.549505e+04 1.528368e+00 1.128541e-04 2.875154e-04 1.700383e-09 5.548940e-02 
27             2.556216e+04 1.581757e+00 1.334085e-04 2.469834e-04 1.632082e-09 5.679803e-02 
28             2.591339e+04 1.578965e+00 1.341969e-04 2.647455e-04 1.705783e-09 5.683426e-02 
29             2.563535e+04 1.545465e+00 1.208948e-04 2.253343e-04 1.675367e-09 5.919867e-02 
30             2.540606e+04 1.520071e+00 1.119065e-04 2.856516e-04 1.657903e-09 5.736279e-02 
31             2.577716e+04 1.555263e+00 1.257587e-04 2.459232e-04 1.617403e-09 5.774175e-02 
32             2.561015e+04 1.506835e+00 1.101487e-04 2.789476e-04 1.716836e-09 5.781364e-02 
33             2.566862e+04 1.506943e+00 1.101414e-04 2.688781e-04 1.680299e-09 5.649388e-02 
34             2.577410e+04 1.585538e+00 1.348464e-04 2.755445e-04 1.722336e-09 5.668379e-02 
35             2.553333e+04 1.510063e+00 1.114914e-04 1.967982e-04 1.649064e-09 6.039250e-02 
36             2.579443e+04 1.578088e+00 1.304545e-04 2.403113e-04 1.637461e-09 5.766757e-02 
37             2.560289e+04 1.505624e+00 1.090230e-04 2.442744e-04 1.713381e-09 5.611184e-02 
38             2.554128e+04 1.603809e+00 1.431509e-04 2.793537e-04 1.690938e-09 5.873633e-02 
39             2.545998e+04 1.505893e+00 1.091406e-04 2.481323e-04 1.641433e-09 5.747020e-02 
40             2.561683e+04 1.578906e+00 1.339873e-04 2.635441e-04 1.681267e-09 5.619497e-02 
41             2.550221e+04 1.545626e+00 1.214226e-04 2.271703e-04 1.696065e-09 5.694400e-02 
42             2.558510e+04 1.510184e+00 1.123522e-04 2.392147e-04 1.765427e-09 5.678707e-02 
43             2.559388e+04 1.517130e+00 1.119665e-04 2.053928e-04 1.631818e-09 5.865265e-02 
44             2.590134e+04 1.560658e+00 1.248675e-04 2.569446e-04 1.691205e-09 5.876075e-02 
45             2.575939e+04 1.583238e+00 1.359255e-04 2.633533e-04 1.645311e-09 5.751369e-02 
46             2.536544e+04 1.514781e+00 1.115404e-04 2.346777e-04 1.710640e-09 5.777647e-02 
47             2.570225e+04 1.489428e+00 1.049524e-04 1.832621e-04 1.656777e-09 5.875053e-02 
48             2.565696e+04 1.523435e+00 1.110902e-04 2.701472e-04 1.676469e-09 5.698229e-02 
49             2.592656e+04 1.587746e+00 1.358079e-04 2.720796e-04 1.706211e-09 5.651036e-02 
50             2.568225e+04 1.579501e+00 1.264454e-04 2.621162e-04 1.734030e-09 5.749810e-02 
51             2.573284e+04 1.536494e+00 1.180243e-04 1.995891e-04 1.614773e-09 5.895876e-02 
52             2.565008e+04 1.563165e+00 1.272875e-04 2.271773e-04 1.661979e-09 5.817954e-02 
53             2.531973e+04 1.520752e+00 1.115941e-04 2.854183e-04 1.664985e-09 5.648677e-02 
54             2.558910e+04 1.532927e+00 1.137648e-04 2.876128e-04 1.744763e-09 5.674292e-02 
55             2.586440e+04 1.579666e+00 1.333933e-04 2.649848e-04 1.681323e-09 5.689587e-02 
56             2.566769e+04 1.546024e+00 1.222801e-04 2.321166e-04 1.637370e-09 5.751254e-02 
57             2.570686e+04 1.547954e+00 1.226994e-04 2.319114e-04 1.680958e-09 5.777907e-02 
58             2.544704e+04 1.517032e+00 1.104875e-04 2.851122e-04 1.730904e-09 5.660879e-02 
59             2.573301e+04 1.522743e+00 1.147532e-04 1.957420e-04 1.592926e-09 5.812052e-02 
60             2.570048e+04 1.533086e+00 1.193562e-04 2.209807e-04 1.710283e-09 5.810246e-02 
61             2.569555e+04 1.553922e+00 1.206372e-04 2.312533e-04 1.604576e-09 5.853712e-02 
62             2.572723e+04 1.573989e+00 1.310309e-04 2.397688e-04 1.713759e-09 5.636837e-02 
63             2.575959e+04 1.585832e+00 1.363619e-04 2.717206e-04 1.745329e-09 5.777472e-02 
64             2.585906e+04 1.518870e+00 1.105118e-04 2.791621e-04 1.745118e-09 5.716413e-02 
65             2.549179e+04 1.533388e+00 1.162893e-04 1.969926e-04 1.589866e-09 5.929477e-02 
66             2.556351e+04 1.514041e+00 1.111881e-04 2.047859e-04 1.626808e-09 5.859429e-02 
67             2.564679e+04 1.578213e+00 1.341831e-04 2.593305e-04 1.732411e-09 5.798333e-02 
68             2.551698e+04 1.545386e+00 1.214554e-04 2.118213e-04 1.632690e-09 5.770158e-02 
69             2.560077e+04 1.548600e+00 1.234195e-04 2.157294e-04 1.591328e-09 5.744321e-02 
70             2.557494e+04 1.515563e+00 1.107879e-04 2.586335e-04 1.687204e-09 5.797560e-02 
71             2.577000e+04 1.540217e+00 1.223336e-04 2.098659e-04 1.645432e-09 5.796095e-02 
72             2.570995e+04 1.554668e+00 1.237348e-04 2.183449e-04 1.700465e-09 5.820006e-02 
73             2.565214e+04 1.533708e+00 1.189826e-04 2.160257e-04 1.660445e-09 5.701599e-02 
74             2.551959e+04 1.501404e+00 1.098741e-04 2.849644e-04 1.721716e-09 5.732623e-02 
75             2.566649e+04 1.573063e+00 1.321323e-04 2.465898e-04 1.632013e-09 5.839088e-02 
76             2.542191e+04 1.519630e+00 1.108195e-04 2.351109e-04 1.689510e-09 5.797021e-02 
77             2.595053e+04 1.558141e+00 1.270431e-04 2.281463e-04 1.640501e-09 5.714985e-02 
78             2.523660e+04 1.503869e+00 1.106878e-04 2.579092e-04 1.767590e-09 5.771967e-02 
79             2.570856e+04 1.542840e+00 1.235722e-04 2.302492e-04 1.631750e-09 5.676646e-02 
80             2.567993e+04 1.582690e+00 1.367909e-04 2.731996e-04 1.648521e-09 5.740637e-02 
81             2.570997e+04 1.513570e+00 1.105815e-04 2.754554e-04 1.651288e-09 5.665009e-02 
82             2.551808e+04 1.516561e+00 1.108584e-04 2.813359e-04 1.748035e-09 5.679382e-02 
83             2.557857e+04 1.522378e+00 1.107036e-04 2.629621e-04 1.674140e-09 5.664472e-02 
84             2.578152e+04 1.570721e+00 1.298355e-04 2.396730e-04 1.656110e-09 5.722024e-02 
85             2.586983e+04 1.583048e+00 1.348185e-04 2.755468e-04 1.692073e-09 5.667251e-02 
86             2.601510e+04 1.588814e+00 1.361384e-04 2.758694e-04 1.649852e-09 5.617227e-02 
87             2.605981e+04 1.544763e+00 1.175882e-04 2.177517e-04 1.624570e-09 5.748768e-02 
88             2.567825e+04 1.521306e+00 1.113243e-04 2.805216e-04 1.676970e-09 5.629590e-02 
89             2.574795e+04 1.575304e+00 1.336081e-04 2.645591e-04 1.629667e-09 5.676668e-02 
90             2.549519e+04 1.520156e+00 1.115991e-04 2.861703e-04 1.717445e-09 5.743213e-02 
91             2.567607e+04 1.555661e+00 1.262004e-04 2.458867e-04 1.691727e-09 5.681833e-02 
92             2.581939e+04 1.521943e+00 1.097419e-04 2.797641e-04 1.673566e-09 5.745361e-02 
93             2.583027e+04 1.590249e+00 1.335390e-04 2.713089e-04 1.683815e-09 5.664525e-02 
94             2.571086e+04 1.576233e+00 1.304220e-04 2.397471e-04 1.625102e-09 5.769265e-02 
95             2.566504e+04 1.577450e+00 1.331345e-04 2.709112e-04 1.696701e-09 5.750003e-02 
96             2.555888e+04 1.515473e+00 1.122599e-04 2.622114e-04 1.722813e-09 5.653405e-02 
97             2.525724e+04 1.503339e+00 1.083273e-04 2.847286e-04 1.790310e-09 5.699560e-02 
98             2.572388e+04 1.505834e+00 1.105026e-04 2.777764e-04 1.738321e-09 5.725994e-02 
99             2.550192e+04 1.528379e+00 1.157100e-04 2.878009e-04 1.789956e-09 5.549308e-02 
100            2.553177e+04 1.541273e+00 1.217144e-04 2.346179e-04 1.679946e-09 5.653157e-02 
101            2.540322e+04 1.518916e+00 1.124090e-04 2.864357e-04 1.704788e-09 5.715317e-02 
102            2.547579e+04 1.509808e+00 1.120307e-04 2.347168e-04 1.629157e-09 5.875291e-02 
103            2.564946e+04 1.539398e+00 1.240120e-04 2.195629e-04 1.760853e-09 5.937982e-02 
104            2.559350e+04 1.521718e+00 1.110001e-04 2.838826e-04 1.695672e-09 5.742121e-02 
105            2.572839e+04 1.601842e+00 1.410789e-04 2.767271e-04 1.647826e-09 5.668891e-02 
106            2.563217e+04 1.561322e+00 1.272303e-04 2.576394e-04 1.717382e-09 5.708939e-02 
107            2.570665e+04 1.522891e+00 1.154425e-04 2.873961e-04 1.710346e-09 5.530018e-02 
108            2.563367e+04 1.519509e+00 1.110155e-04 2.346148e-04 1.722286e-09 5.794887e-02 
109            2.573737e+04 1.558555e+00 1.247240e-04 2.566150e-04 1.664265e-09 5.736448e-02 
110            2.563850e+04 1.472163e+00 1.015558e-04 1.773228e-04 1.593111e-09 5.881174e-02 
111            2.561229e+04 1.597666e+00 1.413342e-04 2.759235e-04 1.745795e-09 5.742538e-02 
112            2.582360e+04 1.537863e+00 1.205226e-04 2.064762e-04 1.639782e-09 5.932325e-02 
113            2.559196e+04 1.499438e+00 1.087995e-04 1.885046e-04 1.523984e-09 5.956654e-02 
114            2.583815e+04 1.568650e+00 1.311048e-04 2.370267e-04 1.681653e-09 5.823077e-02 
115            2.567546e+04 1.527716e+00 1.146523e-04 2.872520e-04 1.702512e-09 5.617390e-02 
116            2.569107e+04 1.593240e+00 1.352182e-04 2.632109e-04 1.672946e-09 5.680784e-02 
117            2.593817e+04 1.586118e+00 1.356760e-04 2.724958e-04 1.720609e-09 5.720806e-02 
118            2.563533e+04 1.597441e+00 1.379219e-04 2.635592e-04 1.667237e-09 5.779354e-02 
119            2.556960e+04 1.561456e+00 1.266144e-04 2.592125e-04 1.630043e-09 5.757573e-02 
120            2.590071e+04 1.481420e+00 1.041050e-04 1.829671e-04 1.584595e-09 6.146271e-02 
121            2.563807e+04 1.539087e+00 1.179075e-04 2.178404e-04 1.668896e-09 5.779390e-02 
122            2.537581e+04 1.518202e+00 1.109338e-04 2.847895e-04 1.686499e-09 5.749607e-02 
123            2.588495e+04 1.580097e+00 1.330466e-04 2.760375e-04 1.714587e-09 5.727579e-02 
124            2.558746e+04 1.518414e+00 1.108772e-04 2.612009e-04 1.724386e-09 5.718330e-02 
125            2.579726e+04 1.555843e+00 1.260800e-04 2.238893e-04 1.629449e-09 5.773553e-02 
126            2.535315e+04 1.517510e+00 1.104494e-04 2.739354e-04 1.723952e-09 5.693953e-02 
127            2.570583e+04 1.588208e+00 1.364267e-04 2.738231e-04 1.735701e-09 5.720559e-02 
128            2.573273e+04 1.596550e+00 1.382237e-04 2.757746e-04 1.700870e-09 5.765904e-02 
129            2.550564e+04 1.515514e+00 1.083177e-04 2.854117e-04 1.724691e-09 5.621910e-02 
130            2.563119e+04 1.568694e+00 1.315691e-04 2.393714e-04 1.667729e-09 5.789772e-02 
131            2.541766e+04 1.517139e+00 1.109625e-04 2.779246e-04 1.701967e-09 5.644826e-02 
132            2.547479e+04 1.527831e+00 1.144352e-04 2.876161e-04 1.673795e-09 5.813320e-02 
133            2.584022e+04 1.563751e+00 1.252006e-04 2.257902e-04 1.623938e-09 5.714649e-02 
134            2.558837e+04 1.533248e+00 1.143113e-04 2.867472e-04 1.700060e-09 5.722417e-02 
135            2.582530e+04 1.567560e+00 1.335674e-04 2.667306e-04 1.669335e-09 5.667251e-02 
136            2.555909e+04 1.515949e+00 1.088315e-04 2.799023e-04 1.704950e-09 5.868269e-02 
137            2.590961e+04 1.481042e+00 1.046573e-04 1.825086e-04 1.574070e-09 5.972783e-02 
138            2.519414e+04 1.515653e+00 1.119496e-04 2.011417e-04 1.658234e-09 5.978023e-02 
139            2.570830e+04 1.550419e+00 1.221141e-04 2.149687e-04 1.663854e-09 5.611214e-02 
140            2.571653e+04 1.579059e+00 1.264394e-04 2.621088e-04 1.655781e-09 5.673443e-02 
141            2.573598e+04 1.551693e+00 1.221429e-04 2.388546e-04 1.615553e-09 5.655578e-02 
142            2.548413e+04 1.595681e+00 1.431832e-04 2.793409e-04 1.668718e-09 5.723692e-02 
143            2.554740e+04 1.510925e+00 1.130227e-04 2.387929e-04 1.665170e-09 5.856061e-02 
144            2.557711e+04 1.536083e+00 1.216890e-04 2.375566e-04 1.620892e-09 5.792340e-02 
145            2.551990e+04 1.541337e+00 1.235673e-04 2.094034e-04 1.589260e-09 5.820069e-02 
146            2.570436e+04 1.584710e+00 1.369439e-04 2.731217e-04 1.647098e-09 5.613571e-02 
147            2.564880e+04 1.566900e+00 1.351581e-04 2.576442e-04 1.685004e-09 5.684967e-02 
148            2.551114e+04 1.505184e+00 1.090757e-04 2.835621e-04 1.721573e-09 5.580401e-02 
149            2.552712e+04 1.558575e+00 1.280178e-04 2.556043e-04 1.713615e-09 5.788006e-02 
150            2.568411e+04 1.533094e+00 1.177983e-04 2.194118e-04 1.621754e-09 5.854118e-02 
151            2.576840e+04 1.521702e+00 1.133629e-04 2.862008e-04 1.689449e-09 5.654634e-02 
152            2.526887e+04 1.506551e+00 1.088900e-04 2.643219e-04 1.761570e-09 5.640937e-02 
153            2.571436e+04 1.570721e+00 1.354176e-04 2.624812e-04 1.648398e-09 5.813844e-02 
154            2.568570e+04 1.557689e+00 1.266096e-04 2.305828e-04 1.640322e-09 5.673424e-02 
155            2.560019e+04 1.532761e+00 1.176198e-04 2.159503e-04 1.768563e-09 5.777574e-02 
156            2.577491e+04 1.579543e+00 1.337328e-04 2.623267e-04 1.677220e-09 5.750470e-02 
157            2.574451e+04 1.542101e+00 1.229067e-04 2.097151e-04 1.596959e-09 5.805706e-02 
158            2.568256e+04 1.584352e+00 1.384139e-04 2.747325e-04 1.677880e-09 5.714055e-02 
159            2.549560e+04 1.505981e+00 1.105048e-04 2.665621e-04 1.740725e-09 5.668925e-02 
160            2.585597e+04 1.576960e+00 1.362759e-04 2.545006e-04 1.703603e-09 5.668312e-02 
161            2.564506e+04 1.550230e+00 1.220959e-04 2.072568e-04 1.651328e-09 5.842629e-02 
162            2.563751e+04 1.514513e+00 1.110455e-04 1.982809e-04 1.628971e-09 5.868743e-02 
163            2.573806e+04 1.568789e+00 1.303530e-04 2.424872e-04 1.682821e-09 5.845977e-02 
164            2.601612e+04 1.598393e+00 1.410746e-04 2.771414e-04 1.689740e-09 5.618713e-02 
165            2.555951e+04 1.549212e+00 1.243562e-04 2.194488e-04 1.653507e-09 5.754261e-02 
166            2.592799e+04 1.572424e+00 1.307145e-04 2.458410e-04 1.717765e-09 5.741202e-02 
167            2.577419e+04 1.567704e+00 1.268726e-04 2.275233e-04 1.640272e-09 5.827382e-02 
168            2.579794e+04 1.580589e+00 1.327733e-04 2.687554e-04 1.679150e-09 5.633648e-02 
169            2.565368e+04 1.571298e+00 1.293951e-04 2.292127e-04 1.685702e-09 5.926891e-02 
170            2.568591e+04 1.526796e+00 1.163973e-04 2.109815e-04 1.680761e-09 5.848900e-02 
171            2.543944e+04 1.506973e+00 1.088153e-04 2.638792e-04 1.754971e-09 5.769255e-02 
172            2.576341e+04 1.594875e+00 1.361296e-04 2.616251e-04 1.647440e-09 5.600553e-02 
173            2.568084e+04 1.579683e+00 1.377630e-04 2.751278e-04 1.660408e-09 5.685025e-02 
174            2.540383e+04 1.532068e+00 1.169800e-04 2.876823e-04 1.739544e-09 5.789462e-02 
175            2.544006e+04 1.550933e+00 1.262042e-04 2.326863e-04 1.728823e-09 5.770874e-02 
176            2.540495e+04 1.498965e+00 1.078906e-04 2.410499e-04 1.637858e-09 5.712879e-02 
177            2.542654e+04 1.551432e+00 1.218103e-04 2.374781e-04 1.667533e-09 5.791144e-02 
178            2.562067e+04 1.550408e+00 1.239166e-04 2.455391e-04 1.656475e-09 5.785675e-02 
179            2.563669e+04 1.553978e+00 1.263324e-04 2.317041e-04 1.652061e-09 5.826998e-02 
180            2.547893e+04 1.516853e+00 1.124618e-04 2.706817e-04 1.746113e-09 5.736971e-02 
181            2.590081e+04 1.584445e+00 1.358046e-04 2.718730e-04 1.668859e-09 5.618570e-02 
182            2.565999e+04 1.573640e+00 1.343004e-04 2.778700e-04 1.700995e-09 5.615286e-02 
183            2.557984e+04 1.568339e+00 1.289580e-04 2.251576e-04 1.650863e-09 5.779477e-02 
184            2.560262e+04 1.531021e+00 1.165891e-04 2.878162e-04 1.689311e-09 5.655116e-02 
185            2.581082e+04 1.578881e+00 1.299599e-04 2.661220e-04 1.656535e-09 5.565567e-02 
186            2.563369e+04 1.536384e+00 1.221784e-04 2.356541e-04 1.691017e-09 5.719337e-02 
187            2.541137e+04 1.520127e+00 1.106891e-04 2.854230e-04 1.754139e-09 5.605878e-02 
188            2.577513e+04 1.558450e+00 1.256641e-04 2.522811e-04 1.710701e-09 5.680032e-02 
189            2.585416e+04 1.563819e+00 1.274206e-04 2.354890e-04 1.672574e-09 5.701120e-02 
190            2.581775e+04 1.559805e+00 1.264292e-04 2.607365e-04 1.729965e-09 5.646161e-02 
191            2.561041e+04 1.525726e+00 1.120092e-04 2.714044e-04 1.707725e-09 5.670257e-02 
192            2.558144e+04 1.526290e+00 1.136064e-04 2.861670e-04 1.740750e-09 5.768887e-02 
193            2.550917e+04 1.518934e+00 1.117288e-04 2.860925e-04 1.735940e-09 5.702170e-02 
194            2.561602e+04 1.564295e+00 1.305347e-04 2.405296e-04 1.689121e-09 5.798220e-02 
195            2.571262e+04 1.551374e+00 1.184186e-04 2.218336e-04 1.675099e-09 5.794209e-02 
196            2.561403e+04 1.546370e+00 1.211874e-04 2.257539e-04 1.678000e-09 5.850761e-02 
197            2.550612e+04 1.511417e+00 1.110911e-04 2.668361e-04 1.731907e-09 5.782646e-02 
198            2.559955e+04 1.530128e+00 1.151911e-04 2.873968e-04 1.669826e-09 5.641152e-02 
199            2.564581e+04 1.537488e+00 1.230537e-04 2.317013e-04 1.642976e-09 5.897838e-02 
200            5.476950e+04 2.006260e+00 7.567386e-05 2.232538e-04 9.885237e-10 1.470328e-01 
201            2.593437e+04 1.548804e+00 1.220560e-04 2.149246e-04 1.615458e-09 5.822903e-02 
202            2.565473e+04 1.524871e+00 1.164064e-04 2.104814e-04 1.587752e-09 5.832203e-02 
203            2.559981e+04 1.524060e+00 1.133482e-04 1.931227e-04 1.590939e-09 5.695230e-02 
204            2.571622e+04 1.579290e+00 1.336900e-04 2.802999e-04 1.751053e-09 5.588156e-02 
205            2.538060e+04 1.520595e+00 1.119297e-04 2.875061e-04 1.730009e-09 5.720436e-02 
206            2.570852e+04 1.576145e+00 1.344728e-04 2.785483e-04 1.749480e-09 5.609254e-02 
207            2.527188e+04 1.519375e+00 1.105359e-04 2.745184e-04 1.762768e-09 5.857527e-02 
208            2.567230e+04 1.588093e+00 1.366037e-04 2.736590e-04 1.704676e-09 5.659972e-02 
209            2.557574e+04 1.533064e+00 1.184293e-04 2.159298e-04 1.627136e-09 5.756180e-02 
210            2.555837e+04 1.501916e+00 1.085351e-04 2.410835e-04 1.778107e-09 5.718564e-02 
211            2.540343e+04 1.533718e+00 1.144154e-04 2.860431e-04 1.728232e-09 5.726034e-02 
212            2.532578e+04 1.494991e+00 1.078711e-04 2.435312e-04 1.698201e-09 5.740199e-02 
213            2.554996e+04 1.511213e+00 1.099572e-04 2.406401e-04 1.683138e-09 5.703802e-02 
214            2.551368e+04 1.538369e+00 1.183637e-04 2.176362e-04 1.627386e-09 5.866429e-02 
215            2.580403e+04 1.568517e+00 1.339330e-04 2.781846e-04 1.732350e-09 5.788687e-02 
216            2.576077e+04 1.571801e+00 1.328055e-04 2.710263e-04 1.764007e-09 5.736137e-02 
217            2.560424e+04 1.550704e+00 1.222663e-04 2.150500e-04 1.651443e-09 5.696416e-02 
218            2.578665e+04 1.511256e+00 1.117662e-04 1.996766e-04 1.630160e-09 5.857841e-02 
219            2.580854e+04 1.576041e+00 1.332045e-04 2.685393e-04 1.695190e-09 5.777563e-02 
220            2.533900e+04 1.519521e+00 1.116557e-04 2.640227e-04 1.685684e-09 5.742318e-02 
221            2.563826e+04 1.559295e+00 1.279191e-04 2.559085e-04 1.672401e-09 5.592565e-02 
222            2.554740e+04 1.510925e+00 1.130227e-04 2.387929e-04 1.665170e-09 5.856061e-02 
223            2.568101e+04 1.539011e+00 1.175648e-04 2.181018e-04 1.643323e-09 5.734377e-02 
224            2.554668e+04 1.516950e+00 1.121718e-04 2.625709e-04 1.726972e-09 5.910553e-02 
225            2.555530e+04 1.587221e+00 1.349524e-04 2.777039e-04 1.696720e-09 5.594142e-02 
226            2.554839e+04 1.570846e+00 1.353645e-04 2.578335e-04 1.671517e-09 5.667952e-02 
227            2.548313e+04 1.560000e+00 1.277403e-04 2.573980e-04 1.673105e-09 5.705842e-02 
228            2.583887e+04 1.589475e+00 1.416958e-04 2.822633e-04 1.733281e-09 5.643050e-02 
229            2.531176e+04 1.522289e+00 1.124898e-04 2.641464e-04 1.698200e-09 5.758545e-02 
230            2.567149e+04 1.549319e+00 1.260551e-04 2.535516e-04 1.645565e-09 5.723325e-02 
231            2.581867e+04 1.572315e+00 1.343963e-04 2.766188e-04 1.696089e-09 5.612329e-02 
232            2.576522e+04 1.581181e+00 1.331440e-04 2.649960e-04 1.717285e-09 5.688943e-02 
233            2.570155e+04 1.590009e+00 1.331358e-04 2.730038e-04 1.700160e-09 5.577782e-02 
234            2.573991e+04 1.535836e+00 1.232513e-04 2.100192e-04 1.621152e-09 5.730128e-02 
235            2.549189e+04 1.573719e+00 1.374376e-04 2.512245e-04 1.722710e-09 5.637258e-02 
236            2.567241e+04 1.575942e+00 1.360289e-04 2.763067e-04 1.700455e-09 5.662921e-02 
237            2.552355e+04 1.545881e+00 1.254707e-04 2.556819e-04 1.674072e-09 5.661873e-02 
238            2.588409e+04 1.542246e+00 1.182621e-04 2.156704e-04 1.637767e-09 5.851247e-02 
239            2.555944e+04 1.562305e+00 1.321856e-04 2.676606e-04 1.678393e-09 5.779776e-02 
240            2.566837e+04 1.582042e+00 1.337328e-04 2.649344e-04 1.716745e-09 5.708638e-02 
241            3.810603e+04 1.904182e+00 8.596164e-05 2.256336e-04 1.230937e-09 9.812355e-02 
242            2.535718e+04 1.565453e+00 1.255426e-04 2.550208e-04 1.680705e-09 5.770901e-02 
243            2.540554e+04 1.505556e+00 1.091641e-04 2.520417e-04 1.673186e-09 5.782799e-02 
244            2.570357e+04 1.528065e+00 1.205117e-04 2.045335e-04 1.648640e-09 6.021555e-02 
245            2.570307e+04 1.524236e+00 1.113242e-04 2.335095e-04 1.645812e-09 5.810304e-02 
246            2.560262e+04 1.571205e+00 1.267770e-04 2.563248e-04 1.603343e-09 5.619292e-02 
247            2.543370e+04 1.520160e+00 1.148360e-04 2.868034e-04 1.732505e-09 5.600623e-02 
248            2.562398e+04 1.563411e+00 1.305851e-04 2.412401e-04 1.666109e-09 5.699021e-02 
249            2.560362e+04 1.514699e+00 1.100237e-04 2.779303e-04 1.738374e-09 5.585277e-02 
250            2.552509e+04 1.533263e+00 1.171583e-04 1.956825e-04 1.644074e-09 5.908719e-02 
251            2.555449e+04 1.579786e+00 1.363603e-04 2.494095e-04 1.685232e-09 5.584150e-02 
252            2.501092e+04 1.476305e+00 1.048239e-04 1.794833e-04 1.622505e-09 6.088274e-02 
253            2.563300e+04 1.543886e+00 1.208144e-04 2.372615e-04 1.678596e-09 5.769015e-02 
254            2.564357e+04 1.590829e+00 1.346100e-04 2.686682e-04 1.718314e-09 5.758753e-02 
255            2.559439e+04 1.552353e+00 1.256737e-04 2.220070e-04 1.664391e-09 5.857567e-02 
256            2.541894e+04 1.493765e+00 1.052264e-04 1.834126e-04 1.591402e-09 5.854677e-02 
257            2.558554e+04 1.550197e+00 1.240812e-04 2.194839e-04 1.704853e-09 5.959576e-02 
258            2.558677e+04 1.532512e+00 1.144196e-04 2.869514e-04 1.732824e-09 5.742635e-02 
259            2.565817e+04 1.542814e+00 1.220367e-04 2.141671e-04 1.602225e-09 5.888431e-02 
260            2.572248e+04 1.567115e+00 1.318678e-04 2.385909e-04 1.660109e-09 5.683904e-02 
261            2.574064e+04 1.545052e+00 1.193952e-04 2.250882e-04 1.622660e-09 5.842583e-02 
262            2.557828e+04 1.541716e+00 1.204750e-04 2.057179e-04 1.668342e-09 5.894877e-02 
263            2.583198e+04 1.575961e+00 1.305488e-04 2.664891e-04 1.632311e-09 5.677862e-02 
264            2.565482e+04 1.513179e+00 1.109541e-04 2.785710e-04 1.684562e-09 5.777709e-02 
265            2.551276e+04 1.508332e+00 1.105889e-04 2.631004e-04 1.769783e-09 5.710589e-02 
266            2.568059e+04 1.538469e+00 1.230136e-04 2.300064e-04 1.623770e-09 5.871602e-02 
267            2.574565e+04 1.525402e+00 1.132661e-04 2.875796e-04 1.738924e-09 5.648714e-02 
268            2.592490e+04 1.586852e+00 1.339726e-04 2.649584e-04 1.678507e-09 5.681112e-02 
269            2.560510e+04 1.594334e+00 1.434772e-04 2.785277e-04 1.670811e-09 5.531149e-02 
270            2.556964e+04 1.559817e+00 1.272495e-04 2.348243e-04 1.596304e-09 5.785257e-02 
271            2.571439e+04 1.506052e+00 1.102750e-04 2.407651e-04 1.692810e-09 5.735703e-02 
272            2.593477e+04 1.538416e+00 1.216188e-04 2.417370e-04 1.678629e-09 5.681975e-02 
273            2.566300e+04 1.542770e+00 1.195097e-04 2.296961e-04 1.746832e-09 5.643626e-02 
274            2.563143e+04 1.574295e+00 1.340890e-04 2.784158e-04 1.732677e-09 5.626964e-02 
275            2.584174e+04 1.541583e+00 1.213192e-04 2.401934e-04 1.620704e-09 5.789862e-02 
276            2.550509e+04 1.526928e+00 1.108693e-04 2.654029e-04 1.706171e-09 5.697133e-02 
277            2.554970e+04 1.515791e+00 1.107920e-04 2.700590e-04 1.753594e-09 5.721083e-02 
278            2.586484e+04 1.588687e+00 1.360702e-04 2.716026e-04 1.660216e-09 5.755965e-02 
279            2.538697e+04 1.471305e+00 1.017644e-04 1.796285e-04 1.575291e-09 6.097253e-02 
280            2.539544e+04 1.530467e+00 1.169935e-04 2.878297e-04 1.718726e-09 5.585117e-02 
281            2.541317e+04 1.516493e+00 1.107085e-04 2.708993e-04 1.776174e-09 5.797066e-02 
282            2.554908e+04 1.511437e+00 1.123023e-04 2.354383e-04 1.748736e-09 5.676527e-02 
283            2.531625e+04 1.471964e+00 1.020562e-04 1.789678e-04 1.646414e-09 5.918663e-02 
284            2.560013e+04 1.513938e+00 1.116372e-04 2.336969e-04 1.678396e-09 5.911673e-02 
285            2.555163e+04 1.516064e+00 1.117062e-04 2.716336e-04 1.731436e-09 5.649374e-02 
286            2.536975e+04 1.512264e+00 1.098964e-04 2.584409e-04 1.711674e-09 5.705466e-02 
287            2.583765e+04 1.570623e+00 1.264677e-04 2.628771e-04 1.667531e-09 5.661730e-02 
288            2.554311e+04 1.512162e+00 1.115701e-04 2.620204e-04 1.733993e-09 5.763029e-02 
289            2.555031e+04 1.574613e+00 1.348014e-04 2.477313e-04 1.683544e-09 5.653404e-02 
290            2.550884e+04 1.554794e+00 1.240246e-04 2.491456e-04 1.640404e-09 5.652084e-02 
291            2.600072e+04 1.588794e+00 1.407506e-04 2.781465e-04 1.677769e-09 5.655826e-02 
292            2.565388e+04 1.571295e+00 1.328201e-04 2.638165e-04 1.690157e-09 5.579882e-02 
293            2.566690e+04 1.596236e+00 1.430809e-04 2.792087e-04 1.736012e-09 5.758950e-02 
294            6.948901e+04 2.006385e+00 7.407403e-05 2.178535e-04 1.078521e-09 1.753250e-01 
295            2.546744e+04 1.535238e+00 1.234768e-04 2.299046e-04 1.677326e-09 5.709368e-02 
296            2.608306e+04 1.576648e+00 1.336774e-04 2.575654e-04 1.656236e-09 5.617925e-02 
297            2.527366e+04 1.486934e+00 1.047706e-04 1.804454e-04 1.604750e-09 6.061369e-02 
298            2.564505e+04 1.563279e+00 1.249646e-04 2.525430e-04 1.707609e-09 5.819614e-02 
299            2.556117e+04 1.544232e+00 1.182827e-04 2.315338e-04 1.671908e-09 5.856498e-02 
300            2.564808e+04 1.516414e+00 1.125080e-04 2.015392e-04 1.621123e-09 5.902549e-02 
301            2.545754e+04 1.549717e+00 1.260521e-04 2.326838e-04 1.668124e-09 5.705552e-02 
302            2.545487e+04 1.513693e+00 1.101841e-04 2.851584e-04 1.708627e-09 5.557373e-02 
303            2.572411e+04 1.549669e+00 1.263488e-04 2.541502e-04 1.682180e-09 5.652979e-02 
304            2.539921e+04 1.509199e+00 1.120305e-04 2.345019e-04 1.725534e-09 5.627681e-02 
305            2.553712e+04 1.481036e+00 1.038118e-04 1.765648e-04 1.589425e-09 5.855566e-02 
306            2.540048e+04 1.546546e+00 1.251649e-04 2.580000e-04 1.633658e-09 5.598469e-02 
307            2.575841e+04 1.588327e+00 1.351547e-04 2.696282e-04 1.652226e-09 5.682760e-02 
308            2.548664e+04 1.477947e+00 1.028654e-04 1.790368e-04 1.659125e-09 5.949165e-02 
309            2.562736e+04 1.561145e+00 1.280808e-04 2.577176e-04 1.709055e-09 5.641480e-02 
310            2.585974e+04 1.575478e+00 1.337493e-04 2.649229e-04 1.696633e-09 5.688310e-02 
311            2.557759e+04 1.543548e+00 1.210527e-04 2.322721e-04 1.636506e-09 5.658843e-02 
312            2.551172e+04 1.515976e+00 1.107065e-04 2.815768e-04 1.765409e-09 5.638732e-02 
313            2.564379e+04 1.583334e+00 1.347711e-04 2.483126e-04 1.624858e-09 5.695341e-02 
314            2.567129e+04 1.511384e+00 1.103669e-04 2.623084e-04 1.684693e-09 5.726005e-02 
315            2.543868e+04 1.510321e+00 1.085225e-04 2.452105e-04 1.694497e-09 5.655412e-02 
316            2.579936e+04 1.542033e+00 1.232301e-04 2.493222e-04 1.649091e-09 5.638241e-02 
317            2.563847e+04 1.498474e+00 1.087521e-04 1.882582e-04 1.564895e-09 5.911660e-02 
318            2.565559e+04 1.519081e+00 1.124225e-04 2.861820e-04 1.669857e-09 5.667839e-02 
319            2.545944e+04 1.498492e+00 1.074155e-04 1.860011e-04 1.621576e-09 5.867249e-02 
320            2.544169e+04 1.543224e+00 1.227472e-04 2.139970e-04 1.617202e-09 5.807091e-02 
321            2.572754e+04 1.481809e+00 1.034781e-04 1.787195e-04 1.572661e-09 5.929809e-02 
322            2.576189e+04 1.513155e+00 1.120890e-04 2.626546e-04 1.707418e-09 5.696144e-02 
323            2.561509e+04 1.538235e+00 1.188251e-04 2.165357e-04 1.621755e-09 5.783076e-02 
324            2.570136e+04 1.566593e+00 1.288995e-04 2.362587e-04 1.712571e-09 5.744899e-02 
325            2.573887e+04 1.542847e+00 1.187869e-04 2.228266e-04 1.696515e-09 5.826403e-02 
326            2.566230e+04 1.580802e+00 1.346063e-04 2.476661e-04 1.651809e-09 5.678919e-02 
327            2.577347e+04 1.546579e+00 1.213927e-04 2.266396e-04 1.663239e-09 5.847272e-02 
328            2.568689e+04 1.590696e+00 1.351719e-04 2.633605e-04 1.676883e-09 5.805397e-02 
329            2.572226e+04 1.550758e+00 1.233431e-04 2.512466e-04 1.682872e-09 5.648699e-02 
330            2.550888e+04 1.530291e+00 1.125821e-04 2.870629e-04 1.764407e-09 5.723333e-02 
331            2.546296e+04 1.535619e+00 1.223936e-04 2.321401e-04 1.626695e-09 5.646010e-02 
332            2.548166e+04 1.508789e+00 1.116884e-04 2.336286e-04 1.712368e-09 5.773201e-02 
333            2.589056e+04 1.576947e+00 1.346096e-04 2.610471e-04 1.691851e-09 5.884396e-02 
334            2.567098e+04 1.567651e+00 1.352543e-04 2.630181e-04 1.651591e-09 5.764441e-02 
335            2.566380e+04 1.495166e+00 1.089823e-04 2.414165e-04 1.684814e-09 5.655840e-02 
336            2.567009e+04 1.526221e+00 1.141567e-04 2.871468e-04 1.793979e-09 5.626600e-02 
337            2.578083e+04 1.541488e+00 1.222162e-04 2.324006e-04 1.662866e-09 5.802367e-02 
338            3.618881e+04 1.880521e+00 8.748079e-05 2.263118e-04 1.262929e-09 9.689047e-02 
339            2.571874e+04 1.533147e+00 1.164663e-04 2.131784e-04 1.625433e-09 5.718511e-02 
340            2.560602e+04 1.581110e+00 1.346764e-04 2.640534e-04 1.635107e-09 5.687403e-02 
341            2.590280e+04 1.575286e+00 1.263870e-04 2.623000e-04 1.731636e-09 5.696796e-02 
342            2.572844e+04 1.550616e+00 1.259617e-04 2.557884e-04 1.735540e-09 5.736815e-02 
343            2.577107e+04 1.549685e+00 1.250149e-04 2.201512e-04 1.640491e-09 5.794714e-02 
344            2.549550e+04 1.556833e+00 1.259114e-04 2.339776e-04 1.596129e-09 5.793077e-02 
345            2.567191e+04 1.549521e+00 1.185098e-04 2.218081e-04 1.677897e-09 5.956315e-02 
346            2.539425e+04 1.471309e+00 1.047634e-04 1.791383e-04 1.542269e-09 6.025824e-02 
347            2.585780e+04 1.527612e+00 1.101714e-04 2.314755e-04 1.626038e-09 5.782443e-02 
348            2.574813e+04 1.542189e+00 1.215752e-04 2.067457e-04 1.596892e-09 5.789712e-02 
349            2.534928e+04 1.510415e+00 1.118901e-04 2.335569e-04 1.672794e-09 5.761464e-02 
350            2.557246e+04 1.565587e+00 1.327691e-04 2.672258e-04 1.706968e-09 5.641837e-02 
351            2.574077e+04 1.597172e+00 1.387782e-04 2.739497e-04 1.618744e-09 5.648807e-02 
352            2.562684e+04 1.510008e+00 1.107724e-04 2.013376e-04 1.556774e-09 5.869448e-02 
353            2.569688e+04 1.548193e+00 1.238401e-04 2.491539e-04 1.683814e-09 5.631134e-02 
354            2.577668e+04 1.559013e+00 1.234332e-04 2.442101e-04 1.669764e-09 5.861708e-02 
355            2.569364e+04 1.515766e+00 1.114629e-04 2.390407e-04 1.736985e-09 5.800286e-02 
356            2.588073e+04 1.596784e+00 1.412380e-04 2.810654e-04 1.722542e-09 5.554050e-02 
357            2.563241e+04 1.507359e+00 1.098106e-04 2.776360e-04 1.681972e-09 5.672445e-02 
358            2.583168e+04 1.585260e+00 1.352512e-04 2.633576e-04 1.685958e-09 5.664956e-02 
359            2.554508e+04 1.536150e+00 1.182758e-04 2.156364e-04 1.668031e-09 5.927069e-02 
360            2.544293e+04 1.520134e+00 1.162397e-04 2.111367e-04 1.622941e-09 5.790819e-02 
361            2.533068e+04 1.478312e+00 1.026090e-04 1.788720e-04 1.625028e-09 6.073190e-02 
362            2.565252e+04 1.576101e+00 1.342829e-04 2.810340e-04 1.701121e-09 5.757314e-02 
363            4.006583e+04 1.923847e+00 8.436810e-05 2.252580e-04 1.218880e-09 1.094949e-01 
364            2.572139e+04 1.576603e+00 1.334908e-04 2.808064e-04 1.697039e-09 5.779270e-02 
365            2.547252e+04 1.513737e+00 1.109402e-04 2.617758e-04 1.637555e-09 5.662145e-02 
366            2.551959e+04 1.514927e+00 1.128344e-04 2.009539e-04 1.592869e-09 5.909507e-02 
367            2.557858e+04 1.573578e+00 1.333751e-04 2.642744e-04 1.699491e-09 5.774950e-02 
368            2.544611e+04 1.546912e+00 1.253246e-04 2.219927e-04 1.720490e-09 5.834661e-02 
369            2.531224e+04 1.536675e+00 1.171566e-04 2.865155e-04 1.719830e-09 5.681302e-02 
370            2.569145e+04 1.552299e+00 1.240040e-04 2.491756e-04 1.665882e-09 5.671597e-02 
371            2.531281e+04 1.499902e+00 1.077098e-04 2.436938e-04 1.694218e-09 5.817771e-02 
372            2.554397e+04 1.527276e+00 1.161373e-04 2.874938e-04 1.766041e-09 5.693792e-02 
373            2.567667e+04 1.535369e+00 1.196889e-04 2.300178e-04 1.672665e-09 5.890817e-02 
374            2.566974e+04 1.543115e+00 1.188610e-04 2.307866e-04 1.638963e-09 5.823722e-02 
375            2.551950e+04 1.560877e+00 1.242990e-04 2.246323e-04 1.617264e-09 5.877104e-02 
376            2.565526e+04 1.525756e+00 1.123726e-04 2.645397e-04 1.743862e-09 5.619131e-02 
377            2.541778e+04 1.553950e+00 1.222874e-04 2.425245e-04 1.636477e-09 5.705441e-02 
378            2.574491e+04 1.537381e+00 1.229250e-04 2.319652e-04 1.668798e-09 5.671776e-02 
379            2.584944e+04 1.531546e+00 1.112261e-04 2.323433e-04 1.701157e-09 5.797591e-02 
380            2.558670e+04 1.559352e+00 1.244715e-04 2.448419e-04 1.668214e-09 5.647729e-02 
381            2.578511e+04 1.539925e+00 1.215975e-04 2.318664e-04 1.715616e-09 5.740167e-02 
382            2.572739e+04 1.519526e+00 1.098593e-04 2.849351e-04 1.682916e-09 5.673585e-02 
383            2.555620e+04 1.511618e+00 1.115578e-04 2.867668e-04 1.783412e-09 5.800538e-02 
384            2.558218e+04 1.532230e+00 1.161567e-04 2.103606e-04 1.661833e-09 5.945058e-02 
385            2.567818e+04 1.542044e+00 1.210066e-04 2.413015e-04 1.685258e-09 5.779220e-02 
386            2.531092e+04 1.511257e+00 1.092786e-04 2.798752e-04 1.695723e-09 5.527239e-02 
387            2.569600e+04 1.557840e+00 1.266228e-04 2.305656e-04 1.682056e-09 5.657591e-02 
388            2.561904e+04 1.561071e+00 1.260956e-04 2.228736e-04 1.599943e-09 5.778440e-02 
389            2.570269e+04 1.572792e+00 1.327727e-04 2.712073e-04 1.679614e-09 5.675301e-02 
390            2.586664e+04 1.531831e+00 1.200974e-04 2.024065e-04 1.567124e-09 5.815199e-02 
391            2.557503e+04 1.513273e+00 1.128921e-04 2.871117e-04 1.719044e-09 5.483992e-02 
392            2.578943e+04 1.579111e+00 1.350394e-04 2.628290e-04 1.692773e-09 5.786824e-02 
393            2.565768e+04 1.602132e+00 1.406384e-04 2.756877e-04 1.635124e-09 5.559404e-02 
394            2.551218e+04 1.513589e+00 1.088925e-04 2.507624e-04 1.680862e-09 5.727305e-02 
395            2.561274e+04 1.545625e+00 1.214627e-04 2.117435e-04 1.598008e-09 5.825781e-02 
396            2.530753e+04 1.519388e+00 1.112811e-04 2.867235e-04 1.723526e-09 5.760075e-02 
397            2.566797e+04 1.532673e+00 1.168593e-04 1.958453e-04 1.644036e-09 5.958942e-02 
398            2.573630e+04 1.572812e+00 1.332268e-04 2.646690e-04 1.666185e-09 5.727552e-02 
399            2.576280e+04 1.586731e+00 1.367589e-04 2.722164e-04 1.768307e-09 5.898360e-02 
400            2.560577e+04 1.588349e+00 1.347408e-04 2.779676e-04 1.641208e-09 5.712031e-02 
401            2.563636e+04 1.532643e+00 1.179756e-04 1.990903e-04 1.642426e-09 5.936765e-02 
402            2.570870e+04 1.522107e+00 1.139835e-04 2.871251e-04 1.749287e-09 5.657452e-02 
403            2.561343e+04 1.565334e+00 1.283245e-04 2.249317e-04 1.636202e-09 5.893524e-02 
404            2.535950e+04 1.503521e+00 1.097124e-04 1.903487e-04 1.594660e-09 6.004672e-02 
405            2.564040e+04 1.539514e+00 1.177652e-04 2.308631e-04 1.664969e-09 5.664564e-02 
406            2.549403e+04 1.504954e+00 1.095368e-04 2.851050e-04 1.675773e-09 5.776171e-02 
407            2.545496e+04 1.513231e+00 1.106370e-04 2.774980e-04 1.755565e-09 5.692677e-02 
408            2.564525e+04 1.589051e+00 1.390200e-04 2.751382e-04 1.688588e-09 5.695892e-02 
409            2.542551e+04 1.523580e+00 1.168768e-04 2.104969e-04 1.607983e-09 5.825075e-02 
410            2.589058e+04 1.501520e+00 1.090110e-04 1.877419e-04 1.593793e-09 6.013396e-02 
411            2.556730e+04 1.578392e+00 1.353637e-04 2.623627e-04 1.708395e-09 5.571218e-02 
412            2.558853e+04 1.545463e+00 1.220416e-04 2.082346e-04 1.662879e-09 5.787371e-02 
413            2.560023e+04 1.588857e+00 1.347713e-04 2.640733e-04 1.716415e-09 5.697674e-02 
414            2.582481e+04 1.590067e+00 1.336184e-04 2.645702e-04 1.677354e-09 5.851234e-02 
415            2.555034e+04 1.526029e+00 1.127839e-04 2.015956e-04 1.592731e-09 5.880537e-02 
416            2.574893e+04 1.571248e+00 1.327569e-04 2.712094e-04 1.721547e-09 5.756639e-02 
417            2.546464e+04 1.501087e+00 1.081501e-04 2.852174e-04 1.696120e-09 5.597658e-02 
418            2.586391e+04 1.574293e+00 1.263472e-04 2.619739e-04 1.692817e-09 5.725238e-02 
419            2.539555e+04 1.520932e+00 1.109195e-04 2.772202e-04 1.659606e-09 5.675890e-02 
420            2.534007e+04 1.542322e+00 1.179686e-04 2.312722e-04 1.664290e-09 5.729724e-02 
421            2.542631e+04 1.520616e+00 1.136692e-04 1.945612e-04 1.585737e-09 5.870732e-02 
422            2.566996e+04 1.588245e+00 1.350996e-04 2.638610e-04 1.657956e-09 5.683800e-02 
423            2.585260e+04 1.574736e+00 1.357159e-04 2.530647e-04 1.638775e-09 5.814132e-02 
424            2.545452e+04 1.548439e+00 1.254995e-04 2.219377e-04 1.670849e-09 5.803922e-02 
425            2.558370e+04 1.522333e+00 1.171699e-04 2.108286e-04 1.580533e-09 5.723286e-02 
426            2.586481e+04 1.549216e+00 1.229968e-04 2.518905e-04 1.646967e-09 5.685037e-02 
427            2.577089e+04 1.571584e+00 1.344497e-04 2.804545e-04 1.699295e-09 5.778159e-02 
428            2.573708e+04 1.579771e+00 1.264158e-04 2.621332e-04 1.674500e-09 5.777450e-02 
429            2.585675e+04 1.516691e+00 1.105475e-04 2.797784e-04 1.666156e-09 5.655402e-02 
430            2.543020e+04 1.509808e+00 1.103941e-04 2.818850e-04 1.740112e-09 5.654500e-02 
431            2.578596e+04 1.541682e+00 1.188869e-04 2.310627e-04 1.686904e-09 5.792977e-02 
432            2.590364e+04 1.553079e+00 1.261216e-04 2.554752e-04 1.679586e-09 5.685933e-02 
433            2.557342e+04 1.543712e+00 1.183578e-04 2.215531e-04 1.676162e-09 5.857807e-02 
434            2.549645e+04 1.496115e+00 1.075569e-04 2.432350e-04 1.687939e-09 5.857481e-02 
435            2.576047e+04 1.552143e+00 1.266148e-04 2.318286e-04 1.668337e-09 5.828159e-02 
436            2.579611e+04 1.568374e+00 1.294172e-04 2.451213e-04 1.666404e-09 5.702163e-02 
437            2.604137e+04 1.559137e+00 1.253138e-04 2.530223e-04 1.678304e-09 5.567762e-02 
438            2.551871e+04 1.496575e+00 1.075684e-04 2.432179e-04 1.632912e-09 5.788490e-02 
439            2.582571e+04 1.530593e+00 1.153645e-04 2.878574e-04 1.759930e-09 5.672864e-02 
440            2.548406e+04 1.513514e+00 1.102408e-04 2.649180e-04 1.695779e-09 5.585540e-02 
441            2.560836e+04 1.596848e+00 1.434302e-04 2.788855e-04 1.719907e-09 5.693591e-02 
442            2.574713e+04 1.593247e+00 1.364470e-04 2.639026e-04 1.679897e-09 5.661176e-02 
443            2.583298e+04 1.568156e+00 1.273749e-04 2.557267e-04 1.674285e-09 5.904341e-02 
444            2.561923e+04 1.488921e+00 1.056072e-04 1.826612e-04 1.661477e-09 6.011139e-02 
445            2.564214e+04 1.579579e+00 1.338753e-04 2.813984e-04 1.752167e-09 5.724677e-02 
446            2.570700e+04 1.567758e+00 1.330470e-04 2.672909e-04 1.642333e-09 5.804699e-02 
447            2.571959e+04 1.549460e+00 1.224879e-04 2.139316e-04 1.585259e-09 5.794050e-02 
448            2.543366e+04 1.567988e+00 1.255596e-04 2.549142e-04 1.680741e-09 5.855462e-02 
449            2.575116e+04 1.536527e+00 1.233230e-04 2.101075e-04 1.604886e-09 5.810591e-02 
450            2.562822e+04 1.581009e+00 1.384465e-04 2.745860e-04 1.704998e-09 5.644389e-02 
451            6.805516e+04 1.997743e+00 7.476765e-05 2.187708e-04 8.036554e-10 1.750226e-01 
452            2.553467e+04 1.527814e+00 1.123829e-04 2.877325e-04 1.713720e-09 5.616228e-02 
453            2.545851e+04 1.579271e+00 1.351679e-04 2.612666e-04 1.704687e-09 5.693260e-02 
454            2.571181e+04 1.571007e+00 1.307878e-04 2.423340e-04 1.675691e-09 5.656152e-02 
455            2.556773e+04 1.501175e+00 1.100376e-04 2.409210e-04 1.683622e-09 5.874648e-02 
456            2.561955e+04 1.552083e+00 1.204546e-04 2.249231e-04 1.659895e-09 5.883789e-02 
457            2.561123e+04 1.523554e+00 1.161395e-04 2.113077e-04 1.681682e-09 5.808970e-02 
458            2.569144e+04 1.576293e+00 1.261498e-04 2.618989e-04 1.679503e-09 5.704377e-02 
459            2.593328e+04 1.585640e+00 1.364882e-04 2.731478e-04 1.736037e-09 5.641550e-02 
460            2.583827e+04 1.562878e+00 1.276071e-04 2.556695e-04 1.654121e-09 5.552329e-02 
461            2.585651e+04 1.580103e+00 1.327110e-04 2.647290e-04 1.670898e-09 5.710746e-02 
462            2.571442e+04 1.522164e+00 1.105671e-04 2.610311e-04 1.696137e-09 5.712599e-02 
463            2.573164e+04 1.479029e+00 1.028782e-04 1.788425e-04 1.568643e-09 5.990747e-02 
464            6.695671e+04 2.012157e+00 7.617500e-05 2.183871e-04 1.019330e-09 1.726442e-01 
465            2.571174e+04 1.575002e+00 1.342956e-04 2.585283e-04 1.670788e-09 5.781528e-02 
466            2.661328e+04 1.597494e+00 1.068958e-04 2.292005e-04 1.594824e-09 5.972668e-02 
467            2.559686e+04 1.522630e+00 1.104761e-04 2.776746e-04 1.680436e-09 5.745109e-02 
468            2.566989e+04 1.514946e+00 1.102275e-04 2.757384e-04 1.737012e-09 5.793139e-02 
469            2.548435e+04 1.507853e+00 1.090674e-04 2.844018e-04 1.670900e-09 5.669349e-02 
470            2.543342e+04 1.512141e+00 1.101371e-04 2.406410e-04 1.615055e-09 5.820088e-02 
471            2.558293e+04 1.522709e+00 1.123542e-04 2.862396e-04 1.746329e-09 5.745879e-02 
472            2.555941e+04 1.576357e+00 1.355632e-04 2.614315e-04 1.677203e-09 5.658133e-02 
473            2.564222e+04 1.542298e+00 1.221785e-04 2.074301e-04 1.629128e-09 5.797596e-02 
474            2.547523e+04 1.508141e+00 1.093650e-04 2.587212e-04 1.723939e-09 5.731115e-02 
475            2.565215e+04 1.575701e+00 1.325894e-04 2.466243e-04 1.661939e-09 5.672783e-02 
476            2.560019e+04 1.594358e+00 1.365927e-04 2.639013e-04 1.727008e-09 5.647979e-02 
477            2.589176e+04 1.509472e+00 1.108853e-04 2.008433e-04 1.632528e-09 5.992157e-02 
478            2.580428e+04 1.574133e+00 1.355456e-04 2.631994e-04 1.617616e-09 5.725519e-02 
479            2.574942e+04 1.546746e+00 1.210649e-04 2.092818e-04 1.606229e-09 5.865774e-02 
480            2.584189e+04 1.570181e+00 1.351532e-04 2.630604e-04 1.722576e-09 5.696431e-02 
481            2.582279e+04 1.529525e+00 1.161488e-04 2.874825e-04 1.675189e-09 5.663695e-02 
482            2.568045e+04 1.513927e+00 1.102470e-04 1.909601e-04 1.633191e-09 5.996952e-02 
483            2.572349e+04 1.568497e+00 1.361198e-04 2.505806e-04 1.617314e-09 5.648734e-02 
484            2.577801e+04 1.580484e+00 1.338420e-04 2.628513e-04 1.685935e-09 5.655947e-02 
485            2.572887e+04 1.535833e+00 1.213347e-04 2.309974e-04 1.630423e-09 5.804774e-02 
486            2.563014e+04 1.548403e+00 1.225388e-04 2.155703e-04 1.579260e-09 5.886270e-02 
487            2.570505e+04 1.565157e+00 1.271654e-04 2.576248e-04 1.697177e-09 5.741415e-02 
488            2.570053e+04 1.570971e+00 1.354124e-04 2.625454e-04 1.687908e-09 5.740349e-02 
489            2.549910e+04 1.514173e+00 1.099545e-04 2.800690e-04 1.742115e-09 5.582834e-02 
490            2.583736e+04 1.520237e+00 1.148240e-04 1.941961e-04 1.610559e-09 5.982769e-02 
491            2.570707e+04 1.569136e+00 1.304160e-04 2.413914e-04 1.613028e-09 5.675599e-02 
492            2.558241e+04 1.568947e+00 1.340752e-04 2.785315e-04 1.614790e-09 5.675809e-02 
493            4.787320e+04 1.987001e+00 7.737110e-05 2.240482e-04 1.095221e-09 1.346785e-01 
494            2.553825e+04 1.514774e+00 1.085309e-04 2.856761e-04 1.723325e-09 5.618870e-02 
495            2.546599e+04 1.549615e+00 1.204903e-04 2.250894e-04 1.685770e-09 5.936425e-02 
496            2.578475e+04 1.544342e+00 1.223948e-04 2.160077e-04 1.662306e-09 5.775244e-02 
497            2.555872e+04 1.540311e+00 1.218638e-04 2.375163e-04 1.647643e-09 5.769669e-02 
498            2.605071e+04 1.572995e+00 1.349929e-04 2.479469e-04 1.688159e-09 5.690807e-02 
499            2.560219e+04 1.563173e+00 1.256806e-04 2.258764e-04 1.620785e-09 5.717711e-02 
500            2.570416e+04 1.516167e+00 1.099392e-04 2.752634e-04 1.743239e-09 5.739576e-02 
501            2.559079e+04 1.577300e+00 1.345803e-04 2.784834e-04 1.702875e-09 5.702089e-02 
502            2.549227e+04 1.593508e+00 1.374282e-04 2.717886e-04 1.753409e-09 5.670964e-02 
503            2.559130e+04 1.538378e+00 1.188630e-04 2.020573e-04 1.557342e-09 5.857252e-02 
504            5.352759e+04 2.012998e+00 7.656131e-05 2.241716e-04 1.012599e-09 1.408632e-01 
505            2.576961e+04 1.530414e+00 1.166859e-04 1.958704e-04 1.575111e-09 5.784475e-02 
506            2.551897e+04 1.575683e+00 1.370312e-04 2.509799e-04 1.661074e-09 5.721283e-02 
507            2.571405e+04 1.575359e+00 1.312192e-04 2.666044e-04 1.687946e-09 5.810641e-02 
508            2.578616e+04 1.571382e+00 1.340166e-04 2.785764e-04 1.765189e-09 5.639656e-02 
509            2.564786e+04 1.510969e+00 1.133978e-04 2.379176e-04 1.731743e-09 5.868599e-02 
510            2.570449e+04 1.566683e+00 1.343230e-04 2.791455e-04 1.695336e-09 5.771054e-02 
511            2.541787e+04 1.540690e+00 1.174479e-04 2.165172e-04 1.629385e-09 5.762155e-02 
512            2.581151e+04 1.562309e+00 1.284129e-04 2.299208e-04 1.622053e-09 5.778095e-02 
513            2.539561e+04 1.556374e+00 1.246085e-04 2.554412e-04 1.664311e-09 5.694870e-02 
514            2.584789e+04 1.554156e+00 1.258116e-04 2.531252e-04 1.696125e-09 5.997968e-02 
515            2.550963e+04 1.505349e+00 1.108927e-04 2.029187e-04 1.639920e-09 5.937076e-02 
516            2.547449e+04 1.540574e+00 1.188290e-04 2.313952e-04 1.726873e-09 5.708383e-02 
517            2.559900e+04 1.528816e+00 1.159710e-04 2.878503e-04 1.682549e-09 5.851029e-02 
518            2.566599e+04 1.563178e+00 1.314553e-04 2.365891e-04 1.625977e-09 5.808543e-02 
519            2.581331e+04 1.556560e+00 1.229940e-04 2.153661e-04 1.661915e-09 5.805065e-02 
520            2.521057e+04 1.493957e+00 1.077948e-04 2.435874e-04 1.676469e-09 5.781674e-02 
521            2.585088e+04 1.596758e+00 1.416533e-04 2.809207e-04 1.630966e-09 5.649582e-02 
522            2.579536e+04 1.579138e+00 1.385677e-04 2.745307e-04 1.734101e-09 5.685623e-02 
523            2.586093e+04 1.564949e+00 1.341704e-04 2.756124e-04 1.768571e-09 5.618319e-02 
524            2.559355e+04 1.553163e+00 1.255053e-04 2.299919e-04 1.702137e-09 5.758513e-02 
525            2.559770e+04 1.511430e+00 1.101381e-04 2.585804e-04 1.734074e-09 5.771342e-02 
526            3.559742e+04 1.870902e+00 8.759033e-05 2.262752e-04 1.287000e-09 9.554118e-02 
527            2.604414e+04 1.575560e+00 1.336024e-04 2.577708e-04 1.725285e-09 5.659859e-02 
528            2.572914e+04 1.532832e+00 1.157427e-04 2.862407e-04 1.701017e-09 5.703531e-02 
529            2.565966e+04 1.522881e+00 1.119949e-04 2.340464e-04 1.666291e-09 5.754056e-02 
530            2.547426e+04 1.507663e+00 1.102611e-04 2.647923e-04 1.703872e-09 5.615447e-02 
531            2.576157e+04 1.572292e+00 1.326496e-04 2.711678e-04 1.643582e-09 5.665908e-02 
532            2.570680e+04 1.486648e+00 1.014532e-04 1.741477e-04 1.554827e-09 6.002332e-02 
533            2.560023e+04 1.570244e+00 1.306880e-04 2.426802e-04 1.614981e-09 5.733636e-02 
534            2.568113e+04 1.590662e+00 1.369427e-04 2.730082e-04 1.701489e-09 5.732502e-02 
535            2.569973e+04 1.532858e+00 1.163719e-04 2.865172e-04 1.742457e-09 5.784660e-02 
536            2.541239e+04 1.505173e+00 1.089253e-04 2.643688e-04 1.689201e-09 5.592853e-02 
537            2.570648e+04 1.572317e+00 1.332693e-04 2.643413e-04 1.719721e-09 5.693960e-02 
538            2.566313e+04 1.564078e+00 1.272127e-04 2.580776e-04 1.687411e-09 5.750714e-02 
539            2.550068e+04 1.539857e+00 1.231644e-04 2.092753e-04 1.652347e-09 5.783058e-02 
540            2.539185e+04 1.518157e+00 1.109218e-04 2.727350e-04 1.751260e-09 5.755168e-02 
541            2.540923e+04 1.501955e+00 1.111392e-04 2.022348e-04 1.602494e-09 5.837172e-02 
542            2.546099e+04 1.535795e+00 1.180901e-04 2.169997e-04 1.636506e-09 5.811643e-02 
543            2.575395e+04 1.581344e+00 1.333595e-04 2.648685e-04 1.717222e-09 5.631808e-02 
544            2.576100e+04 1.516331e+00 1.103693e-04 2.839480e-04 1.742789e-09 5.798540e-02 
545            2.584819e+04 1.543170e+00 1.219057e-04 2.285152e-04 1.634711e-09 5.802708e-02 
546            2.575745e+04 1.524517e+00 1.134859e-04 2.877937e-04 1.723291e-09 5.713723e-02 
547            2.577963e+04 1.516768e+00 1.095768e-04 2.640423e-04 1.737414e-09 5.889489e-02 
548            2.564162e+04 1.589677e+00 1.333962e-04 2.733342e-04 1.715634e-09 5.735327e-02 
549            2.546173e+04 1.510557e+00 1.146639e-04 2.067263e-04 1.645414e-09 5.887714e-02 
550            2.557777e+04 1.548271e+00 1.222953e-04 2.303618e-04 1.644642e-09 5.779577e-02 
551            2.579084e+04 1.477674e+00 1.046272e-04 1.792404e-04 1.550466e-09 5.952584e-02 
552            2.552833e+04 1.530754e+00 1.156847e-04 2.876298e-04 1.730356e-09 5.631815e-02 
553            2.558459e+04 1.556794e+00 1.245329e-04 2.450240e-04 1.730538e-09 5.696912e-02 
554            2.553234e+04 1.533424e+00 1.183798e-04 2.167027e-04 1.659653e-09 5.866341e-02 
555            2.583705e+04 1.573434e+00 1.294595e-04 2.452927e-04 1.702247e-09 5.648313e-02 
556            2.521373e+04 1.499002e+00 1.097610e-04 2.553607e-04 1.698837e-09 5.697603e-02 
557            2.544549e+04 1.521212e+00 1.146937e-04 2.874793e-04 1.735680e-09 5.602557e-02 
558            2.595290e+04 1.601067e+00 1.413056e-04 2.769324e-04 1.658466e-09 5.742449e-02 
559            2.545371e+04 1.513989e+00 1.108283e-04 2.617675e-04 1.772041e-09 5.630186e-02 
560            2.593249e+04 1.592074e+00 1.343125e-04 2.753399e-04 1.648946e-09 5.665502e-02 
561            2.526507e+04 1.475786e+00 1.020647e-04 1.766573e-04 1.593002e-09 5.977085e-02 
562            2.569484e+04 1.558157e+00 1.282193e-04 2.560476e-04 1.661711e-09 5.702344e-02 
563            2.580554e+04 1.594920e+00 1.403444e-04 2.749672e-04 1.665828e-09 5.748518e-02 
564            2.574238e+04 1.598583e+00 1.349655e-04 2.685766e-04 1.716797e-09 5.749052e-02 
565            2.563023e+04 1.579557e+00 1.362913e-04 2.540747e-04 1.621987e-09 5.841027e-02 
566            2.595112e+04 1.575319e+00 1.332994e-04 2.654288e-04 1.735405e-09 5.531338e-02 
567            2.581476e+04 1.578912e+00 1.333307e-04 2.646154e-04 1.674215e-09 5.693710e-02 
568            2.554884e+04 1.544662e+00 1.232937e-04 2.299543e-04 1.657715e-09 5.785472e-02 
569            2.555325e+04 1.544230e+00 1.143103e-04 2.867150e-04 1.727932e-09 5.609184e-02 
570            2.580790e+04 1.528148e+00 1.167517e-04 1.954700e-04 1.639015e-09 5.869640e-02 
571            2.581720e+04 1.570654e+00 1.328560e-04 2.661356e-04 1.703292e-09 5.688544e-02 
572            2.545643e+04 1.578543e+00 1.332624e-04 2.470979e-04 1.691314e-09 5.762932e-02 
573            2.566729e+04 1.600013e+00 1.420790e-04 2.765687e-04 1.710078e-09 5.764068e-02 
574            2.576699e+04 1.559820e+00 1.237345e-04 2.444307e-04 1.645071e-09 5.647217e-02 
575            2.559450e+04 1.547239e+00 1.237414e-04 2.485472e-04 1.701056e-09 5.728990e-02 
576            2.532699e+04 1.499930e+00 1.097437e-04 2.593714e-04 1.648644e-09 5.746350e-02 
577            2.548346e+04 1.525930e+00 1.124412e-04 2.878436e-04 1.651987e-09 5.645865e-02 
578            2.552749e+04 1.517506e+00 1.088495e-04 2.800345e-04 1.706841e-09 5.719665e-02 
579            2.537190e+04 1.523097e+00 1.162875e-04 2.110706e-04 1.614673e-09 5.765263e-02 
580            2.571976e+04 1.512075e+00 1.092731e-04 2.857521e-04 1.736197e-09 5.595212e-02 
581            2.547259e+04 1.513208e+00 1.116137e-04 2.615801e-04 1.674853e-09 5.704971e-02 
582            2.553164e+04 1.517237e+00 1.112978e-04 2.769888e-04 1.774575e-09 5.875331e-02 
583            2.577575e+04 1.599090e+00 1.417700e-04 2.766525e-04 1.716639e-09 5.695365e-02 
584            2.572159e+04 1.570041e+00 1.339791e-04 2.809706e-04 1.693061e-09 5.588361e-02 
585            2.568544e+04 1.532038e+00 1.162046e-04 1.956999e-04 1.624512e-09 5.916818e-02 
586            2.555240e+04 1.510032e+00 1.125208e-04 2.714054e-04 1.704925e-09 5.711160e-02 
587            5.910717e+04 2.000536e+00 7.595806e-05 2.239578e-04 1.011277e-09 1.592469e-01 
588            2.554724e+04 1.476840e+00 1.028870e-04 1.790211e-04 1.569300e-09 5.943805e-02 
589            2.558488e+04 1.506803e+00 1.083339e-04 2.855842e-04 1.695416e-09 5.713156e-02 
590            2.568759e+04 1.498474e+00 1.102259e-04 2.410143e-04 1.756450e-09 5.738246e-02 
591            2.570635e+04 1.553475e+00 1.234995e-04 2.159449e-04 1.644622e-09 5.871342e-02 
592            2.571007e+04 1.494693e+00 1.093265e-04 1.890753e-04 1.566680e-09 5.956892e-02 
593            2.570989e+04 1.558726e+00 1.273171e-04 2.345705e-04 1.625285e-09 5.812302e-02 
594            2.556788e+04 1.537196e+00 1.197719e-04 2.209591e-04 1.648224e-09 5.822612e-02 
595            2.571722e+04 1.551723e+00 1.219166e-04 2.151103e-04 1.611792e-09 5.782345e-02 
596            2.554296e+04 1.532923e+00 1.174354e-04 2.161079e-04 1.636030e-09 5.584259e-02 
597            5.760510e+04 2.006010e+00 7.506218e-05 2.246680e-04 9.730044e-10 1.499789e-01 
598            2.548712e+04 1.578871e+00 1.324957e-04 2.675670e-04 1.692853e-09 5.706687e-02 
599            2.551632e+04 1.514684e+00 1.111306e-04 2.633367e-04 1.730752e-09 5.919743e-02 
600            2.532251e+04 1.520364e+00 1.120605e-04 2.865548e-04 1.709167e-09 5.598668e-02 
601            2.559090e+04 1.504526e+00 1.089241e-04 1.871085e-04 1.579348e-09 5.872542e-02 
602            2.560572e+04 1.536958e+00 1.182187e-04 2.313181e-04 1.685700e-09 5.825813e-02 
603            2.575020e+04 1.514084e+00 1.114406e-04 2.602446e-04 1.714189e-09 5.704125e-02 
604            2.588724e+04 1.576745e+00 1.330644e-04 2.648802e-04 1.689924e-09 5.677619e-02 
605            2.564134e+04 1.517675e+00 1.111400e-04 2.600796e-04 1.703973e-09 5.601708e-02 
606            2.550624e+04 1.504640e+00 1.096522e-04 2.594265e-04 1.714421e-09 5.723280e-02 
607            2.570619e+04 1.577392e+00 1.329629e-04 2.681098e-04 1.714375e-09 5.745676e-02 
608            2.563701e+04 1.509686e+00 1.087958e-04 2.851831e-04 1.740027e-09 5.705072e-02 
609            2.588910e+04 1.583799e+00 1.293886e-04 2.653891e-04 1.713903e-09 5.649755e-02 
610            2.578409e+04 1.497035e+00 1.093103e-04 1.889155e-04 1.649038e-09 5.950771e-02 
611            2.589979e+04 1.550721e+00 1.213133e-04 2.265949e-04 1.646144e-09 5.633977e-02 
612            2.534300e+04 1.524845e+00 1.193136e-04 2.301668e-04 1.632196e-09 5.823099e-02 
613            2.542975e+04 1.538897e+00 1.222527e-04 2.322687e-04 1.627668e-09 5.726983e-02 
614            2.551935e+04 1.518163e+00 1.104798e-04 2.607977e-04 1.733019e-09 5.740621e-02 
615            2.576072e+04 1.583965e+00 1.326919e-04 2.657811e-04 1.685172e-09 5.728440e-02 
616            2.568588e+04 1.505737e+00 1.080757e-04 2.846480e-04 1.714004e-09 5.630089e-02 
617            2.562130e+04 1.546215e+00 1.191029e-04 2.220817e-04 1.627735e-09 5.855047e-02 
618            2.563364e+04 1.530850e+00 1.160912e-04 2.866096e-04 1.738826e-09 5.700094e-02 
619            2.572703e+04 1.555450e+00 1.236075e-04 2.190539e-04 1.634564e-09 5.866851e-02 
620            2.573880e+04 1.525243e+00 1.137075e-04 2.085935e-04 1.649747e-09 5.805629e-02 
621            2.572805e+04 1.600410e+00 1.396429e-04 2.738133e-04 1.658395e-09 5.552685e-02 
622            2.552240e+04 1.514801e+00 1.126606e-04 2.388345e-04 1.639721e-09 5.766937e-02 
623            4.108591e+04 1.946036e+00 8.256091e-05 2.247890e-04 1.177199e-09 1.117922e-01 
624            2.562176e+04 1.574437e+00 1.326485e-04 2.678436e-04 1.673185e-09 5.708901e-02 
625            2.549646e+04 1.472886e+00 1.022479e-04 1.795309e-04 1.601670e-09 5.952445e-02 
626            2.596018e+04 1.481320e+00 1.042861e-04 1.825039e-04 1.668475e-09 5.970734e-02 
627            2.568933e+04 1.584903e+00 1.339929e-04 2.689195e-04 1.708942e-09 5.758695e-02 
628            2.577989e+04 1.585366e+00 1.376768e-04 2.755669e-04 1.766622e-09 5.627620e-02 
629            2.570139e+04 1.568011e+00 1.313418e-04 2.371952e-04 1.717722e-09 5.534911e-02 
630            2.577256e+04 1.571332e+00 1.352278e-04 2.625239e-04 1.603363e-09 5.727768e-02 
631            2.575365e+04 1.546951e+00 1.213318e-04 2.412761e-04 1.705553e-09 5.548566e-02 
632            2.560031e+04 1.558778e+00 1.283716e-04 2.295308e-04 1.673384e-09 5.785635e-02 
633            2.585517e+04 1.556668e+00 1.241506e-04 2.185061e-04 1.630321e-09 5.836569e-02 
634            2.560391e+04 1.483742e+00 1.037362e-04 1.814067e-04 1.610220e-09 5.863913e-02 
635            2.583597e+04 1.579879e+00 1.341547e-04 2.583613e-04 1.686063e-09 5.812897e-02 
636            2.541335e+04 1.543885e+00 1.178011e-04 2.312634e-04 1.642533e-09 5.690161e-02 
637            2.534354e+04 1.471226e+00 1.023773e-04 1.758172e-04 1.560121e-09 6.088194e-02 
638            2.576637e+04 1.529609e+00 1.136457e-04 2.860865e-04 1.765764e-09 5.657732e-02 
639            2.594630e+04 1.518859e+00 1.109369e-04 2.797044e-04 1.726430e-09 5.582887e-02 
640            2.543023e+04 1.512366e+00 1.112635e-04 2.696039e-04 1.685177e-09 5.757727e-02 
641            2.541780e+04 1.518287e+00 1.101735e-04 2.725188e-04 1.726337e-09 5.664667e-02 
642            2.568888e+04 1.539509e+00 1.239084e-04 2.196025e-04 1.665384e-09 5.884734e-02 
643            2.546782e+04 1.532019e+00 1.145734e-04 2.874415e-04 1.667474e-09 5.714428e-02 
644            2.586437e+04 1.571373e+00 1.300919e-04 2.459421e-04 1.659979e-09 5.801479e-02 
645            2.544139e+04 1.565714e+00 1.300213e-04 2.366903e-04 1.641632e-09 5.758170e-02 
646            6.424309e+04 2.008099e+00 7.577719e-05 2.203881e-04 9.260764e-10 1.623931e-01 
647            2.547194e+04 1.581467e+00 1.338195e-04 2.476195e-04 1.627785e-09 5.738912e-02 
648            2.550436e+04 1.572974e+00 1.360795e-04 2.486848e-04 1.628089e-09 5.728219e-02 
649            2.544349e+04 1.510498e+00 1.114148e-04 2.338133e-04 1.692931e-09 5.684245e-02 
650            2.555658e+04 1.523442e+00 1.151404e-04 2.868207e-04 1.726039e-09 5.696172e-02 
651            2.563974e+04 1.524320e+00 1.132560e-04 2.876511e-04 1.716697e-09 5.551089e-02 
652            2.542073e+04 1.515230e+00 1.107763e-04 2.640504e-04 1.698511e-09 5.729536e-02 
653            2.562025e+04 1.535149e+00 1.209566e-04 2.056101e-04 1.616972e-09 5.789743e-02 
654            2.560582e+04 1.549732e+00 1.239070e-04 2.500893e-04 1.659445e-09 5.797819e-02 
655            2.577274e+04 1.561986e+00 1.279673e-04 2.258512e-04 1.651290e-09 5.903338e-02 
656            2.568497e+04 1.543423e+00 1.236222e-04 2.299651e-04 1.713944e-09 5.858776e-02 
657            2.572384e+04 1.550723e+00 1.244291e-04 2.571138e-04 1.649031e-09 5.711992e-02 
658            2.574813e+04 1.525680e+00 1.106208e-04 2.843742e-04 1.667294e-09 5.515766e-02 
659            2.533880e+04 1.512543e+00 1.104013e-04 2.804552e-04 1.676490e-09 5.777273e-02 
660            2.519270e+04 1.506079e+00 1.086946e-04 2.839877e-04 1.874421e-09 5.631783e-02 
661            2.574760e+04 1.574651e+00 1.327180e-04 2.468214e-04 1.665873e-09 5.854147e-02 
662            2.576399e+04 1.588213e+00 1.370610e-04 2.759330e-04 1.675267e-09 5.766403e-02 
663            2.577851e+04 1.543304e+00 1.214683e-04 2.419080e-04 1.675236e-09 5.811611e-02 
664            2.546702e+04 1.522979e+00 1.161381e-04 2.877692e-04 1.686918e-09 5.712267e-02 
665            2.565414e+04 1.535443e+00 1.183127e-04 2.162084e-04 1.608426e-09 5.826755e-02 
666            5.678476e+04 2.006560e+00 7.559464e-05 2.240311e-04 1.017216e-09 1.479004e-01 
667            2.578120e+04 1.539474e+00 1.214337e-04 2.402259e-04 1.679343e-09 5.734852e-02 
668            2.596090e+04 1.550120e+00 1.257897e-04 2.215966e-04 1.649965e-09 5.791027e-02 
669            2.562771e+04 1.545475e+00 1.179748e-04 2.298571e-04 1.640425e-09 5.851962e-02 
670            2.583159e+04 1.593164e+00 1.370618e-04 2.716584e-04 1.639535e-09 5.578121e-02 
671            2.565237e+04 1.503415e+00 1.086457e-04 1.869515e-04 1.525827e-09 5.912600e-02 
672            2.546538e+04 1.565206e+00 1.294655e-04 2.369445e-04 1.675795e-09 5.663114e-02 
673            2.567266e+04 1.537734e+00 1.222213e-04 2.495737e-04 1.701796e-09 5.666615e-02 
674            2.556675e+04 1.543407e+00 1.213441e-04 2.067573e-04 1.663859e-09 5.841850e-02 
675            2.549844e+04 1.547042e+00 1.221461e-04 2.078412e-04 1.628292e-09 5.912041e-02 
676            2.577398e+04 1.536855e+00 1.224092e-04 2.495093e-04 1.729622e-09 5.765806e-02 
677            2.577330e+04 1.527414e+00 1.118417e-04 2.639787e-04 1.742510e-09 5.649649e-02 
678            2.530613e+04 1.555364e+00 1.241977e-04 2.447593e-04 1.644581e-09 5.867472e-02 
679            2.577115e+04 1.582587e+00 1.333885e-04 2.642461e-04 1.672776e-09 5.708725e-02 
680            2.561382e+04 1.557576e+00 1.244500e-04 2.449284e-04 1.664880e-09 5.685564e-02 
681            2.574384e+04 1.534551e+00 1.154786e-04 2.874798e-04 1.683512e-09 5.650610e-02 
682            2.551727e+04 1.513611e+00 1.111131e-04 1.970880e-04 1.629002e-09 5.972761e-02 
683            2.559581e+04 1.605452e+00 1.435397e-04 2.836844e-04 1.736858e-09 5.750325e-02 
684            2.593300e+04 1.566620e+00 1.266956e-04 2.628821e-04 1.786699e-09 5.646330e-02 
685            2.569589e+04 1.542225e+00 1.173438e-04 2.867849e-04 1.760514e-09 5.715375e-02 
686            2.560724e+04 1.553280e+00 1.283860e-04 2.561148e-04 1.711064e-09 5.839654e-02 
687            2.571204e+04 1.546659e+00 1.237334e-04 2.503365e-04 1.664093e-09 5.738758e-02 
688            2.551720e+04 1.521282e+00 1.111252e-04 2.357146e-04 1.639911e-09 5.778221e-02 
689            2.587805e+04 1.574496e+00 1.301626e-04 2.399627e-04 1.673856e-09 5.790113e-02 
690            2.532933e+04 1.498753e+00 1.078970e-04 2.431548e-04 1.665878e-09 5.728642e-02 
691            2.554637e+04 1.522064e+00 1.168217e-04 2.861462e-04 1.677352e-09 5.694362e-02 
692            2.552874e+04 1.474611e+00 1.025050e-04 1.765257e-04 1.557511e-09 5.983880e-02 
693            2.565435e+04 1.540517e+00 1.231550e-04 2.314519e-04 1.629464e-09 5.903376e-02 
694            2.574179e+04 1.549872e+00 1.224915e-04 2.435707e-04 1.661288e-09 5.803027e-02 
695            2.535333e+04 1.521158e+00 1.107823e-04 2.346014e-04 1.643170e-09 5.776487e-02 
696            2.578054e+04 1.541736e+00 1.205096e-04 2.066888e-04 1.664724e-09 5.984434e-02 
697            2.558084e+04 1.501117e+00 1.074074e-04 1.860493e-04 1.611544e-09 5.923102e-02 
698            2.534560e+04 1.495790e+00 1.077365e-04 2.436719e-04 1.659015e-09 5.656893e-02 
699            2.543423e+04 1.551706e+00 1.259149e-04 2.327810e-04 1.664109e-09 5.646145e-02 
700            2.570618e+04 1.608255e+00 1.408258e-04 2.803431e-04 1.738007e-09 5.649174e-02 
701            2.573575e+04 1.524031e+00 1.110618e-04 2.844870e-04 1.742737e-09 5.614657e-02 
702            2.566625e+04 1.532373e+00 1.168717e-04 1.958080e-04 1.624810e-09 5.834623e-02 
703            2.584598e+04 1.551558e+00 1.238939e-04 2.517316e-04 1.710394e-09 5.704564e-02 
704            2.566564e+04 1.510997e+00 1.109307e-04 2.013218e-04 1.695374e-09 5.821033e-02 
705            2.532098e+04 1.514845e+00 1.117053e-04 2.864220e-04 1.714345e-09 5.605928e-02 
706            2.585123e+04 1.555399e+00 1.248801e-04 2.443065e-04 1.678928e-09 5.747629e-02 
707            2.546406e+04 1.511427e+00 1.112595e-04 2.614494e-04 1.675636e-09 5.670631e-02 
708            2.520054e+04 1.470303e+00 1.023881e-04 1.764754e-04 1.583471e-09 6.007056e-02 
709            2.565008e+04 1.563165e+00 1.272875e-04 2.271773e-04 1.661979e-09 5.817954e-02 
710            2.573196e+04 1.584920e+00 1.325959e-04 2.685842e-04 1.698806e-09 5.703085e-02 
711            2.548091e+04 1.520321e+00 1.121316e-04 2.877921e-04 1.660423e-09 5.734796e-02 
712            2.551552e+04 1.516990e+00 1.121975e-04 2.864881e-04 1.712556e-09 5.656952e-02 
713            2.567269e+04 1.561581e+00 1.296815e-04 2.450269e-04 1.722814e-09 5.651372e-02 
714            2.824966e+04 1.681577e+00 1.013306e-04 2.290706e-04 1.550568e-09 6.694057e-02 
715            2.546908e+04 1.514999e+00 1.114567e-04 2.692965e-04 1.717549e-09 5.693318e-02 
716            2.586192e+04 1.513804e+00 1.112369e-04 2.011074e-04 1.587070e-09 5.837047e-02 
717            2.577444e+04 1.581590e+00 1.347359e-04 2.639557e-04 1.672733e-09 5.787261e-02 
718            2.545619e+04 1.515232e+00 1.120651e-04 2.871777e-04 1.715140e-09 5.642710e-02 
719            2.572015e+04 1.590770e+00 1.415796e-04 2.790336e-04 1.707722e-09 5.576447e-02 
720            2.557032e+04 1.522656e+00 1.125245e-04 2.645420e-04 1.711766e-09 5.744997e-02 
721            2.602950e+04 1.573139e+00 1.348281e-04 2.483406e-04 1.632218e-09 5.727749e-02 
722            2.541965e+04 1.511185e+00 1.116766e-04 2.863907e-04 1.727630e-09 5.708934e-02 
723            2.575579e+04 1.498178e+00 1.086124e-04 2.415838e-04 1.689933e-09 5.646973e-02 
724            2.547850e+04 1.506299e+00 1.107599e-04 2.040363e-04 1.625705e-09 5.850478e-02 
725            2.556054e+04 1.506060e+00 1.090347e-04 2.520473e-04 1.731166e-09 5.663438e-02 
726            2.534422e+04 1.504259e+00 1.101783e-04 2.559951e-04 1.754884e-09 5.705557e-02 
727            2.548046e+04 1.522066e+00 1.122445e-04 2.877614e-04 1.764630e-09 5.601573e-02 
728            2.561467e+04 1.506119e+00 1.098415e-04 1.906837e-04 1.560394e-09 5.957880e-02 
729            2.561760e+04 1.548664e+00 1.210402e-04 2.408999e-04 1.697650e-09 5.654126e-02 
730            2.568724e+04 1.512976e+00 1.116918e-04 2.340759e-04 1.650710e-09 5.844135e-02 
731            2.582567e+04 1.564330e+00 1.293725e-04 2.449557e-04 1.686677e-09 5.699773e-02 
732            2.549703e+04 1.545357e+00 1.179424e-04 2.310708e-04 1.644406e-09 5.608503e-02 
733            2.570355e+04 1.501522e+00 1.091073e-04 2.400217e-04 1.655827e-09 5.754604e-02 
734            2.593998e+04 1.583217e+00 1.389463e-04 2.750526e-04 1.693615e-09 5.642531e-02 
735            2.564278e+04 1.543163e+00 1.229956e-04 2.140811e-04 1.683195e-09 5.900509e-02 
736            2.558305e+04 1.500362e+00 1.092596e-04 2.518361e-04 1.662934e-09 5.671277e-02 
737            2.548309e+04 1.538989e+00 1.233031e-04 2.473643e-04 1.631132e-09 5.646738e-02 
738            2.576652e+04 1.569670e+00 1.263793e-04 2.629977e-04 1.662546e-09 5.621448e-02 
739            2.554738e+04 1.547521e+00 1.236360e-04 2.487603e-04 1.726792e-09 5.771516e-02 
740            2.601782e+04 1.530642e+00 1.164347e-04 1.961320e-04 1.613850e-09 5.920913e-02 
741            2.576914e+04 1.561223e+00 1.281564e-04 2.290915e-04 1.667851e-09 5.775657e-02 
742            2.520195e+04 1.468057e+00 1.024337e-04 1.762772e-04 1.632998e-09 5.921948e-02 
743            2.558469e+04 1.511937e+00 1.112251e-04 2.767615e-04 1.694833e-09 5.616426e-02 
744            2.573030e+04 1.589019e+00 1.335306e-04 2.742762e-04 1.650666e-09 5.621250e-02 
745            2.589979e+04 1.575344e+00 1.347584e-04 2.475424e-04 1.706846e-09 5.704324e-02 
746            2.554939e+04 1.518042e+00 1.093277e-04 2.634456e-04 1.687247e-09 5.589000e-02 
747            2.557083e+04 1.537549e+00 1.185375e-04 2.295975e-04 1.662123e-09 5.811023e-02 
748            2.573646e+04 1.542387e+00 1.207137e-04 2.068422e-04 1.649430e-09 5.815600e-02 
749            2.567669e+04 1.498300e+00 1.086882e-04 2.416425e-04 1.665114e-09 5.807983e-02 
750            2.557092e+04 1.534843e+00 1.210290e-04 2.312107e-04 1.635627e-09 5.735791e-02 
751            2.572293e+04 1.575892e+00 1.362055e-04 2.495974e-04 1.686038e-09 5.771213e-02 
752            2.529724e+04 1.505092e+00 1.101867e-04 2.850536e-04 1.736307e-09 5.838856e-02 
753            2.567401e+04 1.569339e+00 1.340584e-04 2.784913e-04 1.709814e-09 5.649799e-02 
754            2.570677e+04 1.581621e+00 1.346804e-04 2.640601e-04 1.679837e-09 5.658423e-02 
755            2.559757e+04 1.523377e+00 1.170996e-04 2.107619e-04 1.714371e-09 5.853621e-02 
756            2.566708e+04 1.552081e+00 1.238417e-04 2.184426e-04 1.667397e-09 5.752877e-02 
757            2.558868e+04 1.598775e+00 1.384989e-04 2.749544e-04 1.677474e-09 5.679283e-02 
758            2.568780e+04 1.537660e+00 1.185202e-04 2.011544e-04 1.590493e-09 5.738986e-02 
759            2.562424e+04 1.564985e+00 1.301564e-04 2.421426e-04 1.724802e-09 5.649365e-02 
760            2.546569e+04 1.506721e+00 1.079694e-04 2.847920e-04 1.764030e-09 5.647295e-02 
761            2.569942e+04 1.529813e+00 1.184957e-04 2.158374e-04 1.624967e-09 5.913704e-02 
762            2.568058e+04 1.528380e+00 1.205538e-04 2.045210e-04 1.634069e-09 5.978860e-02 
763            2.572348e+04 1.522041e+00 1.121373e-04 2.337536e-04 1.682408e-09 5.740208e-02 
764            2.564271e+04 1.520263e+00 1.139952e-04 2.870074e-04 1.733647e-09 5.794283e-02 
765            2.552298e+04 1.576861e+00 1.313825e-04 2.458396e-04 1.695846e-09 5.633641e-02 
766            2.579690e+04 1.593982e+00 1.410873e-04 2.808092e-04 1.680867e-09 5.755768e-02 
767            2.574379e+04 1.585578e+00 1.358806e-04 2.730197e-04 1.761923e-09 5.688633e-02 
768            2.561082e+04 1.537730e+00 1.208438e-04 2.316545e-04 1.649712e-09 5.597783e-02 
769            2.545280e+04 1.541936e+00 1.224167e-04 2.079393e-04 1.649540e-09 5.896515e-02 
770            2.575128e+04 1.566585e+00 1.316440e-04 2.387616e-04 1.642780e-09 5.824615e-02 
771            2.558207e+04 1.515924e+00 1.116909e-04 2.864478e-04 1.709502e-09 5.585951e-02 
772            2.530817e+04 1.495053e+00 1.078713e-04 2.434819e-04 1.680903e-09 5.711124e-02 
773            2.568232e+04 1.471376e+00 1.047898e-04 1.792519e-04 1.584391e-09 5.858250e-02 
774            2.555901e+04 1.512968e+00 1.110164e-04 2.701203e-04 1.701905e-09 5.591869e-02 
775            2.553392e+04 1.528284e+00 1.131698e-04 2.877664e-04 1.747106e-09 5.695919e-02 
776            2.583972e+04 1.585336e+00 1.410635e-04 2.782215e-04 1.731396e-09 5.756679e-02 
777            2.581982e+04 1.576489e+00 1.325407e-04 2.639634e-04 1.716392e-09 5.723906e-02 
778            2.573159e+04 1.534068e+00 1.187896e-04 2.205339e-04 1.624806e-09 5.679566e-02 
779            2.556730e+04 1.541724e+00 1.215022e-04 2.337304e-04 1.634715e-09 5.777402e-02 
780            2.554423e+04 1.551569e+00 1.205378e-04 2.244226e-04 1.593646e-09 5.739742e-02 
781            2.548607e+04 1.533081e+00 1.180339e-04 2.316092e-04 1.650010e-09 5.872379e-02 
782            2.543883e+04 1.527706e+00 1.152896e-04 2.878574e-04 1.721356e-09 5.595156e-02 
783            2.564801e+04 1.532716e+00 1.149188e-04 2.872189e-04 1.749427e-09 5.696811e-02 
784            2.560359e+04 1.573493e+00 1.349859e-04 2.612038e-04 1.695103e-09 5.642642e-02 
785            2.554879e+04 1.540615e+00 1.216304e-04 2.347097e-04 1.596110e-09 5.635630e-02 
786            2.586278e+04 1.536333e+00 1.212536e-04 2.049310e-04 1.614818e-09 5.757190e-02 
787            2.569073e+04 1.537318e+00 1.175882e-04 2.157791e-04 1.660466e-09 5.916126e-02 
788            2.559356e+04 1.510733e+00 1.124916e-04 2.001956e-04 1.623059e-09 5.929870e-02 
789            2.552805e+04 1.520748e+00 1.107490e-04 2.776166e-04 1.743023e-09 5.769258e-02 
790            2.558097e+04 1.573594e+00 1.310526e-04 2.458443e-04 1.650117e-09 5.779057e-02 
791            2.537096e+04 1.509676e+00 1.094443e-04 2.491733e-04 1.668372e-09 5.687554e-02 
792            2.583417e+04 1.584866e+00 1.365203e-04 2.718431e-04 1.709003e-09 5.739229e-02 
793            2.569987e+04 1.525944e+00 1.150507e-04 2.868624e-04 1.706907e-09 5.738744e-02 
794            2.566840e+04 1.512737e+00 1.098041e-04 2.778311e-04 1.718952e-09 5.716064e-02 
795            2.576714e+04 1.546000e+00 1.225985e-04 2.065509e-04 1.613163e-09 5.935530e-02 
796            5.018955e+04 2.002404e+00 7.697119e-05 2.241981e-04 1.036007e-09 1.354227e-01 
797            2.569549e+04 1.540485e+00 1.222720e-04 2.326961e-04 1.700878e-09 5.745149e-02 
798            3.654188e+04 1.883441e+00 8.705232e-05 2.262575e-04 1.241277e-09 9.854251e-02 
799            2.547787e+04 1.537670e+00 1.223992e-04 2.321585e-04 1.609602e-09 5.751169e-02 
800            2.552135e+04 1.518051e+00 1.119868e-04 2.626512e-04 1.701490e-09 5.776493e-02 
801            2.575355e+04 1.577259e+00 1.335689e-04 2.803331e-04 1.699344e-09 5.739813e-02 
802            2.544358e+04 1.508242e+00 1.096226e-04 2.589094e-04 1.699383e-09 5.729259e-02 
803            3.384053e+04 1.853441e+00 9.180155e-05 2.280361e-04 1.282868e-09 9.184324e-02 
804            2.539898e+04 1.503684e+00 1.105636e-04 2.042910e-04 1.644676e-09 5.800901e-02 
805            2.569728e+04 1.569047e+00 1.343041e-04 2.780310e-04 1.622084e-09 5.772554e-02 
806            2.550223e+04 1.531067e+00 1.164849e-04 2.117158e-04 1.594183e-09 6.020423e-02 
807            4.716775e+04 1.990450e+00 7.773643e-05 2.244839e-04 9.872864e-10 1.274053e-01 
808            2.541429e+04 1.511058e+00 1.112456e-04 1.972226e-04 1.552809e-09 5.917758e-02 
809            2.552387e+04 1.557604e+00 1.205247e-04 2.307393e-04 1.625911e-09 5.812143e-02 
810            2.571407e+04 1.552022e+00 1.271755e-04 2.295651e-04 1.631993e-09 5.610261e-02 
811            2.554041e+04 1.522853e+00 1.106279e-04 2.607061e-04 1.686914e-09 5.675135e-02 
812            2.559105e+04 1.565372e+00 1.308441e-04 2.432004e-04 1.639259e-09 5.606241e-02 
813            2.563304e+04 1.535888e+00 1.212891e-04 2.311330e-04 1.666072e-09 5.852482e-02 
814            2.564598e+04 1.545981e+00 1.209120e-04 2.325820e-04 1.719812e-09 5.757813e-02 
815            2.573942e+04 1.571811e+00 1.269724e-04 2.281380e-04 1.653115e-09 5.748068e-02 
816            2.594023e+04 1.593398e+00 1.417603e-04 2.817738e-04 1.614242e-09 5.725362e-02 
817            2.577930e+04 1.515071e+00 1.130365e-04 1.945095e-04 1.710938e-09 5.811527e-02 
818            2.560004e+04 1.545162e+00 1.208872e-04 2.279299e-04 1.698894e-09 5.724496e-02 
819            2.561007e+04 1.566929e+00 1.281526e-04 2.248899e-04 1.668472e-09 5.836659e-02 
820            2.589414e+04 1.540954e+00 1.212782e-04 2.400680e-04 1.690984e-09 5.776994e-02 
821            2.534928e+04 1.510415e+00 1.118901e-04 2.335569e-04 1.672794e-09 5.761464e-02 
822            2.560323e+04 1.484884e+00 1.038034e-04 1.785901e-04 1.598906e-09 6.002616e-02 
823            2.567429e+04 1.504332e+00 1.096761e-04 1.907916e-04 1.678802e-09 5.973025e-02 
824            2.578764e+04 1.577780e+00 1.334789e-04 2.647378e-04 1.646077e-09 5.812988e-02 
825            2.551466e+04 1.597243e+00 1.381615e-04 2.755253e-04 1.658167e-09 5.703437e-02 
826            2.585019e+04 1.548781e+00 1.240821e-04 2.522216e-04 1.622726e-09 5.775362e-02 
827            2.546455e+04 1.531363e+00 1.163104e-04 2.126011e-04 1.590471e-09 5.812109e-02 
828            2.574114e+04 1.584805e+00 1.357830e-04 2.485833e-04 1.657561e-09 5.774152e-02 
829            2.568744e+04 1.518435e+00 1.126679e-04 2.862221e-04 1.689417e-09 5.657702e-02 
830            2.577021e+04 1.586112e+00 1.412404e-04 2.783133e-04 1.703193e-09 5.683475e-02 
831            2.577594e+04 1.545782e+00 1.215916e-04 2.310748e-04 1.582751e-09 5.682956e-02 
832            2.548511e+04 1.532147e+00 1.113920e-04 2.845763e-04 1.690356e-09 5.719920e-02 
833            2.579693e+04 1.529777e+00 1.169873e-04 1.956628e-04 1.686070e-09 5.924351e-02 
834            2.521495e+04 1.522225e+00 1.147673e-04 2.877262e-04 1.772205e-09 5.837347e-02 
835            2.549878e+04 1.516793e+00 1.104169e-04 2.054002e-04 1.618939e-09 5.965565e-02 
836            2.552387e+04 1.557604e+00 1.205247e-04 2.307393e-04 1.625911e-09 5.812143e-02 
837            2.557914e+04 1.559829e+00 1.238927e-04 2.439894e-04 1.685827e-09 5.696695e-02 
838            2.542651e+04 1.514915e+00 1.105982e-04 2.639091e-04 1.780735e-09 5.797729e-02 
839            2.581414e+04 1.544372e+00 1.220047e-04 2.099306e-04 1.670611e-09 5.943117e-02 
840            2.582269e+04 1.570577e+00 1.352242e-04 2.624190e-04 1.673361e-09 5.670033e-02 
841            2.592620e+04 1.526938e+00 1.177092e-04 1.994465e-04 1.646261e-09 5.936742e-02 
842            2.569433e+04 1.526129e+00 1.140266e-04 2.869751e-04 1.708929e-09 5.620309e-02 
843            2.575183e+04 1.512608e+00 1.110997e-04 2.784596e-04 1.754587e-09 5.771954e-02 
844            2.563826e+04 1.506046e+00 1.100447e-04 1.904127e-04 1.571478e-09 5.916892e-02 
845            2.539981e+04 1.507862e+00 1.097190e-04 2.678468e-04 1.665742e-09 5.729848e-02 
846            2.558399e+04 1.519219e+00 1.098310e-04 2.638579e-04 1.743270e-09 5.830690e-02 
847            2.542216e+04 1.481412e+00 1.043467e-04 1.791332e-04 1.548085e-09 6.024016e-02 
848            2.570708e+04 1.544682e+00 1.189980e-04 2.223554e-04 1.665105e-09 5.754683e-02 
849            2.555615e+04 1.481269e+00 1.043581e-04 1.791013e-04 1.565871e-09 5.930411e-02 
850            2.548291e+04 1.595492e+00 1.432085e-04 2.791746e-04 1.714084e-09 5.804690e-02 
851            2.562054e+04 1.551651e+00 1.272126e-04 2.262734e-04 1.704809e-09 5.817288e-02 
852            2.558881e+04 1.514879e+00 1.131582e-04 2.055972e-04 1.629590e-09 5.830348e-02 
853            2.579011e+04 1.579304e+00 1.353236e-04 2.632664e-04 1.708189e-09 5.633432e-02 
854            2.560779e+04 1.539035e+00 1.214538e-04 2.280482e-04 1.699198e-09 5.666047e-02 
855            2.585577e+04 1.536273e+00 1.103926e-04 2.317667e-04 1.655051e-09 5.741733e-02 
856            2.579509e+04 1.573697e+00 1.302322e-04 2.399201e-04 1.658937e-09 5.833956e-02 
857            2.552863e+04 1.533938e+00 1.162689e-04 1.971393e-04 1.589566e-09 5.871108e-02 
858            2.562395e+04 1.581315e+00 1.342748e-04 2.589522e-04 1.668158e-09 5.587763e-02 
859            2.558575e+04 1.540417e+00 1.212613e-04 2.281382e-04 1.609070e-09 5.790533e-02 
860            2.560485e+04 1.542589e+00 1.195079e-04 2.305474e-04 1.685072e-09 5.873392e-02 
861            2.555000e+04 1.509986e+00 1.105328e-04 2.819307e-04 1.679181e-09 5.679511e-02 
862            2.549206e+04 1.541336e+00 1.175257e-04 2.166932e-04 1.690071e-09 5.745041e-02 
863            2.550135e+04 1.518012e+00 1.105695e-04 2.706711e-04 1.759386e-09 5.670158e-02 
864            2.550586e+04 1.516604e+00 1.103566e-04 2.819590e-04 1.761633e-09 5.667438e-02 
865            2.567568e+04 1.568512e+00 1.341843e-04 2.783938e-04 1.689065e-09 5.755081e-02 
866            2.565615e+04 1.539312e+00 1.207115e-04 2.315940e-04 1.637740e-09 5.651865e-02 
867            2.543339e+04 1.529896e+00 1.112641e-04 2.846584e-04 1.709200e-09 5.678060e-02 
868            2.564608e+04 1.531525e+00 1.164269e-04 2.878585e-04 1.768244e-09 5.638598e-02 
869            2.571203e+04 1.585546e+00 1.350606e-04 2.765112e-04 1.625029e-09 5.484148e-02 
870            2.584579e+04 1.555093e+00 1.260053e-04 2.332857e-04 1.696747e-09 5.774674e-02 
871            2.571913e+04 1.548289e+00 1.225586e-04 2.133114e-04 1.757628e-09 5.844423e-02 
872            2.543455e+04 1.524324e+00 1.125342e-04 2.873798e-04 1.714164e-09 5.622965e-02 
873            2.555173e+04 1.513775e+00 1.115944e-04 2.016318e-04 1.606158e-09 6.034415e-02 
874            2.564898e+04 1.565360e+00 1.332861e-04 2.684881e-04 1.717410e-09 5.641066e-02 
875            2.568362e+04 1.519409e+00 1.124259e-04 1.941835e-04 1.616530e-09 5.844819e-02 
876            2.576519e+04 1.550221e+00 1.247224e-04 2.211457e-04 1.641271e-09 5.905775e-02 
877            2.571517e+04 1.558607e+00 1.246565e-04 2.452822e-04 1.633221e-09 5.747207e-02 
878            2.585364e+04 1.503546e+00 1.094136e-04 1.872736e-04 1.618479e-09 5.925475e-02 
879            2.588381e+04 1.573942e+00 1.077361e-04 2.294828e-04 1.587596e-09 5.827365e-02 
880            5.816264e+04 2.002859e+00 7.571256e-05 2.234538e-04 9.330277e-10 1.549236e-01 
881            2.570534e+04 1.499970e+00 1.078457e-04 1.866500e-04 1.630345e-09 5.944840e-02 
882            2.560213e+04 1.548142e+00 1.217934e-04 2.425725e-04 1.675320e-09 5.725775e-02 
883            2.555410e+04 1.534353e+00 1.193113e-04 2.294888e-04 1.699128e-09 5.645472e-02 
884            2.588473e+04 1.594686e+00 1.344096e-04 2.755186e-04 1.688623e-09 5.625217e-02 
885            2.571474e+04 1.519875e+00 1.150960e-04 1.957434e-04 1.683249e-09 5.802350e-02 
886            2.575034e+04 1.554876e+00 1.245526e-04 2.450204e-04 1.699633e-09 5.625266e-02 
887            2.564923e+04 1.562914e+00 1.304615e-04 2.405076e-04 1.637168e-09 5.704903e-02 
888            2.558466e+04 1.580411e+00 1.361010e-04 2.546054e-04 1.696835e-09 5.805430e-02 
889            2.563465e+04 1.529961e+00 1.166110e-04 1.959245e-04 1.624028e-09 5.953550e-02 
890            2.537107e+04 1.501951e+00 1.078730e-04 2.438523e-04 1.641279e-09 5.719795e-02 
891            2.538455e+04 1.506280e+00 1.090186e-04 2.451041e-04 1.686741e-09 5.751177e-02 
892            2.530828e+04 1.505702e+00 1.111946e-04 2.640592e-04 1.744821e-09 5.555709e-02 
893            2.565588e+04 1.579361e+00 1.346898e-04 2.478326e-04 1.608499e-09 5.834439e-02 
894            2.590890e+04 1.574382e+00 1.335991e-04 2.657931e-04 1.648749e-09 5.710261e-02 
895            2.563465e+04 1.595088e+00 1.401529e-04 2.805058e-04 1.728698e-09 5.664928e-02 
896            2.564978e+04 1.511265e+00 1.112655e-04 2.343954e-04 1.696197e-09 5.854274e-02 
897            2.570340e+04 1.557907e+00 1.280843e-04 2.559834e-04 1.712836e-09 5.672994e-02 
898            2.556281e+04 1.565942e+00 1.298824e-04 2.451407e-04 1.679792e-09 5.674704e-02 
899            2.550273e+04 1.534534e+00 1.167340e-04 1.966424e-04 1.590350e-09 5.683252e-02 
900            2.579746e+04 1.532290e+00 1.178700e-04 1.997099e-04 1.574913e-09 5.947050e-02 
901            2.593273e+04 1.601256e+00 1.411923e-04 2.770942e-04 1.681137e-09 5.771391e-02 
902            2.582864e+04 1.571880e+00 1.333989e-04 2.775834e-04 1.672259e-09 5.685679e-02 
903            2.547995e+04 1.533998e+00 1.149409e-04 2.856172e-04 1.755770e-09 5.700358e-02 
904            2.565606e+04 1.542514e+00 1.229203e-04 2.080303e-04 1.646641e-09 5.917991e-02 
905            2.531910e+04 1.487635e+00 1.039068e-04 1.796357e-04 1.602825e-09 5.951671e-02 
906            2.600298e+04 1.579894e+00 1.331084e-04 2.642248e-04 1.625252e-09 5.672234e-02 
907            2.549597e+04 1.566167e+00 1.336169e-04 2.803076e-04 1.743403e-09 5.712600e-02 
908            2.558520e+04 1.587060e+00 1.369211e-04 2.737371e-04 1.682764e-09 5.790720e-02 
909            2.563883e+04 1.574364e+00 1.319976e-04 2.458900e-04 1.670029e-09 5.665822e-02 
910            2.567255e+04 1.540935e+00 1.225585e-04 2.326164e-04 1.695256e-09 5.762325e-02 
911            2.543072e+04 1.506504e+00 1.089396e-04 2.466792e-04 1.685202e-09 5.724428e-02 
912            2.558785e+04 1.539919e+00 1.144451e-04 2.864205e-04 1.700429e-09 5.791480e-02 
913            2.557785e+04 1.524131e+00 1.133408e-04 2.876198e-04 1.713018e-09 5.656594e-02 
914            2.555425e+04 1.522921e+00 1.189938e-04 2.152473e-04 1.631153e-09 5.902274e-02 
915            2.536544e+04 1.514781e+00 1.115404e-04 2.346777e-04 1.710640e-09 5.777647e-02 
916            2.553894e+04 1.510375e+00 1.125648e-04 2.713538e-04 1.662952e-09 5.693790e-02 
917            2.580786e+04 1.574354e+00 1.355133e-04 2.634365e-04 1.644505e-09 5.784627e-02 
918            2.590967e+04 1.571598e+00 1.340728e-04 2.794602e-04 1.665555e-09 5.682646e-02 
919            2.576836e+04 1.577330e+00 1.357855e-04 2.530886e-04 1.716853e-09 5.835500e-02 
920            2.530681e+04 1.498837e+00 1.075278e-04 2.414672e-04 1.583061e-09 5.943069e-02 
921            2.548800e+04 1.500784e+00 1.090055e-04 2.517784e-04 1.689563e-09 5.711518e-02 
922            2.590147e+04 1.578867e+00 1.288562e-04 2.658063e-04 1.687521e-09 5.627066e-02 
923            2.589903e+04 1.592457e+00 1.403540e-04 2.771042e-04 1.700622e-09 5.736385e-02 
924            2.586629e+04 1.580435e+00 1.337132e-04 2.643360e-04 1.702668e-09 5.807151e-02 
925            2.568406e+04 1.531135e+00 1.163925e-04 2.866034e-04 1.669510e-09 5.669087e-02 
926            2.548837e+04 1.531645e+00 1.129697e-04 2.869162e-04 1.609054e-09 5.676129e-02 
927            2.542400e+04 1.514909e+00 1.111601e-04 2.853289e-04 1.680519e-09 5.765913e-02 
928            2.561597e+04 1.576050e+00 1.309654e-04 2.457817e-04 1.653685e-09 5.818818e-02 
929            2.571745e+04 1.561823e+00 1.304459e-04 2.407340e-04 1.712916e-09 5.677398e-02 
930            2.575530e+04 1.553081e+00 1.261415e-04 2.456263e-04 1.660179e-09 5.722941e-02 
931            2.565274e+04 1.587853e+00 1.347602e-04 2.772454e-04 1.660000e-09 5.664868e-02 
932            2.549831e+04 1.510181e+00 1.095573e-04 2.644161e-04 1.678144e-09 5.781074e-02 
933            2.580604e+04 1.570403e+00 1.263904e-04 2.629946e-04 1.647063e-09 5.779696e-02 
934            2.552539e+04 1.527756e+00 1.132037e-04 2.875831e-04 1.721798e-09 5.794867e-02 
935            2.524768e+04 1.504467e+00 1.098619e-04 2.853161e-04 1.791745e-09 5.687868e-02 
936            2.554150e+04 1.511072e+00 1.146997e-04 2.064968e-04 1.614011e-09 5.750472e-02 
937            2.558857e+04 1.504160e+00 1.088736e-04 2.482792e-04 1.678266e-09 5.825349e-02 
938            2.564614e+04 1.475793e+00 1.031130e-04 1.789122e-04 1.587045e-09 5.916107e-02 
939            2.569505e+04 1.577749e+00 1.360045e-04 2.538719e-04 1.695120e-09 5.600533e-02 
940            2.526540e+04 1.510126e+00 1.089565e-04 2.465049e-04 1.655052e-09 5.629456e-02 
941            2.556375e+04 1.515843e+00 1.110548e-04 2.851737e-04 1.661460e-09 5.713748e-02 
942            2.553789e+04 1.521465e+00 1.118448e-04 2.859403e-04 1.704599e-09 5.785419e-02 
943            2.563976e+04 1.514426e+00 1.115250e-04 2.637914e-04 1.731993e-09 5.607363e-02 
944            2.540556e+04 1.515492e+00 1.139804e-04 2.074824e-04 1.643460e-09 5.735957e-02 
945            2.574717e+04 1.569801e+00 1.281293e-04 2.654322e-04 1.642807e-09 5.671552e-02 
946            2.565859e+04 1.512997e+00 1.092274e-04 2.828531e-04 1.725792e-09 5.785545e-02 
947            2.580596e+04 1.584810e+00 1.339232e-04 2.635768e-04 1.668111e-09 5.876267e-02 
948            2.588993e+04 1.590917e+00 1.419263e-04 2.825474e-04 1.740440e-09 5.558502e-02 
949            2.552452e+04 1.573413e+00 1.311747e-04 2.448753e-04 1.663843e-09 5.776583e-02 
950            2.557880e+04 1.521167e+00 1.123639e-04 2.876045e-04 1.754465e-09 5.633892e-02 
951            2.597465e+04 1.582993e+00 1.357065e-04 2.758851e-04 1.718773e-09 5.805077e-02 
952            2.561624e+04 1.512030e+00 1.111603e-04 2.636299e-04 1.740011e-09 5.765419e-02 
953            2.529566e+04 1.472962e+00 1.019937e-04 1.794913e-04 1.595447e-09 5.907255e-02 
954            2.569958e+04 1.543769e+00 1.182001e-04 2.313455e-04 1.684590e-09 5.749473e-02 
955            2.581948e+04 1.582241e+00 1.378198e-04 2.731746e-04 1.658570e-09 5.847743e-02 
956            2.581696e+04 1.564137e+00 1.273473e-04 2.556832e-04 1.669931e-09 5.801421e-02 
957            2.560108e+04 1.523509e+00 1.123959e-04 2.860862e-04 1.786413e-09 5.655165e-02 
958            2.554466e+04 1.499953e+00 1.086943e-04 2.409396e-04 1.686265e-09 5.788027e-02 
959            2.554357e+04 1.556553e+00 1.245689e-04 2.575510e-04 1.687406e-09 5.687253e-02 
960            2.600680e+04 1.596331e+00 1.432724e-04 2.810982e-04 1.684268e-09 5.670486e-02 
961            2.561472e+04 1.533954e+00 1.199215e-04 2.311404e-04 1.617501e-09 5.814737e-02 
962            2.571457e+04 1.590744e+00 1.338924e-04 2.643437e-04 1.677086e-09 5.735983e-02 
963            2.578735e+04 1.547264e+00 1.222223e-04 2.154238e-04 1.597206e-09 5.889893e-02 
964            2.583884e+04 1.588132e+00 1.363651e-04 2.722194e-04 1.701266e-09 5.665361e-02 
965            2.559909e+04 1.558482e+00 1.282831e-04 2.293058e-04 1.670478e-09 5.636109e-02 
966            2.586293e+04 1.531031e+00 1.164850e-04 1.952978e-04 1.621486e-09 5.840289e-02 
967            2.569525e+04 1.571439e+00 1.340123e-04 2.781737e-04 1.675667e-09 5.692225e-02 
968            2.581245e+04 1.560852e+00 1.264155e-04 2.608056e-04 1.643252e-09 5.660841e-02 
969            2.547152e+04 1.535438e+00 1.204333e-04 2.312588e-04 1.628399e-09 5.696766e-02 
970            2.576358e+04 1.540227e+00 1.233184e-04 2.312845e-04 1.656516e-09 5.708272e-02 
971            2.602407e+04 1.557465e+00 1.252224e-04 2.531073e-04 1.719620e-09 5.630875e-02 
972            2.562987e+04 1.521467e+00 1.112300e-04 2.701321e-04 1.762833e-09 5.569696e-02 
973            2.566241e+04 1.585896e+00 1.358332e-04 2.711732e-04 1.659119e-09 5.660739e-02 
974            2.572964e+04 1.514222e+00 1.114835e-04 2.601597e-04 1.741235e-09 5.710669e-02 
975            2.564027e+04 1.538342e+00 1.192215e-04 2.310595e-04 1.659319e-09 5.793720e-02 
976            2.555570e+04 1.518455e+00 1.115507e-04 2.860168e-04 1.786916e-09 5.595660e-02 
977            2.542749e+04 1.486302e+00 1.040213e-04 1.823329e-04 1.625184e-09 5.903566e-02 
978            2.553086e+04 1.514717e+00 1.145168e-04 2.060520e-04 1.602222e-09 5.917396e-02 
979            2.594104e+04 1.587442e+00 1.406447e-04 2.782633e-04 1.689849e-09 5.582343e-02 
980            2.561219e+04 1.520643e+00 1.105755e-04 2.702866e-04 1.699155e-09 5.649654e-02 
981            2.566461e+04 1.592104e+00 1.345215e-04 2.690831e-04 1.671827e-09 5.810439e-02 
982            2.563167e+04 1.583193e+00 1.348520e-04 2.485582e-04 1.686841e-09 5.695527e-02 
983            2.566430e+04 1.591060e+00 1.421300e-04 2.819998e-04 1.740401e-09 5.655979e-02 
984            2.591840e+04 1.535596e+00 1.185733e-04 2.205561e-04 1.587089e-09 5.858207e-02 
985            2.568154e+04 1.559614e+00 1.261610e-04 2.334861e-04 1.671115e-09 5.741117e-02 
986            2.572019e+04 1.581751e+00 1.336771e-04 2.635136e-04 1.671798e-09 5.735361e-02 
987            2.550248e+04 1.566836e+00 1.282080e-04 2.299483e-04 1.594827e-09 5.823669e-02 
988            2.551914e+04 1.538722e+00 1.206443e-04 2.112016e-04 1.615187e-09 5.941327e-02 
989            2.566753e+04 1.488068e+00 1.056134e-04 1.829901e-04 1.529185e-09 5.909866e-02 
990            2.554134e+04 1.540748e+00 1.190229e-04 2.230142e-04 1.623842e-09 5.791566e-02 
991            2.565858e+04 1.566168e+00 1.306457e-04 2.428029e-04 1.668675e-09 5.632500e-02 
992            2.573304e+04 1.551648e+00 1.238193e-04 2.171198e-04 1.573164e-09 5.770221e-02 
993            2.581653e+04 1.590280e+00 1.411241e-04 2.778132e-04 1.674766e-09 5.616669e-02 
994            2.545973e+04 1.575164e+00 1.354241e-04 2.615140e-04 1.734202e-09 5.654148e-02 
995            2.555684e+04 1.576321e+00 1.371086e-04 2.754931e-04 1.648960e-09 5.719697e-02 
996            2.544180e+04 1.484673e+00 1.044382e-04 1.798159e-04 1.689202e-09 5.873633e-02 
997            2.532594e+04 1.500371e+00 1.079481e-04 2.436569e-04 1.705019e-09 5.729905e-02 
998            2.577323e+04 1.552815e+00 1.266355e-04 2.304772e-04 1.694227e-09 5.773160e-02 
999            2.574319e+04 1.553604e+00 1.260313e-04 2.536132e-04 1.684983e-09 5.646613e-02 
1000           2.560139e+04 1.547412e+00 1.224082e-04 2.282969e-04 1.618663e-09 5.744562e-02 
