Randomly Selected Posterior Samples
Fiber Type: Wool
Porosity: 95

Sample Index   Airflow Resistivity Tortuosity          Viscous Characteristic LengthThermal Characteristic LengthStatic Thermal PermeabilitySigma Noise         
1              2.485186e+04 1.306389e+00 9.423700e-05 2.773796e-04 1.692047e-09 6.868085e-02 
2              3.232261e+04 1.445722e+00 1.099488e-04 3.440982e-04 1.719511e-09 1.007543e-01 
3              3.623769e+04 1.439248e+00 1.114583e-04 3.443587e-04 2.092805e-09 2.156987e-01 
4              2.156737e+04 1.514956e+00 1.736157e-04 2.533956e-04 1.578535e-09 5.792087e-02 
5              2.164011e+04 1.506495e+00 1.730008e-04 2.542323e-04 1.600118e-09 5.838192e-02 
6              3.439262e+04 1.437931e+00 1.099972e-04 3.436981e-04 1.633139e-09 1.231888e-01 
7              2.066506e+04 1.329696e+00 9.414433e-05 2.774506e-04 1.722019e-09 5.641069e-02 
8              2.382886e+04 1.315258e+00 9.388970e-05 2.769410e-04 1.748751e-09 6.362765e-02 
9              2.446048e+04 1.309884e+00 9.393991e-05 2.769874e-04 1.662737e-09 6.583906e-02 
10             2.754207e+04 1.446435e+00 1.102620e-04 3.439520e-04 1.638453e-09 7.347690e-02 
11             2.267223e+04 1.327659e+00 9.347807e-05 2.768575e-04 1.734368e-09 5.861664e-02 
12             2.977528e+04 1.438690e+00 1.102520e-04 3.444686e-04 1.774047e-09 8.630505e-02 
13             2.121411e+04 1.484053e+00 1.733972e-04 2.538766e-04 1.635104e-09 5.903999e-02 
14             2.125463e+04 1.486459e+00 1.733060e-04 2.542480e-04 1.615670e-09 5.829002e-02 
15             3.273119e+04 1.447826e+00 1.099837e-04 3.436689e-04 1.563705e-09 1.066723e-01 
16             2.185792e+04 1.330362e+00 9.433758e-05 2.770830e-04 1.811881e-09 5.953564e-02 
17             2.788670e+04 1.441245e+00 1.103291e-04 3.437507e-04 1.809966e-09 7.568771e-02 
18             2.152171e+04 1.521443e+00 1.736712e-04 2.535521e-04 1.664802e-09 5.670107e-02 
19             2.946724e+04 1.434622e+00 1.094470e-04 3.439469e-04 1.853620e-09 8.559863e-02 
20             2.116350e+04 1.481909e+00 1.735920e-04 2.538003e-04 1.585398e-09 5.717979e-02 
21             2.467549e+04 1.447437e+00 1.107264e-04 3.437661e-04 1.689826e-09 6.532897e-02 
22             3.602865e+04 1.439759e+00 1.116029e-04 3.442688e-04 1.546076e-09 2.295650e-01 
23             2.496990e+04 1.306162e+00 9.427539e-05 2.776337e-04 1.604421e-09 6.823159e-02 
24             2.597511e+04 1.438783e+00 1.106934e-04 3.434824e-04 1.804299e-09 7.193401e-02 
25             2.163662e+04 1.518292e+00 1.736992e-04 2.530541e-04 1.615586e-09 5.541483e-02 
26             2.148826e+04 1.520344e+00 1.737198e-04 2.534894e-04 1.583747e-09 5.672457e-02 
27             2.419790e+04 1.314364e+00 9.392568e-05 2.771471e-04 1.725121e-09 6.604287e-02 
28             2.800971e+04 1.441925e+00 1.100040e-04 3.435472e-04 1.718341e-09 8.088949e-02 
29             2.804429e+04 1.441511e+00 1.100165e-04 3.435016e-04 1.608846e-09 7.955258e-02 
30             2.078274e+04 1.330879e+00 9.418455e-05 2.768592e-04 1.731724e-09 5.563310e-02 
31             2.476975e+04 1.446602e+00 1.108604e-04 3.437284e-04 1.707975e-09 6.527394e-02 
32             2.406467e+04 1.315594e+00 9.365367e-05 2.772078e-04 1.829242e-09 6.509656e-02 
33             2.100747e+04 1.329065e+00 9.393939e-05 2.771466e-04 1.754319e-09 5.785584e-02 
34             2.549514e+04 1.440519e+00 1.107062e-04 3.437759e-04 1.815142e-09 6.594203e-02 
35             2.154620e+04 1.522152e+00 1.737502e-04 2.533150e-04 1.580885e-09 5.701936e-02 
36             2.143338e+04 1.493152e+00 1.729860e-04 2.544688e-04 1.578598e-09 5.786043e-02 
37             2.130799e+04 1.488877e+00 1.730791e-04 2.540827e-04 1.570075e-09 5.752381e-02 
38             2.174328e+04 1.503890e+00 1.728184e-04 2.544079e-04 1.651079e-09 5.612426e-02 
39             3.252603e+04 1.447767e+00 1.099609e-04 3.438931e-04 1.758075e-09 1.055534e-01 
40             3.212783e+04 1.447728e+00 1.101141e-04 3.440801e-04 1.649325e-09 9.681672e-02 
41             2.156086e+04 1.522287e+00 1.737002e-04 2.532500e-04 1.591238e-09 5.664665e-02 
42             2.806215e+04 1.441170e+00 1.099431e-04 3.435715e-04 1.657896e-09 8.041439e-02 
43             3.102529e+04 1.447553e+00 1.096398e-04 3.447799e-04 1.824104e-09 9.403042e-02 
44             2.167208e+04 1.503139e+00 1.728424e-04 2.544640e-04 1.645438e-09 5.674889e-02 
45             3.611980e+04 1.435088e+00 1.104258e-04 3.441814e-04 1.265537e-09 1.818226e-01 
46             2.746468e+04 1.444207e+00 1.103399e-04 3.439696e-04 1.779985e-09 7.485219e-02 
47             2.879400e+04 1.438323e+00 1.098684e-04 3.437978e-04 1.579370e-09 8.157249e-02 
48             2.551111e+04 1.297280e+00 9.462682e-05 2.774421e-04 1.754123e-09 7.327769e-02 
49             2.271783e+04 1.325443e+00 9.364125e-05 2.768518e-04 1.720853e-09 5.893659e-02 
50             2.155906e+04 1.519690e+00 1.736690e-04 2.535920e-04 1.575369e-09 5.619381e-02 
51             2.149059e+04 1.496780e+00 1.730235e-04 2.542551e-04 1.611885e-09 5.761915e-02 
52             2.826746e+04 1.440753e+00 1.097338e-04 3.437050e-04 1.644514e-09 7.821189e-02 
53             3.019302e+04 1.443854e+00 1.101102e-04 3.445868e-04 1.975854e-09 8.959147e-02 
54             2.945216e+04 1.435363e+00 1.094374e-04 3.440554e-04 1.602843e-09 8.546056e-02 
55             2.067962e+04 1.328737e+00 9.424023e-05 2.774290e-04 1.766652e-09 5.675177e-02 
56             2.481657e+04 1.305930e+00 9.422450e-05 2.773933e-04 1.706337e-09 6.851010e-02 
57             2.172112e+04 1.497348e+00 1.728975e-04 2.540889e-04 1.655457e-09 5.739285e-02 
58             2.729304e+04 1.442571e+00 1.101260e-04 3.438695e-04 1.603544e-09 7.515397e-02 
59             2.476975e+04 1.446602e+00 1.108604e-04 3.437284e-04 1.707975e-09 6.527394e-02 
60             3.062834e+04 1.448732e+00 1.096063e-04 3.448659e-04 1.665647e-09 9.014310e-02 
61             2.788442e+04 1.441349e+00 1.103611e-04 3.437348e-04 1.725801e-09 7.632336e-02 
62             2.948329e+04 1.436618e+00 1.095197e-04 3.439635e-04 1.627867e-09 8.467230e-02 
63             3.184517e+04 1.444729e+00 1.100859e-04 3.445106e-04 1.654600e-09 9.559320e-02 
64             2.118903e+04 1.331689e+00 9.397517e-05 2.769229e-04 1.719124e-09 5.608176e-02 
65             2.313083e+04 1.320809e+00 9.375003e-05 2.768031e-04 1.702948e-09 6.097451e-02 
66             3.620418e+04 1.440774e+00 1.114911e-04 3.442299e-04 1.311235e-09 2.192723e-01 
67             2.157980e+04 1.513994e+00 1.736878e-04 2.536481e-04 1.612009e-09 5.673815e-02 
68             2.138951e+04 1.495324e+00 1.730601e-04 2.543958e-04 1.572330e-09 5.735436e-02 
69             3.496223e+04 1.436480e+00 1.104941e-04 3.443191e-04 1.484932e-09 1.277943e-01 
70             3.610110e+04 1.431896e+00 1.105977e-04 3.444797e-04 1.599630e-09 1.757803e-01 
71             3.430432e+04 1.439059e+00 1.098440e-04 3.435119e-04 1.407222e-09 1.203643e-01 
72             2.686275e+04 1.441324e+00 1.105122e-04 3.437970e-04 1.786210e-09 7.397402e-02 
73             3.576807e+04 1.431216e+00 1.105931e-04 3.445863e-04 1.667029e-09 1.679964e-01 
74             2.334001e+04 1.320135e+00 9.374600e-05 2.768139e-04 1.726323e-09 6.245283e-02 
75             2.937296e+04 1.436223e+00 1.092928e-04 3.441767e-04 1.613146e-09 8.364671e-02 
76             2.168390e+04 1.494948e+00 1.731118e-04 2.542592e-04 1.597870e-09 5.724547e-02 
77             2.063682e+04 1.329360e+00 9.425261e-05 2.775097e-04 1.727090e-09 5.571650e-02 
78             2.609623e+04 1.439409e+00 1.107023e-04 3.432693e-04 1.785262e-09 7.045122e-02 
79             2.131548e+04 1.490083e+00 1.731945e-04 2.542422e-04 1.632242e-09 5.837957e-02 
80             2.172333e+04 1.511142e+00 1.733402e-04 2.535152e-04 1.617612e-09 5.748617e-02 
81             3.151759e+04 1.447283e+00 1.097369e-04 3.450540e-04 1.874896e-09 9.442086e-02 
82             2.160758e+04 1.519224e+00 1.737644e-04 2.532279e-04 1.560367e-09 5.698541e-02 
83             3.311390e+04 1.446618e+00 1.100393e-04 3.434054e-04 1.590121e-09 1.072311e-01 
84             2.397817e+04 1.315403e+00 9.386208e-05 2.770270e-04 1.757219e-09 6.351567e-02 
85             2.158408e+04 1.519010e+00 1.738259e-04 2.532474e-04 1.588413e-09 5.705637e-02 
86             3.606183e+04 1.435330e+00 1.105931e-04 3.442412e-04 1.463158e-09 1.852014e-01 
87             2.141894e+04 1.495174e+00 1.729817e-04 2.543983e-04 1.620221e-09 5.749726e-02 
88             3.581558e+04 1.431997e+00 1.105099e-04 3.445104e-04 1.881977e-09 1.694214e-01 
89             2.942226e+04 1.436901e+00 1.093291e-04 3.442630e-04 1.609375e-09 8.443094e-02 
90             2.156607e+04 1.518852e+00 1.737134e-04 2.534411e-04 1.614712e-09 5.643511e-02 
91             3.393658e+04 1.446776e+00 1.096787e-04 3.438493e-04 1.538791e-09 1.109605e-01 
92             2.163935e+04 1.520258e+00 1.737091e-04 2.533216e-04 1.635995e-09 5.679492e-02 
93             2.482083e+04 1.444538e+00 1.108878e-04 3.436790e-04 1.719337e-09 6.505886e-02 
94             2.517769e+04 1.302195e+00 9.480781e-05 2.775895e-04 1.732815e-09 6.708900e-02 
95             2.156607e+04 1.518852e+00 1.737134e-04 2.534411e-04 1.614712e-09 5.643511e-02 
96             2.170049e+04 1.502877e+00 1.726320e-04 2.544377e-04 1.593068e-09 5.664946e-02 
97             2.149059e+04 1.496780e+00 1.730235e-04 2.542551e-04 1.611885e-09 5.761915e-02 
98             2.820102e+04 1.440860e+00 1.099059e-04 3.437616e-04 1.550836e-09 7.877355e-02 
99             2.166036e+04 1.511395e+00 1.736974e-04 2.535478e-04 1.586971e-09 5.660923e-02 
100            2.166673e+04 1.512339e+00 1.735985e-04 2.536201e-04 1.608266e-09 5.599249e-02 
101            2.166036e+04 1.511395e+00 1.736974e-04 2.535478e-04 1.586971e-09 5.660923e-02 
102            2.154589e+04 1.514871e+00 1.737095e-04 2.533536e-04 1.606837e-09 5.569793e-02 
103            2.170049e+04 1.502877e+00 1.726320e-04 2.544377e-04 1.593068e-09 5.664946e-02 
104            2.269215e+04 1.326809e+00 9.347813e-05 2.768718e-04 1.793292e-09 5.916897e-02 
105            2.101815e+04 1.477979e+00 1.737696e-04 2.535564e-04 1.574970e-09 5.869336e-02 
106            3.591880e+04 1.433892e+00 1.105965e-04 3.444715e-04 1.578214e-09 1.722532e-01 
107            3.137156e+04 1.446216e+00 1.097264e-04 3.450530e-04 1.657479e-09 9.461216e-02 
108            2.521975e+04 1.443976e+00 1.108334e-04 3.436117e-04 1.730746e-09 6.412495e-02 
109            2.879400e+04 1.438323e+00 1.098684e-04 3.437978e-04 1.579370e-09 8.157249e-02 
110            2.525403e+04 1.442158e+00 1.107311e-04 3.436672e-04 1.666125e-09 6.518745e-02 
111            2.170665e+04 1.510821e+00 1.734196e-04 2.534616e-04 1.574247e-09 5.738575e-02 
112            2.155165e+04 1.513168e+00 1.736745e-04 2.534688e-04 1.634015e-09 5.574913e-02 
113            2.167339e+04 1.496729e+00 1.730848e-04 2.541511e-04 1.564093e-09 5.815149e-02 
114            2.788670e+04 1.441245e+00 1.103291e-04 3.437507e-04 1.809966e-09 7.568771e-02 
115            2.093581e+04 1.329075e+00 9.410002e-05 2.773143e-04 1.754410e-09 5.662839e-02 
116            2.153614e+04 1.326916e+00 9.436282e-05 2.767325e-04 1.677229e-09 5.645232e-02 
117            2.517907e+04 1.301886e+00 9.476450e-05 2.775467e-04 1.753649e-09 6.713564e-02 
118            3.608160e+04 1.434879e+00 1.106503e-04 3.438172e-04 1.792042e-09 1.901922e-01 
119            3.182229e+04 1.445834e+00 1.100796e-04 3.446106e-04 1.694914e-09 9.535988e-02 
120            2.161894e+04 1.518453e+00 1.737047e-04 2.534914e-04 1.587469e-09 5.766883e-02 
121            2.315365e+04 1.320618e+00 9.375206e-05 2.767796e-04 1.701600e-09 6.024025e-02 
122            2.546292e+04 1.440669e+00 1.107080e-04 3.438057e-04 1.714964e-09 6.566935e-02 
123            2.122940e+04 1.485728e+00 1.733438e-04 2.541805e-04 1.604452e-09 5.757415e-02 
124            2.145255e+04 1.493888e+00 1.730122e-04 2.542435e-04 1.611612e-09 5.852345e-02 
125            3.064138e+04 1.447460e+00 1.096457e-04 3.448412e-04 1.504471e-09 8.951887e-02 
126            3.290664e+04 1.444915e+00 1.095730e-04 3.436415e-04 1.766818e-09 1.074569e-01 
127            2.970070e+04 1.437801e+00 1.100043e-04 3.444087e-04 1.631403e-09 8.428060e-02 
128            2.157980e+04 1.513994e+00 1.736878e-04 2.536481e-04 1.612009e-09 5.673815e-02 
129            2.156495e+04 1.518803e+00 1.737250e-04 2.534658e-04 1.665507e-09 5.650135e-02 
130            2.148328e+04 1.326500e+00 9.423306e-05 2.768756e-04 1.745103e-09 5.780069e-02 
131            2.155710e+04 1.504486e+00 1.730280e-04 2.543471e-04 1.578940e-09 5.602473e-02 
132            2.591644e+04 1.440920e+00 1.107419e-04 3.435042e-04 1.743275e-09 7.118478e-02 
133            2.079036e+04 1.331624e+00 9.411334e-05 2.767998e-04 1.740437e-09 5.785415e-02 
134            2.481028e+04 1.305439e+00 9.415947e-05 2.772739e-04 1.780747e-09 6.732981e-02 
135            2.169789e+04 1.503282e+00 1.728088e-04 2.544196e-04 1.597455e-09 5.558584e-02 
136            2.169428e+04 1.503384e+00 1.728525e-04 2.543888e-04 1.584418e-09 5.672346e-02 
137            2.137478e+04 1.326880e+00 9.429587e-05 2.770743e-04 1.723782e-09 5.754062e-02 
138            2.078620e+04 1.332678e+00 9.419325e-05 2.770714e-04 1.749906e-09 5.755870e-02 
139            2.185792e+04 1.330362e+00 9.433758e-05 2.770830e-04 1.811881e-09 5.953564e-02 
140            2.219198e+04 1.331885e+00 9.390294e-05 2.774053e-04 1.712279e-09 5.842473e-02 
141            2.097784e+04 1.332674e+00 9.424365e-05 2.763671e-04 1.763813e-09 5.709211e-02 
142            2.150654e+04 1.519653e+00 1.737593e-04 2.534735e-04 1.598970e-09 5.694775e-02 
143            2.324917e+04 1.323080e+00 9.381140e-05 2.766963e-04 1.738812e-09 6.129254e-02 
144            2.158132e+04 1.521145e+00 1.736054e-04 2.535169e-04 1.648238e-09 5.721697e-02 
145            2.167690e+04 1.504875e+00 1.731931e-04 2.540946e-04 1.660801e-09 5.782484e-02 
146            2.656335e+04 1.438837e+00 1.105593e-04 3.433476e-04 1.709377e-09 7.086368e-02 
147            2.090828e+04 1.327173e+00 9.406483e-05 2.769636e-04 1.742143e-09 5.717681e-02 
148            2.267223e+04 1.327659e+00 9.347807e-05 2.768575e-04 1.734368e-09 5.861664e-02 
149            2.086078e+04 1.331144e+00 9.433113e-05 2.772326e-04 1.757838e-09 5.716915e-02 
150            2.252474e+04 1.327624e+00 9.366354e-05 2.769205e-04 1.743761e-09 5.808711e-02 
151            2.079247e+04 1.332288e+00 9.414814e-05 2.770992e-04 1.791482e-09 5.717556e-02 
152            2.092882e+04 1.326574e+00 9.403548e-05 2.769125e-04 1.730473e-09 5.747040e-02 
153            3.561652e+04 1.432428e+00 1.108069e-04 3.444971e-04 1.544715e-09 1.628854e-01 
154            2.085192e+04 1.330521e+00 9.443062e-05 2.764499e-04 1.720966e-09 5.631677e-02 
155            2.654314e+04 1.441791e+00 1.103442e-04 3.434460e-04 1.994851e-09 7.090365e-02 
156            2.154314e+04 1.513724e+00 1.736813e-04 2.534659e-04 1.613489e-09 5.572179e-02 
157            2.063682e+04 1.329360e+00 9.425261e-05 2.775097e-04 1.727090e-09 5.571650e-02 
158            3.305608e+04 1.446049e+00 1.100811e-04 3.434070e-04 1.594198e-09 1.078966e-01 
159            3.410622e+04 1.444291e+00 1.094428e-04 3.438167e-04 1.460141e-09 1.165416e-01 
160            2.251538e+04 1.328921e+00 9.362780e-05 2.768736e-04 1.723592e-09 5.791186e-02 
161            3.103951e+04 1.446796e+00 1.096414e-04 3.447593e-04 1.671187e-09 9.307774e-02 
162            2.587927e+04 1.441551e+00 1.107118e-04 3.435393e-04 1.860954e-09 7.041871e-02 
163            2.459560e+04 1.309425e+00 9.412050e-05 2.767873e-04 1.634122e-09 6.625264e-02 
164            2.145935e+04 1.327927e+00 9.421378e-05 2.767867e-04 1.715979e-09 5.746058e-02 
165            2.693881e+04 1.441537e+00 1.105388e-04 3.438582e-04 1.825590e-09 7.326722e-02 
166            2.373875e+04 1.315833e+00 9.377269e-05 2.768724e-04 1.749189e-09 6.301039e-02 
167            2.067969e+04 1.329886e+00 9.417491e-05 2.773563e-04 1.757892e-09 5.598388e-02 
168            2.241623e+04 1.327277e+00 9.368703e-05 2.772235e-04 1.747559e-09 5.910976e-02 
169            2.152642e+04 1.511716e+00 1.736603e-04 2.533032e-04 1.572376e-09 5.652579e-02 
170            2.694921e+04 1.442867e+00 1.103088e-04 3.436369e-04 1.733095e-09 7.196133e-02 
171            3.416215e+04 1.442330e+00 1.095114e-04 3.437136e-04 1.620813e-09 1.182971e-01 
172            2.118953e+04 1.333414e+00 9.390869e-05 2.765659e-04 1.775411e-09 5.706950e-02 
173            2.271145e+04 1.326811e+00 9.349200e-05 2.769048e-04 1.704576e-09 5.970748e-02 
174            2.324917e+04 1.323080e+00 9.381140e-05 2.766963e-04 1.738812e-09 6.129254e-02 
175            2.532145e+04 1.442416e+00 1.105593e-04 3.437279e-04 1.783309e-09 6.586366e-02 
176            2.108676e+04 1.332147e+00 9.405085e-05 2.762522e-04 1.828764e-09 5.719537e-02 
177            2.500708e+04 1.305161e+00 9.444932e-05 2.775659e-04 1.843928e-09 6.756743e-02 
178            2.163199e+04 1.518602e+00 1.737116e-04 2.534927e-04 1.546541e-09 5.710057e-02 
179            2.156495e+04 1.518803e+00 1.737250e-04 2.534658e-04 1.665507e-09 5.650135e-02 
180            3.564565e+04 1.433333e+00 1.106467e-04 3.444043e-04 1.810055e-09 1.663125e-01 
181            2.090940e+04 1.328714e+00 9.398147e-05 2.771750e-04 1.818077e-09 5.712194e-02 
182            2.532145e+04 1.442416e+00 1.105593e-04 3.437279e-04 1.783309e-09 6.586366e-02 
183            3.305051e+04 1.445762e+00 1.100447e-04 3.433063e-04 1.627651e-09 1.076978e-01 
184            2.463157e+04 1.446295e+00 1.105399e-04 3.436941e-04 1.823189e-09 6.430721e-02 
185            2.093581e+04 1.329075e+00 9.410002e-05 2.773143e-04 1.754410e-09 5.662839e-02 
186            2.158882e+04 1.517042e+00 1.737681e-04 2.535051e-04 1.634589e-09 5.615270e-02 
187            2.113962e+04 1.333474e+00 9.377694e-05 2.766880e-04 1.766718e-09 5.631383e-02 
188            3.031331e+04 1.444139e+00 1.100411e-04 3.445691e-04 1.823351e-09 9.056416e-02 
189            2.100863e+04 1.479236e+00 1.737614e-04 2.536498e-04 1.622586e-09 5.788935e-02 
190            2.333674e+04 1.320876e+00 9.378081e-05 2.768285e-04 1.785590e-09 6.166745e-02 
191            2.594232e+04 1.440219e+00 1.107344e-04 3.435180e-04 1.814113e-09 7.126126e-02 
192            2.172723e+04 1.502967e+00 1.727900e-04 2.544674e-04 1.596369e-09 5.603810e-02 
193            3.303036e+04 1.445490e+00 1.099891e-04 3.434815e-04 1.679988e-09 1.079539e-01 
194            3.014911e+04 1.443252e+00 1.100260e-04 3.445978e-04 1.845385e-09 8.858629e-02 
195            2.169408e+04 1.497284e+00 1.727793e-04 2.541872e-04 1.647393e-09 5.813532e-02 
196            2.171223e+04 1.501619e+00 1.726494e-04 2.544217e-04 1.644036e-09 5.657170e-02 
197            2.163213e+04 1.519012e+00 1.737925e-04 2.531169e-04 1.574071e-09 5.714810e-02 
198            2.143313e+04 1.493198e+00 1.730346e-04 2.544099e-04 1.591324e-09 5.756754e-02 
199            2.160865e+04 1.515822e+00 1.735551e-04 2.533140e-04 1.586275e-09 5.746774e-02 
200            2.142318e+04 1.328620e+00 9.427386e-05 2.770280e-04 1.735370e-09 5.700722e-02 
201            2.515138e+04 1.302135e+00 9.473775e-05 2.775774e-04 1.679319e-09 6.687835e-02 
202            2.066294e+04 1.329864e+00 9.421603e-05 2.776508e-04 1.740924e-09 5.588177e-02 
203            3.109893e+04 1.446535e+00 1.098400e-04 3.446070e-04 1.624131e-09 9.463894e-02 
204            2.313083e+04 1.320809e+00 9.375003e-05 2.768031e-04 1.702948e-09 6.097451e-02 
205            2.317525e+04 1.322326e+00 9.374330e-05 2.766846e-04 1.777572e-09 5.861997e-02 
206            2.517769e+04 1.302195e+00 9.480781e-05 2.775895e-04 1.732815e-09 6.708900e-02 
207            2.156086e+04 1.522287e+00 1.737002e-04 2.532500e-04 1.591238e-09 5.664665e-02 
208            2.179013e+04 1.508925e+00 1.733596e-04 2.537475e-04 1.607607e-09 5.854345e-02 
209            2.169268e+04 1.501301e+00 1.725776e-04 2.543749e-04 1.613092e-09 5.633671e-02 
210            2.169584e+04 1.501610e+00 1.724850e-04 2.543402e-04 1.657312e-09 5.693066e-02 
211            2.084024e+04 1.326144e+00 9.393717e-05 2.771933e-04 1.687010e-09 5.864955e-02 
212            2.179013e+04 1.508925e+00 1.733596e-04 2.537475e-04 1.607607e-09 5.854345e-02 
213            2.180406e+04 1.508379e+00 1.734582e-04 2.539190e-04 1.652843e-09 5.743565e-02 
214            2.171397e+04 1.505811e+00 1.732966e-04 2.538746e-04 1.593332e-09 5.652372e-02 
215            2.534004e+04 1.441221e+00 1.106022e-04 3.437012e-04 1.806133e-09 6.610626e-02 
216            2.525403e+04 1.442158e+00 1.107311e-04 3.436672e-04 1.666125e-09 6.518745e-02 
217            3.457248e+04 1.437169e+00 1.101302e-04 3.438726e-04 1.508064e-09 1.230938e-01 
218            2.108455e+04 1.332906e+00 9.408172e-05 2.762913e-04 1.789911e-09 5.739695e-02 
219            2.086043e+04 1.330136e+00 9.434902e-05 2.767682e-04 1.696222e-09 5.825106e-02 
220            3.254857e+04 1.447360e+00 1.099492e-04 3.438754e-04 1.669562e-09 1.059632e-01 
221            3.209962e+04 1.446591e+00 1.100522e-04 3.441814e-04 1.591922e-09 9.616300e-02 
222            3.218007e+04 1.448586e+00 1.101473e-04 3.442318e-04 1.668535e-09 9.629714e-02 
223            2.085099e+04 1.333242e+00 9.414334e-05 2.763028e-04 1.773547e-09 5.610960e-02 
224            2.538267e+04 1.299226e+00 9.487192e-05 2.773758e-04 1.721058e-09 7.134220e-02 
225            2.164805e+04 1.498084e+00 1.726989e-04 2.541021e-04 1.569820e-09 5.859859e-02 
226            2.845102e+04 1.442259e+00 1.097410e-04 3.434731e-04 1.625865e-09 7.882735e-02 
227            2.135139e+04 1.327244e+00 9.421189e-05 2.771312e-04 1.744993e-09 5.655074e-02 
228            2.419790e+04 1.314364e+00 9.392568e-05 2.771471e-04 1.725121e-09 6.604287e-02 
229            2.090964e+04 1.475718e+00 1.735864e-04 2.532170e-04 1.591489e-09 5.829000e-02 
230            3.604205e+04 1.433213e+00 1.105960e-04 3.444535e-04 1.444583e-09 1.762781e-01 
231            3.301538e+04 1.445526e+00 1.098367e-04 3.434674e-04 1.603531e-09 1.082171e-01 
232            2.100072e+04 1.477558e+00 1.737808e-04 2.535190e-04 1.618416e-09 5.806932e-02 
233            2.792197e+04 1.443842e+00 1.102753e-04 3.436365e-04 1.757733e-09 7.814344e-02 
234            2.437313e+04 1.309662e+00 9.380706e-05 2.768324e-04 1.763562e-09 6.613354e-02 
235            2.526970e+04 1.298590e+00 9.476918e-05 2.774867e-04 1.795366e-09 6.871034e-02 
236            2.222651e+04 1.333360e+00 9.399489e-05 2.773919e-04 1.735706e-09 5.846696e-02 
237            2.118871e+04 1.332568e+00 9.397104e-05 2.768317e-04 1.775449e-09 5.693355e-02 
238            2.164067e+04 1.521530e+00 1.736115e-04 2.535008e-04 1.547061e-09 5.754557e-02 
239            2.116183e+04 1.331422e+00 9.394499e-05 2.770561e-04 1.739955e-09 5.642002e-02 
240            2.119528e+04 1.484864e+00 1.733312e-04 2.541953e-04 1.596315e-09 5.838140e-02 
241            3.338971e+04 1.444943e+00 1.101796e-04 3.434146e-04 1.658595e-09 1.095138e-01 
242            2.166366e+04 1.496075e+00 1.730634e-04 2.541922e-04 1.620287e-09 5.729064e-02 
243            2.149059e+04 1.496780e+00 1.730235e-04 2.542551e-04 1.611885e-09 5.761915e-02 
244            2.115043e+04 1.482816e+00 1.735013e-04 2.538457e-04 1.576939e-09 5.873528e-02 
245            3.396930e+04 1.448236e+00 1.097457e-04 3.440061e-04 1.508345e-09 1.111102e-01 
246            2.822040e+04 1.440535e+00 1.098608e-04 3.436613e-04 1.618895e-09 7.930506e-02 
247            2.161893e+04 1.522647e+00 1.737694e-04 2.536480e-04 1.606663e-09 5.661260e-02 
248            2.135139e+04 1.327244e+00 9.421189e-05 2.771312e-04 1.744993e-09 5.655074e-02 
249            2.519950e+04 1.300193e+00 9.465870e-05 2.775462e-04 1.672608e-09 6.745367e-02 
250            2.111094e+04 1.482381e+00 1.736234e-04 2.537973e-04 1.630934e-09 5.754704e-02 
251            2.310763e+04 1.320383e+00 9.376539e-05 2.768369e-04 1.698333e-09 6.147418e-02 
252            3.338971e+04 1.444943e+00 1.101796e-04 3.434146e-04 1.658595e-09 1.095138e-01 
253            2.084437e+04 1.329816e+00 9.427728e-05 2.768111e-04 1.815986e-09 5.674717e-02 
254            2.066506e+04 1.329696e+00 9.414433e-05 2.774506e-04 1.722019e-09 5.641069e-02 
255            3.606055e+04 1.438614e+00 1.115662e-04 3.441796e-04 1.340744e-09 2.319809e-01 
256            3.582547e+04 1.432273e+00 1.105998e-04 3.445889e-04 1.531719e-09 1.706772e-01 
257            2.822040e+04 1.440535e+00 1.098608e-04 3.436613e-04 1.618895e-09 7.930506e-02 
258            2.169428e+04 1.503384e+00 1.728525e-04 2.543888e-04 1.584418e-09 5.672346e-02 
259            2.075522e+04 1.331347e+00 9.421226e-05 2.767760e-04 1.722991e-09 5.752147e-02 
260            2.155163e+04 1.515147e+00 1.735637e-04 2.533122e-04 1.638722e-09 5.705280e-02 
261            2.115315e+04 1.332573e+00 9.373442e-05 2.769219e-04 1.705672e-09 5.688497e-02 
262            2.788670e+04 1.441245e+00 1.103291e-04 3.437507e-04 1.809966e-09 7.568771e-02 
263            2.161147e+04 1.495558e+00 1.731419e-04 2.543182e-04 1.570137e-09 5.739841e-02 
264            2.090319e+04 1.326016e+00 9.393610e-05 2.771251e-04 1.796062e-09 5.653401e-02 
265            2.166673e+04 1.512339e+00 1.735985e-04 2.536201e-04 1.608266e-09 5.599249e-02 
266            2.169082e+04 1.497494e+00 1.727370e-04 2.541596e-04 1.669120e-09 5.633167e-02 
267            2.153614e+04 1.326916e+00 9.436282e-05 2.767325e-04 1.677229e-09 5.645232e-02 
268            2.154620e+04 1.522152e+00 1.737502e-04 2.533150e-04 1.580885e-09 5.701936e-02 
269            2.334001e+04 1.320135e+00 9.374600e-05 2.768139e-04 1.726323e-09 6.245283e-02 
270            2.925724e+04 1.435817e+00 1.094914e-04 3.438668e-04 1.770178e-09 8.267303e-02 
271            3.242466e+04 1.447781e+00 1.100958e-04 3.440127e-04 1.832742e-09 1.043830e-01 
272            2.152318e+04 1.326595e+00 9.442684e-05 2.766644e-04 1.805618e-09 5.635922e-02 
273            2.822040e+04 1.440535e+00 1.098608e-04 3.436613e-04 1.618895e-09 7.930506e-02 
274            2.145576e+04 1.327114e+00 9.420378e-05 2.767458e-04 1.788844e-09 5.711423e-02 
275            2.143338e+04 1.493152e+00 1.729860e-04 2.544688e-04 1.578598e-09 5.786043e-02 
276            2.122972e+04 1.484658e+00 1.732481e-04 2.541574e-04 1.564912e-09 5.848771e-02 
277            3.558329e+04 1.432548e+00 1.109524e-04 3.447097e-04 1.381751e-09 1.597405e-01 
278            3.301708e+04 1.445510e+00 1.098216e-04 3.434947e-04 1.559998e-09 1.080824e-01 
279            3.372180e+04 1.445351e+00 1.099165e-04 3.434139e-04 1.506335e-09 1.097890e-01 
280            2.083571e+04 1.330697e+00 9.431856e-05 2.772374e-04 1.742687e-09 5.650576e-02 
281            2.093773e+04 1.325622e+00 9.404159e-05 2.769622e-04 1.784476e-09 5.698046e-02 
282            2.148602e+04 1.514752e+00 1.737852e-04 2.537145e-04 1.625141e-09 5.580086e-02 
283            2.462085e+04 1.309573e+00 9.416767e-05 2.767728e-04 1.808591e-09 6.499233e-02 
284            2.137478e+04 1.326880e+00 9.429587e-05 2.770743e-04 1.723782e-09 5.754062e-02 
285            2.335036e+04 1.320972e+00 9.376380e-05 2.768739e-04 1.764874e-09 6.121743e-02 
286            3.558009e+04 1.433985e+00 1.109199e-04 3.447986e-04 1.420127e-09 1.592169e-01 
287            2.086429e+04 1.329825e+00 9.436620e-05 2.767911e-04 1.740519e-09 5.907220e-02 
288            3.611374e+04 1.437145e+00 1.106829e-04 3.439204e-04 1.636086e-09 1.951703e-01 
289            2.382886e+04 1.315258e+00 9.388970e-05 2.769410e-04 1.748751e-09 6.362765e-02 
290            2.155366e+04 1.519641e+00 1.736659e-04 2.536284e-04 1.616022e-09 5.658852e-02 
291            2.110866e+04 1.479665e+00 1.738582e-04 2.536550e-04 1.524987e-09 5.915445e-02 
292            2.116253e+04 1.333936e+00 9.399857e-05 2.763005e-04 1.797453e-09 5.773441e-02 
293            2.161893e+04 1.522647e+00 1.737694e-04 2.536480e-04 1.606663e-09 5.661260e-02 
294            2.164063e+04 1.521927e+00 1.736581e-04 2.534908e-04 1.617483e-09 5.635897e-02 
295            2.076038e+04 1.332807e+00 9.421936e-05 2.771100e-04 1.762668e-09 5.765205e-02 
296            2.495544e+04 1.306885e+00 9.417593e-05 2.773937e-04 1.811152e-09 6.813966e-02 
297            2.157195e+04 1.514156e+00 1.737442e-04 2.534370e-04 1.616164e-09 5.679860e-02 
298            2.095225e+04 1.331092e+00 9.401937e-05 2.770748e-04 1.744330e-09 5.644899e-02 
299            2.085893e+04 1.333127e+00 9.403247e-05 2.763332e-04 1.781261e-09 5.642179e-02 
300            2.110752e+04 1.332807e+00 9.412331e-05 2.763000e-04 1.801322e-09 5.763950e-02 
301            2.156128e+04 1.517454e+00 1.737734e-04 2.534119e-04 1.584447e-09 5.658056e-02 
302            2.164011e+04 1.506495e+00 1.730008e-04 2.542323e-04 1.600118e-09 5.838192e-02 
303            3.416536e+04 1.442988e+00 1.094245e-04 3.437755e-04 1.492961e-09 1.181058e-01 
304            2.578289e+04 1.440476e+00 1.106563e-04 3.437976e-04 1.823241e-09 6.786970e-02 
305            2.610943e+04 1.439033e+00 1.107257e-04 3.432950e-04 1.698901e-09 7.032655e-02 
306            2.076361e+04 1.326651e+00 9.411345e-05 2.773512e-04 1.703489e-09 5.650276e-02 
307            2.152554e+04 1.514312e+00 1.737426e-04 2.535534e-04 1.660743e-09 5.709428e-02 
308            2.636448e+04 1.438725e+00 1.104996e-04 3.431019e-04 1.644950e-09 6.982990e-02 
309            2.763983e+04 1.444304e+00 1.103287e-04 3.439345e-04 1.805550e-09 7.534069e-02 
310            2.146976e+04 1.507097e+00 1.729149e-04 2.543410e-04 1.604742e-09 5.693734e-02 
311            2.162569e+04 1.522982e+00 1.738131e-04 2.535809e-04 1.582628e-09 5.616048e-02 
312            3.425159e+04 1.439315e+00 1.097422e-04 3.436218e-04 1.382481e-09 1.195735e-01 
313            3.596500e+04 1.431774e+00 1.106545e-04 3.443910e-04 1.646891e-09 1.729091e-01 
314            2.084888e+04 1.329973e+00 9.434085e-05 2.767298e-04 1.774687e-09 5.832039e-02 
315            2.077381e+04 1.331589e+00 9.417246e-05 2.769457e-04 1.741947e-09 5.723690e-02 
316            2.241623e+04 1.327277e+00 9.368703e-05 2.772235e-04 1.747559e-09 5.910976e-02 
317            2.086078e+04 1.331144e+00 9.433113e-05 2.772326e-04 1.757838e-09 5.716915e-02 
318            2.263346e+04 1.327854e+00 9.349710e-05 2.767417e-04 1.722805e-09 5.922914e-02 
319            2.166388e+04 1.521040e+00 1.736342e-04 2.534475e-04 1.617241e-09 5.664243e-02 
320            2.179013e+04 1.508925e+00 1.733596e-04 2.537475e-04 1.607607e-09 5.854345e-02 
321            2.197788e+04 1.330123e+00 9.383307e-05 2.773297e-04 1.716156e-09 5.660457e-02 
322            2.140469e+04 1.492052e+00 1.731332e-04 2.543619e-04 1.601186e-09 5.770092e-02 
323            2.909428e+04 1.436233e+00 1.097223e-04 3.437698e-04 1.671818e-09 8.190930e-02 
324            2.736759e+04 1.443602e+00 1.101918e-04 3.437571e-04 1.714388e-09 7.525043e-02 
325            2.160679e+04 1.522794e+00 1.738139e-04 2.535568e-04 1.588100e-09 5.565018e-02 
326            2.467069e+04 1.307115e+00 9.422514e-05 2.771448e-04 1.690698e-09 6.618227e-02 
327            2.090828e+04 1.327173e+00 9.406483e-05 2.769636e-04 1.742143e-09 5.717681e-02 
328            2.086078e+04 1.331144e+00 9.433113e-05 2.772326e-04 1.757838e-09 5.716915e-02 
329            2.067969e+04 1.329886e+00 9.417491e-05 2.773563e-04 1.757892e-09 5.598388e-02 
330            2.118617e+04 1.331255e+00 9.400048e-05 2.771122e-04 1.763547e-09 5.577203e-02 
331            2.237788e+04 1.328600e+00 9.372667e-05 2.770892e-04 1.709204e-09 6.051718e-02 
332            3.312378e+04 1.445684e+00 1.099611e-04 3.432339e-04 1.602656e-09 1.090932e-01 
333            2.615195e+04 1.438370e+00 1.106720e-04 3.432025e-04 1.751531e-09 7.071221e-02 
334            2.131548e+04 1.490083e+00 1.731945e-04 2.542422e-04 1.632242e-09 5.837957e-02 
335            2.157780e+04 1.515289e+00 1.736796e-04 2.535405e-04 1.580686e-09 5.691129e-02 
336            2.149904e+04 1.521157e+00 1.736975e-04 2.535487e-04 1.585694e-09 5.650446e-02 
337            2.137243e+04 1.328035e+00 9.424514e-05 2.770815e-04 1.747713e-09 5.724301e-02 
338            2.821388e+04 1.440537e+00 1.098364e-04 3.436846e-04 1.852057e-09 7.977399e-02 
339            2.125663e+04 1.486374e+00 1.733037e-04 2.541940e-04 1.558402e-09 5.780586e-02 
340            2.152834e+04 1.515242e+00 1.737572e-04 2.537238e-04 1.552843e-09 5.715589e-02 
341            2.151478e+04 1.326565e+00 9.428945e-05 2.767038e-04 1.800084e-09 5.713796e-02 
342            3.094234e+04 1.446488e+00 1.095969e-04 3.448408e-04 1.573047e-09 9.186815e-02 
343            2.260786e+04 1.328219e+00 9.360360e-05 2.767491e-04 1.716928e-09 5.882824e-02 
344            3.611354e+04 1.434294e+00 1.105124e-04 3.441359e-04 1.701109e-09 1.816628e-01 
345            2.092789e+04 1.325852e+00 9.410742e-05 2.769293e-04 1.725905e-09 5.654278e-02 
346            3.492702e+04 1.436004e+00 1.105484e-04 3.444565e-04 1.420797e-09 1.302289e-01 
347            2.085191e+04 1.329240e+00 9.433472e-05 2.767782e-04 1.759191e-09 5.776536e-02 
348            2.075186e+04 1.327267e+00 9.409009e-05 2.772809e-04 1.762453e-09 5.676516e-02 
349            2.084437e+04 1.329816e+00 9.427728e-05 2.768111e-04 1.815986e-09 5.674717e-02 
350            2.162783e+04 1.517322e+00 1.737544e-04 2.534196e-04 1.619438e-09 5.678373e-02 
351            2.286295e+04 1.325940e+00 9.370034e-05 2.769004e-04 1.841603e-09 5.764069e-02 
352            2.149904e+04 1.521157e+00 1.736975e-04 2.535487e-04 1.585694e-09 5.650446e-02 
353            3.160124e+04 1.447986e+00 1.098648e-04 3.447357e-04 1.771766e-09 9.624380e-02 
354            2.382886e+04 1.315258e+00 9.388970e-05 2.769410e-04 1.748751e-09 6.362765e-02 
355            2.169789e+04 1.503282e+00 1.728088e-04 2.544196e-04 1.597455e-09 5.558584e-02 
356            2.178832e+04 1.510215e+00 1.734110e-04 2.537111e-04 1.672686e-09 5.716417e-02 
357            2.069859e+04 1.327742e+00 9.413581e-05 2.772466e-04 1.778937e-09 5.628811e-02 
358            2.115043e+04 1.482816e+00 1.735013e-04 2.538457e-04 1.576939e-09 5.873528e-02 
359            2.169428e+04 1.503384e+00 1.728525e-04 2.543888e-04 1.584418e-09 5.672346e-02 
360            2.152406e+04 1.517830e+00 1.736299e-04 2.533767e-04 1.564782e-09 5.634522e-02 
361            2.171223e+04 1.501619e+00 1.726494e-04 2.544217e-04 1.644036e-09 5.657170e-02 
362            2.176571e+04 1.510354e+00 1.734331e-04 2.535801e-04 1.557327e-09 5.734424e-02 
363            2.081253e+04 1.326836e+00 9.397800e-05 2.771642e-04 1.785081e-09 5.811541e-02 
364            2.638143e+04 1.438445e+00 1.105174e-04 3.431145e-04 1.840843e-09 7.036158e-02 
365            2.196386e+04 1.330223e+00 9.391496e-05 2.772317e-04 1.778140e-09 5.741124e-02 
366            2.161093e+04 1.497579e+00 1.726624e-04 2.542158e-04 1.563220e-09 5.694867e-02 
367            2.090964e+04 1.475718e+00 1.735864e-04 2.532170e-04 1.591489e-09 5.829000e-02 
368            2.699292e+04 1.444052e+00 1.102420e-04 3.436074e-04 1.732135e-09 7.361220e-02 
369            2.169491e+04 1.510930e+00 1.734017e-04 2.535091e-04 1.583609e-09 5.717647e-02 
370            2.158993e+04 1.511005e+00 1.738218e-04 2.533841e-04 1.645099e-09 5.709791e-02 
371            3.219092e+04 1.449328e+00 1.101300e-04 3.441436e-04 1.698852e-09 9.847029e-02 
372            2.505098e+04 1.442879e+00 1.108304e-04 3.433330e-04 1.787504e-09 6.460149e-02 
373            2.156542e+04 1.522414e+00 1.737579e-04 2.533304e-04 1.669894e-09 5.633539e-02 
374            2.128782e+04 1.490261e+00 1.731875e-04 2.542660e-04 1.588296e-09 5.819687e-02 
375            2.177520e+04 1.330876e+00 9.436720e-05 2.768930e-04 1.717483e-09 5.882657e-02 
376            2.159054e+04 1.514861e+00 1.738070e-04 2.534358e-04 1.621009e-09 5.694447e-02 
377            2.161750e+04 1.507460e+00 1.729044e-04 2.542922e-04 1.607973e-09 5.870163e-02 
378            2.160093e+04 1.518850e+00 1.737070e-04 2.534974e-04 1.653871e-09 5.800623e-02 
379            3.306142e+04 1.445778e+00 1.101057e-04 3.434366e-04 1.603748e-09 1.085991e-01 
380            2.615195e+04 1.438370e+00 1.106720e-04 3.432025e-04 1.751531e-09 7.071221e-02 
381            2.519923e+04 1.299541e+00 9.469396e-05 2.775926e-04 1.796854e-09 6.755893e-02 
382            2.160506e+04 1.511139e+00 1.737789e-04 2.534961e-04 1.652473e-09 5.807955e-02 
383            2.104398e+04 1.332930e+00 9.413543e-05 2.764835e-04 1.813269e-09 5.686672e-02 
384            2.513670e+04 1.443452e+00 1.108875e-04 3.434753e-04 1.768532e-09 6.293273e-02 
385            2.143338e+04 1.493152e+00 1.729860e-04 2.544688e-04 1.578598e-09 5.786043e-02 
386            2.095140e+04 1.326633e+00 9.398193e-05 2.771828e-04 1.671663e-09 5.771708e-02 
387            2.172677e+04 1.503957e+00 1.728822e-04 2.544096e-04 1.554054e-09 5.681764e-02 
388            2.847768e+04 1.441463e+00 1.097922e-04 3.435614e-04 1.667103e-09 7.799857e-02 
389            3.545575e+04 1.433176e+00 1.108554e-04 3.448210e-04 1.413269e-09 1.507137e-01 
390            2.162427e+04 1.522326e+00 1.736718e-04 2.534464e-04 1.628122e-09 5.627307e-02 
391            2.114638e+04 1.481663e+00 1.735443e-04 2.537725e-04 1.514721e-09 5.838271e-02 
392            2.156632e+04 1.495772e+00 1.732160e-04 2.542266e-04 1.619392e-09 5.773108e-02 
393            2.582731e+04 1.440766e+00 1.107928e-04 3.437555e-04 1.917800e-09 6.819882e-02 
394            2.162783e+04 1.517322e+00 1.737544e-04 2.534196e-04 1.619438e-09 5.678373e-02 
395            3.319261e+04 1.444801e+00 1.099872e-04 3.434087e-04 1.649031e-09 1.096886e-01 
396            2.199063e+04 1.330419e+00 9.384402e-05 2.772205e-04 1.738857e-09 5.670524e-02 
397            2.105688e+04 1.329812e+00 9.408018e-05 2.770137e-04 1.835928e-09 5.822369e-02 
398            2.085104e+04 1.330036e+00 9.434635e-05 2.767703e-04 1.791980e-09 5.892854e-02 
399            3.153115e+04 1.447825e+00 1.097688e-04 3.449314e-04 1.825922e-09 9.434804e-02 
400            2.090964e+04 1.475718e+00 1.735864e-04 2.532170e-04 1.591489e-09 5.829000e-02 
401            3.017700e+04 1.443868e+00 1.100685e-04 3.445706e-04 1.652662e-09 8.931394e-02 
402            2.203146e+04 1.331539e+00 9.373146e-05 2.771642e-04 1.736055e-09 5.984519e-02 
403            2.281373e+04 1.325354e+00 9.366620e-05 2.767490e-04 1.756841e-09 5.882602e-02 
404            2.179051e+04 1.331079e+00 9.436109e-05 2.769542e-04 1.772563e-09 5.961672e-02 
405            2.431744e+04 1.310655e+00 9.354153e-05 2.770815e-04 1.751317e-09 6.651360e-02 
406            2.961563e+04 1.437095e+00 1.099184e-04 3.443277e-04 1.731543e-09 8.498648e-02 
407            2.148602e+04 1.514752e+00 1.737852e-04 2.537145e-04 1.625141e-09 5.580086e-02 
408            2.476975e+04 1.446602e+00 1.108604e-04 3.437284e-04 1.707975e-09 6.527394e-02 
409            2.166717e+04 1.520382e+00 1.737727e-04 2.532680e-04 1.584508e-09 5.751972e-02 
410            3.306650e+04 1.445133e+00 1.100129e-04 3.434113e-04 1.654997e-09 1.071773e-01 
411            2.128782e+04 1.490261e+00 1.731875e-04 2.542660e-04 1.588296e-09 5.819687e-02 
412            2.317230e+04 1.320119e+00 9.375042e-05 2.768075e-04 1.793528e-09 6.065396e-02 
413            2.171444e+04 1.506033e+00 1.732635e-04 2.539378e-04 1.552384e-09 5.644646e-02 
414            2.795962e+04 1.444038e+00 1.101530e-04 3.433527e-04 1.750177e-09 7.999436e-02 
415            2.157195e+04 1.514156e+00 1.737442e-04 2.534370e-04 1.616164e-09 5.679860e-02 
416            2.173495e+04 1.503536e+00 1.727518e-04 2.544526e-04 1.646520e-09 5.609373e-02 
417            2.450769e+04 1.308611e+00 9.419348e-05 2.768592e-04 1.602634e-09 6.720356e-02 
418            3.606055e+04 1.438614e+00 1.115662e-04 3.441796e-04 1.340744e-09 2.319809e-01 
419            3.606183e+04 1.435330e+00 1.105931e-04 3.442412e-04 1.463158e-09 1.852014e-01 
420            2.800971e+04 1.441925e+00 1.100040e-04 3.435472e-04 1.718341e-09 8.088949e-02 
421            2.902925e+04 1.436857e+00 1.098487e-04 3.437127e-04 1.751485e-09 8.171095e-02 
422            2.100747e+04 1.329065e+00 9.393939e-05 2.771466e-04 1.754319e-09 5.785584e-02 
423            2.546292e+04 1.440669e+00 1.107080e-04 3.438057e-04 1.714964e-09 6.566935e-02 
424            2.155644e+04 1.522017e+00 1.736718e-04 2.533252e-04 1.603409e-09 5.602878e-02 
425            2.165125e+04 1.498527e+00 1.727509e-04 2.541418e-04 1.634776e-09 5.669372e-02 
426            2.100094e+04 1.329618e+00 9.406181e-05 2.771350e-04 1.765401e-09 5.811574e-02 
427            2.705522e+04 1.444375e+00 1.102330e-04 3.437013e-04 1.596734e-09 7.230111e-02 
428            2.347196e+04 1.318799e+00 9.371287e-05 2.770193e-04 1.856472e-09 6.288356e-02 
429            3.236098e+04 1.447917e+00 1.100613e-04 3.439912e-04 1.620122e-09 1.034579e-01 
430            2.445223e+04 1.309477e+00 9.401688e-05 2.769898e-04 1.625168e-09 6.637120e-02 
431            2.174982e+04 1.507207e+00 1.734927e-04 2.538405e-04 1.617478e-09 5.701125e-02 
432            3.558009e+04 1.433985e+00 1.109199e-04 3.447986e-04 1.420127e-09 1.592169e-01 
433            2.485186e+04 1.306389e+00 9.423700e-05 2.773796e-04 1.692047e-09 6.868085e-02 
434            2.100863e+04 1.479236e+00 1.737614e-04 2.536498e-04 1.622586e-09 5.788935e-02 
435            2.143461e+04 1.491882e+00 1.731358e-04 2.544985e-04 1.530130e-09 5.773278e-02 
436            3.490955e+04 1.434944e+00 1.104787e-04 3.443926e-04 1.520687e-09 1.289313e-01 
437            3.405603e+04 1.446497e+00 1.095949e-04 3.439254e-04 1.665167e-09 1.147484e-01 
438            2.432353e+04 1.311148e+00 9.354635e-05 2.770769e-04 1.654677e-09 6.668879e-02 
439            2.948058e+04 1.436408e+00 1.094499e-04 3.439015e-04 1.745540e-09 8.512189e-02 
440            2.149364e+04 1.517420e+00 1.735946e-04 2.534640e-04 1.600746e-09 5.743455e-02 
441            2.127001e+04 1.329448e+00 9.393448e-05 2.770708e-04 1.783978e-09 5.689903e-02 
442            3.132402e+04 1.446292e+00 1.097488e-04 3.449740e-04 1.825827e-09 9.551150e-02 
443            2.091088e+04 1.475497e+00 1.735715e-04 2.532267e-04 1.597476e-09 5.820421e-02 
444            2.515138e+04 1.302135e+00 9.473775e-05 2.775774e-04 1.679319e-09 6.687835e-02 
445            2.179013e+04 1.508925e+00 1.733596e-04 2.537475e-04 1.607607e-09 5.854345e-02 
446            2.160216e+04 1.517387e+00 1.737699e-04 2.535257e-04 1.615670e-09 5.598142e-02 
447            2.158818e+04 1.514306e+00 1.737083e-04 2.536477e-04 1.637134e-09 5.648307e-02 
448            2.123613e+04 1.331139e+00 9.386546e-05 2.769422e-04 1.787457e-09 5.756912e-02 
449            2.154525e+04 1.522073e+00 1.738175e-04 2.534054e-04 1.619051e-09 5.691980e-02 
450            2.146976e+04 1.507097e+00 1.729149e-04 2.543410e-04 1.604742e-09 5.693734e-02 
451            2.170647e+04 1.510079e+00 1.733810e-04 2.535403e-04 1.654430e-09 5.742840e-02 
452            2.165090e+04 1.520921e+00 1.735995e-04 2.535451e-04 1.645243e-09 5.747983e-02 
453            2.155623e+04 1.504339e+00 1.731412e-04 2.543739e-04 1.555768e-09 5.735585e-02 
454            2.656335e+04 1.438837e+00 1.105593e-04 3.433476e-04 1.709377e-09 7.086368e-02 
455            2.538930e+04 1.441113e+00 1.107231e-04 3.438073e-04 1.904537e-09 6.628103e-02 
456            2.790677e+04 1.442055e+00 1.103791e-04 3.438485e-04 1.722040e-09 7.518886e-02 
457            3.149504e+04 1.448745e+00 1.097180e-04 3.451816e-04 1.802692e-09 9.524181e-02 
458            3.133970e+04 1.446576e+00 1.098132e-04 3.447751e-04 1.718867e-09 9.457894e-02 
459            2.160873e+04 1.506919e+00 1.730534e-04 2.542659e-04 1.551224e-09 5.728081e-02 
460            2.245974e+04 1.328488e+00 9.365959e-05 2.768824e-04 1.798220e-09 5.754011e-02 
461            2.382886e+04 1.315258e+00 9.388970e-05 2.769410e-04 1.748751e-09 6.362765e-02 
462            2.114504e+04 1.333076e+00 9.381567e-05 2.766484e-04 1.775741e-09 5.670446e-02 
463            2.115638e+04 1.482143e+00 1.735473e-04 2.537728e-04 1.652002e-09 5.800285e-02 
464            2.161105e+04 1.517391e+00 1.737098e-04 2.534781e-04 1.648760e-09 5.653240e-02 
465            2.093541e+04 1.328906e+00 9.402526e-05 2.771862e-04 1.816437e-09 5.667671e-02 
466            3.608217e+04 1.434493e+00 1.105227e-04 3.441439e-04 1.528008e-09 1.859708e-01 
467            2.157780e+04 1.515289e+00 1.736796e-04 2.535405e-04 1.580686e-09 5.691129e-02 
468            2.086011e+04 1.329794e+00 9.427276e-05 2.767241e-04 1.792676e-09 5.746418e-02 
469            3.002455e+04 1.441534e+00 1.102312e-04 3.445335e-04 1.686131e-09 8.652633e-02 
470            2.089768e+04 1.330293e+00 9.435634e-05 2.763907e-04 1.682160e-09 5.613534e-02 
471            2.100863e+04 1.479236e+00 1.737614e-04 2.536498e-04 1.622586e-09 5.788935e-02 
472            2.266427e+04 1.325473e+00 9.348724e-05 2.769054e-04 1.819307e-09 5.783941e-02 
473            2.476975e+04 1.446602e+00 1.108604e-04 3.437284e-04 1.707975e-09 6.527394e-02 
474            2.807855e+04 1.440202e+00 1.099381e-04 3.435914e-04 1.692053e-09 7.968481e-02 
475            2.582827e+04 1.440936e+00 1.107368e-04 3.437224e-04 1.738137e-09 6.757347e-02 
476            2.090005e+04 1.329389e+00 9.406107e-05 2.772454e-04 1.721741e-09 5.675615e-02 
477            2.222651e+04 1.333360e+00 9.399489e-05 2.773919e-04 1.735706e-09 5.846696e-02 
478            3.620184e+04 1.440470e+00 1.115750e-04 3.442475e-04 1.516474e-09 2.197691e-01 
479            2.110866e+04 1.479665e+00 1.738582e-04 2.536550e-04 1.524987e-09 5.915445e-02 
480            2.664082e+04 1.442295e+00 1.104225e-04 3.435043e-04 1.816514e-09 7.161054e-02 
481            2.170172e+04 1.506842e+00 1.733503e-04 2.538859e-04 1.601472e-09 5.688856e-02 
482            3.602118e+04 1.433912e+00 1.110960e-04 3.441479e-04 1.721912e-09 2.076679e-01 
483            2.115043e+04 1.482816e+00 1.735013e-04 2.538457e-04 1.576939e-09 5.873528e-02 
484            2.167208e+04 1.503139e+00 1.728424e-04 2.544640e-04 1.645438e-09 5.674889e-02 
485            2.138951e+04 1.495324e+00 1.730601e-04 2.543958e-04 1.572330e-09 5.735436e-02 
486            2.234211e+04 1.332907e+00 9.387407e-05 2.773730e-04 1.690769e-09 5.846988e-02 
487            2.958416e+04 1.436863e+00 1.099003e-04 3.442456e-04 1.576726e-09 8.564606e-02 
488            2.113962e+04 1.333474e+00 9.377694e-05 2.766880e-04 1.766718e-09 5.631383e-02 
489            3.372180e+04 1.445351e+00 1.099165e-04 3.434139e-04 1.506335e-09 1.097890e-01 
490            2.160216e+04 1.517387e+00 1.737699e-04 2.535257e-04 1.615670e-09 5.598142e-02 
491            2.125800e+04 1.483908e+00 1.733697e-04 2.539420e-04 1.662052e-09 5.871045e-02 
492            2.082432e+04 1.331072e+00 9.426731e-05 2.763840e-04 1.699751e-09 5.632353e-02 
493            2.185792e+04 1.330362e+00 9.433758e-05 2.770830e-04 1.811881e-09 5.953564e-02 
494            2.199063e+04 1.330419e+00 9.384402e-05 2.772205e-04 1.738857e-09 5.670524e-02 
495            2.149442e+04 1.515391e+00 1.737810e-04 2.535619e-04 1.619574e-09 5.666397e-02 
496            2.120404e+04 1.332825e+00 9.377258e-05 2.768872e-04 1.765923e-09 5.660905e-02 
497            2.201320e+04 1.331483e+00 9.370508e-05 2.770921e-04 1.715416e-09 5.938113e-02 
498            2.111787e+04 1.333016e+00 9.419313e-05 2.762867e-04 1.748010e-09 5.806430e-02 
499            2.166036e+04 1.511395e+00 1.736974e-04 2.535478e-04 1.586971e-09 5.660923e-02 
500            3.303112e+04 1.445096e+00 1.100792e-04 3.433465e-04 1.498222e-09 1.074569e-01 
501            3.014911e+04 1.443252e+00 1.100260e-04 3.445978e-04 1.845385e-09 8.858629e-02 
502            2.152834e+04 1.515242e+00 1.737572e-04 2.537238e-04 1.552843e-09 5.715589e-02 
503            2.170049e+04 1.502877e+00 1.726320e-04 2.544377e-04 1.593068e-09 5.664946e-02 
504            2.083571e+04 1.330697e+00 9.431856e-05 2.772374e-04 1.742687e-09 5.650576e-02 
505            2.297706e+04 1.326142e+00 9.366215e-05 2.769440e-04 1.770242e-09 5.849572e-02 
506            2.177520e+04 1.330876e+00 9.436720e-05 2.768930e-04 1.717483e-09 5.882657e-02 
507            2.754370e+04 1.445365e+00 1.102728e-04 3.439210e-04 1.769796e-09 7.437117e-02 
508            2.144827e+04 1.493898e+00 1.730578e-04 2.541590e-04 1.632954e-09 5.891763e-02 
509            3.301708e+04 1.445510e+00 1.098216e-04 3.434947e-04 1.559998e-09 1.080824e-01 
510            2.941868e+04 1.436901e+00 1.094767e-04 3.441007e-04 1.830803e-09 8.462408e-02 
511            2.151953e+04 1.508041e+00 1.729688e-04 2.544145e-04 1.618354e-09 5.758830e-02 
512            2.148328e+04 1.326500e+00 9.423306e-05 2.768756e-04 1.745103e-09 5.780069e-02 
513            2.169521e+04 1.497595e+00 1.727336e-04 2.541380e-04 1.652157e-09 5.770235e-02 
514            2.108455e+04 1.332906e+00 9.408172e-05 2.762913e-04 1.789911e-09 5.739695e-02 
515            2.164379e+04 1.521397e+00 1.735757e-04 2.534651e-04 1.611066e-09 5.675668e-02 
516            2.078274e+04 1.330879e+00 9.418455e-05 2.768592e-04 1.731724e-09 5.563310e-02 
517            3.167102e+04 1.446086e+00 1.098651e-04 3.446428e-04 1.696256e-09 9.601920e-02 
518            2.158950e+04 1.514856e+00 1.736421e-04 2.533052e-04 1.624251e-09 5.773609e-02 
519            2.153614e+04 1.326916e+00 9.436282e-05 2.767325e-04 1.677229e-09 5.645232e-02 
520            2.153865e+04 1.326889e+00 9.441428e-05 2.767061e-04 1.734081e-09 5.635270e-02 
521            2.066248e+04 1.329856e+00 9.426636e-05 2.777160e-04 1.722783e-09 5.643862e-02 
522            2.239459e+04 1.327006e+00 9.376373e-05 2.772001e-04 1.834902e-09 5.887573e-02 
523            3.426226e+04 1.440159e+00 1.096556e-04 3.437722e-04 1.587209e-09 1.185841e-01 
524            3.459262e+04 1.437170e+00 1.102638e-04 3.438688e-04 1.469282e-09 1.240624e-01 
525            3.551067e+04 1.433026e+00 1.108866e-04 3.448355e-04 1.580064e-09 1.553551e-01 
526            2.160506e+04 1.511139e+00 1.737789e-04 2.534961e-04 1.652473e-09 5.807955e-02 
527            3.035350e+04 1.445085e+00 1.099081e-04 3.446315e-04 1.514833e-09 9.173577e-02 
528            2.956532e+04 1.436572e+00 1.098250e-04 3.443220e-04 1.773857e-09 8.546598e-02 
529            2.880556e+04 1.439329e+00 1.096582e-04 3.438390e-04 1.595633e-09 8.060762e-02 
530            2.160504e+04 1.511385e+00 1.737658e-04 2.534298e-04 1.647647e-09 5.711640e-02 
531            2.118903e+04 1.331689e+00 9.397517e-05 2.769229e-04 1.719124e-09 5.608176e-02 
532            2.158001e+04 1.504912e+00 1.731950e-04 2.542538e-04 1.619353e-09 5.655842e-02 
533            2.118617e+04 1.331255e+00 9.400048e-05 2.771122e-04 1.763547e-09 5.577203e-02 
534            2.118871e+04 1.332568e+00 9.397104e-05 2.768317e-04 1.775449e-09 5.693355e-02 
535            2.500708e+04 1.305161e+00 9.444932e-05 2.775659e-04 1.843928e-09 6.756743e-02 
536            2.170049e+04 1.502877e+00 1.726320e-04 2.544377e-04 1.593068e-09 5.664946e-02 
537            2.166388e+04 1.521040e+00 1.736342e-04 2.534475e-04 1.617241e-09 5.664243e-02 
538            3.557734e+04 1.433170e+00 1.109018e-04 3.448036e-04 1.733660e-09 1.574315e-01 
539            2.737729e+04 1.443872e+00 1.102074e-04 3.438050e-04 1.762933e-09 7.454025e-02 
540            3.137910e+04 1.446240e+00 1.097989e-04 3.450757e-04 1.585637e-09 9.420454e-02 
541            2.114638e+04 1.481663e+00 1.735443e-04 2.537725e-04 1.514721e-09 5.838271e-02 
542            2.086418e+04 1.332625e+00 9.412212e-05 2.763457e-04 1.791797e-09 5.588499e-02 
543            2.239712e+04 1.327478e+00 9.386793e-05 2.772310e-04 1.812459e-09 5.855873e-02 
544            3.218588e+04 1.447543e+00 1.101264e-04 3.440884e-04 1.669874e-09 1.006115e-01 
545            3.499416e+04 1.434426e+00 1.105939e-04 3.443944e-04 1.713309e-09 1.320350e-01 
546            2.093581e+04 1.329075e+00 9.410002e-05 2.773143e-04 1.754410e-09 5.662839e-02 
547            2.122038e+04 1.331148e+00 9.379707e-05 2.769879e-04 1.782137e-09 5.659205e-02 
548            2.083562e+04 1.330667e+00 9.436099e-05 2.762678e-04 1.709383e-09 5.593509e-02 
549            3.395444e+04 1.447458e+00 1.098257e-04 3.440130e-04 1.556450e-09 1.112881e-01 
550            2.092329e+04 1.333283e+00 9.417969e-05 2.762023e-04 1.748135e-09 5.648333e-02 
551            2.093243e+04 1.333572e+00 9.419598e-05 2.762351e-04 1.782827e-09 5.728325e-02 
552            2.172831e+04 1.503987e+00 1.728588e-04 2.544143e-04 1.636567e-09 5.616103e-02 
553            2.160506e+04 1.511139e+00 1.737789e-04 2.534961e-04 1.652473e-09 5.807955e-02 
554            2.783613e+04 1.441639e+00 1.102650e-04 3.438633e-04 1.752755e-09 7.530672e-02 
555            2.172563e+04 1.493370e+00 1.730488e-04 2.541558e-04 1.630368e-09 5.724611e-02 
556            3.602311e+04 1.435178e+00 1.110438e-04 3.441170e-04 1.819025e-09 2.045352e-01 
557            3.041690e+04 1.447240e+00 1.098762e-04 3.448303e-04 1.687261e-09 8.931268e-02 
558            3.219686e+04 1.448373e+00 1.102011e-04 3.441049e-04 1.727130e-09 1.004565e-01 
559            2.078510e+04 1.331732e+00 9.417079e-05 2.769793e-04 1.737211e-09 5.741582e-02 
560            2.149685e+04 1.326834e+00 9.425762e-05 2.768171e-04 1.749607e-09 5.762213e-02 
561            2.118871e+04 1.332568e+00 9.397104e-05 2.768317e-04 1.775449e-09 5.693355e-02 
562            2.131702e+04 1.489455e+00 1.731492e-04 2.540484e-04 1.600272e-09 5.755250e-02 
563            2.121904e+04 1.331069e+00 9.403484e-05 2.770461e-04 1.715298e-09 5.676260e-02 
564            2.335549e+04 1.320073e+00 9.373371e-05 2.768454e-04 1.673884e-09 6.323084e-02 
565            2.133694e+04 1.488100e+00 1.732671e-04 2.540905e-04 1.575692e-09 5.777938e-02 
566            2.151393e+04 1.518121e+00 1.736463e-04 2.533862e-04 1.567430e-09 5.641613e-02 
567            2.164379e+04 1.521397e+00 1.735757e-04 2.534651e-04 1.611066e-09 5.675668e-02 
568            3.338971e+04 1.444943e+00 1.101796e-04 3.434146e-04 1.658595e-09 1.095138e-01 
569            2.172723e+04 1.502967e+00 1.727900e-04 2.544674e-04 1.596369e-09 5.603810e-02 
570            2.170049e+04 1.502877e+00 1.726320e-04 2.544377e-04 1.593068e-09 5.664946e-02 
571            2.077205e+04 1.327595e+00 9.398393e-05 2.772616e-04 1.765942e-09 5.724649e-02 
572            2.798566e+04 1.444188e+00 1.100565e-04 3.435254e-04 1.686166e-09 8.065806e-02 
573            3.534799e+04 1.434227e+00 1.109449e-04 3.448864e-04 1.574574e-09 1.463271e-01 
574            3.236098e+04 1.447917e+00 1.100613e-04 3.439912e-04 1.620122e-09 1.034579e-01 
575            3.367343e+04 1.445740e+00 1.101444e-04 3.434982e-04 1.589705e-09 1.094092e-01 
576            3.517873e+04 1.433107e+00 1.105508e-04 3.442101e-04 1.804859e-09 1.386108e-01 
577            2.201320e+04 1.331483e+00 9.370508e-05 2.770921e-04 1.715416e-09 5.938113e-02 
578            2.144827e+04 1.493898e+00 1.730578e-04 2.541590e-04 1.632954e-09 5.891763e-02 
579            3.163141e+04 1.445737e+00 1.098041e-04 3.447258e-04 1.471694e-09 9.642780e-02 
580            2.110752e+04 1.332807e+00 9.412331e-05 2.763000e-04 1.801322e-09 5.763950e-02 
581            2.161055e+04 1.517593e+00 1.737790e-04 2.534732e-04 1.640644e-09 5.630690e-02 
582            2.155163e+04 1.515147e+00 1.735637e-04 2.533122e-04 1.638722e-09 5.705280e-02 
583            2.859062e+04 1.441266e+00 1.100189e-04 3.435459e-04 1.650636e-09 8.029488e-02 
584            2.263862e+04 1.327511e+00 9.352733e-05 2.768454e-04 1.696459e-09 5.882392e-02 
585            2.976032e+04 1.439375e+00 1.101789e-04 3.444328e-04 1.835910e-09 8.590442e-02 
586            2.086078e+04 1.331144e+00 9.433113e-05 2.772326e-04 1.757838e-09 5.716915e-02 
587            2.538930e+04 1.441113e+00 1.107231e-04 3.438073e-04 1.904537e-09 6.628103e-02 
588            3.219496e+04 1.449154e+00 1.101775e-04 3.441724e-04 1.600233e-09 9.810153e-02 
589            2.121904e+04 1.331069e+00 9.403484e-05 2.770461e-04 1.715298e-09 5.676260e-02 
590            3.387122e+04 1.447168e+00 1.097579e-04 3.438452e-04 1.590530e-09 1.109705e-01 
591            2.160504e+04 1.511385e+00 1.737658e-04 2.534298e-04 1.647647e-09 5.711640e-02 
592            2.286295e+04 1.325940e+00 9.370034e-05 2.769004e-04 1.841603e-09 5.764069e-02 
593            2.481028e+04 1.305439e+00 9.415947e-05 2.772739e-04 1.780747e-09 6.732981e-02 
594            3.305608e+04 1.446049e+00 1.100811e-04 3.434070e-04 1.594198e-09 1.078966e-01 
595            2.137478e+04 1.326880e+00 9.429587e-05 2.770743e-04 1.723782e-09 5.754062e-02 
596            2.066506e+04 1.329696e+00 9.414433e-05 2.774506e-04 1.722019e-09 5.641069e-02 
597            2.519481e+04 1.300622e+00 9.468355e-05 2.774739e-04 1.744494e-09 6.787169e-02 
598            3.581881e+04 1.432933e+00 1.106347e-04 3.445675e-04 1.783709e-09 1.709594e-01 
599            2.074360e+04 1.330985e+00 9.410544e-05 2.769110e-04 1.763873e-09 5.773955e-02 
600            3.134522e+04 1.447017e+00 1.096892e-04 3.447824e-04 1.592788e-09 9.373143e-02 
601            2.162783e+04 1.517322e+00 1.737544e-04 2.534196e-04 1.619438e-09 5.678373e-02 
602            2.165855e+04 1.521337e+00 1.736376e-04 2.535261e-04 1.577143e-09 5.738545e-02 
603            3.579867e+04 1.432244e+00 1.105656e-04 3.444971e-04 1.680010e-09 1.700555e-01 
604            2.105749e+04 1.479689e+00 1.736823e-04 2.537307e-04 1.577687e-09 5.798586e-02 
605            2.066299e+04 1.329275e+00 9.427660e-05 2.774808e-04 1.765381e-09 5.532680e-02 
606            2.190163e+04 1.329980e+00 9.408205e-05 2.771059e-04 1.799479e-09 5.854381e-02 
607            2.237700e+04 1.329339e+00 9.374512e-05 2.773322e-04 1.756064e-09 5.905441e-02 
608            2.146976e+04 1.507097e+00 1.729149e-04 2.543410e-04 1.604742e-09 5.693734e-02 
609            3.210115e+04 1.447361e+00 1.100691e-04 3.441153e-04 1.584627e-09 9.652568e-02 
610            2.723245e+04 1.443224e+00 1.101966e-04 3.438732e-04 1.795522e-09 7.425959e-02 
611            2.199063e+04 1.330419e+00 9.384402e-05 2.772205e-04 1.738857e-09 5.670524e-02 
612            2.075522e+04 1.331347e+00 9.421226e-05 2.767760e-04 1.722991e-09 5.752147e-02 
613            2.166997e+04 1.498823e+00 1.726796e-04 2.541056e-04 1.644146e-09 5.650510e-02 
614            2.532145e+04 1.442416e+00 1.105593e-04 3.437279e-04 1.783309e-09 6.586366e-02 
615            3.405631e+04 1.447197e+00 1.095559e-04 3.439821e-04 1.559849e-09 1.145477e-01 
616            2.153149e+04 1.518995e+00 1.736696e-04 2.535245e-04 1.613089e-09 5.632888e-02 
617            2.445223e+04 1.309477e+00 9.401688e-05 2.769898e-04 1.625168e-09 6.637120e-02 
618            2.127694e+04 1.486517e+00 1.733438e-04 2.541923e-04 1.616219e-09 5.775235e-02 
619            2.191199e+04 1.330712e+00 9.390562e-05 2.772217e-04 1.816935e-09 5.794277e-02 
620            2.111787e+04 1.333016e+00 9.419313e-05 2.762867e-04 1.748010e-09 5.806430e-02 
621            2.084888e+04 1.329973e+00 9.434085e-05 2.767298e-04 1.774687e-09 5.832039e-02 
622            2.083562e+04 1.330667e+00 9.436099e-05 2.762678e-04 1.709383e-09 5.593509e-02 
623            2.154830e+04 1.504963e+00 1.729673e-04 2.543773e-04 1.555969e-09 5.592470e-02 
624            2.932776e+04 1.435593e+00 1.093268e-04 3.442812e-04 1.600020e-09 8.332132e-02 
625            2.179013e+04 1.508925e+00 1.733596e-04 2.537475e-04 1.607607e-09 5.854345e-02 
626            2.237575e+04 1.330914e+00 9.388520e-05 2.773447e-04 1.743064e-09 5.986019e-02 
627            2.076800e+04 1.333258e+00 9.420171e-05 2.770800e-04 1.743379e-09 5.711769e-02 
628            2.481028e+04 1.305439e+00 9.415947e-05 2.772739e-04 1.780747e-09 6.732981e-02 
629            3.492419e+04 1.435494e+00 1.105440e-04 3.444628e-04 1.591456e-09 1.305526e-01 
630            2.093933e+04 1.476453e+00 1.736888e-04 2.532556e-04 1.626490e-09 5.854021e-02 
631            3.426226e+04 1.440159e+00 1.096556e-04 3.437722e-04 1.587209e-09 1.185841e-01 
632            2.173495e+04 1.503536e+00 1.727518e-04 2.544526e-04 1.646520e-09 5.609373e-02 
633            2.149442e+04 1.515391e+00 1.737810e-04 2.535619e-04 1.619574e-09 5.666397e-02 
634            2.076800e+04 1.333258e+00 9.420171e-05 2.770800e-04 1.743379e-09 5.711769e-02 
635            2.158882e+04 1.517042e+00 1.737681e-04 2.535051e-04 1.634589e-09 5.615270e-02 
636            2.460835e+04 1.309225e+00 9.416669e-05 2.768184e-04 1.808388e-09 6.523901e-02 
637            2.149904e+04 1.521157e+00 1.736975e-04 2.535487e-04 1.585694e-09 5.650446e-02 
638            2.737729e+04 1.443872e+00 1.102074e-04 3.438050e-04 1.762933e-09 7.454025e-02 
639            2.144699e+04 1.329117e+00 9.422503e-05 2.770151e-04 1.770803e-09 5.765618e-02 
640            2.099223e+04 1.476545e+00 1.737345e-04 2.534438e-04 1.582277e-09 5.778496e-02 
641            2.161706e+04 1.522634e+00 1.738714e-04 2.536076e-04 1.623780e-09 5.670955e-02 
642            2.654314e+04 1.441791e+00 1.103442e-04 3.434460e-04 1.994851e-09 7.090365e-02 
643            2.847768e+04 1.441463e+00 1.097922e-04 3.435614e-04 1.667103e-09 7.799857e-02 
644            2.614118e+04 1.438425e+00 1.107445e-04 3.432322e-04 1.692635e-09 7.099184e-02 
645            2.169789e+04 1.503282e+00 1.728088e-04 2.544196e-04 1.597455e-09 5.558584e-02 
646            2.115043e+04 1.482816e+00 1.735013e-04 2.538457e-04 1.576939e-09 5.873528e-02 
647            2.619423e+04 1.438737e+00 1.105989e-04 3.432809e-04 1.713633e-09 7.027044e-02 
648            2.120489e+04 1.331684e+00 9.391302e-05 2.770711e-04 1.774256e-09 5.671768e-02 
649            2.686275e+04 1.441324e+00 1.105122e-04 3.437970e-04 1.786210e-09 7.397402e-02 
650            3.055161e+04 1.447662e+00 1.096342e-04 3.449246e-04 1.701515e-09 8.887461e-02 
651            2.137528e+04 1.327297e+00 9.423005e-05 2.771025e-04 1.800663e-09 5.732823e-02 
652            2.792620e+04 1.444416e+00 1.102793e-04 3.435042e-04 1.673255e-09 7.796386e-02 
653            3.002455e+04 1.441534e+00 1.102312e-04 3.445335e-04 1.686131e-09 8.652633e-02 
654            2.105080e+04 1.479086e+00 1.737171e-04 2.536150e-04 1.630139e-09 5.805168e-02 
655            2.966644e+04 1.438096e+00 1.099121e-04 3.444290e-04 1.611088e-09 8.616236e-02 
656            3.428347e+04 1.439772e+00 1.098892e-04 3.436233e-04 1.450455e-09 1.207672e-01 
657            2.546292e+04 1.440669e+00 1.107080e-04 3.438057e-04 1.714964e-09 6.566935e-02 
658            3.618979e+04 1.436428e+00 1.112200e-04 3.444523e-04 1.771140e-09 2.138156e-01 
659            2.157796e+04 1.518907e+00 1.736782e-04 2.533927e-04 1.655637e-09 5.717879e-02 
660            3.305608e+04 1.446049e+00 1.100811e-04 3.434070e-04 1.594198e-09 1.078966e-01 
661            2.973081e+04 1.439472e+00 1.100956e-04 3.444460e-04 1.574006e-09 8.455533e-02 
662            2.154525e+04 1.522073e+00 1.738175e-04 2.534054e-04 1.619051e-09 5.691980e-02 
663            3.548955e+04 1.433692e+00 1.108735e-04 3.448222e-04 1.509544e-09 1.524007e-01 
664            2.948058e+04 1.436408e+00 1.094499e-04 3.439015e-04 1.745540e-09 8.512189e-02 
665            2.086011e+04 1.329794e+00 9.427276e-05 2.767241e-04 1.792676e-09 5.746418e-02 
666            2.156084e+04 1.514542e+00 1.736919e-04 2.535695e-04 1.652305e-09 5.669550e-02 
667            2.170197e+04 1.501964e+00 1.725906e-04 2.543813e-04 1.645047e-09 5.640817e-02 
668            2.126381e+04 1.483552e+00 1.732703e-04 2.539533e-04 1.546058e-09 5.828265e-02 
669            3.603754e+04 1.434965e+00 1.112244e-04 3.445362e-04 1.419200e-09 2.109753e-01 
670            2.582128e+04 1.440773e+00 1.107393e-04 3.437109e-04 1.663470e-09 6.788593e-02 
671            2.087872e+04 1.332422e+00 9.418163e-05 2.763158e-04 1.764141e-09 5.621821e-02 
672            2.075503e+04 1.332312e+00 9.426082e-05 2.770159e-04 1.730274e-09 5.801890e-02 
673            2.143902e+04 1.494920e+00 1.730401e-04 2.543988e-04 1.584737e-09 5.767460e-02 
674            2.822040e+04 1.440535e+00 1.098608e-04 3.436613e-04 1.618895e-09 7.930506e-02 
675            2.452450e+04 1.308718e+00 9.429314e-05 2.767537e-04 1.779357e-09 6.732993e-02 
676            3.611673e+04 1.438610e+00 1.116329e-04 3.444721e-04 1.567479e-09 2.230387e-01 
677            2.118953e+04 1.333414e+00 9.390869e-05 2.765659e-04 1.775411e-09 5.706950e-02 
678            2.077381e+04 1.331589e+00 9.417246e-05 2.769457e-04 1.741947e-09 5.723690e-02 
679            2.085893e+04 1.333127e+00 9.403247e-05 2.763332e-04 1.781261e-09 5.642179e-02 
680            2.254014e+04 1.327523e+00 9.359374e-05 2.769992e-04 1.805574e-09 5.883637e-02 
681            3.029890e+04 1.443840e+00 1.101385e-04 3.445044e-04 1.577593e-09 9.010760e-02 
682            2.156607e+04 1.518852e+00 1.737134e-04 2.534411e-04 1.614712e-09 5.643511e-02 
683            3.613631e+04 1.432238e+00 1.107046e-04 3.445465e-04 1.588599e-09 1.752256e-01 
684            2.156217e+04 1.504170e+00 1.730812e-04 2.545237e-04 1.585334e-09 5.736181e-02 
685            2.240563e+04 1.328391e+00 9.380257e-05 2.772332e-04 1.775749e-09 5.807729e-02 
686            2.100747e+04 1.329065e+00 9.393939e-05 2.771466e-04 1.754319e-09 5.785584e-02 
687            2.107562e+04 1.479226e+00 1.737271e-04 2.536898e-04 1.586157e-09 5.853563e-02 
688            2.086043e+04 1.330136e+00 9.434902e-05 2.767682e-04 1.696222e-09 5.825106e-02 
689            2.142318e+04 1.328620e+00 9.427386e-05 2.770280e-04 1.735370e-09 5.700722e-02 
690            2.155058e+04 1.327032e+00 9.440014e-05 2.767350e-04 1.775317e-09 5.668551e-02 
691            3.301708e+04 1.445510e+00 1.098216e-04 3.434947e-04 1.559998e-09 1.080824e-01 
692            3.468814e+04 1.437768e+00 1.103219e-04 3.438950e-04 1.671531e-09 1.229806e-01 
693            2.159935e+04 1.522128e+00 1.736859e-04 2.534501e-04 1.551657e-09 5.696017e-02 
694            2.115043e+04 1.482816e+00 1.735013e-04 2.538457e-04 1.576939e-09 5.873528e-02 
695            3.373267e+04 1.445835e+00 1.099320e-04 3.434067e-04 1.679118e-09 1.101882e-01 
696            3.142635e+04 1.447765e+00 1.098217e-04 3.450488e-04 1.627121e-09 9.530406e-02 
697            2.157892e+04 1.511384e+00 1.737240e-04 2.533414e-04 1.600343e-09 5.634834e-02 
698            2.477842e+04 1.446832e+00 1.108652e-04 3.437708e-04 1.771305e-09 6.559256e-02 
699            2.078274e+04 1.330879e+00 9.418455e-05 2.768592e-04 1.731724e-09 5.563310e-02 
700            2.155170e+04 1.519462e+00 1.736286e-04 2.535780e-04 1.703038e-09 5.622905e-02 
701            2.078506e+04 1.327459e+00 9.404976e-05 2.773591e-04 1.775866e-09 5.638279e-02 
702            3.570778e+04 1.433545e+00 1.106902e-04 3.445252e-04 1.458978e-09 1.669317e-01 
703            2.168215e+04 1.493685e+00 1.730549e-04 2.543044e-04 1.548326e-09 5.774939e-02 
704            2.166036e+04 1.511395e+00 1.736974e-04 2.535478e-04 1.586971e-09 5.660923e-02 
705            2.177520e+04 1.330876e+00 9.436720e-05 2.768930e-04 1.717483e-09 5.882657e-02 
706            2.189374e+04 1.330494e+00 9.390661e-05 2.771966e-04 1.714093e-09 5.719901e-02 
707            3.232404e+04 1.445443e+00 1.098973e-04 3.441392e-04 1.598696e-09 1.009511e-01 
708            2.143313e+04 1.493198e+00 1.730346e-04 2.544099e-04 1.591324e-09 5.756754e-02 
709            2.160508e+04 1.519300e+00 1.737358e-04 2.534430e-04 1.545876e-09 5.753277e-02 
710            2.179078e+04 1.509315e+00 1.734311e-04 2.537388e-04 1.620683e-09 5.764977e-02 
711            2.164744e+04 1.521858e+00 1.736707e-04 2.536044e-04 1.584493e-09 5.722343e-02 
712            2.108322e+04 1.331847e+00 9.410541e-05 2.762549e-04 1.818806e-09 5.796376e-02 
713            2.132130e+04 1.491057e+00 1.732464e-04 2.542863e-04 1.570038e-09 5.820995e-02 
714            2.158202e+04 1.521869e+00 1.737131e-04 2.533933e-04 1.666433e-09 5.732626e-02 
715            2.800971e+04 1.441925e+00 1.100040e-04 3.435472e-04 1.718341e-09 8.088949e-02 
716            2.428484e+04 1.311047e+00 9.360776e-05 2.770185e-04 1.878129e-09 6.609862e-02 
717            2.425291e+04 1.312348e+00 9.357075e-05 2.768883e-04 1.661219e-09 6.436251e-02 
718            3.231699e+04 1.445909e+00 1.099157e-04 3.441001e-04 1.613485e-09 1.014689e-01 
719            2.088768e+04 1.330566e+00 9.408561e-05 2.771737e-04 1.733518e-09 5.675773e-02 
720            2.125463e+04 1.486459e+00 1.733060e-04 2.542480e-04 1.615670e-09 5.829002e-02 
721            2.176664e+04 1.508533e+00 1.735274e-04 2.539910e-04 1.629734e-09 5.805107e-02 
722            2.078061e+04 1.327366e+00 9.394100e-05 2.773212e-04 1.810456e-09 5.724867e-02 
723            2.166226e+04 1.493789e+00 1.731688e-04 2.543857e-04 1.665963e-09 5.801826e-02 
724            2.115043e+04 1.482816e+00 1.735013e-04 2.538457e-04 1.576939e-09 5.873528e-02 
725            2.090964e+04 1.475718e+00 1.735864e-04 2.532170e-04 1.591489e-09 5.829000e-02 
726            2.157740e+04 1.519165e+00 1.737626e-04 2.532043e-04 1.602406e-09 5.743530e-02 
727            3.295440e+04 1.445230e+00 1.096829e-04 3.435333e-04 1.695328e-09 1.076565e-01 
728            2.149006e+04 1.507679e+00 1.729672e-04 2.543905e-04 1.648111e-09 5.730400e-02 
729            2.144827e+04 1.493898e+00 1.730578e-04 2.541590e-04 1.632954e-09 5.891763e-02 
730            3.427993e+04 1.438943e+00 1.097652e-04 3.434392e-04 1.684293e-09 1.204511e-01 
731            2.123613e+04 1.331139e+00 9.386546e-05 2.769422e-04 1.787457e-09 5.756912e-02 
732            2.237700e+04 1.329339e+00 9.374512e-05 2.773322e-04 1.756064e-09 5.905441e-02 
733            3.306650e+04 1.445133e+00 1.100129e-04 3.434113e-04 1.654997e-09 1.071773e-01 
734            2.166717e+04 1.520382e+00 1.737727e-04 2.532680e-04 1.584508e-09 5.751972e-02 
735            2.118871e+04 1.332568e+00 9.397104e-05 2.768317e-04 1.775449e-09 5.693355e-02 
736            3.457412e+04 1.437210e+00 1.101321e-04 3.439267e-04 1.802455e-09 1.233798e-01 
737            2.069859e+04 1.327742e+00 9.413581e-05 2.772466e-04 1.778937e-09 5.628811e-02 
738            2.072621e+04 1.331191e+00 9.415148e-05 2.769845e-04 1.757238e-09 5.741331e-02 
739            2.479473e+04 1.446921e+00 1.108938e-04 3.437051e-04 1.755558e-09 6.554936e-02 
740            2.154525e+04 1.522073e+00 1.738175e-04 2.534054e-04 1.619051e-09 5.691980e-02 
741            2.086418e+04 1.332625e+00 9.412212e-05 2.763457e-04 1.791797e-09 5.588499e-02 
742            2.156103e+04 1.518571e+00 1.737251e-04 2.533724e-04 1.670194e-09 5.640154e-02 
743            2.130799e+04 1.488877e+00 1.730791e-04 2.540827e-04 1.570075e-09 5.752381e-02 
744            2.528578e+04 1.298037e+00 9.478748e-05 2.773849e-04 1.733195e-09 6.947860e-02 
745            2.125800e+04 1.483908e+00 1.733697e-04 2.539420e-04 1.662052e-09 5.871045e-02 
746            3.427993e+04 1.438943e+00 1.097652e-04 3.434392e-04 1.684293e-09 1.204511e-01 
747            2.164805e+04 1.498084e+00 1.726989e-04 2.541021e-04 1.569820e-09 5.859859e-02 
748            2.142034e+04 1.493525e+00 1.730353e-04 2.544405e-04 1.589387e-09 5.779526e-02 
749            2.521975e+04 1.443976e+00 1.108334e-04 3.436117e-04 1.730746e-09 6.412495e-02 
750            2.165931e+04 1.518173e+00 1.734225e-04 2.533126e-04 1.557986e-09 5.720336e-02 
751            2.427487e+04 1.310860e+00 9.357093e-05 2.771141e-04 1.936940e-09 6.576462e-02 
752            3.499416e+04 1.434426e+00 1.105939e-04 3.443944e-04 1.713309e-09 1.320350e-01 
753            3.210115e+04 1.447361e+00 1.100691e-04 3.441153e-04 1.584627e-09 9.652568e-02 
754            2.199002e+04 1.330736e+00 9.370659e-05 2.771620e-04 1.809061e-09 5.939881e-02 
755            2.437313e+04 1.309662e+00 9.380706e-05 2.768324e-04 1.763562e-09 6.613354e-02 
756            2.162295e+04 1.512403e+00 1.737603e-04 2.534569e-04 1.664096e-09 5.795629e-02 
757            2.636448e+04 1.438725e+00 1.104996e-04 3.431019e-04 1.644950e-09 6.982990e-02 
758            3.301538e+04 1.445526e+00 1.098367e-04 3.434674e-04 1.603531e-09 1.082171e-01 
759            2.167675e+04 1.328628e+00 9.443474e-05 2.768981e-04 1.738292e-09 5.734269e-02 
760            2.153482e+04 1.514766e+00 1.738042e-04 2.534974e-04 1.587653e-09 5.670831e-02 
761            2.235259e+04 1.332594e+00 9.393946e-05 2.773322e-04 1.741036e-09 5.914446e-02 
762            2.528578e+04 1.298037e+00 9.478748e-05 2.773849e-04 1.733195e-09 6.947860e-02 
763            2.125800e+04 1.483908e+00 1.733697e-04 2.539420e-04 1.662052e-09 5.871045e-02 
764            2.519481e+04 1.300622e+00 9.468355e-05 2.774739e-04 1.744494e-09 6.787169e-02 
765            2.263020e+04 1.328310e+00 9.357478e-05 2.767066e-04 1.747558e-09 5.928192e-02 
766            2.170222e+04 1.494608e+00 1.731125e-04 2.542239e-04 1.663309e-09 5.728670e-02 
767            2.155961e+04 1.516178e+00 1.737573e-04 2.533746e-04 1.623663e-09 5.625370e-02 
768            2.161505e+04 1.517757e+00 1.737496e-04 2.534206e-04 1.579219e-09 5.707646e-02 
769            2.241623e+04 1.327277e+00 9.368703e-05 2.772235e-04 1.747559e-09 5.910976e-02 
770            2.557316e+04 1.440539e+00 1.107671e-04 3.438804e-04 1.733629e-09 6.710667e-02 
771            2.157549e+04 1.522670e+00 1.738857e-04 2.536176e-04 1.593829e-09 5.708025e-02 
772            2.158317e+04 1.504830e+00 1.731723e-04 2.542129e-04 1.567734e-09 5.624456e-02 
773            2.269215e+04 1.326809e+00 9.347813e-05 2.768718e-04 1.793292e-09 5.916897e-02 
774            2.373875e+04 1.315833e+00 9.377269e-05 2.768724e-04 1.749189e-09 6.301039e-02 
775            2.473581e+04 1.447076e+00 1.108020e-04 3.437044e-04 1.738717e-09 6.409663e-02 
776            3.305608e+04 1.446049e+00 1.100811e-04 3.434070e-04 1.594198e-09 1.078966e-01 
777            2.309056e+04 1.321906e+00 9.378208e-05 2.767505e-04 1.631013e-09 6.059518e-02 
778            3.150082e+04 1.449257e+00 1.097219e-04 3.452152e-04 1.767776e-09 9.490818e-02 
779            3.479239e+04 1.436938e+00 1.101792e-04 3.438281e-04 1.549770e-09 1.228018e-01 
780            2.121411e+04 1.484053e+00 1.733972e-04 2.538766e-04 1.635104e-09 5.903999e-02 
781            2.066299e+04 1.329275e+00 9.427660e-05 2.774808e-04 1.765381e-09 5.532680e-02 
782            2.176570e+04 1.507864e+00 1.734766e-04 2.539743e-04 1.617599e-09 5.731633e-02 
783            3.167743e+04 1.445384e+00 1.099602e-04 3.445229e-04 1.536429e-09 9.632851e-02 
784            2.315365e+04 1.320618e+00 9.375206e-05 2.767796e-04 1.701600e-09 6.024025e-02 
785            2.740369e+04 1.444294e+00 1.102136e-04 3.437184e-04 1.847654e-09 7.492981e-02 
786            2.140836e+04 1.328191e+00 9.408888e-05 2.768985e-04 1.796836e-09 5.630182e-02 
787            2.120404e+04 1.332825e+00 9.377258e-05 2.768872e-04 1.765923e-09 5.660905e-02 
788            2.067969e+04 1.329886e+00 9.417491e-05 2.773563e-04 1.757892e-09 5.598388e-02 
789            2.609623e+04 1.439409e+00 1.107023e-04 3.432693e-04 1.785262e-09 7.045122e-02 
790            2.079297e+04 1.331644e+00 9.429704e-05 2.764043e-04 1.769285e-09 5.612567e-02 
791            3.304946e+04 1.445347e+00 1.100018e-04 3.434450e-04 1.531478e-09 1.078537e-01 
792            2.142318e+04 1.328620e+00 9.427386e-05 2.770280e-04 1.735370e-09 5.700722e-02 
793            2.155644e+04 1.522017e+00 1.736718e-04 2.533252e-04 1.603409e-09 5.602878e-02 
794            2.126381e+04 1.483552e+00 1.732703e-04 2.539533e-04 1.546058e-09 5.828265e-02 
795            2.174328e+04 1.503890e+00 1.728184e-04 2.544079e-04 1.651079e-09 5.612426e-02 
796            2.549514e+04 1.440519e+00 1.107062e-04 3.437759e-04 1.815142e-09 6.594203e-02 
797            2.092789e+04 1.325852e+00 9.410742e-05 2.769293e-04 1.725905e-09 5.654278e-02 
798            2.149685e+04 1.326834e+00 9.425762e-05 2.768171e-04 1.749607e-09 5.762213e-02 
799            2.879400e+04 1.438323e+00 1.098684e-04 3.437978e-04 1.579370e-09 8.157249e-02 
800            2.287292e+04 1.325641e+00 9.365168e-05 2.769140e-04 1.919390e-09 5.821435e-02 
801            2.201320e+04 1.331483e+00 9.370508e-05 2.770921e-04 1.715416e-09 5.938113e-02 
802            3.129812e+04 1.447562e+00 1.096379e-04 3.448516e-04 1.610485e-09 9.506907e-02 
803            2.157980e+04 1.513994e+00 1.736878e-04 2.536481e-04 1.612009e-09 5.673815e-02 
804            3.284509e+04 1.446624e+00 1.096923e-04 3.436307e-04 1.614821e-09 1.098961e-01 
805            3.150082e+04 1.449257e+00 1.097219e-04 3.452152e-04 1.767776e-09 9.490818e-02 
806            2.185792e+04 1.330362e+00 9.433758e-05 2.770830e-04 1.811881e-09 5.953564e-02 
807            2.111563e+04 1.479654e+00 1.737752e-04 2.536723e-04 1.638188e-09 5.954263e-02 
808            2.824402e+04 1.440740e+00 1.097791e-04 3.436529e-04 1.759276e-09 7.899984e-02 
809            2.170233e+04 1.518043e+00 1.735539e-04 2.532758e-04 1.599429e-09 5.725338e-02 
810            3.163867e+04 1.446949e+00 1.098283e-04 3.447229e-04 1.488018e-09 9.660671e-02 
811            2.912596e+04 1.435952e+00 1.097585e-04 3.437217e-04 1.773021e-09 8.208829e-02 
812            3.031331e+04 1.444139e+00 1.100411e-04 3.445691e-04 1.823351e-09 9.056416e-02 
813            2.189374e+04 1.330494e+00 9.390661e-05 2.771966e-04 1.714093e-09 5.719901e-02 
814            2.151327e+04 1.496566e+00 1.730078e-04 2.541868e-04 1.653728e-09 5.824278e-02 
815            2.118871e+04 1.332568e+00 9.397104e-05 2.768317e-04 1.775449e-09 5.693355e-02 
816            2.166673e+04 1.512339e+00 1.735985e-04 2.536201e-04 1.608266e-09 5.599249e-02 
817            2.157747e+04 1.519920e+00 1.736468e-04 2.535666e-04 1.607619e-09 5.642614e-02 
818            2.795962e+04 1.444038e+00 1.101530e-04 3.433527e-04 1.750177e-09 7.999436e-02 
819            3.381849e+04 1.446471e+00 1.097958e-04 3.438636e-04 1.642538e-09 1.121135e-01 
820            2.160679e+04 1.522794e+00 1.738139e-04 2.535568e-04 1.588100e-09 5.565018e-02 
821            2.526970e+04 1.298590e+00 9.476918e-05 2.774867e-04 1.795366e-09 6.871034e-02 
822            2.171312e+04 1.501968e+00 1.726040e-04 2.544548e-04 1.608135e-09 5.682998e-02 
823            3.176140e+04 1.446049e+00 1.101066e-04 3.446585e-04 1.587266e-09 9.601991e-02 
824            3.143142e+04 1.448607e+00 1.097690e-04 3.451366e-04 1.716003e-09 9.461770e-02 
825            3.542547e+04 1.433068e+00 1.107170e-04 3.447793e-04 1.749413e-09 1.482869e-01 
826            2.189261e+04 1.330574e+00 9.397750e-05 2.771534e-04 1.729554e-09 5.759599e-02 
827            3.200639e+04 1.445234e+00 1.100132e-04 3.442398e-04 1.691286e-09 9.721478e-02 
828            2.085104e+04 1.330036e+00 9.434635e-05 2.767703e-04 1.791980e-09 5.892854e-02 
829            2.090469e+04 1.328268e+00 9.416829e-05 2.772022e-04 1.819986e-09 5.654870e-02 
830            2.177624e+04 1.507597e+00 1.734871e-04 2.539640e-04 1.636015e-09 5.724327e-02 
831            3.254857e+04 1.447360e+00 1.099492e-04 3.438754e-04 1.669562e-09 1.059632e-01 
832            2.171397e+04 1.505811e+00 1.732966e-04 2.538746e-04 1.593332e-09 5.652372e-02 
833            3.254857e+04 1.447360e+00 1.099492e-04 3.438754e-04 1.669562e-09 1.059632e-01 
834            2.621364e+04 1.438650e+00 1.105297e-04 3.432304e-04 1.816494e-09 7.065911e-02 
835            2.302589e+04 1.325278e+00 9.376839e-05 2.767710e-04 1.730323e-09 5.851998e-02 
836            2.115043e+04 1.482816e+00 1.735013e-04 2.538457e-04 1.576939e-09 5.873528e-02 
837            2.166388e+04 1.521040e+00 1.736342e-04 2.534475e-04 1.617241e-09 5.664243e-02 
838            2.866760e+04 1.439798e+00 1.099397e-04 3.436702e-04 1.835635e-09 7.969669e-02 
839            2.156217e+04 1.504170e+00 1.730812e-04 2.545237e-04 1.585334e-09 5.736181e-02 
840            2.093581e+04 1.329075e+00 9.410002e-05 2.773143e-04 1.754410e-09 5.662839e-02 
841            2.166221e+04 1.498634e+00 1.727341e-04 2.541519e-04 1.648601e-09 5.691077e-02 
842            3.353337e+04 1.445741e+00 1.101845e-04 3.434481e-04 1.540759e-09 1.077080e-01 
843            2.134595e+04 1.327859e+00 9.414760e-05 2.769822e-04 1.762408e-09 5.723017e-02 
844            2.072521e+04 1.327391e+00 9.415118e-05 2.773044e-04 1.762945e-09 5.638291e-02 
845            2.123195e+04 1.332333e+00 9.380174e-05 2.769440e-04 1.812143e-09 5.636230e-02 
846            2.150262e+04 1.506334e+00 1.729705e-04 2.543270e-04 1.584584e-09 5.765918e-02 
847            2.513670e+04 1.443452e+00 1.108875e-04 3.434753e-04 1.768532e-09 6.293273e-02 
848            2.150654e+04 1.519653e+00 1.737593e-04 2.534735e-04 1.598970e-09 5.694775e-02 
849            2.157679e+04 1.521988e+00 1.737535e-04 2.532484e-04 1.594028e-09 5.606482e-02 
850            2.165931e+04 1.518173e+00 1.734225e-04 2.533126e-04 1.557986e-09 5.720336e-02 
851            2.157692e+04 1.514954e+00 1.736496e-04 2.534717e-04 1.594401e-09 5.682885e-02 
852            3.035958e+04 1.445669e+00 1.099783e-04 3.447169e-04 1.787881e-09 9.104640e-02 
853            3.218823e+04 1.448874e+00 1.101374e-04 3.441555e-04 1.644127e-09 9.881768e-02 
854            2.171223e+04 1.501619e+00 1.726494e-04 2.544217e-04 1.644036e-09 5.657170e-02 
855            3.477396e+04 1.437528e+00 1.102208e-04 3.438858e-04 1.521802e-09 1.232682e-01 
856            2.170172e+04 1.506842e+00 1.733503e-04 2.538859e-04 1.601472e-09 5.688856e-02 
857            2.821388e+04 1.440537e+00 1.098364e-04 3.436846e-04 1.852057e-09 7.977399e-02 
858            2.477842e+04 1.446832e+00 1.108652e-04 3.437708e-04 1.771305e-09 6.559256e-02 
859            3.564565e+04 1.433333e+00 1.106467e-04 3.444043e-04 1.810055e-09 1.663125e-01 
860            2.154525e+04 1.522073e+00 1.738175e-04 2.534054e-04 1.619051e-09 5.691980e-02 
861            2.239468e+04 1.328610e+00 9.380443e-05 2.772286e-04 1.769910e-09 5.901370e-02 
862            2.313083e+04 1.320809e+00 9.375003e-05 2.768031e-04 1.702948e-09 6.097451e-02 
863            2.165965e+04 1.505834e+00 1.732316e-04 2.540067e-04 1.718709e-09 5.691254e-02 
864            2.118617e+04 1.331255e+00 9.400048e-05 2.771122e-04 1.763547e-09 5.577203e-02 
865            3.301219e+04 1.445144e+00 1.099165e-04 3.434432e-04 1.594874e-09 1.083948e-01 
866            2.596489e+04 1.438937e+00 1.106849e-04 3.434390e-04 1.755060e-09 7.216510e-02 
867            2.671145e+04 1.443192e+00 1.103761e-04 3.436932e-04 1.685986e-09 7.245823e-02 
868            2.166036e+04 1.511395e+00 1.736974e-04 2.535478e-04 1.586971e-09 5.660923e-02 
869            2.474071e+04 1.446930e+00 1.107985e-04 3.437280e-04 1.712063e-09 6.431056e-02 
870            2.467151e+04 1.446689e+00 1.106038e-04 3.437495e-04 1.701452e-09 6.472910e-02 
871            3.169171e+04 1.445583e+00 1.100078e-04 3.445679e-04 1.630804e-09 9.577803e-02 
872            2.937296e+04 1.436223e+00 1.092928e-04 3.441767e-04 1.613146e-09 8.364671e-02 
873            3.196029e+04 1.443472e+00 1.101291e-04 3.443746e-04 1.552869e-09 9.672835e-02 
874            2.154620e+04 1.522152e+00 1.737502e-04 2.533150e-04 1.580885e-09 5.701936e-02 
875            2.737729e+04 1.443872e+00 1.102074e-04 3.438050e-04 1.762933e-09 7.454025e-02 
876            2.914552e+04 1.435361e+00 1.097273e-04 3.437240e-04 1.787571e-09 8.167997e-02 
877            2.515088e+04 1.444008e+00 1.108127e-04 3.435937e-04 1.897899e-09 6.326503e-02 
878            2.120489e+04 1.331684e+00 9.391302e-05 2.770711e-04 1.774256e-09 5.671768e-02 
879            2.077627e+04 1.330363e+00 9.422812e-05 2.767249e-04 1.831708e-09 5.675639e-02 
880            2.156632e+04 1.495772e+00 1.732160e-04 2.542266e-04 1.619392e-09 5.773108e-02 
881            2.533523e+04 1.297780e+00 9.479887e-05 2.773234e-04 1.753843e-09 7.033787e-02 
882            2.151478e+04 1.326565e+00 9.428945e-05 2.767038e-04 1.800084e-09 5.713796e-02 
883            3.541396e+04 1.433494e+00 1.108132e-04 3.447298e-04 1.419263e-09 1.477729e-01 
884            2.151953e+04 1.508041e+00 1.729688e-04 2.544145e-04 1.618354e-09 5.758830e-02 
885            2.164191e+04 1.512547e+00 1.735609e-04 2.536553e-04 1.586909e-09 5.680063e-02 
886            2.160216e+04 1.517387e+00 1.737699e-04 2.535257e-04 1.615670e-09 5.598142e-02 
887            2.089272e+04 1.326716e+00 9.399163e-05 2.771584e-04 1.740802e-09 5.688884e-02 
888            2.470545e+04 1.447670e+00 1.107477e-04 3.437199e-04 1.702216e-09 6.442359e-02 
889            2.162569e+04 1.522982e+00 1.738131e-04 2.535809e-04 1.582628e-09 5.616048e-02 
890            2.063682e+04 1.329360e+00 9.425261e-05 2.775097e-04 1.727090e-09 5.571650e-02 
891            3.129812e+04 1.447562e+00 1.096379e-04 3.448516e-04 1.610485e-09 9.506907e-02 
892            2.560425e+04 1.440733e+00 1.106751e-04 3.438455e-04 1.741504e-09 6.686550e-02 
893            2.462085e+04 1.309573e+00 9.416767e-05 2.767728e-04 1.808591e-09 6.499233e-02 
894            2.126381e+04 1.483552e+00 1.732703e-04 2.539533e-04 1.546058e-09 5.828265e-02 
895            2.170660e+04 1.501671e+00 1.725196e-04 2.542866e-04 1.623339e-09 5.649650e-02 
896            2.126381e+04 1.483552e+00 1.732703e-04 2.539533e-04 1.546058e-09 5.828265e-02 
897            2.134803e+04 1.491432e+00 1.731843e-04 2.542702e-04 1.633914e-09 5.700697e-02 
898            2.715656e+04 1.442910e+00 1.103179e-04 3.438990e-04 1.775973e-09 7.521840e-02 
899            2.125463e+04 1.486459e+00 1.733060e-04 2.542480e-04 1.615670e-09 5.829002e-02 
900            2.165998e+04 1.520684e+00 1.736667e-04 2.533295e-04 1.593713e-09 5.708193e-02 
901            2.177520e+04 1.330876e+00 9.436720e-05 2.768930e-04 1.717483e-09 5.882657e-02 
902            2.149099e+04 1.515593e+00 1.737735e-04 2.536272e-04 1.578308e-09 5.646878e-02 
903            2.068919e+04 1.331580e+00 9.421711e-05 2.769409e-04 1.806303e-09 5.837908e-02 
904            2.154525e+04 1.522073e+00 1.738175e-04 2.534054e-04 1.619051e-09 5.691980e-02 
905            2.584251e+04 1.440660e+00 1.107157e-04 3.437127e-04 1.840029e-09 6.877391e-02 
906            2.172723e+04 1.502967e+00 1.727900e-04 2.544674e-04 1.596369e-09 5.603810e-02 
907            2.075503e+04 1.332312e+00 9.426082e-05 2.770159e-04 1.730274e-09 5.801890e-02 
908            2.561500e+04 1.296304e+00 9.475059e-05 2.774107e-04 1.643151e-09 7.238503e-02 
909            2.148602e+04 1.514752e+00 1.737852e-04 2.537145e-04 1.625141e-09 5.580086e-02 
910            2.090366e+04 1.475470e+00 1.736401e-04 2.532355e-04 1.612663e-09 5.856064e-02 
911            3.083007e+04 1.448449e+00 1.093880e-04 3.445525e-04 1.653712e-09 9.352311e-02 
912            2.091056e+04 1.328606e+00 9.417640e-05 2.771911e-04 1.799584e-09 5.653081e-02 
913            2.171312e+04 1.501968e+00 1.726040e-04 2.544548e-04 1.608135e-09 5.682998e-02 
914            2.427810e+04 1.311736e+00 9.353099e-05 2.770197e-04 1.826056e-09 6.590407e-02 
915            2.117951e+04 1.331966e+00 9.377296e-05 2.768738e-04 1.805281e-09 5.710924e-02 
916            2.119878e+04 1.334391e+00 9.388870e-05 2.764636e-04 1.738856e-09 5.803555e-02 
917            2.120489e+04 1.331684e+00 9.391302e-05 2.770711e-04 1.774256e-09 5.671768e-02 
918            2.108455e+04 1.332906e+00 9.408172e-05 2.762913e-04 1.789911e-09 5.739695e-02 
919            3.169171e+04 1.445583e+00 1.100078e-04 3.445679e-04 1.630804e-09 9.577803e-02 
920            3.432644e+04 1.437909e+00 1.098460e-04 3.439156e-04 1.449922e-09 1.219653e-01 
921            2.159665e+04 1.507909e+00 1.729087e-04 2.543373e-04 1.568404e-09 5.777559e-02 
922            3.309792e+04 1.446386e+00 1.099614e-04 3.432491e-04 1.591958e-09 1.092408e-01 
923            2.087681e+04 1.327744e+00 9.392111e-05 2.771449e-04 1.728438e-09 5.691049e-02 
924            3.528335e+04 1.433449e+00 1.109008e-04 3.447099e-04 1.650771e-09 1.420847e-01 
925            2.161947e+04 1.516839e+00 1.735685e-04 2.532384e-04 1.642190e-09 5.692043e-02 
926            2.107747e+04 1.480974e+00 1.736525e-04 2.538228e-04 1.642621e-09 5.864618e-02 
927            2.085104e+04 1.330036e+00 9.434635e-05 2.767703e-04 1.791980e-09 5.892854e-02 
928            3.036051e+04 1.445405e+00 1.099445e-04 3.446535e-04 1.552889e-09 9.157496e-02 
929            2.241280e+04 1.328336e+00 9.384489e-05 2.768543e-04 1.790491e-09 5.837318e-02 
930            2.178594e+04 1.507694e+00 1.734729e-04 2.539901e-04 1.550307e-09 5.721075e-02 
931            2.164744e+04 1.521858e+00 1.736707e-04 2.536044e-04 1.584493e-09 5.722343e-02 
932            3.131712e+04 1.447052e+00 1.097882e-04 3.449113e-04 1.629838e-09 9.476606e-02 
933            2.518599e+04 1.443321e+00 1.108148e-04 3.436421e-04 1.805994e-09 6.316090e-02 
934            2.121672e+04 1.331650e+00 9.387124e-05 2.769311e-04 1.756604e-09 5.717364e-02 
935            2.164744e+04 1.521858e+00 1.736707e-04 2.536044e-04 1.584493e-09 5.722343e-02 
936            3.146572e+04 1.449226e+00 1.097748e-04 3.451537e-04 1.735545e-09 9.447469e-02 
937            2.152171e+04 1.521443e+00 1.736712e-04 2.535521e-04 1.664802e-09 5.670107e-02 
938            2.159665e+04 1.507909e+00 1.729087e-04 2.543373e-04 1.568404e-09 5.777559e-02 
939            2.161055e+04 1.517593e+00 1.737790e-04 2.534732e-04 1.640644e-09 5.630690e-02 
940            2.423725e+04 1.313487e+00 9.370013e-05 2.769337e-04 1.767574e-09 6.469901e-02 
941            2.162427e+04 1.522326e+00 1.736718e-04 2.534464e-04 1.628122e-09 5.627307e-02 
942            2.642525e+04 1.439396e+00 1.105081e-04 3.432775e-04 1.912528e-09 7.084912e-02 
943            2.086043e+04 1.330136e+00 9.434902e-05 2.767682e-04 1.696222e-09 5.825106e-02 
944            2.169428e+04 1.503384e+00 1.728525e-04 2.543888e-04 1.584418e-09 5.672346e-02 
945            2.150262e+04 1.506334e+00 1.729705e-04 2.543270e-04 1.584584e-09 5.765918e-02 
946            2.861536e+04 1.441160e+00 1.099754e-04 3.435467e-04 1.785492e-09 8.023988e-02 
947            2.066506e+04 1.329696e+00 9.414433e-05 2.774506e-04 1.722019e-09 5.641069e-02 
948            2.160617e+04 1.511665e+00 1.736330e-04 2.534825e-04 1.622958e-09 5.735831e-02 
949            3.146572e+04 1.449226e+00 1.097748e-04 3.451537e-04 1.735545e-09 9.447469e-02 
950            2.791612e+04 1.443531e+00 1.103190e-04 3.434131e-04 1.559297e-09 7.970595e-02 
951            2.094330e+04 1.329078e+00 9.393903e-05 2.771129e-04 1.756739e-09 5.758392e-02 
952            2.164860e+04 1.511701e+00 1.734403e-04 2.534438e-04 1.636682e-09 5.695406e-02 
953            2.110752e+04 1.332807e+00 9.412331e-05 2.763000e-04 1.801322e-09 5.763950e-02 
954            2.329781e+04 1.321576e+00 9.376489e-05 2.769456e-04 1.769612e-09 6.068046e-02 
955            2.482564e+04 1.306630e+00 9.415451e-05 2.772965e-04 1.781786e-09 6.765917e-02 
956            2.168345e+04 1.495133e+00 1.731680e-04 2.542360e-04 1.640482e-09 5.728656e-02 
957            2.307195e+04 1.322865e+00 9.389329e-05 2.767713e-04 1.852490e-09 6.044645e-02 
958            2.156607e+04 1.518852e+00 1.737134e-04 2.534411e-04 1.614712e-09 5.643511e-02 
959            2.500773e+04 1.304757e+00 9.449441e-05 2.776434e-04 1.778113e-09 6.785471e-02 
960            2.237873e+04 1.331550e+00 9.395093e-05 2.773760e-04 1.690579e-09 5.848951e-02 
961            2.118548e+04 1.332629e+00 9.376828e-05 2.768877e-04 1.802447e-09 5.652952e-02 
962            3.459262e+04 1.437170e+00 1.102638e-04 3.438688e-04 1.469282e-09 1.240624e-01 
963            2.101868e+04 1.479078e+00 1.737521e-04 2.536544e-04 1.563436e-09 5.781143e-02 
964            3.425329e+04 1.440994e+00 1.097060e-04 3.437317e-04 1.729178e-09 1.189322e-01 
965            3.420848e+04 1.440475e+00 1.097334e-04 3.437457e-04 1.561882e-09 1.190069e-01 
966            2.164063e+04 1.521927e+00 1.736581e-04 2.534908e-04 1.617483e-09 5.635897e-02 
967            3.381849e+04 1.446471e+00 1.097958e-04 3.438636e-04 1.642538e-09 1.121135e-01 
968            2.527651e+04 1.299041e+00 9.473954e-05 2.775336e-04 1.702929e-09 6.915025e-02 
969            2.185792e+04 1.330362e+00 9.433758e-05 2.770830e-04 1.811881e-09 5.953564e-02 
970            2.490911e+04 1.444231e+00 1.108430e-04 3.435062e-04 1.775319e-09 6.489576e-02 
971            3.481695e+04 1.437265e+00 1.102788e-04 3.438628e-04 1.518370e-09 1.224751e-01 
972            2.167481e+04 1.518701e+00 1.737628e-04 2.530811e-04 1.583022e-09 5.630493e-02 
973            2.105080e+04 1.479086e+00 1.737171e-04 2.536150e-04 1.630139e-09 5.805168e-02 
974            2.158993e+04 1.511005e+00 1.738218e-04 2.533841e-04 1.645099e-09 5.709791e-02 
975            2.930504e+04 1.435762e+00 1.092971e-04 3.442323e-04 1.659110e-09 8.332456e-02 
976            2.404799e+04 1.315760e+00 9.380683e-05 2.771381e-04 1.835737e-09 6.567749e-02 
977            3.052249e+04 1.447533e+00 1.096630e-04 3.449748e-04 1.639447e-09 8.814391e-02 
978            3.608398e+04 1.439029e+00 1.114814e-04 3.444574e-04 1.394267e-09 2.248107e-01 
979            2.509208e+04 1.442641e+00 1.107105e-04 3.433674e-04 1.764847e-09 6.348624e-02 
980            3.381849e+04 1.446471e+00 1.097958e-04 3.438636e-04 1.642538e-09 1.121135e-01 
981            2.671145e+04 1.443192e+00 1.103761e-04 3.436932e-04 1.685986e-09 7.245823e-02 
982            2.170647e+04 1.510079e+00 1.733810e-04 2.535403e-04 1.654430e-09 5.742840e-02 
983            2.144827e+04 1.493898e+00 1.730578e-04 2.541590e-04 1.632954e-09 5.891763e-02 
984            3.135385e+04 1.446084e+00 1.097116e-04 3.449055e-04 1.553267e-09 9.525850e-02 
985            2.948058e+04 1.436408e+00 1.094499e-04 3.439015e-04 1.745540e-09 8.512189e-02 
986            2.145255e+04 1.493888e+00 1.730122e-04 2.542435e-04 1.611612e-09 5.852345e-02 
987            2.141981e+04 1.329095e+00 9.413422e-05 2.769495e-04 1.775239e-09 5.701125e-02 
988            2.152171e+04 1.521443e+00 1.736712e-04 2.535521e-04 1.664802e-09 5.670107e-02 
989            2.176545e+04 1.508730e+00 1.735112e-04 2.539067e-04 1.592414e-09 5.643056e-02 
990            2.154830e+04 1.504963e+00 1.729673e-04 2.543773e-04 1.555969e-09 5.592470e-02 
991            2.241623e+04 1.327277e+00 9.368703e-05 2.772235e-04 1.747559e-09 5.910976e-02 
992            2.153149e+04 1.518995e+00 1.736696e-04 2.535245e-04 1.613089e-09 5.632888e-02 
993            2.063682e+04 1.329360e+00 9.425261e-05 2.775097e-04 1.727090e-09 5.571650e-02 
994            2.076800e+04 1.333258e+00 9.420171e-05 2.770800e-04 1.743379e-09 5.711769e-02 
995            2.597511e+04 1.438783e+00 1.106934e-04 3.434824e-04 1.804299e-09 7.193401e-02 
996            2.143461e+04 1.491882e+00 1.731358e-04 2.544985e-04 1.530130e-09 5.773278e-02 
997            2.167339e+04 1.496729e+00 1.730848e-04 2.541511e-04 1.564093e-09 5.815149e-02 
998            2.937296e+04 1.436223e+00 1.092928e-04 3.441767e-04 1.613146e-09 8.364671e-02 
999            2.162783e+04 1.517322e+00 1.737544e-04 2.534196e-04 1.619438e-09 5.678373e-02 
1000           2.072788e+04 1.327969e+00 9.414033e-05 2.773552e-04 1.778630e-09 5.733381e-02 
