Frequency in Hz	Silk_95 Normalized Surface Impedance continuous Re	Frequency in Hz	Silk_95 Normalized Surface Impedance continuous Im	
100	3,67351579666138	100	-12,9818811416626	
103,125	4,94256401062012	103,125	-13,1313333511353	
106,25	2,93562173843384	106,25	-11,151195526123	
109,375	2,96214556694031	109,375	-12,5114526748657	
112,5	3,56417059898376	112,5	-11,5434904098511	
115,625	3,11211633682251	115,625	-10,8919324874878	
118,75	3,24676513671875	118,75	-11,4991369247437	
121,875	3,59954833984375	121,875	-10,3988561630249	
125	2,94549465179443	125	-10,7852087020874	
128,125	2,65198945999146	128,125	-10,2076406478882	
131,25	2,7375180721283	131,25	-10,2838687896729	
134,375	2,33848142623901	134,375	-10,5182847976685	
137,5	2,90478706359863	137,5	-9,0196361541748	
140,625	3,37413620948792	140,625	-9,32956504821777	
143,75	3,09464049339294	143,75	-8,80071640014648	
146,875	2,88618063926697	146,875	-9,76636219024658	
150	3,01081204414368	150	-8,86840534210205	
153,125	2,61609721183777	153,125	-8,4350643157959	
156,25	2,78016424179077	156,25	-8,58918952941895	
159,375	2,66960310935974	159,375	-8,39161491394043	
162,5	2,66493535041809	162,5	-8,41796875	
165,625	2,85045790672302	165,625	-8,26161193847656	
168,75	2,47563219070435	168,75	-7,72890424728394	
171,875	2,87493348121643	171,875	-7,81771612167358	
175	2,83373546600342	175	-7,44387197494507	
178,125	2,58732271194458	178,125	-7,52933645248413	
181,25	2,69143342971802	181,25	-7,56501722335815	
184,375	2,83513283729553	184,375	-7,3666353225708	
187,5	2,77580785751343	187,5	-6,94357776641846	
190,625	2,90794062614441	190,625	-6,99560356140137	
193,75	2,70974230766296	193,75	-6,65414714813232	
196,875	2,78008008003235	196,875	-6,79213905334473	
200	2,66883397102356	200	-6,93498420715332	
203,125	2,64346289634705	203,125	-7,00014781951904	
206,25	2,46031665802002	206,25	-6,38988780975342	
209,375	2,61875247955322	209,375	-6,44368934631348	
212,5	2,63660025596619	212,5	-6,68905115127563	
215,625	2,56423473358154	215,625	-6,12851810455322	
218,75	2,68988752365112	218,75	-6,31433486938477	
221,875	2,58517456054688	221,875	-6,07784843444824	
225	2,68220996856689	225	-5,97920274734497	
228,125	2,6711220741272	228,125	-5,87898063659668	
231,25	2,67166495323181	231,25	-5,85237741470337	
234,375	2,67219638824463	234,375	-5,71709012985229	
237,5	2,62876272201538	237,5	-5,83947563171387	
240,625	2,38033223152161	240,625	-5,63243627548218	
243,75	2,52091550827026	243,75	-5,63322114944458	
246,875	2,61911177635193	246,875	-5,43147230148315	
250	2,63463950157166	250	-5,37280416488647	
253,125	2,55348062515259	253,125	-5,38356733322144	
256,25	2,50070333480835	256,25	-5,24192333221436	
259,375	2,63482856750488	259,375	-5,17566347122192	
262,5	2,50972461700439	262,5	-5,14961957931519	
265,625	2,41415596008301	265,625	-5,10357522964478	
268,75	2,52642345428467	268,75	-5,0721287727356	
271,875	2,46225261688232	271,875	-4,92739820480347	
275	2,43484735488892	275	-4,95182847976685	
278,125	2,43343114852905	278,125	-4,80592918395996	
281,25	2,46262454986572	281,25	-4,79338455200195	
284,375	2,45395469665527	284,375	-4,7567720413208	
287,5	2,40330672264099	287,5	-4,85932636260986	
290,625	2,27673149108887	290,625	-4,56714534759521	
293,75	2,3046715259552	293,75	-4,59227991104126	
296,875	2,33741426467896	296,875	-4,50965309143066	
300	2,35005664825439	300	-4,45938634872437	
303,125	2,28846383094788	303,125	-4,34189987182617	
306,25	2,31208467483521	306,25	-4,24785995483398	
309,375	2,34793853759766	309,375	-4,16379690170288	
312,5	2,33655405044556	312,5	-4,00400257110596	
315,625	2,5472993850708	315,625	-3,91480302810669	
318,75	2,54710650444031	318,75	-3,87001609802246	
321,875	2,64931511878967	321,875	-3,97411370277405	
325	2,7144820690155	325	-4,01602077484131	
328,125	2,78120136260986	328,125	-3,97384786605835	
331,25	2,58741807937622	331,25	-4,05313968658447	
334,375	2,58104491233826	334,375	-4,04711008071899	
337,5	2,63908076286316	337,5	-4,00851488113403	
340,625	2,58284735679626	340,625	-4,01196146011353	
343,75	2,51627087593079	343,75	-3,914959192276	
346,875	2,50899338722229	346,875	-3,92245936393738	
350	2,54920768737793	350	-3,88230872154236	
353,125	2,54045557975769	353,125	-3,89717793464661	
356,25	2,44760727882385	356,25	-3,88956689834595	
359,375	2,38237833976746	359,375	-3,79163718223572	
362,5	2,42159342765808	362,5	-3,7348325252533	
365,625	2,47004365921021	365,625	-3,66510796546936	
368,75	2,434410572052	368,75	-3,71511173248291	
371,875	2,35115933418274	371,875	-3,79933500289917	
375	2,49563431739807	375	-3,50251579284668	
378,125	2,41133403778076	378,125	-3,5173807144165	
381,25	2,45470428466797	381,25	-3,63046979904175	
384,375	2,46295547485352	384,375	-3,44631886482239	
387,5	2,34076547622681	387,5	-3,40424823760986	
390,625	2,29338240623474	390,625	-3,42258977890015	
393,75	2,40996170043945	393,75	-3,52804446220398	
396,875	2,42926645278931	396,875	-3,5061092376709	
400	2,4655704498291	400	-3,4744348526001	
403,125	2,47718667984009	403,125	-3,44620060920715	
406,25	2,4203085899353	406,25	-3,34566950798035	
409,375	2,38931584358215	409,375	-3,21909689903259	
412,5	2,31535720825195	412,5	-3,17519426345825	
415,625	2,32335066795349	415,625	-3,28841471672058	
418,75	2,35260391235352	418,75	-3,18065190315247	
421,875	2,28060126304626	421,875	-3,17059683799744	
425	2,32156848907471	425	-3,15754699707031	
428,125	2,44464135169983	428,125	-3,17299580574036	
431,25	2,31544327735901	431,25	-3,14058208465576	
434,375	2,36991453170776	434,375	-3,12285995483398	
437,5	2,38682007789612	437,5	-3,10449266433716	
440,625	2,41009402275085	440,625	-3,07606673240662	
443,75	2,36582469940186	443,75	-3,0351083278656	
446,875	2,3918342590332	446,875	-3,00244998931885	
450	2,41533732414246	450	-3,0867018699646	
453,125	2,42324304580688	453,125	-3,06452417373657	
456,25	2,41130065917969	456,25	-3,09231448173523	
459,375	2,36895275115967	459,375	-3,02153587341309	
462,5	2,30496692657471	462,5	-2,97010159492493	
465,625	2,30689692497253	465,625	-2,97172904014587	
468,75	2,33322095870972	468,75	-2,95830821990967	
471,875	2,24419331550598	471,875	-2,8932933807373	
475	2,26615810394287	475	-2,86339020729065	
478,125	2,34413528442383	478,125	-2,8363983631134	
481,25	2,36600661277771	481,25	-2,88081693649292	
484,375	2,31402134895325	484,375	-2,81302714347839	
487,5	2,35756826400757	487,5	-2,80083346366882	
490,625	2,33687853813171	490,625	-2,78160738945007	
493,75	2,33440589904785	493,75	-2,73662066459656	
496,875	2,34034490585327	496,875	-2,72136497497559	
500	2,30911374092102	500	-2,76372075080872	
503,125	2,30460548400879	503,125	-2,74496364593506	
506,25	2,31964206695557	506,25	-2,73357272148132	
509,375	2,29008293151855	509,375	-2,73040223121643	
512,5	2,27726101875305	512,5	-2,6736319065094	
515,625	2,32641530036926	515,625	-2,65945553779602	
518,75	2,34646511077881	518,75	-2,64217901229858	
521,875	2,27770781517029	521,875	-2,63456726074219	
525	2,28670430183411	525	-2,60183548927307	
528,125	2,30924367904663	528,125	-2,62852072715759	
531,25	2,29295444488525	531,25	-2,59298205375671	
534,375	2,29757189750671	534,375	-2,57193565368652	
537,5	2,29279923439026	537,5	-2,55621027946472	
540,625	2,29396080970764	540,625	-2,55400323867798	
543,75	2,32836556434631	543,75	-2,52601265907288	
546,875	2,27578997612	546,875	-2,53294444084167	
550	2,29405355453491	550	-2,51236176490784	
553,125	2,28396844863892	553,125	-2,48665118217468	
556,25	2,5505998134613	556,25	-2,51528453826904	
559,375	2,54984307289124	559,375	-2,46984648704529	
562,5	2,55493879318237	562,5	-2,46697664260864	
565,625	2,5426881313324	565,625	-2,46334886550903	
568,75	2,5451192855835	568,75	-2,43868160247803	
571,875	2,54859709739685	571,875	-2,42344689369202	
575	2,5408661365509	575	-2,42506909370422	
578,125	2,55460596084595	578,125	-2,39189982414246	
581,25	2,54740500450134	581,25	-2,40288162231445	
584,375	2,5327262878418	584,375	-2,39765977859497	
587,5	2,53743362426758	587,5	-2,38558149337769	
590,625	2,53559422492981	590,625	-2,36243891716003	
593,75	2,53219056129456	593,75	-2,34501171112061	
596,875	2,53832793235779	596,875	-2,3401050567627	
600	2,5190052986145	600	-2,32642126083374	
603,125	2,5308735370636	603,125	-2,31217002868652	
606,25	2,52207207679749	606,25	-2,29563856124878	
609,375	2,53274965286255	609,375	-2,29313588142395	
612,5	2,52846574783325	612,5	-2,27768754959106	
615,625	2,51489067077637	615,625	-2,26423025131226	
618,75	2,52227783203125	618,75	-2,25366163253784	
621,875	2,53493094444275	621,875	-2,24671220779419	
625	2,53358006477356	625	-2,22299814224243	
628,125	2,51960444450378	628,125	-2,21303129196167	
631,25	2,52207159996033	631,25	-2,18351721763611	
634,375	2,52408266067505	634,375	-2,17171001434326	
637,5	2,52685165405273	637,5	-2,16975688934326	
640,625	2,5466206073761	640,625	-2,15989351272583	
643,75	2,52982902526855	643,75	-2,15374493598938	
646,875	2,53415155410767	646,875	-2,13464426994324	
650	2,53405499458313	650	-2,13897299766541	
653,125	2,5395336151123	653,125	-2,11905765533447	
656,25	2,54168081283569	656,25	-2,10483717918396	
659,375	2,53240013122559	659,375	-2,0999174118042	
662,5	2,54581427574158	662,5	-2,10134649276733	
665,625	2,54181933403015	665,625	-2,09923005104065	
668,75	2,53945231437683	668,75	-2,08078598976135	
671,875	2,55195426940918	671,875	-2,06685972213745	
675	2,53922867774963	675	-2,05144619941711	
678,125	2,53544545173645	678,125	-2,03960132598877	
681,25	2,54249978065491	681,25	-2,03665280342102	
684,375	2,54517841339111	684,375	-2,03268194198608	
687,5	2,55492901802063	687,5	-2,03945589065552	
690,625	2,52243065834045	690,625	-2,02657914161682	
693,75	2,54680728912354	693,75	-2,01810336112976	
696,875	2,54994869232178	696,875	-2,01109981536865	
700	2,5401017665863	700	-1,99830913543701	
703,125	2,53897190093994	703,125	-1,99655425548553	
706,25	2,55085515975952	706,25	-1,99010097980499	
709,375	2,55335235595703	709,375	-1,97170889377594	
712,5	2,52158665657043	712,5	-1,96974754333496	
715,625	2,54380297660828	715,625	-1,97131597995758	
718,75	2,54319047927856	718,75	-1,97088420391083	
721,875	2,5400083065033	721,875	-1,95549857616425	
725	2,54148197174072	725	-1,95772266387939	
728,125	2,53853845596313	728,125	-1,93917977809906	
731,25	2,54244947433472	731,25	-1,94107568264008	
734,375	2,54422235488892	734,375	-1,93102359771729	
737,5	2,54796195030212	737,5	-1,93223428726196	
740,625	2,5402524471283	740,625	-1,91012716293335	
743,75	2,53333520889282	743,75	-1,89408206939697	
746,875	2,52383041381836	746,875	-1,90784156322479	
750	2,52447628974915	750	-1,90270757675171	
753,125	2,53394865989685	753,125	-1,8935512304306	
756,25	2,53464341163635	756,25	-1,88179659843445	
759,375	2,54114460945129	759,375	-1,86000227928162	
762,5	2,54784727096558	762,5	-1,86843907833099	
765,625	2,54639554023743	765,625	-1,85919177532196	
768,75	2,52679586410522	768,75	-1,86084997653961	
771,875	2,52282238006592	771,875	-1,84560918807983	
775	2,53977084159851	775	-1,84337902069092	
778,125	2,54246640205383	778,125	-1,82852935791016	
781,25	2,53152561187744	781,25	-1,82802772521973	
784,375	2,52204918861389	784,375	-1,8183878660202	
787,5	2,5133581161499	787,5	-1,81654417514801	
790,625	2,51721167564392	790,625	-1,81262052059174	
793,75	2,53107142448425	793,75	-1,8055454492569	
796,875	2,53798842430115	796,875	-1,80081236362457	
800	2,53288912773132	800	-1,79633390903473	
803,125	2,55101370811462	803,125	-1,79553723335266	
806,25	2,5343930721283	806,25	-1,79470360279083	
809,375	2,50463771820068	809,375	-1,78472948074341	
812,5	2,53451585769653	812,5	-1,77995479106903	
815,625	2,54634141921997	815,625	-1,76621329784393	
818,75	2,52391171455383	818,75	-1,76152670383453	
821,875	2,53313875198364	821,875	-1,74974131584167	
825	2,57002997398376	825	-1,73846483230591	
828,125	2,55932760238647	828,125	-1,7343544960022	
831,25	2,57474827766418	831,25	-1,67629504203796	
834,375	2,52771854400635	834,375	-1,71499800682068	
837,5	2,52893924713135	837,5	-1,7339940071106	
840,625	2,52992963790894	840,625	-1,72984778881073	
843,75	2,5235230922699	843,75	-1,71800649166107	
846,875	2,53550148010254	846,875	-1,73960018157959	
850	2,54356122016907	850	-1,74195265769958	
853,125	2,56933259963989	853,125	-1,72459197044373	
856,25	2,56509757041931	856,25	-1,69445824623108	
859,375	2,55204558372498	859,375	-1,67975902557373	
862,5	2,55073237419128	862,5	-1,68755972385406	
865,625	2,55966281890869	865,625	-1,69217240810394	
868,75	2,57229208946228	868,75	-1,69926834106445	
871,875	2,55527424812317	871,875	-1,70040786266327	
875	2,56601929664612	875	-1,68405771255493	
878,125	2,55850648880005	878,125	-1,68437325954437	
881,25	2,55278277397156	881,25	-1,6794331073761	
884,375	2,77611756324768	884,375	-1,48256683349609	
887,5	2,76723575592041	887,5	-1,45585250854492	
890,625	2,76088500022888	890,625	-1,46632015705109	
893,75	2,77465319633484	893,75	-1,49239122867584	
896,875	2,76024270057678	896,875	-1,48289918899536	
900	2,77470350265503	900	-1,46865141391754	
903,125	2,76040601730347	903,125	-1,45133364200592	
906,25	2,76655650138855	906,25	-1,44732594490051	
909,375	2,78400659561157	909,375	-1,46107053756714	
912,5	2,76713156700134	912,5	-1,47404038906097	
915,625	2,76131200790405	915,625	-1,46480274200439	
918,75	2,75883316993713	918,75	-1,44736957550049	
921,875	2,75559782981873	921,875	-1,42489242553711	
925	2,75888824462891	925	-1,423748254776	
928,125	2,78102469444275	928,125	-1,42837297916412	
931,25	2,74506640434265	931,25	-1,42624032497406	
934,375	2,75203728675842	934,375	-1,42395758628845	
937,5	2,74722814559937	937,5	-1,41961538791656	
940,625	2,75328230857849	940,625	-1,41199350357056	
943,75	2,73762822151184	943,75	-1,42245554924011	
946,875	2,73884630203247	946,875	-1,4141252040863	
950	2,74138259887695	950	-1,40297949314117	
953,125	2,75119996070862	953,125	-1,39587771892548	
956,25	2,74153614044189	956,25	-1,38970375061035	
959,375	2,72812509536743	959,375	-1,39080011844635	
962,5	2,7271876335144	962,5	-1,39484357833862	
965,625	2,72900009155273	965,625	-1,38895165920258	
968,75	2,74088406562805	968,75	-1,39332711696625	
971,875	2,72012972831726	971,875	-1,39033162593842	
975	2,72360634803772	975	-1,38042783737183	
978,125	2,72163510322571	978,125	-1,37704002857208	
981,25	2,70890998840332	981,25	-1,36705791950226	
984,375	2,71409010887146	984,375	-1,37485074996948	
987,5	2,71316027641296	987,5	-1,37202942371368	
990,625	2,71121668815613	990,625	-1,36345386505127	
993,75	2,70140671730042	993,75	-1,37923467159271	
996,875	2,70250082015991	996,875	-1,37483048439026	
1000	2,69200348854065	1000	-1,37876117229462	
1003,125	2,69412207603455	1003,125	-1,36762237548828	
1006,25	2,68986821174622	1006,25	-1,36374115943909	
1009,375	2,67818856239319	1009,375	-1,36382448673248	
1012,5	2,68233799934387	1012,5	-1,35911333560944	
1015,625	2,68664050102234	1015,625	-1,36424601078033	
1018,75	2,66350507736206	1018,75	-1,36784446239471	
1021,875	2,66858172416687	1021,875	-1,36102831363678	
1025	2,65246057510376	1025	-1,35899806022644	
1028,125	2,65441966056824	1028,125	-1,35660421848297	
1031,25	2,66003179550171	1031,25	-1,36070501804352	
1034,375	2,64777898788452	1034,375	-1,3615437746048	
1037,5	2,64059114456177	1037,5	-1,35838770866394	
1040,625	2,63242268562317	1040,625	-1,36145150661469	
1043,75	2,63002967834473	1043,75	-1,35669553279877	
1046,875	2,62417435646057	1046,875	-1,35352468490601	
1050	2,61400008201599	1050	-1,36283791065216	
1053,125	2,61203002929688	1053,125	-1,37027311325073	
1056,25	2,59496831893921	1056,25	-1,36498725414276	
1059,375	2,59800696372986	1059,375	-1,36591649055481	
1062,5	2,59016442298889	1062,5	-1,3697292804718	
1065,625	2,57096362113953	1065,625	-1,37420296669006	
1068,75	2,56791472434998	1068,75	-1,36067867279053	
1071,875	2,55848169326782	1071,875	-1,36175918579102	
1075	2,5534827709198	1075	-1,36808550357819	
1078,125	2,54276919364929	1078,125	-1,37916970252991	
1081,25	2,50863981246948	1081,25	-1,36709272861481	
1084,375	2,50996732711792	1084,375	-1,3699791431427	
1087,5	2,50015425682068	1087,5	-1,37042903900146	
1090,625	2,49180793762207	1090,625	-1,36775290966034	
1093,75	2,4750645160675	1093,75	-1,37204372882843	
1096,875	2,45599889755249	1096,875	-1,36650550365448	
1100	2,43897747993469	1100	-1,36449384689331	
1103,125	2,41929125785828	1103,125	-1,36672556400299	
1106,25	2,41643953323364	1106,25	-1,35579013824463	
1109,375	2,38565254211426	1109,375	-1,36619329452515	
1112,5	2,38017535209656	1112,5	-1,36712300777435	
1115,625	2,35374784469604	1115,625	-1,34289216995239	
1118,75	2,3312611579895	1118,75	-1,3682302236557	
1121,875	2,32618761062622	1121,875	-1,35437738895416	
1125	2,29993057250977	1125	-1,35849142074585	
1128,125	2,28296709060669	1128,125	-1,35958313941956	
1131,25	2,2385847568512	1131,25	-1,34745919704437	
1134,375	2,23463773727417	1134,375	-1,34026956558228	
1137,5	2,21134209632874	1137,5	-1,34602844715118	
1140,625	2,16473650932312	1140,625	-1,33318781852722	
1143,75	2,15617823600769	1143,75	-1,3191032409668	
1146,875	2,13215184211731	1146,875	-1,30444657802582	
1150	2,09181356430054	1150	-1,28307139873505	
1153,125	2,07395005226135	1153,125	-1,25883364677429	
1156,25	2,0494372844696	1156,25	-1,26299726963043	
1159,375	2,00115633010864	1159,375	-1,25356686115265	
1162,5	1,99342775344849	1162,5	-1,2272287607193	
1165,625	1,9542555809021	1165,625	-1,18968725204468	
1168,75	1,93618607521057	1168,75	-1,1701420545578	
1171,875	1,9105259180069	1171,875	-1,13659250736237	
1175	1,88315618038177	1175	-1,10166323184967	
1178,125	1,85921847820282	1178,125	-1,07602882385254	
1181,25	1,84160482883453	1181,25	-1,04821312427521	
1184,375	1,81876730918884	1184,375	-0,99599701166153	
1187,5	1,7930212020874	1187,5	-0,97083455324173	
1190,625	1,78682565689087	1190,625	-0,923807621002197	
1193,75	1,78313994407654	1193,75	-0,882733643054962	
1196,875	1,77406704425812	1196,875	-0,839361786842346	
1200	1,75359880924225	1200	-0,797063946723938	
1203,125	1,75473928451538	1203,125	-0,755833685398102	
1206,25	1,76264870166779	1206,25	-0,717900276184082	
1209,375	1,75191414356232	1209,375	-0,67877733707428	
1212,5	1,75736832618713	1212,5	-0,635993242263794	
1215,625	1,75582849979401	1215,625	-0,600048720836639	
1218,75	1,75508058071136	1218,75	-0,537917733192444	
1221,875	1,7830399274826	1221,875	-0,509811878204346	
1225	1,78709816932678	1225	-0,479742646217346	
1228,125	1,80779528617859	1228,125	-0,429810494184494	
1231,25	1,81003141403198	1231,25	-0,399862200021744	
1234,375	1,82876396179199	1234,375	-0,361544013023376	
1237,5	1,8495546579361	1237,5	-0,317308664321899	
1240,625	1,87156081199646	1240,625	-0,296143859624863	
1243,75	1,89944136142731	1243,75	-0,258364468812943	
1246,875	1,92157077789307	1246,875	-0,234167620539665	
1250	1,95293140411377	1250	-0,224407389760017	
1253,125	1,97610199451447	1253,125	-0,198751226067543	
1256,25	2,00089979171753	1256,25	-0,17692331969738	
1259,375	2,03185081481934	1259,375	-0,162142023444176	
1262,5	2,06098628044128	1262,5	-0,142826423048973	
1265,625	2,07997059822083	1265,625	-0,125259250402451	
1268,75	2,11308026313782	1268,75	-0,109488561749458	
1271,875	2,13412857055664	1271,875	-0,106575086712837	
1275	2,15413451194763	1275	-0,100598134100437	
1278,125	2,1813280582428	1278,125	-0,0959578529000282	
1281,25	2,20652270317078	1281,25	-0,0862777382135391	
1284,375	2,22086572647095	1284,375	-0,0771046280860901	
1287,5	2,24151134490967	1287,5	-0,0711240246891975	
1290,625	2,26545572280884	1290,625	-0,0669779777526855	
1293,75	2,27757501602173	1293,75	-0,0641910210251808	
1296,875	2,29428744316101	1296,875	-0,0681616887450218	
1300	2,31743741035461	1300	-0,0545326061546803	
1303,125	2,3353157043457	1303,125	-0,0510428957641125	
1306,25	2,34497952461243	1306,25	-0,0479586273431778	
1309,375	2,36309385299683	1309,375	-0,0491483882069588	
1312,5	2,38270545005798	1312,5	-0,0442386716604233	
1315,625	2,39834070205688	1315,625	-0,0382882840931416	
1318,75	2,40722417831421	1318,75	-0,040686447173357	
1321,875	2,41511344909668	1321,875	-0,0381665751338005	
1325	2,43840193748474	1325	-0,0342394709587097	
1328,125	2,45248675346375	1328,125	-0,0383663699030876	
1331,25	2,46217703819275	1331,25	-0,0402468740940094	
1334,375	2,48367500305176	1334,375	-0,0440363511443138	
1337,5	2,49379706382751	1337,5	-0,0372150726616383	
1340,625	2,50602221488953	1340,625	-0,0409473516047001	
1343,75	2,52185201644897	1343,75	-0,0365554168820381	
1346,875	2,52978038787842	1346,875	-0,0413111746311188	
1350	2,54321384429932	1350	-0,044927679002285	
1353,125	2,5545220375061	1353,125	-0,0427448451519012	
1356,25	2,57889795303345	1356,25	-0,0528947971761227	
1359,375	2,57731318473816	1359,375	-0,0565358735620975	
1362,5	2,58904337882996	1362,5	-0,059786681085825	
1365,625	2,60054564476013	1365,625	-0,0648189559578896	
1368,75	2,60604929924011	1368,75	-0,0705053806304932	
1371,875	2,61354684829712	1371,875	-0,0781308636069298	
1375	2,6273558139801	1375	-0,0810964778065681	
1378,125	2,63181209564209	1378,125	-0,0809897780418396	
1381,25	2,63575553894043	1381,25	-0,0993286520242691	
1384,375	2,64315462112427	1384,375	-0,0960886627435684	
1387,5	2,64113211631775	1387,5	-0,08609788864851	
1390,625	2,64411568641663	1390,625	-0,0859079360961914	
1393,75	2,64410519599915	1393,75	-0,093121238052845	
1396,875	2,64949679374695	1396,875	-0,0972138196229935	
1400	2,65659546852112	1400	-0,0963806658983231	
1403,125	2,6672945022583	1403,125	-0,097562201321125	
1406,25	2,67287492752075	1406,25	-0,102406725287437	
1409,375	2,67696905136108	1409,375	-0,104309767484665	
1412,5	2,67822051048279	1412,5	-0,0992979854345322	
1415,625	2,68254399299622	1415,625	-0,109424442052841	
1418,75	2,69308304786682	1418,75	-0,110445581376553	
1421,875	2,69582843780518	1421,875	-0,107174508273602	
1425	2,70243501663208	1425	-0,106682844460011	
1428,125	2,71259474754334	1428,125	-0,12077321857214	
1431,25	2,71270799636841	1431,25	-0,116661638021469	
1434,375	2,71623420715332	1434,375	-0,120128728449345	
1437,5	2,71379065513611	1437,5	-0,12691767513752	
1440,625	2,72763919830322	1440,625	-0,119783997535706	
1443,75	2,72598171234131	1443,75	-0,143768474459648	
1446,875	2,72556471824646	1446,875	-0,132367625832558	
1450	2,72516465187073	1450	-0,136323124170303	
1453,125	2,72518944740295	1453,125	-0,138975784182549	
1456,25	2,72809076309204	1456,25	-0,147753268480301	
1459,375	2,72770595550537	1459,375	-0,14567431807518	
1462,5	2,72432041168213	1462,5	-0,143280670046806	
1465,625	2,73425126075745	1465,625	-0,144592195749283	
1468,75	2,73001098632813	1468,75	-0,15636333823204	
1471,875	2,73284506797791	1471,875	-0,158188968896866	
1475	2,73852729797363	1475	-0,15265192091465	
1478,125	2,73629117012024	1478,125	-0,157806515693665	
1481,25	2,73412036895752	1481,25	-0,152216821908951	
1484,375	2,73219752311707	1484,375	-0,164271950721741	
1487,5	2,74592304229736	1487,5	-0,165067076683044	
1490,625	2,74310731887817	1490,625	-0,164210289716721	
1493,75	2,74771189689636	1493,75	-0,166987210512161	
1496,875	2,75438213348389	1496,875	-0,157967865467072	
1500	2,74829626083374	1500	-0,175356313586235	
1503,125	2,74589037895203	1503,125	-0,173384055495262	
1506,25	2,74564290046692	1506,25	-0,163218691945076	
1509,375	2,75142502784729	1509,375	-0,179942205548286	
1512,5	2,75117182731628	1512,5	-0,179507493972778	
1515,625	2,75572443008423	1515,625	-0,17969086766243	
1518,75	2,74802827835083	1518,75	-0,177004933357239	
1521,875	2,75467014312744	1521,875	-0,17167840898037	
1525	2,75820803642273	1525	-0,190252125263214	
1528,125	2,74695873260498	1528,125	-0,183371841907501	
1531,25	2,75098848342896	1531,25	-0,185467332601547	
1534,375	2,74584794044495	1534,375	-0,18515445291996	
1537,5	2,75200176239014	1537,5	-0,193233028054237	
1540,625	2,75081515312195	1540,625	-0,184854820370674	
1543,75	2,74696636199951	1543,75	-0,204455554485321	
1546,875	2,74863982200623	1546,875	-0,193531468510628	
1550	2,7475278377533	1550	-0,202039405703545	
1553,125	2,7513222694397	1553,125	-0,197488099336624	
1556,25	2,74514579772949	1556,25	-0,200992226600647	
1559,375	2,74784684181213	1559,375	-0,203039467334747	
1562,5	2,74815273284912	1562,5	-0,204600945115089	
1565,625	2,7338330745697	1565,625	-0,205465391278267	
1568,75	2,74231576919556	1568,75	-0,210822835564613	
1571,875	2,73589038848877	1571,875	-0,214903146028519	
1575	2,73851799964905	1575	-0,210429236292839	
1578,125	2,73582649230957	1578,125	-0,216567233204842	
1581,25	2,73977971076965	1581,25	-0,22366327047348	
1584,375	2,73034477233887	1584,375	-0,211626574397087	
1587,5	2,73104429244995	1587,5	-0,219807028770447	
1590,625	2,73593378067017	1590,625	-0,226120069622993	
1593,75	2,73090934753418	1593,75	-0,232038050889969	
1596,875	2,7235906124115	1596,875	-0,226372972130775	
1600	2,72191381454468	1600	-0,227148100733757	
1603,125	2,71968579292297	1603,125	-0,228832364082336	
1606,25	2,71973204612732	1606,25	-0,230511337518692	
1609,375	2,69755673408508	1609,375	-0,225014314055443	
1612,5	2,67893576622009	1612,5	-0,230397045612335	
1615,625	2,68556642532349	1615,625	-0,229774132370949	
1618,75	2,68956470489502	1618,75	-0,234859734773636	
1621,875	2,6828887462616	1621,875	-0,229548305273056	
1625	2,6743175983429	1625	-0,233830571174622	
1628,125	2,66964197158813	1628,125	-0,221415579319	
1631,25	2,66071844100952	1631,25	-0,229241669178009	
1634,375	2,67371821403503	1634,375	-0,226045534014702	
1637,5	2,65793228149414	1637,5	-0,226027712225914	
1640,625	2,6429398059845	1640,625	-0,206475481390953	
1643,75	2,63183093070984	1643,75	-0,225560590624809	
1646,875	2,64314579963684	1646,875	-0,211313053965569	
1650	2,64428448677063	1650	-0,211202844977379	
1653,125	2,63285398483276	1653,125	-0,205412358045578	
1656,25	2,62838792800903	1656,25	-0,200603187084198	
1659,375	2,62564468383789	1659,375	-0,190018549561501	
1662,5	2,62640690803528	1662,5	-0,184868276119232	
1665,625	2,62963771820068	1665,625	-0,184937477111816	
1668,75	2,63173604011536	1668,75	-0,174877598881721	
1671,875	2,63476204872131	1671,875	-0,17348538339138	
1675	2,62862634658813	1675	-0,172337412834167	
1678,125	2,6270751953125	1678,125	-0,179020687937737	
1681,25	2,63180494308472	1681,25	-0,163780808448792	
1684,375	2,61041307449341	1684,375	-0,164872467517853	
1687,5	2,61501049995422	1687,5	-0,160227343440056	
1690,625	2,61498928070068	1690,625	-0,157746896147728	
1693,75	2,61033892631531	1693,75	-0,145942434668541	
1696,875	2,62580466270447	1696,875	-0,151645377278328	
1700	2,62383699417114	1700	-0,15079553425312	
1703,125	2,63240671157837	1703,125	-0,149622887372971	
1706,25	2,62854599952698	1706,25	-0,149554789066315	
1709,375	2,62135648727417	1709,375	-0,154492884874344	
1712,5	2,62717151641846	1712,5	-0,147633329033852	
1715,625	2,62425780296326	1715,625	-0,1472257822752	
1718,75	2,63346719741821	1718,75	-0,150136455893517	
1721,875	2,63385462760925	1721,875	-0,159101352095604	
1725	2,61931657791138	1725	-0,171723395586014	
1728,125	2,62991547584534	1728,125	-0,158491209149361	
1731,25	2,64018249511719	1731,25	-0,149915248155594	
1734,375	2,6457679271698	1734,375	-0,16781310737133	
1737,5	2,63344287872314	1737,5	-0,168173566460609	
1740,625	2,64129590988159	1740,625	-0,15801665186882	
1743,75	2,61902379989624	1743,75	-0,176778107881546	
1746,875	2,61361122131348	1746,875	-0,174799352884293	
1750	2,62416863441467	1750	-0,172610715031624	
1753,125	2,60936498641968	1753,125	-0,186081096529961	
1756,25	2,5996036529541	1756,25	-0,19846972823143	
1759,375	2,60643315315247	1759,375	-0,19179967045784	
1762,5	2,58907556533813	1762,5	-0,198519840836525	
1765,625	2,5784318447113	1765,625	-0,207143977284431	
1768,75	2,56522059440613	1768,75	-0,207577660679817	
1771,875	2,56455183029175	1771,875	-0,206141948699951	
1775	2,55990719795227	1775	-0,203068137168884	
1778,125	2,54758238792419	1778,125	-0,212208285927773	
1781,25	2,52711391448975	1781,25	-0,207015261054039	
1784,375	2,51641440391541	1784,375	-0,206088811159134	
1787,5	2,51464152336121	1787,5	-0,211568132042885	
1790,625	2,49305272102356	1790,625	-0,198920041322708	
1793,75	2,49175190925598	1793,75	-0,207602798938751	
1796,875	2,48327612876892	1796,875	-0,190736532211304	
1800	2,4674289226532	1800	-0,168663561344147	
1803,125	2,4512403011322	1803,125	-0,179740533232689	
1806,25	2,44336867332459	1806,25	-0,158763915300369	
1809,375	2,43027019500732	1809,375	-0,148275122046471	
1812,5	2,43374967575073	1812,5	-0,132003709673882	
1815,625	2,41764044761658	1815,625	-0,137798458337784	
1818,75	2,41214966773987	1818,75	-0,116418339312077	
1821,875	2,40982675552368	1821,875	-0,105665415525436	
1825	2,41007971763611	1825	-0,0969510152935982	
1828,125	2,4079225063324	1828,125	-0,0858494639396667	
1831,25	2,40544605255127	1831,25	-0,0688001587986946	
1834,375	2,39895844459534	1834,375	-0,0603751018643379	
1837,5	2,3987295627594	1837,5	-0,046535350382328	
1840,625	2,40767431259155	1840,625	-0,0424730405211449	
1843,75	2,40070128440857	1843,75	-0,0352765657007694	
1846,875	2,40567994117737	1846,875	-0,0271716304123402	
1850	2,40935254096985	1850	-0,0167333092540503	
1853,125	2,41350793838501	1853,125	-0,00787385459989309	
1856,25	2,40896010398865	1856,25	0,00786083657294512	
1859,375	2,41763615608215	1859,375	0,0124997394159436	
1862,5	2,41815137863159	1862,5	0,0130613362416625	
1865,625	2,42374300956726	1865,625	0,0251809414476156	
1868,75	2,424391746521	1868,75	0,0339259058237076	
1871,875	2,42989659309387	1871,875	0,0351943522691727	
1875	2,43855571746826	1875	0,0398747138679028	
1878,125	2,43368363380432	1878,125	0,0404750965535641	
1881,25	2,43903613090515	1881,25	0,0418308079242706	
1884,375	2,44614458084106	1884,375	0,048465795814991	
1887,5	2,44986081123352	1887,5	0,0545522309839725	
1890,625	2,44275617599487	1890,625	0,0555584914982319	
1893,75	2,44309401512146	1893,75	0,0618121698498726	
1896,875	2,44437623023987	1896,875	0,0622165650129318	
1900	2,44992089271545	1900	0,063047431409359	
1903,125	2,44546318054199	1903,125	0,067478820681572	
1906,25	2,44739151000977	1906,25	0,0664781555533409	
1909,375	2,45293784141541	1909,375	0,0700549185276031	
1912,5	2,45802116394043	1912,5	0,078457348048687	
1915,625	2,4552755355835	1915,625	0,0746298357844353	
1918,75	2,45541787147522	1918,75	0,0657181218266487	
1921,875	2,46349453926086	1921,875	0,0768808051943779	
1925	2,4686074256897	1925	0,0782801657915115	
1928,125	2,45767688751221	1928,125	0,0764419287443161	
1931,25	2,45974969863892	1931,25	0,0803739875555038	
1934,375	2,4633526802063	1934,375	0,0791905671358109	
1937,5	2,46356058120728	1937,5	0,0828979536890984	
1940,625	2,46290183067322	1940,625	0,0807221084833145	
1943,75	2,46492838859558	1943,75	0,0825107619166374	
1946,875	2,46013450622559	1946,875	0,0820397958159447	
1950	2,46228718757629	1950	0,0919900089502335	
1953,125	2,46686601638794	1953,125	0,084529422223568	
1956,25	2,46621823310852	1956,25	0,092113621532917	
1959,375	2,46961975097656	1959,375	0,0905381962656975	
1962,5	2,47790050506592	1962,5	0,096467562019825	
1965,625	2,46868991851807	1965,625	0,0983225405216217	
1968,75	2,47248673439026	1968,75	0,0931928008794785	
1971,875	2,46702980995178	1971,875	0,0951474383473396	
1975	2,45617580413818	1975	0,105442591011524	
1978,125	2,46729063987732	1978,125	0,0992598310112953	
1981,25	2,46367645263672	1981,25	0,10769459605217	
1984,375	2,46166372299194	1984,375	0,101535469293594	
1987,5	2,46334910392761	1987,5	0,109617725014687	
1990,625	2,46881246566772	1990,625	0,117799893021584	
1993,75	2,46619415283203	1993,75	0,107860669493675	
1996,875	2,47131657600403	1996,875	0,110894419252872	
2000	2,47822380065918	2000	0,11557000875473	
2003,125	2,47964191436768	2003,125	0,1166617795825	
2006,25	2,47690773010254	2006,25	0,115345776081085	
2009,375	2,47149705886841	2009,375	0,111787125468254	
2012,5	2,46687626838684	2012,5	0,11557774990797	
2015,625	2,47196578979492	2015,625	0,119474463164806	
2018,75	2,4666736125946	2018,75	0,111897595226765	
2021,875	2,47829556465149	2021,875	0,122220791876316	
2025	2,47840332984924	2025	0,120899297297001	
2028,125	2,46983003616333	2028,125	0,125733405351639	
2031,25	2,45710825920105	2031,25	0,124276801943779	
2034,375	2,47472882270813	2034,375	0,119552135467529	
2037,5	2,47208118438721	2037,5	0,130341917276382	
2040,625	2,44719886779785	2040,625	0,112752266228199	
2043,75	2,45726227760315	2043,75	0,122622974216938	
2046,875	2,46338319778442	2046,875	0,129222765564919	
2050	2,46706652641296	2050	0,124083869159222	
2053,125	2,47281622886658	2053,125	0,126855075359344	
2056,25	2,4663987159729	2056,25	0,128521218895912	
2059,375	2,46420788764954	2059,375	0,124748103320599	
2062,5	2,46354031562805	2062,5	0,127194106578827	
2065,625	2,46674633026123	2065,625	0,12381038069725	
2068,75	2,47234916687012	2068,75	0,131022319197655	
2071,875	2,47502183914185	2071,875	0,130329445004463	
2075	2,47083878517151	2075	0,129328936338425	
2078,125	2,46490526199341	2078,125	0,127536982297897	
2081,25	2,45870161056519	2081,25	0,130174770951271	
2084,375	2,4683518409729	2084,375	0,118783302605152	
2087,5	2,46867632865906	2087,5	0,127747416496277	
2090,625	2,46902418136597	2090,625	0,129489868879318	
2093,75	2,46381282806396	2093,75	0,124678418040276	
2096,875	2,46004152297974	2096,875	0,138158813118935	
2100	2,45784187316895	2100	0,116509310901165	
2103,125	2,45381259918213	2103,125	0,128388106822968	
2106,25	2,45533537864685	2106,25	0,134353488683701	
2109,375	2,45618081092834	2109,375	0,12618100643158	
2112,5	2,46224498748779	2112,5	0,124410517513752	
2115,625	2,45706701278687	2115,625	0,121922038495541	
2118,75	2,4592592716217	2118,75	0,130180612206459	
2121,875	2,44748616218567	2121,875	0,127560973167419	
2125	2,44376301765442	2125	0,126401007175446	
2128,125	2,45370817184448	2128,125	0,122411251068115	
2131,25	2,45152997970581	2131,25	0,125619471073151	
2134,375	2,44862031936646	2134,375	0,11557374894619	
2137,5	2,44913196563721	2137,5	0,116509027779102	
2140,625	2,44117784500122	2140,625	0,117615550756454	
2143,75	2,43933606147766	2143,75	0,123026624321938	
2146,875	2,44523143768311	2146,875	0,130448579788208	
2150	2,44629335403442	2150	0,118790492415428	
2153,125	2,43572282791138	2153,125	0,120839990675449	
2156,25	2,4418478012085	2156,25	0,120042689144611	
2159,375	2,4332582950592	2159,375	0,117293551564217	
2162,5	2,42541766166687	2162,5	0,132557138800621	
2165,625	2,42364931106567	2165,625	0,126389294862747	
2168,75	2,42761635780334	2168,75	0,111435428261757	
2171,875	2,42594933509827	2171,875	0,116979919373989	
2175	2,43362641334534	2175	0,11658576130867	
2178,125	2,42334032058716	2178,125	0,115314170718193	
2181,25	2,41505646705627	2181,25	0,122708886861801	
2184,375	2,40797710418701	2184,375	0,116838715970516	
2187,5	2,40992307662964	2187,5	0,117920868098736	
2190,625	2,41063499450684	2190,625	0,125827774405479	
2193,75	2,41441059112549	2193,75	0,117871403694153	
2196,875	2,41190505027771	2196,875	0,115519724786282	
2200	2,40481805801392	2200	0,121257968246937	
2203,125	2,40334868431091	2203,125	0,122698023915291	
2206,25	2,39823246002197	2206,25	0,125189036130905	
2209,375	2,39245128631592	2209,375	0,127645909786224	
2212,5	2,40739297866821	2212,5	0,124088734388351	
2215,625	2,41092705726624	2215,625	0,124346166849136	
2218,75	2,40109467506409	2218,75	0,127066537737846	
2221,875	2,39170122146606	2221,875	0,128308460116386	
2225	2,38906741142273	2225	0,120440647006035	
2228,125	2,39181590080261	2228,125	0,120316378772259	
2231,25	2,38046193122864	2231,25	0,123772583901882	
2234,375	2,3763530254364	2234,375	0,121808394789696	
2237,5	2,379558801651	2237,5	0,130758553743362	
2240,625	2,39085268974304	2240,625	0,121430158615112	
2243,75	2,38805651664734	2243,75	0,127037882804871	
2246,875	2,38002967834473	2246,875	0,129972532391548	
2250	2,3679723739624	2250	0,131367430090904	
2253,125	2,36558437347412	2253,125	0,128727123141289	
2256,25	2,36020135879517	2256,25	0,125824719667435	
2259,375	2,36386489868164	2259,375	0,126143217086792	
2262,5	2,36002254486084	2262,5	0,131649792194366	
2265,625	2,3577709197998	2265,625	0,13292783498764	
2268,75	2,34537363052368	2268,75	0,132124662399292	
2271,875	2,3461799621582	2271,875	0,13209792971611	
2275	2,34874439239502	2275	0,128096669912338	
2278,125	2,34876084327698	2278,125	0,132525339722633	
2281,25	2,34326481819153	2281,25	0,137007683515549	
2284,375	2,33728337287903	2284,375	0,140428945422173	
2287,5	2,34527039527893	2287,5	0,136376217007637	
2290,625	2,33449840545654	2290,625	0,138235867023468	
2293,75	2,32639145851135	2293,75	0,14545089006424	
2296,875	2,33091616630554	2296,875	0,142178758978844	
2300	2,32733869552612	2300	0,14232936501503	
2303,125	2,32074213027954	2303,125	0,143500000238419	
2306,25	2,31851482391357	2306,25	0,145309373736382	
2309,375	2,31749415397644	2309,375	0,15237207710743	
2312,5	2,31159925460815	2312,5	0,155577853322029	
2315,625	2,30235600471497	2315,625	0,152985066175461	
2318,75	2,30612182617188	2318,75	0,146712064743042	
2321,875	2,29405689239502	2321,875	0,152801528573036	
2325	2,30091786384583	2325	0,154579147696495	
2328,125	2,29863309860229	2328,125	0,160887986421585	
2331,25	2,29743146896362	2331,25	0,162891507148743	
2334,375	2,29948377609253	2334,375	0,166283458471298	
2337,5	2,29336452484131	2337,5	0,168159484863281	
2340,625	2,28184580802917	2340,625	0,170486524701118	
2343,75	2,2917275428772	2343,75	0,170973360538483	
2346,875	2,28612327575684	2346,875	0,172616928815842	
2350	2,28833937644959	2350	0,18158158659935	
2353,125	2,28871655464172	2353,125	0,181146949529648	
2356,25	2,28330111503601	2356,25	0,185374513268471	
2359,375	2,28012299537659	2359,375	0,18755429983139	
2362,5	2,28077840805054	2362,5	0,191589385271072	
2365,625	2,28275656700134	2365,625	0,184900268912315	
2368,75	2,27662372589111	2368,75	0,195768460631371	
2371,875	2,2639946937561	2371,875	0,195085257291794	
2375	2,26848363876343	2375	0,19730681180954	
2378,125	2,2710440158844	2378,125	0,193042159080505	
2381,25	2,27445197105408	2381,25	0,19697792828083	
2384,375	2,27756881713867	2384,375	0,20800992846489	
2387,5	2,2693989276886	2387,5	0,205691322684288	
2390,625	2,26794266700745	2390,625	0,209226101636887	
2393,75	2,2686812877655	2393,75	0,211599752306938	
2396,875	2,27508020401001	2396,875	0,213705435395241	
2400	2,27185702323914	2400	0,216969862580299	
2403,125	2,27282071113586	2403,125	0,21956205368042	
2406,25	2,27664470672607	2406,25	0,219650983810425	
2409,375	2,27601766586304	2409,375	0,217293411493301	
2412,5	2,26419138908386	2412,5	0,22468563914299	
2415,625	2,26699137687683	2415,625	0,210947483778	
2418,75	2,26842141151428	2418,75	0,216682806611061	
2421,875	2,27142691612244	2421,875	0,225873053073883	
2425	2,26786255836487	2425	0,225688129663467	
2428,125	2,27044034004211	2428,125	0,219262361526489	
2431,25	2,27094101905823	2431,25	0,224473461508751	
2434,375	2,26697635650635	2434,375	0,221717983484268	
2437,5	2,27065420150757	2437,5	0,224616259336472	
2440,625	2,27116703987122	2440,625	0,226523444056511	
2443,75	2,27071571350098	2443,75	0,221000224351883	
2446,875	2,26469492912292	2446,875	0,224665582180023	
2450	2,26875472068787	2450	0,228672161698341	
2453,125	2,27092576026917	2453,125	0,227874547243118	
2456,25	2,26905226707459	2456,25	0,22565621137619	
2459,375	2,26960825920105	2459,375	0,229890361428261	
2462,5	2,2664213180542	2462,5	0,22466704249382	
2465,625	2,26526021957397	2465,625	0,226124778389931	
2468,75	2,25842571258545	2468,75	0,230410739779472	
2471,875	2,26708650588989	2471,875	0,214061453938484	
2475	2,26285457611084	2475	0,227447882294655	
2478,125	2,26806783676147	2478,125	0,226189225912094	
2481,25	2,25972270965576	2481,25	0,232883021235466	
2484,375	2,26465535163879	2484,375	0,228215590119362	
2487,5	2,27199506759644	2487,5	0,22071573138237	
2490,625	2,26096749305725	2490,625	0,223286181688309	
2493,75	2,25463032722473	2493,75	0,221240758895874	
2496,875	2,25436305999756	2496,875	0,223271802067757	
2500	2,25467085838318	2500	0,226437911391258	
2503,125	2,25375604629517	2503,125	0,218672066926956	
2506,25	2,25820922851563	2506,25	0,230220168828964	
2509,375	2,25214600563049	2509,375	0,229161947965622	
2512,5	2,24873733520508	2512,5	0,227431669831276	
2515,625	2,24238991737366	2515,625	0,222886547446251	
2518,75	2,24211692810059	2518,75	0,226325750350952	
2521,875	2,24097156524658	2521,875	0,228721678256989	
2525	2,24606466293335	2525	0,219985738396645	
2528,125	2,2309889793396	2528,125	0,227256491780281	
2531,25	2,23093128204346	2531,25	0,228272765874863	
2534,375	2,23478007316589	2534,375	0,233290210366249	
2537,5	2,23826694488525	2537,5	0,228783681988716	
2540,625	2,22346949577332	2540,625	0,234800696372986	
2543,75	2,22393321990967	2543,75	0,229310616850853	
2546,875	2,23398971557617	2546,875	0,235258743166924	
2550	2,23217272758484	2550	0,23829348385334	
2553,125	2,23402452468872	2553,125	0,231718137860298	
2556,25	2,23431420326233	2556,25	0,233875587582588	
2559,375	2,22925925254822	2559,375	0,234553068876266	
2562,5	2,22398543357849	2562,5	0,232959523797035	
2565,625	2,22031593322754	2565,625	0,234409436583519	
2568,75	2,2218542098999	2568,75	0,237320601940155	
2571,875	2,22672486305237	2571,875	0,239335283637047	
2575	2,222336769104	2575	0,239293605089188	
2578,125	2,2112193107605	2578,125	0,232590898871422	
2581,25	2,21685695648193	2581,25	0,241933062672615	
2584,375	2,21286392211914	2584,375	0,238214939832687	
2587,5	2,21348428726196	2587,5	0,241067290306091	
2590,625	2,21008658409119	2590,625	0,242606952786446	
2593,75	2,21068906784058	2593,75	0,241712525486946	
2596,875	2,21271657943726	2596,875	0,248157262802124	
2600	2,2052640914917	2600	0,246389985084534	
2603,125	2,20485734939575	2603,125	0,243706956505775	
2606,25	2,2003800868988	2606,25	0,247286468744278	
2609,375	2,20611691474915	2609,375	0,253484815359116	
2612,5	2,20437002182007	2612,5	0,250869482755661	
2615,625	2,20429515838623	2615,625	0,248827040195465	
2618,75	2,20748615264893	2618,75	0,252956748008728	
2621,875	2,20170664787292	2621,875	0,249167189002037	
2625	2,19624042510986	2625	0,255291074514389	
2628,125	2,19877886772156	2628,125	0,257915109395981	
2631,25	2,19662523269653	2631,25	0,255856394767761	
2634,375	2,18911719322205	2634,375	0,257888466119766	
2637,5	2,19548606872559	2637,5	0,255319207906723	
2640,625	2,19408535957336	2640,625	0,260471075773239	
2643,75	2,1996705532074	2643,75	0,262089997529984	
2646,875	2,1981897354126	2646,875	0,271451354026794	
2650	2,20717453956604	2650	0,257705599069595	
2653,125	2,19828963279724	2653,125	0,264518260955811	
2656,25	2,20382189750671	2656,25	0,26711118221283	
2659,375	2,20658469200134	2659,375	0,266997396945953	
2662,5	2,20095300674438	2662,5	0,271252900362015	
2665,625	2,20214796066284	2665,625	0,269174784421921	
2668,75	2,19567012786865	2668,75	0,267287194728851	
2671,875	2,20422077178955	2671,875	0,272811055183411	
2675	2,20695209503174	2675	0,27574434876442	
2678,125	2,20471882820129	2678,125	0,278261572122574	
2681,25	2,20953607559204	2681,25	0,275533229112625	
2684,375	2,21563911437988	2684,375	0,271294832229614	
2687,5	2,21068477630615	2687,5	0,276730269193649	
2690,625	2,21391725540161	2690,625	0,267820179462433	
2693,75	2,21141529083252	2693,75	0,273612588644028	
2696,875	2,2084755897522	2696,875	0,271593689918518	
2700	2,20915150642395	2700	0,27321782708168	
2703,125	2,21248483657837	2703,125	0,268510520458221	
2706,25	2,20691776275635	2706,25	0,264571815729141	
2709,375	2,210533618927	2709,375	0,263887852430344	
2712,5	2,21317410469055	2712,5	0,268604308366776	
2715,625	2,21360874176025	2715,625	0,265779107809067	
2718,75	2,20917582511902	2718,75	0,260446667671204	
2721,875	2,20529222488403	2721,875	0,259829610586166	
2725	2,21035599708557	2725	0,25990441441536	
2728,125	2,21411228179932	2728,125	0,259371787309647	
2731,25	2,21085405349731	2731,25	0,260409265756607	
2734,375	2,20283818244934	2734,375	0,258915334939957	
2737,5	2,203528881073	2737,5	0,256685078144073	
2740,625	2,20550084114075	2740,625	0,262109339237213	
2743,75	2,21096849441528	2743,75	0,262788891792297	
2746,875	2,2042555809021	2746,875	0,262352049350739	
2750	2,19843316078186	2750	0,258655160665512	
2753,125	2,20350575447083	2753,125	0,262001901865005	
2756,25	2,20548963546753	2756,25	0,256229162216187	
2759,375	2,20304131507874	2759,375	0,26059627532959	
2762,5	2,20023822784424	2762,5	0,257770776748657	
2765,625	2,19967865943909	2765,625	0,2628513276577	
2768,75	2,20965480804443	2768,75	0,262482225894928	
2771,875	2,20156216621399	2771,875	0,258618861436844	
2775	2,20291543006897	2775	0,257840543985367	
2778,125	2,1998929977417	2778,125	0,257724702358246	
2781,25	2,20333051681519	2781,25	0,256391793489456	
2784,375	2,19841575622559	2784,375	0,257016539573669	
2787,5	2,19308495521545	2787,5	0,254041194915771	
2790,625	2,19981408119202	2790,625	0,251951724290848	
2793,75	2,20000505447388	2793,75	0,254817754030228	
2796,875	2,19965529441834	2796,875	0,256582170724869	
2800	2,2003059387207	2800	0,256304174661636	
2803,125	2,20625185966492	2803,125	0,259252458810806	
2806,25	2,19704842567444	2806,25	0,2511205971241	
2809,375	2,19747853279114	2809,375	0,256182074546814	
2812,5	2,20008111000061	2812,5	0,251269519329071	
2815,625	2,1955246925354	2815,625	0,250410974025726	
2818,75	2,190842628479	2818,75	0,250587940216064	
2821,875	2,19236326217651	2821,875	0,248508363962173	
2825	2,18665599822998	2825	0,249824061989784	
2828,125	2,1863648891449	2828,125	0,250694900751114	
2831,25	2,19056749343872	2831,25	0,24197518825531	
2834,375	2,18466854095459	2834,375	0,243873655796051	
2837,5	2,19303417205811	2837,5	0,244774609804153	
2840,625	2,18986630439758	2840,625	0,245900243520737	
2843,75	2,1804347038269	2843,75	0,247447431087494	
2846,875	2,18344521522522	2846,875	0,242344349622726	
2850	2,17861866950989	2850	0,243069231510162	
2853,125	2,173672914505	2853,125	0,243333414196968	
2856,25	2,17561960220337	2856,25	0,246120780706406	
2859,375	2,17228388786316	2859,375	0,244708716869354	
2862,5	2,17075371742249	2862,5	0,246182203292847	
2865,625	2,16869306564331	2865,625	0,240330636501312	
2868,75	2,16799306869507	2868,75	0,244498312473297	
2871,875	2,17193675041199	2871,875	0,248363673686981	
2875	2,16698122024536	2875	0,245166704058647	
2878,125	2,16374588012695	2878,125	0,246859818696976	
2881,25	2,16498184204102	2881,25	0,246505737304688	
2884,375	2,16091752052307	2884,375	0,245330199599266	
2887,5	2,16167902946472	2887,5	0,248690292239189	
2890,625	2,16593146324158	2890,625	0,246031880378723	
2893,75	2,16301274299622	2893,75	0,248323634266853	
2896,875	2,15599012374878	2896,875	0,24797423183918	
2900	2,15354919433594	2900	0,249036550521851	
2903,125	2,15416669845581	2903,125	0,250761121511459	
2906,25	2,14770555496216	2906,25	0,24645259976387	
2909,375	2,14836955070496	2909,375	0,248521491885185	
2912,5	2,14176559448242	2912,5	0,250862509012222	
2915,625	2,1412045955658	2915,625	0,249712571501732	
2918,75	2,14087414741516	2918,75	0,249516561627388	
2921,875	2,14169692993164	2921,875	0,254788815975189	
2925	2,14291167259216	2925	0,256351679563522	
2928,125	2,13517189025879	2928,125	0,253973811864853	
2931,25	2,1307590007782	2931,25	0,253942430019379	
2934,375	2,13211274147034	2934,375	0,258043318986893	
2937,5	2,1314115524292	2937,5	0,25853756070137	
2940,625	2,12630152702332	2940,625	0,260184913873672	
2943,75	2,12456655502319	2943,75	0,261182457208633	
2946,875	2,12781143188477	2946,875	0,260484248399735	
2950	2,12531924247742	2950	0,263387680053711	
2953,125	2,12445092201233	2953,125	0,265621960163116	
2956,25	2,12455606460571	2956,25	0,270305186510086	
2959,375	2,12617945671082	2959,375	0,271056979894638	
2962,5	2,11667132377625	2962,5	0,27215775847435	
2965,625	2,11758708953857	2965,625	0,275496572256088	
2968,75	2,11861419677734	2968,75	0,277788281440735	
2971,875	2,11729598045349	2971,875	0,278770089149475	
2975	2,11455845832825	2975	0,283396631479263	
2978,125	2,11356639862061	2978,125	0,283994108438492	
2981,25	2,10650634765625	2981,25	0,283878445625305	
2984,375	2,1101701259613	2984,375	0,286670506000519	
2987,5	2,10881900787354	2987,5	0,28908583521843	
2990,625	2,10660791397095	2990,625	0,288466274738312	
2993,75	2,1052713394165	2993,75	0,294940948486328	
2996,875	2,10554170608521	2996,875	0,298184216022491	
3000	2,10262274742126	3000	0,292010605335236	
3003,125	2,1066210269928	3003,125	0,300653785467148	
3006,25	2,10342383384705	3006,25	0,302439302206039	
3009,375	2,09926772117615	3009,375	0,304949402809143	
3012,5	2,09856367111206	3012,5	0,305198580026627	
3015,625	2,10420870780945	3015,625	0,306121408939362	
3018,75	2,10130190849304	3018,75	0,313549488782883	
3021,875	2,09831190109253	3021,875	0,311181753873825	
3025	2,09837651252747	3025	0,314225643873215	
3028,125	2,09774923324585	3028,125	0,323527485132217	
3031,25	2,10419058799744	3031,25	0,32792666554451	
3034,375	2,09623861312866	3034,375	0,329286009073257	
3037,5	2,10149645805359	3037,5	0,32075634598732	
3040,625	2,09863972663879	3040,625	0,327984094619751	
3043,75	2,09975242614746	3043,75	0,336852431297302	
3046,875	2,11177396774292	3046,875	0,339820384979248	
3050	2,10828566551209	3050	0,337283730506897	
3053,125	2,11382842063904	3053,125	0,338662624359131	
3056,25	2,11577320098877	3056,25	0,339304447174072	
3059,375	2,12304449081421	3059,375	0,341179549694061	
3062,5	2,12456297874451	3062,5	0,335142314434052	
3065,625	2,1252543926239	3065,625	0,335338085889816	
3068,75	2,12683439254761	3068,75	0,333223223686218	
3071,875	2,12385988235474	3071,875	0,334353625774384	
3075	2,12494540214539	3075	0,330513477325439	
3078,125	2,1216824054718	3078,125	0,328137964010239	
3081,25	2,1182849407196	3081,25	0,324483424425125	
3084,375	2,11881136894226	3084,375	0,324629008769989	
3087,5	2,1230685710907	3087,5	0,325596809387207	
3090,625	2,12382006645203	3090,625	0,325682401657104	
3093,75	2,12359189987183	3093,75	0,325157403945923	
3096,875	2,1154932975769	3096,875	0,327968806028366	
3100	2,10779619216919	3100	0,320350646972656	
3103,125	2,10536670684814	3103,125	0,324552714824677	
3106,25	2,10552716255188	3106,25	0,322362661361694	
3109,375	2,1032178401947	3109,375	0,319553256034851	
3112,5	2,103031873703	3112,5	0,324174284934998	
3115,625	2,10233354568481	3115,625	0,330117076635361	
3118,75	2,1059467792511	3118,75	0,326314359903336	
3121,875	2,11203289031982	3121,875	0,331887096166611	
3125	2,10347747802734	3125	0,319607734680176	
3128,125	2,10098838806152	3128,125	0,325056374073029	
3131,25	2,09668874740601	3131,25	0,32812824845314	
3134,375	2,09584069252014	3134,375	0,328041166067123	
3137,5	2,08987975120544	3137,5	0,329144597053528	
3140,625	2,09193706512451	3140,625	0,327829957008362	
3143,75	2,0930757522583	3143,75	0,337934494018555	
3146,875	2,09136009216309	3146,875	0,333544731140137	
3150	2,08605909347534	3150	0,328038334846497	
3153,125	2,08479952812195	3153,125	0,331103384494781	
3156,25	2,08330082893372	3156,25	0,331020951271057	
3159,375	2,08249521255493	3159,375	0,330090492963791	
3162,5	2,0775306224823	3162,5	0,330183833837509	
3165,625	2,0762677192688	3165,625	0,332860380411148	
3168,75	2,07360911369324	3168,75	0,338647186756134	
3171,875	2,07197093963623	3171,875	0,333327949047089	
3175	2,07014656066895	3175	0,328544616699219	
3178,125	2,0673291683197	3178,125	0,325206518173218	
3181,25	2,06636524200439	3181,25	0,336478739976883	
3184,375	2,06673383712769	3184,375	0,346820771694183	
3187,5	2,07431960105896	3187,5	0,340626329183578	
3190,625	2,06257033348084	3190,625	0,340792149305344	
3193,75	2,0576958656311	3193,75	0,341366231441498	
3196,875	2,06232500076294	3196,875	0,335797935724258	
3200	2,05986714363098	3200	0,346390336751938	
3203,125	2,05613923072815	3203,125	0,348642438650131	
3206,25	2,05535387992859	3206,25	0,342366576194763	
3209,375	2,05163407325745	3209,375	0,343867242336273	
3212,5	2,05268502235413	3212,5	0,347983509302139	
3215,625	2,04857468605042	3215,625	0,351602882146835	
3218,75	2,0453782081604	3218,75	0,358287483453751	
3221,875	2,04356622695923	3221,875	0,348039090633392	
3225	2,04284286499023	3225	0,348427712917328	
3228,125	2,04380011558533	3228,125	0,352006733417511	
3231,25	2,04629373550415	3231,25	0,34908601641655	
3234,375	2,04430937767029	3234,375	0,344373971223831	
3237,5	2,04261922836304	3237,5	0,352275013923645	
3240,625	2,04106163978577	3240,625	0,358772099018097	
3243,75	2,03826379776001	3243,75	0,359241485595703	
3246,875	2,03131651878357	3246,875	0,359430968761444	
3250	2,02621936798096	3250	0,362869620323181	
3253,125	2,02883052825928	3253,125	0,357288062572479	
3256,25	2,02050375938416	3256,25	0,360744059085846	
3259,375	2,01945090293884	3259,375	0,363422781229019	
3262,5	2,02047967910767	3262,5	0,358396768569946	
3265,625	2,01514220237732	3265,625	0,35633048415184	
3268,75	2,01041436195374	3268,75	0,364904433488846	
3271,875	2,01197266578674	3271,875	0,361147969961166	
3275	2,0147647857666	3275	0,359221905469894	
3278,125	2,00796818733215	3278,125	0,366827666759491	
3281,25	2,00403738021851	3281,25	0,370731383562088	
3284,375	2,00133275985718	3284,375	0,36699378490448	
3287,5	2,0025806427002	3287,5	0,369403779506683	
3290,625	2,00816941261292	3290,625	0,373386323451996	
3293,75	2,002361536026	3293,75	0,365797996520996	
3296,875	1,9941725730896	3296,875	0,365909695625305	
3300	1,99134314060211	3300	0,371840536594391	
3303,125	1,99031448364258	3303,125	0,372104197740555	
3306,25	1,9920961856842	3306,25	0,368192970752716	
3309,375	1,9892885684967	3309,375	0,371067523956299	
3312,5	1,98815786838531	3312,5	0,379246294498444	
3315,625	1,98208844661713	3315,625	0,38144913315773	
3318,75	1,98080921173096	3318,75	0,388014703989029	
3321,875	1,97861707210541	3321,875	0,383546531200409	
3325	1,97978115081787	3325	0,385049641132355	
3328,125	1,97310948371887	3328,125	0,385633796453476	
3331,25	1,96973514556885	3331,25	0,388187319040298	
3334,375	1,96772909164429	3334,375	0,394062042236328	
3337,5	1,96982848644257	3337,5	0,383617520332336	
3340,625	1,96375322341919	3340,625	0,38559901714325	
3343,75	1,96519005298615	3343,75	0,392858296632767	
3346,875	1,97106802463531	3346,875	0,389494985342026	
3350	1,96857059001923	3350	0,391529083251953	
3353,125	1,96333396434784	3353,125	0,390230864286423	
3356,25	1,95344495773315	3356,25	0,396747052669525	
3359,375	1,95356035232544	3359,375	0,394028931856155	
3362,5	1,95187890529633	3362,5	0,39377561211586	
3365,625	1,94963276386261	3365,625	0,401965469121933	
3368,75	1,94624471664429	3368,75	0,39683610200882	
3371,875	1,94218170642853	3371,875	0,402750074863434	
3375	1,93832063674927	3375	0,406300246715546	
3378,125	1,94744801521301	3378,125	0,394322454929352	
3381,25	1,94013428688049	3381,25	0,40592634677887	
3384,375	1,93639612197876	3384,375	0,408740609884262	
3387,5	1,93101072311401	3387,5	0,402213245630264	
3390,625	1,93185698986053	3390,625	0,40837374329567	
3393,75	1,92922985553741	3393,75	0,410542547702789	
3396,875	1,92628717422485	3396,875	0,416026532649994	
3400	1,92650961875916	3400	0,41218501329422	
3403,125	1,9268993139267	3403,125	0,419175505638123	
3406,25	1,92853355407715	3406,25	0,422016203403473	
3409,375	1,92396461963654	3409,375	0,416745573282242	
3412,5	1,9237654209137	3412,5	0,423263430595398	
3415,625	1,92744469642639	3415,625	0,426719129085541	
3418,75	1,91829013824463	3418,75	0,419907659292221	
3421,875	1,91335773468018	3421,875	0,426826566457748	
3425	1,91132771968842	3425	0,430319249629974	
3428,125	1,91220498085022	3428,125	0,422817468643188	
3431,25	1,90689635276794	3431,25	0,423100143671036	
3434,375	1,90609097480774	3434,375	0,427521765232086	
3437,5	1,91065347194672	3437,5	0,429706275463104	
3440,625	1,91297006607056	3440,625	0,430050939321518	
3443,75	1,90814995765686	3443,75	0,431026667356491	
3446,875	1,90153551101685	3446,875	0,427232325077057	
3450	1,89874136447906	3450	0,425491601228714	
3453,125	1,89829647541046	3453,125	0,428744524717331	
3456,25	1,90011525154114	3456,25	0,429760843515396	
3459,375	1,89617216587067	3459,375	0,435175448656082	
3462,5	1,89117157459259	3462,5	0,433461666107178	
3465,625	1,89061808586121	3465,625	0,435981065034866	
3468,75	1,89535784721375	3468,75	0,439691007137299	
3471,875	1,88895082473755	3471,875	0,440811723470688	
3475	1,88891267776489	3475	0,437170326709747	
3478,125	1,8852881193161	3478,125	0,440882354974747	
3481,25	1,87884104251862	3481,25	0,43523046374321	
3484,375	1,8768595457077	3484,375	0,4383824467659	
3487,5	1,87956750392914	3487,5	0,443998456001282	
3490,625	1,87845897674561	3490,625	0,443006455898285	
3493,75	1,88052070140839	3493,75	0,442974746227264	
3496,875	1,87506830692291	3496,875	0,445062935352325	
3500	1,8753856420517	3500	0,439816385507584	
3503,125	1,87240648269653	3503,125	0,44399157166481	
3506,25	1,87597012519836	3506,25	0,446457147598267	
3509,375	1,87250626087189	3509,375	0,449062794446945	
3512,5	1,86497128009796	3512,5	0,443413496017456	
3515,625	1,86053144931793	3515,625	0,44142547249794	
3518,75	1,86183297634125	3518,75	0,449216574430466	
3521,875	1,86069059371948	3521,875	0,447810888290405	
3525	1,8588502407074	3525	0,444288194179535	
3528,125	1,85999345779419	3528,125	0,446972340345383	
3531,25	1,86097633838654	3531,25	0,45010244846344	
3534,375	1,85483431816101	3534,375	0,45209214091301	
3537,5	1,84856379032135	3537,5	0,450117111206055	
3540,625	1,85102009773254	3540,625	0,450476080179214	
3543,75	1,84829497337341	3543,75	0,45070892572403	
3546,875	1,84281969070435	3546,875	0,453043729066849	
3550	1,84407997131348	3550	0,450450986623764	
3553,125	1,83944404125214	3553,125	0,454486727714539	
3556,25	1,84196126461029	3556,25	0,454439103603363	
3559,375	1,83800828456879	3559,375	0,454395800828934	
3562,5	1,84031534194946	3562,5	0,456497848033905	
3565,625	1,83720290660858	3565,625	0,455891907215118	
3568,75	1,83376812934875	3568,75	0,458943098783493	
3571,875	1,83605921268463	3571,875	0,457939058542252	
3575	1,83715355396271	3575	0,459314346313477	
3578,125	1,83548891544342	3578,125	0,460365414619446	
3581,25	1,83446264266968	3581,25	0,46042537689209	
3584,375	1,82849299907684	3584,375	0,458047777414322	
3587,5	1,82469165325165	3587,5	0,458636403083801	
3590,625	1,82567858695984	3590,625	0,462930411100388	
3593,75	1,82514250278473	3593,75	0,465849250555038	
3596,875	1,82432496547699	3596,875	0,46904793381691	
3600	1,82541441917419	3600	0,467150986194611	
3603,125	1,82298076152802	3603,125	0,462562918663025	
3606,25	1,81968748569489	3606,25	0,469230890274048	
3609,375	1,81936967372894	3609,375	0,461079478263855	
3612,5	1,81736421585083	3612,5	0,463644295930862	
3615,625	1,81760478019714	3615,625	0,468487650156021	
3618,75	1,81307327747345	3618,75	0,465653538703918	
3621,875	1,80952715873718	3621,875	0,469412952661514	
3625	1,8057028055191	3625	0,469811230897903	
3628,125	1,80843496322632	3628,125	0,469885319471359	
3631,25	1,81157529354095	3631,25	0,466431200504303	
3634,375	1,81052875518799	3634,375	0,470225483179092	
3637,5	1,80388247966766	3637,5	0,471365600824356	
3640,625	1,80037558078766	3640,625	0,466817736625671	
3643,75	1,80294597148895	3643,75	0,467573910951614	
3646,875	1,7990003824234	3646,875	0,468994736671448	
3650	1,80082535743713	3650	0,469513446092606	
3653,125	1,79691529273987	3653,125	0,468541502952576	
3656,25	1,79549646377563	3656,25	0,469868928194046	
3659,375	1,79746747016907	3659,375	0,472404718399048	
3662,5	1,79712915420532	3662,5	0,470907151699066	
3665,625	1,79677188396454	3665,625	0,478958755731583	
3668,75	1,79675459861755	3668,75	0,468306660652161	
3671,875	1,78734040260315	3671,875	0,469912379980087	
3675	1,78861665725708	3675	0,471440672874451	
3678,125	1,78858733177185	3678,125	0,471326649188995	
3681,25	1,78332674503326	3681,25	0,479511857032776	
3684,375	1,78321194648743	3684,375	0,460725009441376	
3687,5	1,77878499031067	3687,5	0,470824480056763	
3690,625	1,77678155899048	3690,625	0,474256187677383	
3693,75	1,78008151054382	3693,75	0,471295565366745	
3696,875	1,77971768379211	3696,875	0,476374685764313	
3700	1,77484273910522	3700	0,475890189409256	
3703,125	1,77281403541565	3703,125	0,471840113401413	
3706,25	1,77909624576569	3706,25	0,473758190870285	
3709,375	1,77309942245483	3709,375	0,478282600641251	
3712,5	1,76792657375336	3712,5	0,475589632987976	
3715,625	1,76430881023407	3715,625	0,46861806511879	
3718,75	1,77129197120667	3718,75	0,47565883398056	
3721,875	1,76845455169678	3721,875	0,473381876945496	
3725	1,7672278881073	3725	0,478507488965988	
3728,125	1,76603078842163	3728,125	0,472835302352905	
3731,25	1,76290702819824	3731,25	0,477187603712082	
3734,375	1,76324129104614	3734,375	0,473109185695648	
3737,5	1,76078176498413	3737,5	0,477322578430176	
3740,625	1,76367270946503	3740,625	0,473618566989899	
3743,75	1,75939786434174	3743,75	0,475208729505539	
3746,875	1,75598430633545	3746,875	0,479304671287537	
3750	1,7566419839859	3750	0,47509628534317	
3753,125	1,75470149517059	3753,125	0,474700748920441	
3756,25	1,7542679309845	3756,25	0,472780495882034	
3759,375	1,75011992454529	3759,375	0,472539454698563	
3762,5	1,74759805202484	3762,5	0,480834126472473	
3765,625	1,75190663337708	3765,625	0,466074526309967	
3768,75	1,74474990367889	3768,75	0,473839640617371	
3771,875	1,74080181121826	3771,875	0,471096634864807	
3775	1,74213624000549	3775	0,473931550979614	
3778,125	1,73957479000092	3778,125	0,472427695989609	
3781,25	1,74136686325073	3781,25	0,470523625612259	
3784,375	1,73970532417297	3784,375	0,476870745420456	
3787,5	1,74345600605011	3787,5	0,475545138120651	
3790,625	1,73638212680817	3790,625	0,476211071014404	
3793,75	1,73552072048187	3793,75	0,46761554479599	
3796,875	1,73101925849915	3796,875	0,47210630774498	
3800	1,72728955745697	3800	0,469329237937927	
3803,125	1,72938132286072	3803,125	0,472453355789185	
3806,25	1,73012638092041	3806,25	0,476371496915817	
3809,375	1,72722518444061	3809,375	0,471395254135132	
3812,5	1,72318470478058	3812,5	0,46946582198143	
3815,625	1,7184784412384	3815,625	0,469356387853622	
3818,75	1,72173762321472	3818,75	0,471648871898651	
3821,875	1,71755838394165	3821,875	0,471007853746414	
3825	1,71544766426086	3825	0,476682722568512	
3828,125	1,71871101856232	3828,125	0,471843838691711	
3831,25	1,71771562099457	3831,25	0,471390247344971	
3834,375	1,7192314863205	3834,375	0,470960050821304	
3837,5	1,71557402610779	3837,5	0,476342886686325	
3840,625	1,71175241470337	3840,625	0,471007466316223	
3843,75	1,70653355121613	3843,75	0,468058913946152	
3846,875	1,71109294891357	3846,875	0,467888951301575	
3850	1,70830798149109	3850	0,470171511173248	
3853,125	1,70756030082703	3853,125	0,471690028905869	
3856,25	1,71053171157837	3856,25	0,472965985536575	
3859,375	1,70473182201385	3859,375	0,469439446926117	
3862,5	1,70291900634766	3862,5	0,46527510881424	
3865,625	1,70183002948761	3865,625	0,471013367176056	
3868,75	1,70029902458191	3868,75	0,472153395414352	
3871,875	1,69805812835693	3871,875	0,469066739082336	
3875	1,69693970680237	3875	0,46919384598732	
3878,125	1,69883120059967	3878,125	0,47130686044693	
3881,25	1,69725966453552	3881,25	0,468448400497437	
3884,375	1,70127081871033	3884,375	0,465954899787903	
3887,5	1,69575786590576	3887,5	0,46939143538475	
3890,625	1,69332563877106	3890,625	0,466909408569336	
3893,75	1,69677627086639	3893,75	0,470617443323135	
3896,875	1,69762206077576	3896,875	0,466784328222275	
3900	1,69545865058899	3900	0,46982416510582	
3903,125	1,69361746311188	3903,125	0,469400703907013	
3906,25	1,69318115711212	3906,25	0,465672433376312	
3909,375	1,69048762321472	3909,375	0,466086804866791	
3912,5	1,68593108654022	3912,5	0,464871108531952	
3915,625	1,69069600105286	3915,625	0,463672280311584	
3918,75	1,68207037448883	3918,75	0,469426572322845	
3921,875	1,69234263896942	3921,875	0,456182271242142	
3925	1,681849360466	3925	0,459282755851746	
3928,125	1,68262207508087	3928,125	0,459073096513748	
3931,25	1,67827785015106	3931,25	0,465515166521072	
3934,375	1,68106114864349	3934,375	0,462074875831604	
3937,5	1,68119060993195	3937,5	0,456363081932068	
3940,625	1,67955660820007	3940,625	0,458873212337494	
3943,75	1,67651271820068	3943,75	0,461131364107132	
3946,875	1,67534053325653	3946,875	0,454712778329849	
3950	1,67224013805389	3950	0,450184196233749	
3953,125	1,67361116409302	3953,125	0,451582401990891	
3956,25	1,66873836517334	3956,25	0,453289240598679	
3959,375	1,66364061832428	3959,375	0,447469443082809	
3962,5	1,66856038570404	3962,5	0,446562558412552	
3965,625	1,66788768768311	3965,625	0,452776283025742	
3968,75	1,66633820533752	3968,75	0,451085716485977	
3971,875	1,66566240787506	3971,875	0,448044121265411	
3975	1,66703200340271	3975	0,445950418710709	
3978,125	1,66143071651459	3978,125	0,445038855075836	
3981,25	1,65346932411194	3981,25	0,444881290197372	
3984,375	1,65013098716736	3984,375	0,442183971405029	
3987,5	1,65015268325806	3987,5	0,444886565208435	
3990,625	1,65331017971039	3990,625	0,444641590118408	
3993,75	1,64877998828888	3993,75	0,445535480976105	
3996,875	1,64859855175018	3996,875	0,445697844028473	
4000	1,6528297662735	4000	0,446640133857727	
4003,125	1,64884686470032	4003,125	0,445751696825027	
4006,25	1,64441585540771	4006,25	0,444466352462769	
4009,375	1,64224863052368	4009,375	0,444296807050705	
4012,5	1,64118611812592	4012,5	0,446215242147446	
4015,625	1,64012324810028	4015,625	0,446432858705521	
4018,75	1,63877975940704	4018,75	0,445639878511429	
4021,875	1,63923466205597	4021,875	0,443513661623001	
4025	1,63731300830841	4025	0,442734986543655	
4028,125	1,62865328788757	4028,125	0,44498398900032	
4031,25	1,63048195838928	4031,25	0,438203692436218	
4034,375	1,62940680980682	4034,375	0,440972179174423	
4037,5	1,63368105888367	4037,5	0,446190685033798	
4040,625	1,62310791015625	4040,625	0,438822120428085	
4043,75	1,62314486503601	4043,75	0,439217269420624	
4046,875	1,62191486358643	4046,875	0,438000440597534	
4050	1,62095272541046	4050	0,43484228849411	
4053,125	1,61822211742401	4053,125	0,440955013036728	
4056,25	1,61900293827057	4056,25	0,438821226358414	
4059,375	1,6142590045929	4059,375	0,440578490495682	
4062,5	1,61243891716003	4062,5	0,435235232114792	
4065,625	1,614142537117	4065,625	0,439404785633087	
4068,75	1,61120343208313	4068,75	0,439744383096695	
4071,875	1,60674893856049	4071,875	0,438036024570465	
4075	1,61355721950531	4075	0,442159712314606	
4078,125	1,60905909538269	4078,125	0,443558275699615	
4081,25	1,6080002784729	4081,25	0,441889882087708	
4084,375	1,60414361953735	4084,375	0,43677419424057	
4087,5	1,60731685161591	4087,5	0,439677298069	
4090,625	1,59919059276581	4090,625	0,437808930873871	
4093,75	1,59928500652313	4093,75	0,43437996506691	
4096,875	1,59742224216461	4096,875	0,439391106367111	
4100	1,60046660900116	4100	0,435828268527985	
4103,125	1,59685099124908	4103,125	0,43632709980011	
4106,25	1,59056580066681	4106,25	0,44014173746109	
4109,375	1,59381544589996	4109,375	0,442861944437027	
4112,5	1,5911328792572	4112,5	0,43744620680809	
4115,625	1,5871490240097	4115,625	0,437476724386215	
4118,75	1,58713114261627	4118,75	0,439187079668045	
4121,875	1,58413648605347	4121,875	0,441060215234756	
4125	1,58447217941284	4125	0,436556488275528	
4128,125	1,58301436901093	4128,125	0,435802459716797	
4131,25	1,58004510402679	4131,25	0,437382221221924	
4134,375	1,58362066745758	4134,375	0,436614066362381	
4137,5	1,58325707912445	4137,5	0,438640713691711	
4140,625	1,57590055465698	4140,625	0,439728885889053	
4143,75	1,57648169994354	4143,75	0,437223881483078	
4146,875	1,57274520397186	4146,875	0,440122961997986	
4150	1,57646214962006	4150	0,43546000123024	
4153,125	1,57712018489838	4153,125	0,44070953130722	
4156,25	1,57579517364502	4156,25	0,44182276725769	
4159,375	1,56830489635468	4159,375	0,440748393535614	
4162,5	1,57019197940826	4162,5	0,436555415391922	
4165,625	1,5698698759079	4165,625	0,43726173043251	
4168,75	1,56654071807861	4168,75	0,439148396253586	
4171,875	1,56310284137726	4171,875	0,439000695943832	
4175	1,56228792667389	4175	0,441473871469498	
4178,125	1,56468296051025	4178,125	0,442036956548691	
4181,25	1,56639742851257	4181,25	0,437894910573959	
4184,375	1,56242227554321	4184,375	0,44021075963974	
4187,5	1,56207072734833	4187,5	0,441098719835281	
4190,625	1,56021022796631	4190,625	0,441731810569763	
4193,75	1,55734026432037	4193,75	0,440156012773514	
4196,875	1,55589771270752	4196,875	0,438969522714615	
4200	1,55368626117706	4200	0,43938347697258	
4203,125	1,55451476573944	4203,125	0,44048798084259	
4206,25	1,55090892314911	4206,25	0,437170416116714	
4209,375	1,55206406116486	4209,375	0,439278572797775	
4212,5	1,55233895778656	4212,5	0,439270883798599	
4215,625	1,55127000808716	4215,625	0,439627408981323	
4218,75	1,54970586299896	4218,75	0,440033733844757	
4221,875	1,54686868190765	4221,875	0,439422219991684	
4225	1,54801833629608	4225	0,437019348144531	
4228,125	1,54588353633881	4228,125	0,434480518102646	
4231,25	1,54285967350006	4231,25	0,440194725990295	
4234,375	1,54073357582092	4234,375	0,438427895307541	
4237,5	1,53890657424927	4237,5	0,437370836734772	
4240,625	1,53753578662872	4240,625	0,441944867372513	
4243,75	1,53732419013977	4243,75	0,437836527824402	
4246,875	1,5383141040802	4246,875	0,440302193164825	
4250	1,53532421588898	4250	0,436590671539307	
4253,125	1,53171026706696	4253,125	0,435988336801529	
4256,25	1,53256404399872	4256,25	0,437965750694275	
4259,375	1,52746343612671	4259,375	0,440766334533691	
4262,5	1,5290402173996	4262,5	0,439637273550034	
4265,625	1,52921271324158	4265,625	0,437192112207413	
4268,75	1,52335250377655	4268,75	0,439791828393936	
4271,875	1,51949489116669	4271,875	0,437468886375427	
4275	1,52092897891998	4275	0,435495644807816	
4278,125	1,51896989345551	4278,125	0,438537657260895	
4281,25	1,51420187950134	4281,25	0,438657641410828	
4284,375	1,52141964435577	4284,375	0,439395397901535	
4287,5	1,51953828334808	4287,5	0,441549807786942	
4290,625	1,51624608039856	4290,625	0,440618246793747	
4293,75	1,51232838630676	4293,75	0,43647763133049	
4296,875	1,51127958297729	4296,875	0,43675109744072	
4300	1,50957000255585	4300	0,437106996774673	
4303,125	1,50956952571869	4303,125	0,435299754142761	
4306,25	1,50703001022339	4306,25	0,434756189584732	
4309,375	1,50174248218536	4309,375	0,438156843185425	
4312,5	1,49974679946899	4312,5	0,439790070056915	
4315,625	1,4979088306427	4315,625	0,435214072465897	
4318,75	1,49570417404175	4318,75	0,435623824596405	
4321,875	1,49598252773285	4321,875	0,435894966125488	
4325	1,49275577068329	4325	0,434392958879471	
4328,125	1,48836779594421	4328,125	0,440025717020035	
4331,25	1,48917865753174	4331,25	0,439346045255661	
4334,375	1,48368692398071	4334,375	0,436706781387329	
4337,5	1,48269355297089	4337,5	0,440673291683197	
4340,625	1,48166513442993	4340,625	0,439967691898346	
4343,75	1,47615838050842	4343,75	0,441938519477844	
4346,875	1,47196614742279	4346,875	0,439041525125504	
4350	1,47249162197113	4350	0,438125163316727	
4353,125	1,46931552886963	4353,125	0,442239284515381	
4356,25	1,46795320510864	4356,25	0,442298263311386	
4359,375	1,46728539466858	4359,375	0,43837383389473	
4362,5	1,46627581119537	4362,5	0,448905348777771	
4365,625	1,46193623542786	4365,625	0,449858337640762	
4368,75	1,46306467056274	4368,75	0,450822412967682	
4371,875	1,45900678634644	4371,875	0,448545932769775	
4375	1,45691514015198	4375	0,448712199926376	
4378,125	1,46061182022095	4378,125	0,455429524183273	
4381,25	1,45633065700531	4381,25	0,454987496137619	
4384,375	1,45241951942444	4384,375	0,456451714038849	
4387,5	1,44824552536011	4387,5	0,455260574817657	
4390,625	1,44912338256836	4390,625	0,457003116607666	
4393,75	1,45159089565277	4393,75	0,458976984024048	
4396,875	1,44980812072754	4396,875	0,462780326604843	
4400	1,4489598274231	4400	0,465937733650208	
4403,125	1,44747483730316	4403,125	0,465089380741119	
4406,25	1,45035743713379	4406,25	0,467304438352585	
4409,375	1,45287895202637	4409,375	0,471299916505814	
4412,5	1,4513486623764	4412,5	0,472247242927551	
4415,625	1,45053493976593	4415,625	0,47489857673645	
4418,75	1,45046627521515	4418,75	0,471996307373047	
4421,875	1,45016598701477	4421,875	0,47417426109314	
4425	1,45230197906494	4425	0,474024891853333	
4428,125	1,4560958147049	4428,125	0,477299004793167	
4431,25	1,45241320133209	4431,25	0,48116135597229	
4434,375	1,45424699783325	4434,375	0,479218274354935	
4437,5	1,45571899414063	4437,5	0,478726148605347	
4440,625	1,45483684539795	4440,625	0,478535383939743	
4443,75	1,45952260494232	4443,75	0,476884573698044	
4446,875	1,46001577377319	4446,875	0,480501711368561	
4450	1,45933496952057	4450	0,478929698467255	
4453,125	1,46076357364655	4453,125	0,476956516504288	
4456,25	1,45845377445221	4456,25	0,477683663368225	
4459,375	1,46245658397675	4459,375	0,475612074136734	
4462,5	1,4666600227356	4462,5	0,476608693599701	
4465,625	1,46392345428467	4465,625	0,475747793912888	
4468,75	1,46593952178955	4468,75	0,47678330540657	
4471,875	1,47022223472595	4471,875	0,472343981266022	
4475	1,46734917163849	4475	0,468953996896744	
4478,125	1,46722888946533	4478,125	0,467210114002228	
4481,25	1,47195065021515	4481,25	0,467081248760223	
4484,375	1,47027552127838	4484,375	0,469097346067429	
4487,5	1,46862280368805	4487,5	0,467143714427948	
4490,625	1,47017204761505	4490,625	0,463904559612274	
4493,75	1,47041320800781	4493,75	0,460895270109177	
4496,875	1,4738484621048	4496,875	0,457867622375488	
4500	1,47105348110199	4500	0,45981827378273	
4503,125	1,46963512897491	4503,125	0,457758098840714	
4506,25	1,47074198722839	4506,25	0,457620233297348	
4509,375	1,46938788890839	4509,375	0,455404549837112	
4512,5	1,46887111663818	4512,5	0,454945713281631	
4515,625	1,47140336036682	4515,625	0,4534792304039	
4518,75	1,46995210647583	4518,75	0,452707856893539	
4521,875	1,47182333469391	4521,875	0,451212495565414	
4525	1,47248029708862	4525	0,44743224978447	
4528,125	1,47077679634094	4528,125	0,445081442594528	
4531,25	1,46984851360321	4531,25	0,445222496986389	
4534,375	1,46733570098877	4534,375	0,445261210203171	
4537,5	1,46877384185791	4537,5	0,444177001714706	
4540,625	1,47135543823242	4540,625	0,440679520368576	
4543,75	1,47239649295807	4543,75	0,441296577453613	
4546,875	1,46997225284576	4546,875	0,43942978978157	
4550	1,46824359893799	4550	0,440837681293488	
4553,125	1,46752262115479	4553,125	0,434633135795593	
4556,25	1,47105073928833	4556,25	0,436433404684067	
4559,375	1,47071647644043	4559,375	0,440726459026337	
4562,5	1,47462034225464	4562,5	0,438413053750992	
4565,625	1,47151982784271	4565,625	0,434691667556763	
4568,75	1,47151482105255	4568,75	0,434625715017319	
4571,875	1,4691321849823	4571,875	0,43203005194664	
4575	1,471595287323	4575	0,427618473768234	
4578,125	1,47261464595795	4578,125	0,425927519798279	
4581,25	1,47353506088257	4581,25	0,424918234348297	
4584,375	1,47311794757843	4584,375	0,424510955810547	
4587,5	1,47329294681549	4587,5	0,425582766532898	
4590,625	1,47357964515686	4590,625	0,420520484447479	
4593,75	1,4737948179245	4593,75	0,419184416532516	
4596,875	1,47052443027496	4596,875	0,415905952453613	
4600	1,47026169300079	4600	0,416028797626495	
4603,125	1,47124326229095	4603,125	0,417254477739334	
4606,25	1,4680655002594	4606,25	0,414257675409317	
4609,375	1,46619629859924	4609,375	0,414630055427551	
4612,5	1,46982359886169	4612,5	0,412913084030151	
4615,625	1,46466386318207	4615,625	0,412211358547211	
4618,75	1,46394205093384	4618,75	0,413557410240173	
4621,875	1,46455502510071	4621,875	0,413317888975143	
4625	1,46669483184814	4625	0,409058809280396	
4628,125	1,46443796157837	4628,125	0,408690541982651	
4631,25	1,46263337135315	4631,25	0,409249395132065	
4634,375	1,46546077728271	4634,375	0,410363882780075	
4637,5	1,46233916282654	4637,5	0,409355521202087	
4640,625	1,45943641662598	4640,625	0,410127222537994	
4643,75	1,46423959732056	4643,75	0,412854671478271	
4646,875	1,46333515644073	4646,875	0,412782371044159	
4650	1,46169543266296	4650	0,4122094810009	
4653,125	1,46118354797363	4653,125	0,412023156881332	
4656,25	1,46282243728638	4656,25	0,41311964392662	
4659,375	1,46340751647949	4659,375	0,414600223302841	
4662,5	1,46308481693268	4662,5	0,421163350343704	
4665,625	1,46654617786407	4665,625	0,415823072195053	
4668,75	1,46270394325256	4668,75	0,415454030036926	
4671,875	1,46554374694824	4671,875	0,416664630174637	
4675	1,46491253376007	4675	0,414119094610214	
4678,125	1,46567344665527	4678,125	0,418243080377579	
4681,25	1,46434271335602	4681,25	0,418026357889175	
4684,375	1,46658861637115	4684,375	0,42010697722435	
4687,5	1,46941494941711	4687,5	0,421307802200317	
4690,625	1,46918272972107	4690,625	0,42302480340004	
4693,75	1,46824073791504	4693,75	0,421495079994202	
4696,875	1,46942341327667	4696,875	0,42223846912384	
4700	1,47318947315216	4700	0,426864147186279	
4703,125	1,4741952419281	4703,125	0,427517354488373	
4706,25	1,47301471233368	4706,25	0,428745806217194	
4709,375	1,47355449199677	4709,375	0,4303138256073	
4712,5	1,47634720802307	4712,5	0,431656569242477	
4715,625	1,47716176509857	4715,625	0,432440727949142	
4718,75	1,47424340248108	4718,75	0,431077897548676	
4721,875	1,47843027114868	4721,875	0,433248341083527	
4725	1,48112034797668	4725	0,435785114765167	
4728,125	1,48010647296906	4728,125	0,437816709280014	
4731,25	1,48277962207794	4731,25	0,446000516414642	
4734,375	1,48275661468506	4734,375	0,443819314241409	
4737,5	1,48441708087921	4737,5	0,443041056394577	
4740,625	1,4821093082428	4740,625	0,442660331726074	
4743,75	1,48321723937988	4743,75	0,442239552736282	
4746,875	1,48320662975311	4746,875	0,444550573825836	
4750	1,4838787317276	4750	0,448874711990356	
4753,125	1,49002063274384	4753,125	0,453465312719345	
4756,25	1,49186754226685	4756,25	0,451648741960526	
4759,375	1,49081087112427	4759,375	0,454149097204208	
4762,5	1,4907294511795	4762,5	0,455748170614243	
4765,625	1,49107372760773	4765,625	0,457437813282013	
4768,75	1,491614818573	4768,75	0,45979517698288	
4771,875	1,48995733261108	4771,875	0,461658209562302	
4775	1,49219131469727	4775	0,461440980434418	
4778,125	1,49400019645691	4778,125	0,465503185987473	
4781,25	1,49317276477814	4781,25	0,468455016613007	
4784,375	1,4943619966507	4784,375	0,471594303846359	
4787,5	1,4971034526825	4787,5	0,472238689661026	
4790,625	1,49630320072174	4790,625	0,474101096391678	
4793,75	1,49620795249939	4793,75	0,479085385799408	
4796,875	1,49532091617584	4796,875	0,481155663728714	
4800	1,49556720256805	4800	0,483660161495209	
4803,125	1,4974250793457	4803,125	0,486679315567017	
4806,25	1,49841976165771	4806,25	0,490738421678543	
4809,375	1,49743950366974	4809,375	0,495118528604507	
4812,5	1,49641919136047	4812,5	0,501136362552643	
4815,625	1,49681663513184	4815,625	0,503632664680481	
4818,75	1,49559593200684	4818,75	0,505752980709076	
4821,875	1,4962592124939	4821,875	0,510262310504913	
4825	1,49236595630646	4825	0,514743685722351	
4828,125	1,49196493625641	4828,125	0,520844101905823	
4831,25	1,49187743663788	4831,25	0,52227646112442	
4834,375	1,49100506305695	4834,375	0,530334234237671	
4837,5	1,49089014530182	4837,5	0,537005305290222	
4840,625	1,49141538143158	4840,625	0,543749570846558	
4843,75	1,49101495742798	4843,75	0,549059867858887	
4846,875	1,49674081802368	4846,875	0,558715760707855	
4850	1,49616384506226	4850	0,56567645072937	
4853,125	1,49505221843719	4853,125	0,568890035152435	
4856,25	1,49513804912567	4856,25	0,572341978549957	
4859,375	1,49365329742432	4859,375	0,5801922082901	
4862,5	1,49531185626984	4862,5	0,583213567733765	
4865,625	1,4980263710022	4865,625	0,591397166252136	
4868,75	1,49754869937897	4868,75	0,601078987121582	
4871,875	1,49756824970245	4871,875	0,606701552867889	
4875	1,49712908267975	4875	0,613983690738678	
4878,125	1,49893641471863	4878,125	0,619959473609924	
4881,25	1,50062072277069	4881,25	0,626155614852905	
4884,375	1,50044763088226	4884,375	0,630420863628387	
4887,5	1,50250089168549	4887,5	0,635761022567749	
4890,625	1,50872826576233	4890,625	0,63998156785965	
4893,75	1,50274252891541	4893,75	0,646201908588409	
4896,875	1,50226962566376	4896,875	0,652690172195435	
4900	1,5009388923645	4900	0,658058762550354	
4903,125	1,49917101860046	4903,125	0,66528856754303	
4906,25	1,49662780761719	4906,25	0,671116709709167	
4909,375	1,50052630901337	4909,375	0,676066637039185	
4912,5	1,50120115280151	4912,5	0,679918944835663	
4915,625	1,49827063083649	4915,625	0,687808573246002	
4918,75	1,50144505500793	4918,75	0,695963025093079	
4921,875	1,49823439121246	4921,875	0,701527178287506	
4925	1,49712479114532	4925	0,707458317279816	
4928,125	1,49424040317535	4928,125	0,714861750602722	
4931,25	1,49179875850677	4931,25	0,720338344573975	
4934,375	1,4858113527298	4934,375	0,724691569805145	
4937,5	1,48264443874359	4937,5	0,731679618358612	
4940,625	1,48083806037903	4940,625	0,740288555622101	
4943,75	1,47386753559113	4943,75	0,750134706497192	
4946,875	1,47246301174164	4946,875	0,758130073547363	
4950	1,47079932689667	4950	0,767721116542816	
4953,125	1,46057724952698	4953,125	0,775513350963593	
4956,25	1,45396482944489	4956,25	0,784359097480774	
4959,375	1,447230219841	4959,375	0,794004499912262	
4962,5	1,44452738761902	4962,5	0,803869307041168	
4965,625	1,44363486766815	4965,625	0,814085245132446	
4968,75	1,43227362632751	4968,75	0,825062394142151	
4971,875	1,42659437656403	4971,875	0,83903032541275	
4975	1,41975498199463	4975	0,849712610244751	
				
