Frequency in Hz	Wool_94 Sound Reflection Factor continuous Re	Frequency in Hz	Wool_94 Sound Reflection Factor continuous Im	
100	0,9638951420784	100	-0,128813594579697	
103,125	0,956332087516785	103,125	-0,119636915624142	
106,25	0,95850020647049	106,25	-0,153142660856247	
109,375	0,969573676586151	109,375	-0,138611450791359	
112,5	0,957062900066376	112,5	-0,144053310155869	
115,625	0,956424474716187	115,625	-0,155758425593376	
118,75	0,961308419704437	118,75	-0,147816136479378	
121,875	0,94734525680542	121,875	-0,155615925788879	
125	0,959559142589569	125	-0,158365666866302	
128,125	0,957874834537506	128,125	-0,170022442936897	
131,25	0,958321630954742	131,25	-0,168135672807693	
134,375	0,967218339443207	134,375	-0,168871492147446	
137,5	0,94204181432724	137,5	-0,184807315468788	
140,625	0,940469563007355	140,625	-0,173675835132599	
143,75	0,937158226966858	143,75	-0,185267701745033	
146,875	0,955056548118591	146,875	-0,174855172634125	
150	0,94180303812027	150	-0,186439469456673	
153,125	0,94128280878067	153,125	-0,200426131486893	
156,25	0,942078828811646	156,25	-0,195461452007294	
159,375	0,941542983055115	159,375	-0,201257556676865	
162,5	0,942969262599945	162,5	-0,201309844851494	
165,625	0,93772554397583	165,625	-0,201117023825645	
168,75	0,93495786190033	168,75	-0,218908563256264	
171,875	0,930209159851074	171,875	-0,20935545861721	
175	0,923517227172852	175	-0,217516630887985	
178,125	0,930923640727997	178,125	-0,222136035561562	
181,25	0,930672943592072	181,25	-0,219711914658546	
184,375	0,924216449260712	184,375	-0,220706284046173	
187,5	0,915181457996368	187,5	-0,23093444108963	
190,625	0,914933860301971	190,625	-0,22673125565052	
193,75	0,909818470478058	193,75	-0,239955440163612	
196,875	0,913374543190002	196,875	-0,235459566116333	
200	0,920394361019135	200	-0,236586436629295	
203,125	0,924166619777679	203,125	-0,236736088991165	
206,25	0,910654425621033	206,25	-0,255906611680985	
209,375	0,909561336040497	209,375	-0,250224262475967	
212,5	0,917689621448517	212,5	-0,245319530367851	
215,625	0,902001142501831	215,625	-0,260420203208923	
218,75	0,906417906284332	218,75	-0,253135681152344	
221,875	0,901174306869507	221,875	-0,262597411870956	
225	0,896157205104828	225	-0,261947304010391	
228,125	0,893236994743347	228,125	-0,265403509140015	
231,25	0,893021941184998	231,25	-0,266964167356491	
234,375	0,888248920440674	234,375	-0,270725756883621	
237,5	0,895207166671753	237,5	-0,270955115556717	
240,625	0,892881453037262	240,625	-0,287307053804398	
243,75	0,890398740768433	243,75	-0,28217476606369	
246,875	0,880029737949371	246,875	-0,282905459403992	
250	0,8775994181633	250	-0,284462183713913	
253,125	0,880859792232513	253,125	-0,289118736982346	
256,25	0,875681817531586	256,25	-0,296164482831955	
259,375	0,870269596576691	259,375	-0,291871577501297	
262,5	0,872230470180511	262,5	-0,300013393163681	
265,625	0,872755229473114	265,625	-0,307224482297897	
268,75	0,869481801986694	268,75	-0,303013056516647	
271,875	0,863600730895996	271,875	-0,310850828886032	
275	0,866468012332916	275	-0,312863856554031	
278,125	0,85830944776535	278,125	-0,317320019006729	
281,25	0,857642471790314	281,25	-0,316961526870728	
284,375	0,856128334999084	284,375	-0,319418519735336	
287,5	0,863330841064453	287,5	-0,318743050098419	
290,625	0,847933888435364	290,625	-0,337241858243942	
293,75	0,849968612194061	293,75	-0,3369120657444	
296,875	0,844769716262817	296,875	-0,338160634040833	
300	0,840518116950989	300	-0,340771377086639	
303,125	0,835578799247742	303,125	-0,348140448331833	
306,25	0,829182147979736	306,25	-0,349883317947388	
309,375	0,823008477687836	309,375	-0,349759161472321	
312,5	0,811140954494476	312,5	-0,355307161808014	
315,625	0,801864802837372	315,625	-0,340131282806396	
318,75	0,798885345458984	318,75	-0,342779755592346	
321,875	0,807173073291779	321,875	-0,336389660835266	
325	0,809484422206879	325	-0,332421898841858	
328,125	0,806231498718262	328,125	-0,328908026218414	
331,25	0,813616275787354	331,25	-0,343851298093796	
334,375	0,81353086233139	334,375	-0,346202105283737	
337,5	0,81054562330246	337,5	-0,343521744012833	
340,625	0,812002062797546	340,625	-0,349606782197952	
343,75	0,805037081241608	343,75	-0,357061922550201	
346,875	0,805484771728516	346,875	-0,358411192893982	
350	0,802451074123383	350	-0,357410609722137	
353,125	0,802794933319092	353,125	-0,359381943941116	
356,25	0,80381441116333	356,25	-0,368730187416077	
359,375	0,796546518802643	359,375	-0,377895534038544	
362,5	0,792099356651306	362,5	-0,376524060964584	
365,625	0,784165978431702	365,625	-0,372449100017548	
368,75	0,790459811687469	368,75	-0,378335207700729	
371,875	0,798871994018555	371,875	-0,387722730636597	
375	0,767193615436554	375	-0,377192884683609	
378,125	0,769646286964417	378,125	-0,38549929857254	
381,25	0,783011615276337	381,25	-0,382347345352173	
384,375	0,763299107551575	384,375	-0,383248597383499	
387,5	0,75930380821228	387,5	-0,398220181465149	
390,625	0,760903120040894	390,625	-0,405642002820969	
393,75	0,772646069526672	393,75	-0,393355846405029	
396,875	0,770777583122253	396,875	-0,392926394939423	
400	0,767925381660461	400	-0,391665190458298	
403,125	0,765769243240356	403,125	-0,392636448144913	
406,25	0,754723489284515	406,25	-0,397350132465363	
409,375	0,738653421401978	409,375	-0,403115510940552	
412,5	0,732394337654114	412,5	-0,412067979574203	
415,625	0,745881199836731	415,625	-0,414704442024231	
418,75	0,732922613620758	418,75	-0,411342680454254	
421,875	0,73007720708847	421,875	-0,422603935003281	
425	0,730095863342285	425	-0,41818630695343	
428,125	0,735545337200165	428,125	-0,404810667037964	
431,25	0,728101670742035	431,25	-0,422111719846725	
434,375	0,727220356464386	434,375	-0,417310953140259	
437,5	0,726041197776794	437,5	-0,417293548583984	
440,625	0,723043262958527	440,625	-0,415033906698227	
443,75	0,715930163860321	443,75	-0,421849519014359	
446,875	0,712947368621826	446,875	-0,419007688760757	
450	0,7229323387146	450	-0,421076983213425	
453,125	0,720491647720337	453,125	-0,421947509050369	
456,25	0,722887992858887	456,25	-0,426385283470154	
459,375	0,712076008319855	459,375	-0,430174231529236	
462,5	0,702698707580566	462,5	-0,437133848667145	
465,625	0,702145397663116	465,625	-0,4392911195755	
468,75	0,70077508687973	468,75	-0,437454998493195	
471,875	0,689998865127563	471,875	-0,447266489267349	
475	0,686612725257874	475	-0,444837987422943	
478,125	0,685822486877441	478,125	-0,436031401157379	
481,25	0,691655874252319	481,25	-0,438046544790268	
484,375	0,680426597595215	484,375	-0,442797869443893	
487,5	0,680329084396362	487,5	-0,438884288072586	
490,625	0,676248073577881	490,625	-0,442057639360428	
493,75	0,670044779777527	493,75	-0,442117810249329	
496,875	0,667959153652191	496,875	-0,442823886871338	
500	0,669813990592957	500	-0,450127273797989	
503,125	0,665819823741913	503,125	-0,451421678066254	
506,25	0,664710879325867	506,25	-0,45082214474678	
509,375	0,661885023117065	509,375	-0,455635756254196	
512,5	0,653763890266418	512,5	-0,455857694149017	
515,625	0,653698801994324	515,625	-0,451122134923935	
518,75	0,65216863155365	518,75	-0,449610859155655	
521,875	0,646120309829712	521,875	-0,458692044019699	
525	0,641996145248413	525	-0,457310765981674	
528,125	0,645398199558258	528,125	-0,458005607128143	
531,25	0,638720273971558	531,25	-0,459212601184845	
534,375	0,635562419891357	534,375	-0,459193885326386	
537,5	0,632546305656433	537,5	-0,460670232772827	
540,625	0,630599021911621	540,625	-0,461820691823959	
543,75	0,628706097602844	543,75	-0,457909733057022	
546,875	0,624283194541931	546,875	-0,466930687427521	
550	0,621790826320648	550	-0,464467018842697	
553,125	0,616744577884674	553,125	-0,465021699666977	
556,25	0,634647309780121	556,25	-0,439746230840683	
559,375	0,628069818019867	559,375	-0,438221722841263	
562,5	0,626267790794373	562,5	-0,438715100288391	
565,625	0,623657584190369	565,625	-0,440950095653534	
568,75	0,620039045810699	568,75	-0,440024346113205	
571,875	0,617630898952484	571,875	-0,43947234749794	
575	0,615705609321594	575	-0,441526174545288	
578,125	0,61235511302948	578,125	-0,438753962516785	
581,25	0,611407995223999	581,25	-0,441603511571884	
584,375	0,608505964279175	584,375	-0,443799555301666	
587,5	0,606675624847412	587,5	-0,44370624423027	
590,625	0,60287606716156	590,625	-0,443053126335144	
593,75	0,599472761154175	593,75	-0,443507462739944	
596,875	0,598562300205231	596,875	-0,443433880805969	
600	0,594123005867004	600	-0,44564163684845	
603,125	0,592847049236298	603,125	-0,444535702466965	
606,25	0,588944435119629	606,25	-0,445099323987961	
609,375	0,588605880737305	609,375	-0,445196092128754	
612,5	0,585501432418823	612,5	-0,445637047290802	
615,625	0,581874012947083	615,625	-0,447048097848892	
618,75	0,580309271812439	618,75	-0,446504831314087	
621,875	0,579501390457153	621,875	-0,445927798748016	
625	0,575650930404663	625	-0,445078760385513	
628,125	0,571986436843872	628,125	-0,447308540344238	
631,25	0,567671239376068	631,25	-0,44581001996994	
634,375	0,565231144428253	634,375	-0,446177214384079	
637,5	0,563811302185059	637,5	-0,447099655866623	
640,625	0,563342332839966	640,625	-0,445430159568787	
643,75	0,558518409729004	643,75	-0,448126196861267	
646,875	0,555635273456573	646,875	-0,446570664644241	
650	0,55430805683136	650	-0,448593735694885	
653,125	0,55125218629837	653,125	-0,446742415428162	
656,25	0,548613488674164	656,25	-0,4456667304039	
659,375	0,544909715652466	659,375	-0,44679206609726	
662,5	0,545064091682434	662,5	-0,44708639383316	
665,625	0,542836785316467	665,625	-0,448298454284668	
668,75	0,538992822170258	668,75	-0,447060942649841	
671,875	0,537563621997833	671,875	-0,445090055465698	
675	0,532932698726654	675	-0,445432424545288	
678,125	0,529492914676666	678,125	-0,445280939340591	
681,25	0,528412818908691	681,25	-0,445181339979172	
684,375	0,527054071426392	684,375	-0,445070803165436	
687,5	0,527613043785095	687,5	-0,445954352617264	
690,625	0,52010190486908	690,625	-0,44827464222908	
693,75	0,521251380443573	693,75	-0,445788115262985	
696,875	0,519287586212158	696,875	-0,445595681667328	
700	0,515201449394226	700	-0,445437699556351	
703,125	0,513376593589783	703,125	-0,446046382188797	
706,25	0,51291286945343	706,25	-0,445107370615005	
709,375	0,510041117668152	709,375	-0,443395137786865	
712,5	0,503605842590332	712,5	-0,445929974317551	
715,625	0,50519859790802	715,625	-0,444864422082901	
718,75	0,503705382347107	718,75	-0,445585995912552	
721,875	0,500553131103516	721,875	-0,444279789924622	
725	0,499302357435226	725	-0,44562566280365	
728,125	0,495534896850586	728,125	-0,443804949522018	
731,25	0,494886130094528	731,25	-0,444293469190598	
734,375	0,492621421813965	734,375	-0,443442553281784	
737,5	0,491786956787109	737,5	-0,4440578520298	
740,625	0,486634641885757	740,625	-0,44205966591835	
743,75	0,482649385929108	743,75	-0,440995395183563	
746,875	0,480497896671295	746,875	-0,444851279258728	
750	0,478913873434067	750	-0,444613665342331	
753,125	0,478101015090942	753,125	-0,442708343267441	
756,25	0,47577378153801	756,25	-0,441463828086853	
759,375	0,473991066217422	759,375	-0,438672542572021	
762,5	0,474251866340637	762,5	-0,439677685499191	
765,625	0,471568435430527	765,625	-0,438407480716705	
768,75	0,466994494199753	768,75	-0,44056448340416	
771,875	0,463208436965942	771,875	-0,438736289739609	
775	0,463937669992447	775	-0,437983483076096	
778,125	0,461734175682068	778,125	-0,436389595270157	
781,25	0,458464801311493	781,25	-0,437224626541138	
784,375	0,454947382211685	784,375	-0,43642595410347	
787,5	0,451854526996613	787,5	-0,436888247728348	
790,625	0,450183302164078	790,625	-0,436463981866837	
793,75	0,450360804796219	793,75	-0,434466511011124	
796,875	0,449960350990295	796,875	-0,434480905532837	
800	0,447351694107056	800	-0,4342300593853	
803,125	0,447615504264832	803,125	-0,433486938476563	
806,25	0,443565309047699	806,25	-0,43352735042572	
809,375	0,435808688402176	809,375	-0,433665841817856	
812,5	0,440103590488434	812,5	-0,431362599134445	
815,625	0,439362049102783	815,625	-0,429849535226822	
818,75	0,433621764183044	818,75	-0,429398208856583	
821,875	0,43330916762352	821,875	-0,427213758230209	
825	0,437184989452362	825	-0,424928665161133	
828,125	0,433934599161148	828,125	-0,424508154392242	
831,25	0,43027126789093	831,25	-0,412773102521896	
834,375	0,423234611749649	834,375	-0,421337306499481	
837,5	0,424114316701889	837,5	-0,425030738115311	
840,625	0,422737419605255	840,625	-0,424965381622314	
843,75	0,419027030467987	843,75	-0,4225172996521	
846,875	0,420646578073502	846,875	-0,423961699008942	
850	0,419931024312973	850	-0,424125969409943	
853,125	0,420793831348419	853,125	-0,42097344994545	
856,25	0,419259071350098	856,25	-0,41625714302063	
859,375	0,415265828371048	859,375	-0,413453251123428	
862,5	0,4134581387043	862,5	-0,414935946464539	
865,625	0,413595825433731	865,625	-0,414985209703445	
868,75	0,414064854383469	868,75	-0,414967715740204	
871,875	0,410686641931534	871,875	-0,415504157543182	
875	0,409831076860428	875	-0,410916924476624	
878,125	0,407631993293762	878,125	-0,411986947059631	
881,25	0,405144482851028	881,25	-0,410224765539169	
884,375	0,41693526506424	884,375	-0,38758784532547	
887,5	0,414531230926514	887,5	-0,384527564048767	
890,625	0,412553757429123	890,625	-0,385249257087708	
893,75	0,413026571273804	893,75	-0,387882739305496	
896,875	0,410028666257858	896,875	-0,38690510392189	
900	0,410059362649918	900	-0,384741634130478	
903,125	0,407442331314087	903,125	-0,38287353515625	
906,25	0,406593233346939	906,25	-0,382454514503479	
909,375	0,407330602407455	909,375	-0,383696168661118	
912,5	0,404420256614685	912,5	-0,385243475437164	
915,625	0,40272381901741	915,625	-0,38338366150856	
918,75	0,40139040350914	918,75	-0,381302535533905	
921,875	0,399825483560562	921,875	-0,378620892763138	
925	0,399127215147018	925	-0,377995222806931	
928,125	0,400855869054794	928,125	-0,378565400838852	
931,25	0,395911902189255	931,25	-0,378798574209213	
934,375	0,39587014913559	934,375	-0,377550184726715	
937,5	0,394032955169678	937,5	-0,376653373241425	
940,625	0,39361983537674	940,625	-0,375884979963303	
943,75	0,391792505979538	943,75	-0,377466231584549	
946,875	0,390975922346115	946,875	-0,376676023006439	
950	0,390249758958817	950	-0,375067412853241	
953,125	0,390381932258606	953,125	-0,373684942722321	
956,25	0,38864141702652	956,25	-0,372590363025665	
959,375	0,386545807123184	959,375	-0,373090416193008	
962,5	0,386410504579544	962,5	-0,373855203390121	
965,625	0,386177569627762	965,625	-0,373064666986465	
968,75	0,386951416730881	968,75	-0,37312063574791	
971,875	0,384256303310394	971,875	-0,373298436403275	
975	0,384302645921707	975	-0,372511386871338	
978,125	0,3839011490345	978,125	-0,372442066669464	
981,25	0,382082730531693	981,25	-0,372229427099228	
984,375	0,382830381393433	984,375	-0,373336970806122	
987,5	0,382443249225616	987,5	-0,373634964227676	
990,625	0,38202828168869	990,625	-0,373639702796936	
993,75	0,381701111793518	993,75	-0,376715779304504	
996,875	0,381556898355484	996,875	-0,377097547054291	
1000	0,380667418241501	1000	-0,379563361406326	
1003,125	0,380420386791229	1003,125	-0,379554599523544	
1006,25	0,379667222499847	1006,25	-0,381082236766815	
1009,375	0,378163903951645	1009,375	-0,38411957025528	
1012,5	0,378271996974945	1012,5	-0,385689198970795	
1015,625	0,378889083862305	1015,625	-0,389140397310257	
1018,75	0,37456551194191	1018,75	-0,394390285015106	
1021,875	0,374137729406357	1021,875	-0,396593481302261	
1025	0,369129955768585	1025	-0,401209712028503	
1028,125	0,366924941539764	1028,125	-0,405213505029678	
1031,25	0,365488529205322	1031,25	-0,410457521677017	
1034,375	0,358047872781754	1034,375	-0,414904236793518	
1037,5	0,351154267787933	1037,5	-0,418352007865906	
1040,625	0,343571454286575	1040,625	-0,423406094312668	
1043,75	0,33629184961319	1043,75	-0,424817383289337	
1046,875	0,326966017484665	1046,875	-0,424902528524399	
1050	0,31441929936409	1050	-0,427161782979965	
1053,125	0,304912626743317	1053,125	-0,427552968263626	
1056,25	0,293460071086884	1056,25	-0,422047704458237	
1059,375	0,287273585796356	1059,375	-0,418410420417786	
1062,5	0,280122131109238	1062,5	-0,412673115730286	
1065,625	0,270518034696579	1065,625	-0,404454946517944	
1068,75	0,268637925386429	1068,75	-0,397156417369843	
1071,875	0,263554573059082	1071,875	-0,390509873628616	
1075	0,260263621807098	1075	-0,384834855794907	
1078,125	0,257174104452133	1078,125	-0,37978184223175	
1081,25	0,255528897047043	1081,25	-0,369590103626251	
1084,375	0,254391968250275	1084,375	-0,365820020437241	
1087,5	0,253955900669098	1087,5	-0,360637575387955	
1090,625	0,253979712724686	1090,625	-0,356079816818237	
1093,75	0,252975761890411	1093,75	-0,351754367351532	
1096,875	0,252838432788849	1096,875	-0,347231686115265	
1100	0,253097116947174	1100	-0,343561589717865	
1103,125	0,252831667661667	1103,125	-0,340138971805573	
1106,25	0,253899872303009	1106,25	-0,336608707904816	
1109,375	0,252512872219086	1109,375	-0,334083825349808	
1112,5	0,253143072128296	1112,5	-0,331465601921082	
1115,625	0,253480017185211	1115,625	-0,327831387519836	
1118,75	0,253216922283173	1118,75	-0,327158063650131	
1121,875	0,253989785909653	1121,875	-0,324634999036789	
1125	0,254115283489227	1125	-0,322797894477844	
1128,125	0,253548949956894	1128,125	-0,320505619049072	
1131,25	0,252719163894653	1131,25	-0,318036675453186	
1134,375	0,253672748804092	1134,375	-0,316328078508377	
1137,5	0,25359970331192	1137,5	-0,316054582595825	
1140,625	0,251726776361465	1140,625	-0,314522713422775	
1143,75	0,252985507249832	1143,75	-0,312585294246674	
1146,875	0,252628773450851	1146,875	-0,310808122158051	
1150	0,250751256942749	1150	-0,30805030465126	
1153,125	0,251620680093765	1153,125	-0,306623607873917	
1156,25	0,252389669418335	1156,25	-0,306507915258408	
1159,375	0,250808328390121	1159,375	-0,306060642004013	
1162,5	0,252055436372757	1162,5	-0,304400861263275	
1165,625	0,250836730003357	1165,625	-0,302179276943207	
1168,75	0,250466734170914	1168,75	-0,301653921604156	
1171,875	0,250247627496719	1171,875	-0,301534026861191	
1175	0,24793653190136	1175	-0,299658745527267	
1178,125	0,246720016002655	1178,125	-0,298621773719788	
1181,25	0,247031271457672	1181,25	-0,297230273485184	
1184,375	0,245505064725876	1184,375	-0,29566764831543	
1187,5	0,244062870740891	1187,5	-0,294476717710495	
1190,625	0,244028940796852	1190,625	-0,292788624763489	
1193,75	0,244942247867584	1193,75	-0,291071176528931	
1196,875	0,243833839893341	1196,875	-0,288026094436646	
1200	0,241454094648361	1200	-0,288374781608582	
1203,125	0,241485297679901	1203,125	-0,286586225032806	
1206,25	0,242021679878235	1206,25	-0,283954322338104	
1209,375	0,23943655192852	1209,375	-0,284062653779984	
1212,5	0,238521680235863	1212,5	-0,283419579267502	
1215,625	0,239596471190453	1215,625	-0,281310796737671	
1218,75	0,237281769514084	1218,75	-0,279938638210297	
1221,875	0,238570734858513	1221,875	-0,278312087059021	
1225	0,239093855023384	1225	-0,277966767549515	
1228,125	0,236810639500618	1228,125	-0,27669695019722	
1231,25	0,237352579832077	1231,25	-0,275597840547562	
1234,375	0,237624317407608	1234,375	-0,274255782365799	
1237,5	0,236153185367584	1237,5	-0,273553103208542	
1240,625	0,236303508281708	1240,625	-0,27165761590004	
1243,75	0,236386820673943	1243,75	-0,270910382270813	
1246,875	0,236708074808121	1246,875	-0,269634485244751	
1250	0,235066324472427	1250	-0,267904847860336	
1253,125	0,234417349100113	1253,125	-0,268402576446533	
1256,25	0,232857421040535	1256,25	-0,267245829105377	
1259,375	0,233712717890739	1259,375	-0,266320198774338	
1262,5	0,234759017825127	1262,5	-0,265253126621246	
1265,625	0,235045582056046	1265,625	-0,264651387929916	
1268,75	0,234295174479485	1268,75	-0,26467102766037	
1271,875	0,233284816145897	1271,875	-0,263446420431137	
1275	0,233100816607475	1275	-0,263104945421219	
1278,125	0,233264371752739	1278,125	-0,262633442878723	
1281,25	0,233081206679344	1281,25	-0,26269856095314	
1284,375	0,233780071139336	1284,375	-0,261683076620102	
1287,5	0,233750775456429	1287,5	-0,26204127073288	
1290,625	0,232981368899345	1290,625	-0,262352377176285	
1293,75	0,232577279210091	1293,75	-0,260895311832428	
1296,875	0,231491044163704	1296,875	-0,261195749044418	
1300	0,232501864433289	1300	-0,262924015522003	
1303,125	0,231770023703575	1303,125	-0,26324737071991	
1306,25	0,231546953320503	1306,25	-0,262637406587601	
1309,375	0,230607390403748	1309,375	-0,263262361288071	
1312,5	0,229920387268066	1312,5	-0,264615565538406	
1315,625	0,229953929781914	1315,625	-0,265753328800201	
1318,75	0,227623969316483	1318,75	-0,265918999910355	
1321,875	0,226790577173233	1321,875	-0,266047805547714	
1325	0,224898234009743	1325	-0,26792123913765	
1328,125	0,222517475485802	1328,125	-0,270997107028961	
1331,25	0,21986711025238	1331,25	-0,271186977624893	
1334,375	0,215435922145844	1334,375	-0,273944318294525	
1337,5	0,213570088148117	1337,5	-0,273688048124313	
1340,625	0,209074765443802	1340,625	-0,272865176200867	
1343,75	0,206055670976639	1343,75	-0,273231565952301	
1346,875	0,200851619243622	1346,875	-0,271805286407471	
1350	0,195842266082764	1350	-0,271965086460114	
1353,125	0,192615866661072	1353,125	-0,271094053983688	
1356,25	0,185394495725632	1356,25	-0,270213812589645	
1359,375	0,183077961206436	1359,375	-0,265043973922729	
1362,5	0,17902484536171	1362,5	-0,26124182343483	
1365,625	0,175717040896416	1365,625	-0,25835320353508	
1368,75	0,17386919260025	1368,75	-0,254490941762924	
1371,875	0,169923022389412	1371,875	-0,250180751085281	
1375	0,167158678174019	1375	-0,247682526707649	
1378,125	0,166390910744667	1378,125	-0,244655147194862	
1381,25	0,163152918219566	1381,25	-0,239192485809326	
1384,375	0,162642613053322	1384,375	-0,235797479748726	
1387,5	0,163224756717682	1387,5	-0,231792643666267	
1390,625	0,16356472671032	1390,625	-0,227816522121429	
1393,75	0,163102209568024	1393,75	-0,224314585328102	
1396,875	0,162661537528038	1396,875	-0,221437811851501	
1400	0,163369476795197	1400	-0,217647761106491	
1403,125	0,163003087043762	1403,125	-0,215307265520096	
1406,25	0,162427946925163	1406,25	-0,213161766529083	
1409,375	0,162213534116745	1409,375	-0,210306629538536	
1412,5	0,163262560963631	1412,5	-0,208037406206131	
1415,625	0,163043916225433	1415,625	-0,205967530608177	
1418,75	0,163453817367554	1418,75	-0,203826144337654	
1421,875	0,164104640483856	1421,875	-0,201359197497368	
1425	0,164359897375107	1425	-0,199585899710655	
1428,125	0,163664862513542	1428,125	-0,197556689381599	
1431,25	0,164544925093651	1431,25	-0,195879548788071	
1434,375	0,164802879095078	1434,375	-0,193960979580879	
1437,5	0,16473576426506	1437,5	-0,191413700580597	
1440,625	0,1664077937603	1440,625	-0,190382063388824	
1443,75	0,164397448301315	1443,75	-0,188687741756439	
1446,875	0,165512889623642	1446,875	-0,186733707785606	
1450	0,165467843413353	1450	-0,18471671640873	
1453,125	0,165560439229012	1453,125	-0,183254718780518	
1456,25	0,165424421429634	1456,25	-0,182070896029472	
1459,375	0,165966436266899	1459,375	-0,180427700281143	
1462,5	0,166196063160896	1462,5	-0,178288891911507	
1465,625	0,166123151779175	1465,625	-0,177373066544533	
1468,75	0,165572956204414	1468,75	-0,175627827644348	
1471,875	0,165616452693939	1471,875	-0,174605086445808	
1475	0,166444107890129	1475	-0,173706293106079	
1478,125	0,166043505072594	1478,125	-0,172345235943794	
1481,25	0,166574835777283	1481,25	-0,17050214111805	
1484,375	0,165750369429588	1484,375	-0,168806806206703	
1487,5	0,165961980819702	1487,5	-0,168633088469505	
1490,625	0,166009217500687	1490,625	-0,167257040739059	
1493,75	0,166003480553627	1493,75	-0,166328921914101	
1496,875	0,166933313012123	1496,875	-0,165102586150169	
1500	0,165896415710449	1500	-0,163478687405586	
1503,125	0,165759399533272	1503,125	-0,161740213632584	
1506,25	0,166323781013489	1506,25	-0,160279706120491	
1509,375	0,165383204817772	1509,375	-0,159804075956345	
1512,5	0,165617048740387	1512,5	-0,158498629927635	
1515,625	0,16552409529686	1515,625	-0,157550737261772	
1518,75	0,165689885616302	1518,75	-0,155848443508148	
1521,875	0,166584447026253	1521,875	-0,155034944415092	
1525	0,164694905281067	1525	-0,154688462615013	
1528,125	0,165154933929443	1528,125	-0,152271330356598	
1531,25	0,165629357099533	1531,25	-0,151482239365578	
1534,375	0,165325090289116	1534,375	-0,149918600916862	
1537,5	0,164785072207451	1537,5	-0,149801641702652	
1540,625	0,165100067853928	1540,625	-0,148364081978798	
1543,75	0,164056062698364	1543,75	-0,147379457950592	
1546,875	0,164651811122894	1546,875	-0,14574134349823	
1550	0,164055734872818	1550	-0,144606322050095	
1553,125	0,164269626140594	1553,125	-0,143759220838547	
1556,25	0,163912892341614	1556,25	-0,142574608325958	
1559,375	0,164342612028122	1559,375	-0,141714066267014	
1562,5	0,164383545517921	1562,5	-0,140843540430069	
1565,625	0,163442462682724	1565,625	-0,139000698924065	
1568,75	0,163603216409683	1568,75	-0,138938784599304	
1571,875	0,163016468286514	1571,875	-0,137514308094978	
1575	0,163461804389954	1575	-0,136766240000725	
1578,125	0,163239568471909	1578,125	-0,135912045836449	
1581,25	0,162751838564873	1581,25	-0,135050728917122	
1584,375	0,163039907813072	1584,375	-0,13325522840023	
1587,5	0,162223294377327	1587,5	-0,132597953081131	
1590,625	0,161700814962387	1590,625	-0,131896987557411	
1593,75	0,161313980817795	1593,75	-0,131170481443405	
1596,875	0,161543071269989	1596,875	-0,129714757204056	
1600	0,161528691649437	1600	-0,129474937915802	
1603,125	0,161181628704071	1603,125	-0,128732427954674	
1606,25	0,160754472017288	1606,25	-0,127308294177055	
1609,375	0,160291418433189	1609,375	-0,124829076230526	
1612,5	0,159082815051079	1612,5	-0,12353090941906	
1615,625	0,158953458070755	1615,625	-0,123256906867027	
1618,75	0,158887937664986	1618,75	-0,123091392219067	
1621,875	0,158587276935577	1621,875	-0,121523655951023	
1625	0,157687559723854	1625	-0,120798043906689	
1628,125	0,157779574394226	1628,125	-0,119580149650574	
1631,25	0,156455650925636	1631,25	-0,118579186499119	
1634,375	0,156959906220436	1634,375	-0,118025958538055	
1637,5	0,155827686190605	1637,5	-0,117305167019367	
1640,625	0,156047597527504	1640,625	-0,114662304520607	
1643,75	0,153589099645615	1643,75	-0,113895751535892	
1646,875	0,15461277961731	1646,875	-0,113218799233437	
1650	0,153983399271965	1650	-0,112862847745419	
1653,125	0,152961328625679	1653,125	-0,110805124044418	
1656,25	0,152770236134529	1656,25	-0,109364971518517	
1659,375	0,153000935912132	1659,375	-0,107517160475254	
1662,5	0,152744188904762	1662,5	-0,106365941464901	
1665,625	0,151886314153671	1665,625	-0,105558857321739	
1668,75	0,152118563652039	1668,75	-0,103823080658913	
1671,875	0,151703149080276	1671,875	-0,103076368570328	
1675	0,150830551981926	1675	-0,100979544222355	
1678,125	0,150332733988762	1678,125	-0,100204385817051	
1681,25	0,150884479284286	1681,25	-0,0988018661737442	
1684,375	0,14978089928627	1684,375	-0,0964972749352455	
1687,5	0,149479612708092	1687,5	-0,0959553122520447	
1690,625	0,149656370282173	1690,625	-0,0942842215299606	
1693,75	0,149691939353943	1693,75	-0,0917970463633537	
1696,875	0,148985356092453	1696,875	-0,091184675693512	
1700	0,14878223836422	1700	-0,0898947566747665	
1703,125	0,148729160428047	1703,125	-0,0891024172306061	
1706,25	0,148775443434715	1706,25	-0,0875505656003952	
1709,375	0,148048296570778	1709,375	-0,0855125486850739	
1712,5	0,148246124386787	1712,5	-0,0843157395720482	
1715,625	0,14802186191082	1715,625	-0,0831760391592979	
1718,75	0,148390665650368	1718,75	-0,0826395824551582	
1721,875	0,148195028305054	1721,875	-0,081674300134182	
1725	0,147132590413094	1725	-0,0800321847200394	
1728,125	0,148126155138016	1728,125	-0,0786177068948746	
1731,25	0,148799628019333	1731,25	-0,0774005725979805	
1734,375	0,148517802357674	1734,375	-0,0769029706716537	
1737,5	0,148264199495316	1737,5	-0,0751146748661995	
1740,625	0,14880895614624	1740,625	-0,0738234668970108	
1743,75	0,147457346320152	1743,75	-0,0721847712993622	
1746,875	0,148025259375572	1746,875	-0,0710155516862869	
1750	0,148949027061462	1750	-0,0700550749897957	
1753,125	0,148109525442123	1753,125	-0,0693974643945694	
1756,25	0,147848844528198	1756,25	-0,0679262802004814	
1759,375	0,148700803518295	1759,375	-0,0665124654769897	
1762,5	0,14804382622242	1762,5	-0,0659612342715263	
1765,625	0,147909298539162	1765,625	-0,065165750682354	
1768,75	0,147920370101929	1768,75	-0,0637012720108032	
1771,875	0,148118168115616	1771,875	-0,0628936737775803	
1775	0,148513674736023	1775	-0,0622090585529804	
1778,125	0,148375734686852	1778,125	-0,061035543680191	
1781,25	0,14797331392765	1781,25	-0,0592278279364109	
1784,375	0,148214340209961	1784,375	-0,0580815486609936	
1787,5	0,149078026413918	1787,5	-0,0576144494116306	
1790,625	0,148140013217926	1790,625	-0,0560599938035011	
1793,75	0,148332089185715	1793,75	-0,0558131448924541	
1796,875	0,148835986852646	1796,875	-0,0542983375489712	
1800	0,148294717073441	1800	-0,0527770482003689	
1803,125	0,148413240909576	1803,125	-0,0528395958244801	
1806,25	0,148903772234917	1806,25	-0,0509238317608833	
1809,375	0,14888371527195	1809,375	-0,0496136881411076	
1812,5	0,149726688861847	1812,5	-0,0486111007630825	
1815,625	0,148993641138077	1815,625	-0,0484913215041161	
1818,75	0,149070590734482	1818,75	-0,0468841716647148	
1821,875	0,149298220872879	1821,875	-0,0464072301983833	
1825	0,149574220180511	1825	-0,0458658151328564	
1828,125	0,149537786841393	1828,125	-0,0449159033596516	
1831,25	0,149688854813576	1831,25	-0,0435173176229	
1834,375	0,149587467312813	1834,375	-0,0428432300686836	
1837,5	0,149786293506622	1837,5	-0,0416666492819786	
1840,625	0,150021865963936	1840,625	-0,0413998030126095	
1843,75	0,149609103798866	1843,75	-0,0407264642417431	
1846,875	0,149839103221893	1846,875	-0,0400149933993816	
1850	0,150273054838181	1850	-0,0394716449081898	
1853,125	0,150298357009888	1853,125	-0,0385588183999062	
1856,25	0,14974769949913	1856,25	-0,036729983985424	
1859,375	0,150070026516914	1859,375	-0,0366795398294926	
1862,5	0,149514019489288	1862,5	-0,0361298695206642	
1865,625	0,150161370635033	1865,625	-0,0352894254028797	
1868,75	0,150152012705803	1868,75	-0,0343090929090977	
1871,875	0,149680987000465	1871,875	-0,0339117608964443	
1875	0,150342598557472	1875	-0,0332794897258282	
1878,125	0,149953350424767	1878,125	-0,032441433519125	
1881,25	0,14969165623188	1881,25	-0,0316687859594822	
1884,375	0,149782806634903	1884,375	-0,0312416851520538	
1887,5	0,149928838014603	1887,5	-0,030584953725338	
1890,625	0,149225026369095	1890,625	-0,0292036011815071	
1893,75	0,148783102631569	1893,75	-0,028001444414258	
1896,875	0,148555055260658	1896,875	-0,0273457784205675	
1900	0,148400619626045	1900	-0,0266202595084906	
1903,125	0,148048520088196	1903,125	-0,0258293356746435	
1906,25	0,147823601961136	1906,25	-0,0248692836612463	
1909,375	0,147708043456078	1909,375	-0,0238888617604971	
1912,5	0,147756591439247	1912,5	-0,0228517763316631	
1915,625	0,147519111633301	1915,625	-0,0222470909357071	
1918,75	0,147114366292953	1918,75	-0,0218596551567316	
1921,875	0,147504702210426	1921,875	-0,0205765590071678	
1925	0,147588193416595	1925	-0,0200794786214828	
1928,125	0,146795600652695	1928,125	-0,0189591813832521	
1931,25	0,147131040692329	1931,25	-0,0175881870090961	
1934,375	0,147247061133385	1934,375	-0,0168367195874453	
1937,5	0,147348538041115	1937,5	-0,0159450955688953	
1940,625	0,147194534540176	1940,625	-0,0150591507554054	
1943,75	0,147055551409721	1943,75	-0,0140600530430675	
1946,875	0,146872788667679	1946,875	-0,0133292218670249	
1950	0,147135108709335	1950	-0,0119149275124073	
1953,125	0,146902158856392	1953,125	-0,011791524477303	
1956,25	0,147074714303017	1956,25	-0,0105048390105367	
1959,375	0,147428780794144	1959,375	-0,0100125866010785	
1962,5	0,148070648312569	1962,5	-0,00920718349516392	
1965,625	0,147499158978462	1965,625	-0,00834982469677925	
1968,75	0,147685691714287	1968,75	-0,00785986520349979	
1971,875	0,147522643208504	1971,875	-0,00685877399519086	
1975	0,146933317184448	1975	-0,00537972198799253	
1978,125	0,147612988948822	1978,125	-0,00556002231314778	
1981,25	0,147444039583206	1981,25	-0,00479469774290919	
1984,375	0,147503048181534	1984,375	-0,00427680416032672	
1987,5	0,147785261273384	1987,5	-0,00299065536819398	
1990,625	0,14776237308979	1990,625	-0,00248253904283047	
1993,75	0,148032337427139	1993,75	-0,00285136746242642	
1996,875	0,148077353835106	1996,875	-0,00200730259530246	
2000	0,148312136530876	2000	-0,00101361004635692	
2003,125	0,148193374276161	2003,125	-0,000337320700054988	
2006,25	0,147716090083122	2006,25	0,00044387616799213	
2009,375	0,147780865430832	2009,375	0,000564490212127566	
2012,5	0,147844940423965	2012,5	0,00130423170048743	
2015,625	0,147692680358887	2015,625	0,00196039211004972	
2018,75	0,147633567452431	2018,75	0,00215082801878452	
2021,875	0,148059740662575	2021,875	0,00326362950727344	
2025	0,147870287299156	2025	0,00369217502884567	
2028,125	0,147328361868858	2028,125	0,00432158773764968	
2031,25	0,1464863717556	2031,25	0,00532701937481761	
2034,375	0,147036403417587	2034,375	0,00505799800157547	
2037,5	0,146853730082512	2037,5	0,00617628777399659	
2040,625	0,145418539643288	2040,625	0,00621956028044224	
2043,75	0,145979464054108	2043,75	0,00739419972524047	
2046,875	0,146078735589981	2046,875	0,00804767478257418	
2050	0,145906999707222	2050	0,00768483057618141	
2053,125	0,145794063806534	2053,125	0,00845520384609699	
2056,25	0,14482107758522	2056,25	0,00946744065731764	
2059,375	0,144544541835785	2059,375	0,0100166127085686	
2062,5	0,144186779856682	2062,5	0,0105024557560682	
2065,625	0,14388307929039	2065,625	0,0108740199357271	
2068,75	0,143946200609207	2068,75	0,0116285402327776	
2071,875	0,14347717165947	2071,875	0,0119771901518106	
2075	0,142454013228416	2075	0,0129367271438241	
2078,125	0,141677409410477	2078,125	0,0137799456715584	
2081,25	0,141056910157204	2081,25	0,0149156348779798	
2084,375	0,140822663903236	2084,375	0,0152243301272392	
2087,5	0,140227824449539	2087,5	0,0163735207170248	
2090,625	0,139613896608353	2090,625	0,0174864754080772	
2093,75	0,139381930232048	2093,75	0,0181826986372471	
2096,875	0,138658031821251	2096,875	0,0197894480079412	
2100	0,137893438339233	2100	0,0204788856208324	
2103,125	0,137664765119553	2103,125	0,0221558902412653	
2106,25	0,137615472078323	2106,25	0,0238284636288881	
2109,375	0,137251913547516	2109,375	0,0245401486754417	
2112,5	0,137677729129791	2112,5	0,0256985407322645	
2115,625	0,137608483433723	2115,625	0,0271100271493196	
2118,75	0,137624084949493	2118,75	0,0285903569310904	
2121,875	0,137115120887756	2121,875	0,0296148806810379	
2125	0,137430086731911	2125	0,0306011978536844	
2128,125	0,138277113437653	2128,125	0,0319704674184322	
2131,25	0,138160482048988	2131,25	0,0331518724560738	
2134,375	0,137913018465042	2134,375	0,0335392504930496	
2137,5	0,1385328322649	2137,5	0,0349254570901394	
2140,625	0,138697624206543	2140,625	0,035945750772953	
2143,75	0,138769492506981	2143,75	0,0363908484578133	
2146,875	0,139400705695152	2146,875	0,0377592593431473	
2150	0,140174210071564	2150	0,0383575558662415	
2153,125	0,139863610267639	2153,125	0,0387669689953327	
2156,25	0,140405938029289	2156,25	0,0395851582288742	
2159,375	0,139828190207481	2159,375	0,0398875959217548	
2162,5	0,139475643634796	2162,5	0,0411598384380341	
2165,625	0,139767691493034	2165,625	0,0418791994452477	
2168,75	0,140533119440079	2168,75	0,0419575646519661	
2171,875	0,140085771679878	2171,875	0,0429042689502239	
2175	0,140543803572655	2175	0,0438483953475952	
2178,125	0,140076547861099	2178,125	0,0441790893673897	
2181,25	0,139352366328239	2181,25	0,0451966971158981	
2184,375	0,13883563876152	2184,375	0,0458937436342239	
2187,5	0,138783052563667	2187,5	0,0468332357704639	
2190,625	0,138449743390083	2190,625	0,0481438487768173	
2193,75	0,138713493943214	2193,75	0,0485156252980232	
2196,875	0,138820990920067	2196,875	0,0494288578629494	
2200	0,138198986649513	2200	0,0504392944276333	
2203,125	0,138112396001816	2203,125	0,0515595637261868	
2206,25	0,138138979673386	2206,25	0,0522771663963795	
2209,375	0,138068154454231	2209,375	0,0535150468349457	
2212,5	0,138888716697693	2212,5	0,0548224970698357	
2215,625	0,139477625489235	2215,625	0,055886298418045	
2218,75	0,139191418886185	2218,75	0,0575627386569977	
2221,875	0,138810649514198	2221,875	0,0586274154484272	
2225	0,139170527458191	2225	0,0591002888977528	
2228,125	0,139606952667236	2228,125	0,0603280290961266	
2231,25	0,13952748477459	2231,25	0,0610994696617126	
2234,375	0,139870509505272	2234,375	0,0621197558939457	
2237,5	0,139989301562309	2237,5	0,0637282580137253	
2240,625	0,141853585839272	2240,625	0,0648391842842102	
2243,75	0,141879633069038	2243,75	0,0658209845423698	
2246,875	0,141785457730293	2246,875	0,0665118023753166	
2250	0,141449868679047	2250	0,0669894218444824	
2253,125	0,141866073012352	2253,125	0,0676138773560524	
2256,25	0,142390891909599	2256,25	0,0682548880577087	
2259,375	0,143100947141647	2259,375	0,0693555772304535	
2262,5	0,143604978919029	2262,5	0,0703676268458366	
2265,625	0,14398667216301	2265,625	0,071022056043148	
2268,75	0,143602639436722	2268,75	0,0711802244186401	
2271,875	0,144225984811783	2271,875	0,0720709338784218	
2275	0,145340472459793	2275	0,0726476013660431	
2278,125	0,14555749297142	2278,125	0,0739275515079498	
2281,25	0,145572066307068	2281,25	0,0746869891881943	
2284,375	0,145595103502274	2284,375	0,0749458521604538	
2287,5	0,14680889248848	2287,5	0,0758619904518127	
2290,625	0,146630451083183	2290,625	0,0764288902282715	
2293,75	0,14669106900692	2293,75	0,0771881341934204	
2296,875	0,147417411208153	2296,875	0,0780742987990379	
2300	0,147775769233704	2300	0,0783970654010773	
2303,125	0,147803112864494	2303,125	0,0785273313522339	
2306,25	0,148313611745834	2306,25	0,0789218693971634	
2309,375	0,148552432656288	2309,375	0,0801210254430771	
2312,5	0,148614913225174	2312,5	0,0805838257074356	
2315,625	0,148775860667229	2315,625	0,0806218236684799	
2318,75	0,150378808379173	2318,75	0,0809240415692329	
2321,875	0,149269223213196	2321,875	0,0813433080911636	
2325	0,150229394435883	2325	0,0821753367781639	
2328,125	0,150148183107376	2328,125	0,0830190256237984	
2331,25	0,150383457541466	2331,25	0,083609938621521	
2334,375	0,151302397251129	2334,375	0,0842607766389847	
2337,5	0,151354372501373	2337,5	0,0848370045423508	
2340,625	0,150881081819534	2340,625	0,084738165140152	
2343,75	0,152081429958344	2343,75	0,0856888070702553	
2346,875	0,151952818036079	2346,875	0,0858539342880249	
2350	0,152084097266197	2350	0,0872108340263367	
2353,125	0,152411252260208	2353,125	0,0874039605259895	
2356,25	0,152182564139366	2356,25	0,0879918858408928	
2359,375	0,152320101857185	2359,375	0,088360607624054	
2362,5	0,153191953897476	2362,5	0,0891000255942345	
2365,625	0,154288783669472	2365,625	0,08863615244627	
2368,75	0,15355309844017	2368,75	0,0897703096270561	
2371,875	0,152963653206825	2371,875	0,0896769836544991	
2375	0,153664976358414	2375	0,0901884511113167	
2378,125	0,154613882303238	2378,125	0,0902654826641083	
2381,25	0,155059739947319	2381,25	0,0907569155097008	
2384,375	0,155135706067085	2384,375	0,0920598283410072	
2387,5	0,154789194464684	2387,5	0,0915380194783211	
2390,625	0,155231803655624	2390,625	0,0921683758497238	
2393,75	0,155136749148369	2393,75	0,0930362641811371	
2396,875	0,155956044793129	2396,875	0,0939105674624443	
2400	0,155803695321083	2400	0,0941438898444176	
2403,125	0,156129464507103	2403,125	0,0946208387613297	
2406,25	0,15663093328476	2406,25	0,0952738150954247	
2409,375	0,156772255897522	2409,375	0,0952219739556313	
2412,5	0,155462920665741	2412,5	0,0958802998065948	
2415,625	0,156630352139473	2415,625	0,0947763472795486	
2418,75	0,157201603055	2418,75	0,095934085547924	
2421,875	0,157279521226883	2421,875	0,0977414920926094	
2425	0,157219141721725	2425	0,0979482531547546	
2428,125	0,157534658908844	2428,125	0,0976188629865646	
2431,25	0,157769083976746	2431,25	0,0979777351021767	
2434,375	0,158134698867798	2434,375	0,0982040464878082	
2437,5	0,158048450946808	2437,5	0,099159263074398	
2440,625	0,158211410045624	2440,625	0,0996744558215141	
2443,75	0,158818557858467	2443,75	0,099793016910553	
2446,875	0,158128812909126	2446,875	0,100108079612255	
2450	0,158537447452545	2450	0,100965768098831	
2453,125	0,158660143613815	2453,125	0,101154364645481	
2456,25	0,158945873379707	2456,25	0,101261340081692	
2459,375	0,159142971038818	2459,375	0,102117128670216	
2462,5	0,159722790122032	2462,5	0,102241680026054	
2465,625	0,15978479385376	2465,625	0,103007517755032	
2468,75	0,159071639180183	2468,75	0,103254348039627	
2471,875	0,160696566104889	2471,875	0,102850511670113	
2475	0,159863114356995	2475	0,104383796453476	
2478,125	0,160647556185722	2478,125	0,104734539985657	
2481,25	0,159752950072289	2481,25	0,105251558125019	
2484,375	0,160672843456268	2484,375	0,105513572692871	
2487,5	0,161840304732323	2487,5	0,105920650064945	
2490,625	0,160747170448303	2490,625	0,106077745556831	
2493,75	0,160404101014137	2493,75	0,105986095964909	
2496,875	0,160743102431297	2496,875	0,106406167149544	
2500	0,160732313990593	2500	0,107759885489941	
2503,125	0,160911247134209	2503,125	0,107610337436199	
2506,25	0,1612708568573	2506,25	0,109418459236622	
2509,375	0,161213308572769	2509,375	0,109828658401966	
2512,5	0,160831302404404	2512,5	0,110521331429482	
2515,625	0,160773724317551	2515,625	0,110516056418419	
2518,75	0,161015644669533	2518,75	0,111785769462585	
2521,875	0,161217510700226	2521,875	0,11275864392519	
2525	0,16427206993103	2525	0,113885812461376	
2528,125	0,162993028759956	2528,125	0,112983159720898	
2531,25	0,164102628827095	2531,25	0,112837515771389	
2534,375	0,164880588650703	2534,375	0,114165037870407	
2537,5	0,165889039635658	2537,5	0,113728053867817	
2540,625	0,164254456758499	2540,625	0,113244108855724	
2543,75	0,164872422814369	2543,75	0,113056242465973	
2546,875	0,165817841887474	2546,875	0,1151187941432	
2550	0,166233479976654	2550	0,115800008177757	
2553,125	0,166836053133011	2553,125	0,115234300494194	
2556,25	0,167108103632927	2556,25	0,115752145648003	
2559,375	0,16708742082119	2559,375	0,115694157779217	
2562,5	0,166990026831627	2562,5	0,115918897092342	
2565,625	0,166785269975662	2565,625	0,11673791706562	
2568,75	0,167071402072906	2568,75	0,117535568773746	
2571,875	0,168262273073196	2571,875	0,118281714618206	
2575	0,168118625879288	2575	0,117926299571991	
2578,125	0,168246403336525	2578,125	0,116575844585896	
2581,25	0,168490946292877	2581,25	0,118466287851334	
2584,375	0,168562322854996	2584,375	0,118365056812763	
2587,5	0,168956577777863	2587,5	0,118956930935383	
2590,625	0,169070020318031	2590,625	0,118863105773926	
2593,75	0,169867902994156	2593,75	0,119306199252605	
2596,875	0,170169427990913	2596,875	0,120588630437851	
2600	0,169703796505928	2600	0,120315082371235	
2603,125	0,170299991965294	2603,125	0,120475135743618	
2606,25	0,169576197862625	2606,25	0,120634980499744	
2609,375	0,170757189393044	2609,375	0,121878542006016	
2612,5	0,171522825956345	2612,5	0,122293330729008	
2615,625	0,172388330101967	2615,625	0,121928967535496	
2618,75	0,17238013446331	2618,75	0,122650787234306	
2621,875	0,172559648752213	2621,875	0,122231170535088	
2625	0,171746656298637	2625	0,122666381299496	
2628,125	0,17235554754734	2628,125	0,123201280832291	
2631,25	0,173026874661446	2631,25	0,122942849993706	
2634,375	0,172362968325615	2634,375	0,122884549200535	
2637,5	0,173704475164413	2637,5	0,123178020119667	
2640,625	0,173774942755699	2640,625	0,123668521642685	
2643,75	0,174460157752037	2643,75	0,124694555997849	
2646,875	0,174005165696144	2646,875	0,125812321901321	
2650	0,176327005028725	2650	0,125156417489052	
2653,125	0,175416007637978	2653,125	0,125513315200806	
2656,25	0,17608954012394	2656,25	0,126694142818451	
2659,375	0,176369667053223	2659,375	0,126475393772125	
2662,5	0,176138758659363	2662,5	0,126795411109924	
2665,625	0,177291572093964	2665,625	0,127048388123512	
2668,75	0,177102163434029	2668,75	0,126169964671135	
2671,875	0,177605763077736	2671,875	0,127458527684212	
2675	0,177900239825249	2675	0,12823985517025	
2678,125	0,177883446216583	2678,125	0,128383010625839	
2681,25	0,178732112050056	2681,25	0,128959700465202	
2684,375	0,180266201496124	2684,375	0,129318937659264	
2687,5	0,17969161272049	2687,5	0,129564195871353	
2690,625	0,180540695786476	2690,625	0,128859683871269	
2693,75	0,180263102054596	2693,75	0,129607796669006	
2696,875	0,180124565958977	2696,875	0,128776177763939	
2700	0,180241271853447	2700	0,129295334219933	
2703,125	0,181397259235382	2703,125	0,129626855254173	
2706,25	0,181520164012909	2706,25	0,129544720053673	
2709,375	0,181989163160324	2709,375	0,130112633109093	
2712,5	0,182148292660713	2712,5	0,131107583642006	
2715,625	0,182745039463043	2715,625	0,130862727761269	
2718,75	0,182708710432053	2718,75	0,130396172404289	
2721,875	0,18269544839859	2721,875	0,13043013215065	
2725	0,183659002184868	2725	0,13158817589283	
2728,125	0,184683784842491	2728,125	0,132317870855331	
2731,25	0,184547170996666	2731,25	0,132381245493889	
2734,375	0,183915510773659	2734,375	0,132279679179192	
2737,5	0,184224337339401	2737,5	0,13228839635849	
2740,625	0,184409633278847	2740,625	0,133510291576385	
2743,75	0,185607895255089	2743,75	0,134696453809738	
2746,875	0,185561135411263	2746,875	0,134307786822319	
2750	0,185202032327652	2750	0,133742690086365	
2753,125	0,186029151082039	2753,125	0,135112673044205	
2756,25	0,187868669629097	2756,25	0,134913429617882	
2759,375	0,187207892537117	2759,375	0,135664165019989	
2762,5	0,187444671988487	2762,5	0,135608926415443	
2765,625	0,187975779175758	2765,625	0,13672000169754	
2768,75	0,189753219485283	2768,75	0,137370437383652	
2771,875	0,189899399876595	2771,875	0,136732041835785	
2775	0,19049921631813	2775	0,137161061167717	
2778,125	0,190715834498405	2778,125	0,137321621179581	
2781,25	0,191599249839783	2781,25	0,137926653027534	
2784,375	0,191576838493347	2784,375	0,13786019384861	
2787,5	0,191491886973381	2787,5	0,137737914919853	
2790,625	0,193090066313744	2790,625	0,137946411967278	
2793,75	0,193846002221107	2793,75	0,138489231467247	
2796,875	0,194352656602859	2796,875	0,138775214552879	
2800	0,195023790001869	2800	0,139137834310532	
2803,125	0,195959627628326	2803,125	0,140434682369232	
2806,25	0,196295604109764	2806,25	0,1387849599123	
2809,375	0,196433573961258	2809,375	0,139470875263214	
2812,5	0,197765544056892	2812,5	0,139258772134781	
2815,625	0,198103502392769	2815,625	0,138911247253418	
2818,75	0,19828574359417	2818,75	0,138769656419754	
2821,875	0,198989048600197	2821,875	0,138841524720192	
2825	0,198626488447189	2825	0,138523608446121	
2828,125	0,199028193950653	2828,125	0,138876244425774	
2831,25	0,200344741344452	2831,25	0,138381570577621	
2834,375	0,200007900595665	2834,375	0,13819494843483	
2837,5	0,201525494456291	2837,5	0,139257252216339	
2840,625	0,201767191290855	2840,625	0,139359086751938	
2843,75	0,201075151562691	2843,75	0,138578519225121	
2846,875	0,202737733721733	2846,875	0,138613864779472	
2850	0,202294275164604	2850	0,138828501105309	
2853,125	0,201941817998886	2853,125	0,138620287179947	
2856,25	0,202530935406685	2856,25	0,139272764325142	
2859,375	0,203032404184341	2859,375	0,138903558254242	
2862,5	0,203877612948418	2862,5	0,139175772666931	
2865,625	0,20407310128212	2865,625	0,13834822177887	
2868,75	0,204092666506767	2868,75	0,139270693063736	
2871,875	0,20496441423893	2871,875	0,140078350901604	
2875	0,205235779285431	2875	0,139366209506989	
2878,125	0,205582857131958	2878,125	0,139607727527618	
2881,25	0,205982178449631	2881,25	0,139468669891357	
2884,375	0,20614030957222	2884,375	0,139314219355583	
2887,5	0,206274628639221	2887,5	0,139659762382507	
2890,625	0,207126557826996	2890,625	0,139926865696907	
2893,75	0,20713584125042	2893,75	0,140137627720833	
2896,875	0,207171037793159	2896,875	0,139871925115585	
2900	0,20693364739418	2900	0,14017242193222	
2903,125	0,207374081015587	2903,125	0,140369981527328	
2906,25	0,207966223359108	2906,25	0,139702975749969	
2909,375	0,207962647080421	2909,375	0,139865413308144	
2912,5	0,207416608929634	2912,5	0,139476969838142	
2915,625	0,20809879899025	2915,625	0,139645129442215	
2918,75	0,208787351846695	2918,75	0,140074029564857	
2921,875	0,208738669753075	2921,875	0,14098984003067	
2925	0,20935982465744	2925	0,141534462571144	
2928,125	0,208842977881432	2928,125	0,14102591574192	
2931,25	0,208832979202271	2931,25	0,140798985958099	
2934,375	0,209071934223175	2934,375	0,141498982906342	
2937,5	0,209219709038734	2937,5	0,141778454184532	
2940,625	0,20893731713295	2940,625	0,141785115003586	
2943,75	0,209013238549232	2943,75	0,141781985759735	
2946,875	0,210301607847214	2946,875	0,141753241419792	
2950	0,209864750504494	2950	0,142459243535995	
2953,125	0,209840446710587	2953,125	0,142650976777077	
2956,25	0,210097059607506	2956,25	0,143806800246239	
2959,375	0,210981979966164	2959,375	0,143640130758286	
2962,5	0,210435822606087	2962,5	0,143458768725395	
2965,625	0,210655227303505	2965,625	0,144217059016228	
2968,75	0,211123675107956	2968,75	0,144976422190666	
2971,875	0,211097314953804	2971,875	0,145293831825256	
2975	0,211143255233765	2975	0,145826384425163	
2978,125	0,211419984698296	2978,125	0,146084472537041	
2981,25	0,211130663752556	2981,25	0,146021530032158	
2984,375	0,211801126599312	2984,375	0,147142320871353	
2987,5	0,211863443255425	2987,5	0,147614493966103	
2990,625	0,212073981761932	2990,625	0,147806346416473	
2993,75	0,211737081408501	2993,75	0,148979768157005	
2996,875	0,212596923112869	2996,875	0,148961633443832	
3000	0,212914332747459	3000	0,148696810007095	
3003,125	0,213443130254745	3003,125	0,150732666254044	
3006,25	0,213526174426079	3006,25	0,150925159454346	
3009,375	0,213651686906815	3009,375	0,150746077299118	
3012,5	0,214228495955467	3012,5	0,150730058550835	
3015,625	0,215919330716133	3015,625	0,151386916637421	
3018,75	0,215410143136978	3018,75	0,152264654636383	
3021,875	0,216598153114319	3021,875	0,152528464794159	
3025	0,216910287737846	3025	0,153090491890907	
3028,125	0,216768890619278	3028,125	0,153927817940712	
3031,25	0,21781399846077	3031,25	0,155445873737335	
3034,375	0,217483401298523	3034,375	0,154907450079918	
3037,5	0,219312742352486	3037,5	0,154698684811592	
3040,625	0,219252035021782	3040,625	0,155166864395142	
3043,75	0,219410419464111	3043,75	0,155723720788956	
3046,875	0,22088997066021	3046,875	0,156879127025604	
3050	0,220731049776077	3050	0,155951738357544	
3053,125	0,222218498587608	3053,125	0,155848130583763	
3056,25	0,223020076751709	3056,25	0,157116800546646	
3059,375	0,22398629784584	3059,375	0,157363429665565	
3062,5	0,224058374762535	3062,5	0,157073616981506	
3065,625	0,22357776761055	3065,625	0,157503113150597	
3068,75	0,224465101957321	3068,75	0,15739768743515	
3071,875	0,224619343876839	3071,875	0,157702624797821	
3075	0,225787281990051	3075	0,157282769680023	
3078,125	0,226391240954399	3078,125	0,15679869055748	
3081,25	0,22654677927494	3081,25	0,157228514552116	
3084,375	0,226544097065926	3084,375	0,157444298267365	
3087,5	0,226945340633392	3087,5	0,157708331942558	
3090,625	0,227303743362427	3090,625	0,157945826649666	
3093,75	0,228299543261528	3093,75	0,158117771148682	
3096,875	0,228353813290596	3096,875	0,158072307705879	
3100	0,228284314274788	3100	0,156780943274498	
3103,125	0,228107050061226	3103,125	0,157280460000038	
3106,25	0,229104682803154	3106,25	0,15752312541008	
3109,375	0,229321405291557	3109,375	0,157455623149872	
3112,5	0,229277595877647	3112,5	0,158493563532829	
3115,625	0,22929884493351	3115,625	0,159691214561462	
3118,75	0,230635285377502	3118,75	0,158936843276024	
3121,875	0,230853542685509	3121,875	0,15980838239193	
3125	0,231530115008354	3125	0,158949375152588	
3128,125	0,231587707996368	3128,125	0,159533143043518	
3131,25	0,231349512934685	3131,25	0,158559754490852	
3134,375	0,230980753898621	3134,375	0,158762291073799	
3137,5	0,230978161096573	3137,5	0,158267304301262	
3140,625	0,231574639678001	3140,625	0,158621191978455	
3143,75	0,231316313147545	3143,75	0,15919603407383	
3146,875	0,231590911746025	3146,875	0,158565998077393	
3150	0,2318514585495	3150	0,159304246306419	
3153,125	0,232551097869873	3153,125	0,15960668027401	
3156,25	0,232419520616531	3156,25	0,158781066536903	
3159,375	0,232724606990814	3159,375	0,159385547041893	
3162,5	0,231795072555542	3162,5	0,159163743257523	
3165,625	0,231375187635422	3165,625	0,159047558903694	
3168,75	0,231435611844063	3168,75	0,160011455416679	
3171,875	0,231610581278801	3171,875	0,159215658903122	
3175	0,232561096549034	3175	0,158979877829552	
3178,125	0,232526227831841	3178,125	0,15989962220192	
3181,25	0,232543513178825	3181,25	0,161154240369797	
3184,375	0,2315813601017	3184,375	0,160666897892952	
3187,5	0,233564630150795	3187,5	0,160949274897575	
3190,625	0,230913192033768	3190,625	0,160382986068726	
3193,75	0,230032727122307	3193,75	0,161798626184464	
3196,875	0,231137782335281	3196,875	0,161556825041771	
3200	0,230344340205193	3200	0,16300593316555	
3203,125	0,229595303535461	3203,125	0,163456648588181	
3206,25	0,230040118098259	3206,25	0,163484960794449	
3209,375	0,229560881853104	3209,375	0,163139328360558	
3212,5	0,229655474424362	3212,5	0,163705185055733	
3215,625	0,229604288935661	3215,625	0,164321184158325	
3218,75	0,229227721691132	3218,75	0,166349917650223	
3221,875	0,229390352964401	3221,875	0,164961770176888	
3225	0,229591503739357	3225	0,165182650089264	
3228,125	0,22989921271801	3228,125	0,165640726685524	
3231,25	0,230640843510628	3231,25	0,166596829891205	
3234,375	0,231239676475525	3234,375	0,167603000998497	
3237,5	0,230247184634209	3237,5	0,169202759861946	
3240,625	0,230002969503403	3240,625	0,16957513988018	
3243,75	0,231042429804802	3243,75	0,169886484742165	
3246,875	0,231724366545677	3246,875	0,169779673218727	
3250	0,229511231184006	3250	0,171410068869591	
3253,125	0,229948416352272	3253,125	0,170567318797112	
3256,25	0,230417743325233	3256,25	0,171412736177444	
3259,375	0,231271371245384	3259,375	0,172798380255699	
3262,5	0,230825990438461	3262,5	0,172678560018539	
3265,625	0,230560347437859	3265,625	0,172621071338654	
3268,75	0,23041307926178	3268,75	0,174536749720573	
3271,875	0,229943141341209	3271,875	0,174877554178238	
3275	0,231160387396812	3275	0,174597695469856	
3278,125	0,230994522571564	3278,125	0,175754234194756	
3281,25	0,233091711997986	3281,25	0,176948055624962	
3284,375	0,231613844633102	3284,375	0,175944745540619	
3287,5	0,231090754270554	3287,5	0,176473811268806	
3290,625	0,232302352786064	3290,625	0,178263396024704	
3293,75	0,233030200004578	3293,75	0,176716655492783	
3296,875	0,232824072241783	3296,875	0,177285403013229	
3300	0,232626974582672	3300	0,178008735179901	
3303,125	0,232611045241356	3303,125	0,178187355399132	
3306,25	0,232983604073524	3306,25	0,178285762667656	
3309,375	0,233672946691513	3309,375	0,178884193301201	
3312,5	0,232938453555107	3312,5	0,180575475096703	
3315,625	0,232558757066727	3315,625	0,180736348032951	
3318,75	0,233214929699898	3318,75	0,181234583258629	
3321,875	0,235293135046959	3321,875	0,181139066815376	
3325	0,235142037272453	3325	0,181148737668991	
3328,125	0,234633535146713	3328,125	0,180909633636475	
3331,25	0,234636306762695	3331,25	0,18160742521286	
3334,375	0,23489998281002	3334,375	0,183050438761711	
3337,5	0,235250011086464	3337,5	0,182359620928764	
3340,625	0,234671473503113	3340,625	0,182059422135353	
3343,75	0,234506815671921	3343,75	0,183188870549202	
3346,875	0,237552478909492	3346,875	0,182192280888557	
3350	0,237131178379059	3350	0,18293397128582	
3353,125	0,236465811729431	3353,125	0,183345183730125	
3356,25	0,235766261816025	3356,25	0,184069409966469	
3359,375	0,237368136644363	3359,375	0,184509679675102	
3362,5	0,237008899450302	3362,5	0,183889299631119	
3365,625	0,236162722110748	3365,625	0,184840843081474	
3368,75	0,236008822917938	3368,75	0,184979632496834	
3371,875	0,235640823841095	3371,875	0,186225071549416	
3375	0,235331073403358	3375	0,186692222952843	
3378,125	0,237113326787949	3378,125	0,185415834188461	
3381,25	0,236078009009361	3381,25	0,186434090137482	
3384,375	0,235919490456581	3384,375	0,1871168166399	
3387,5	0,235700905323029	3387,5	0,186471432447433	
3390,625	0,236219257116318	3390,625	0,187151700258255	
3393,75	0,236363112926483	3393,75	0,186614736914635	
3396,875	0,237134099006653	3396,875	0,187152475118637	
3400	0,237884566187859	3400	0,187032505869865	
3403,125	0,23783166706562	3403,125	0,188846781849861	
3406,25	0,238390728831291	3406,25	0,189149558544159	
3409,375	0,238139435648918	3409,375	0,188057124614716	
3412,5	0,238615497946739	3412,5	0,189310610294342	
3415,625	0,238930657505989	3415,625	0,189380988478661	
3418,75	0,238156288862228	3418,75	0,189102068543434	
3421,875	0,238078847527504	3421,875	0,190400138497353	
3425	0,237738445401192	3425	0,19113752245903	
3428,125	0,238140195608139	3428,125	0,189359754323959	
3431,25	0,237576365470886	3431,25	0,189732909202576	
3434,375	0,237784162163734	3434,375	0,190878227353096	
3437,5	0,239090085029602	3437,5	0,191147223114967	
3440,625	0,240083485841751	3440,625	0,19099172949791	
3443,75	0,239636480808258	3443,75	0,191947922110558	
3446,875	0,23899795114994	3446,875	0,191031917929649	
3450	0,238959163427353	3450	0,190129950642586	
3453,125	0,239454254508018	3453,125	0,190993666648865	
3456,25	0,239946857094765	3456,25	0,191403821110725	
3459,375	0,239484965801239	3459,375	0,192575678229332	
3462,5	0,238661855459213	3462,5	0,191494166851044	
3465,625	0,238766923546791	3465,625	0,192366987466812	
3468,75	0,240444466471672	3468,75	0,193153828382492	
3471,875	0,240038350224495	3471,875	0,193209037184715	
3475	0,239523813128471	3475	0,192912966012955	
3478,125	0,239323392510414	3478,125	0,193623602390289	
3481,25	0,238777875900269	3481,25	0,191494107246399	
3484,375	0,238697320222855	3484,375	0,192735135555267	
3487,5	0,239490002393723	3487,5	0,193749219179153	
3490,625	0,239921092987061	3490,625	0,193290665745735	
3493,75	0,240112438797951	3493,75	0,194171816110611	
3496,875	0,238909095525742	3496,875	0,194426953792572	
3500	0,240398555994034	3500	0,193201318383217	
3503,125	0,240191534161568	3503,125	0,194079652428627	
3506,25	0,241203561425209	3506,25	0,195104643702507	
3509,375	0,240048065781593	3509,375	0,195755019783974	
3512,5	0,239163175225258	3512,5	0,194074109196663	
3515,625	0,239294201135635	3515,625	0,193518906831741	
3518,75	0,239468663930893	3518,75	0,19537128508091	
3521,875	0,239969775080681	3521,875	0,194882661104202	
3525	0,239973127841949	3525	0,193670749664307	
3528,125	0,240212798118591	3528,125	0,194302141666412	
3531,25	0,241237446665764	3531,25	0,195384919643402	
3534,375	0,240456908941269	3534,375	0,195888459682465	
3537,5	0,239234268665314	3537,5	0,195138856768608	
3540,625	0,239841297268867	3540,625	0,195351541042328	
3543,75	0,240050807595253	3543,75	0,195460334420204	
3546,875	0,239226683974266	3546,875	0,195992633700371	
3550	0,239860326051712	3550	0,195221140980721	
3553,125	0,239715740084648	3553,125	0,195992156863213	
3556,25	0,240541473031044	3556,25	0,196029528975487	
3559,375	0,240181937813759	3559,375	0,195895507931709	
3562,5	0,240922152996063	3562,5	0,196619927883148	
3565,625	0,240338683128357	3565,625	0,19662044942379	
3568,75	0,239763602614403	3568,75	0,196741670370102	
3571,875	0,241088911890984	3571,875	0,196387499570847	
3575	0,24208727478981	3575	0,196890398859978	
3578,125	0,241953611373901	3578,125	0,197102755308151	
3581,25	0,242054104804993	3581,25	0,196738347411156	
3584,375	0,241311803460121	3584,375	0,196266636252403	
3587,5	0,240858972072601	3587,5	0,196528345346451	
3590,625	0,241359770298004	3590,625	0,197098284959793	
3593,75	0,242146968841553	3593,75	0,19750003516674	
3596,875	0,242162719368935	3596,875	0,197807967662811	
3600	0,242476150393486	3600	0,197558492422104	
3603,125	0,24223530292511	3603,125	0,196565091609955	
3606,25	0,24174228310585	3606,25	0,198005601763725	
3609,375	0,241939410567284	3609,375	0,196129530668259	
3612,5	0,241602331399918	3612,5	0,196671262383461	
3615,625	0,242037773132324	3615,625	0,19786511361599	
3618,75	0,241471335291862	3618,75	0,197045281529427	
3621,875	0,241095617413521	3621,875	0,197778269648552	
3625	0,240753307938576	3625	0,197671890258789	
3628,125	0,241665318608284	3628,125	0,198027431964874	
3631,25	0,242789536714554	3631,25	0,196812376379967	
3634,375	0,242602273821831	3634,375	0,197778880596161	
3637,5	0,241558060050011	3637,5	0,198122009634972	
3640,625	0,240952000021935	3640,625	0,19711047410965	
3643,75	0,241680219769478	3643,75	0,196834787726402	
3646,875	0,240922167897224	3646,875	0,197020515799522	
3650	0,241434022784233	3650	0,197079241275787	
3653,125	0,241311877965927	3653,125	0,197125047445297	
3656,25	0,240927085280418	3656,25	0,197323083877563	
3659,375	0,241559222340584	3659,375	0,197893217206001	
3662,5	0,241846546530724	3662,5	0,197649776935577	
3665,625	0,241884216666222	3665,625	0,199668854475021	
3668,75	0,2425447255373	3668,75	0,197111308574677	
3671,875	0,240761369466782	3671,875	0,197521060705185	
3675	0,241399139165878	3675	0,197827741503716	
3678,125	0,24156366288662	3678,125	0,1977628916502	
3681,25	0,24105067551136	3681,25	0,200030341744423	
3684,375	0,241062507033348	3684,375	0,195399582386017	
3687,5	0,240609094500542	3687,5	0,197553381323814	
3690,625	0,240539997816086	3690,625	0,198244288563728	
3693,75	0,241529777646065	3693,75	0,198000892996788	
3696,875	0,241620272397995	3696,875	0,198906719684601	
3700	0,240534424781799	3700	0,19848720729351	
3703,125	0,24028879404068	3703,125	0,197586014866829	
3706,25	0,241847708821297	3706,25	0,198000803589821	
3709,375	0,241209551692009	3709,375	0,199483722448349	
3712,5	0,24056950211525	3712,5	0,1984903216362	
3715,625	0,23976919054985	3715,625	0,197149619460106	
3718,75	0,242056846618652	3718,75	0,198696821928024	
3721,875	0,241557225584984	3721,875	0,19824156165123	
3725	0,241520792245865	3725	0,199238613247871	
3728,125	0,241663947701454	3728,125	0,197628080844879	
3731,25	0,241381242871284	3731,25	0,198670357465744	
3734,375	0,241395071148872	3734,375	0,197901725769043	
3737,5	0,240864351391792	3737,5	0,198999732732773	
3740,625	0,242165833711624	3740,625	0,198033049702644	
3743,75	0,24157640337944	3743,75	0,198506116867065	
3746,875	0,241265326738358	3746,875	0,199356272816658	
3750	0,241915568709373	3750	0,198223486542702	
3753,125	0,241461247205734	3753,125	0,1983732432127	
3756,25	0,241268932819366	3756,25	0,198114261031151	
3759,375	0,240669190883636	3759,375	0,198017731308937	
3762,5	0,240521401166916	3762,5	0,200431361794472	
3765,625	0,242323905229568	3765,625	0,196327969431877	
3768,75	0,240930050611496	3768,75	0,198455452919006	
3771,875	0,240003153681755	3771,875	0,197921976447105	
3775	0,240648522973061	3775	0,198445931077003	
3778,125	0,240435495972633	3778,125	0,197615623474121	
3781,25	0,241069808602333	3781,25	0,19719959795475	
3784,375	0,241322547197342	3784,375	0,198820501565933	
3787,5	0,242596179246902	3787,5	0,198383420705795	
3790,625	0,241126522421837	3790,625	0,198499217629433	
3793,75	0,241525709629059	3793,75	0,196258962154388	
3796,875	0,240356668829918	3796,875	0,197507739067078	
3800	0,239106729626656	3800	0,196942210197449	
3803,125	0,24040125310421	3803,125	0,197349682450294	
3806,25	0,241121664643288	3806,25	0,198324412107468	
3809,375	0,240257367491722	3809,375	0,197175800800323	
3812,5	0,240089640021324	3812,5	0,196747183799744	
3815,625	0,239137351512909	3815,625	0,196666359901428	
3818,75	0,240377828478813	3818,75	0,197339355945587	
3821,875	0,239585846662521	3821,875	0,197202131152153	
3825	0,239420205354691	3825	0,198142498731613	
3828,125	0,240188211202621	3828,125	0,196894869208336	
3831,25	0,240043625235558	3831,25	0,196659252047539	
3834,375	0,240860551595688	3834,375	0,196686029434204	
3837,5	0,240606725215912	3837,5	0,19797021150589	
3840,625	0,239601820707321	3840,625	0,196488544344902	
3843,75	0,238673314452171	3843,75	0,196100130677223	
3846,875	0,240179181098938	3846,875	0,195736035704613	
3850	0,239539757370949	3850	0,196311429142952	
3853,125	0,238941252231598	3853,125	0,196588084101677	
3856,25	0,240271285176277	3856,25	0,196712806820869	
3859,375	0,239748522639275	3859,375	0,196250542998314	
3862,5	0,239238917827606	3862,5	0,194894134998322	
3865,625	0,239573419094086	3865,625	0,19654706120491	
3868,75	0,239154726266861	3868,75	0,196683466434479	
3871,875	0,238636434078217	3871,875	0,195606827735901	
3875	0,238196134567261	3875	0,195471286773682	
3878,125	0,239800751209259	3878,125	0,195908591151237	
3881,25	0,238822609186172	3881,25	0,195591911673546	
3884,375	0,240623295307159	3884,375	0,193968415260315	
3887,5	0,239748626947403	3887,5	0,195245966315269	
3890,625	0,239492192864418	3890,625	0,194680973887444	
3893,75	0,240493640303612	3893,75	0,19567297399044	
3896,875	0,23975658416748	3896,875	0,194750785827637	
3900	0,239871427416801	3900	0,195637956261635	
3903,125	0,239504858851433	3903,125	0,19566510617733	
3906,25	0,239966168999672	3906,25	0,194739684462547	
3909,375	0,239537164568901	3909,375	0,194994494318962	
3912,5	0,238949000835419	3912,5	0,1949832290411	
3915,625	0,240577876567841	3915,625	0,193936198949814	
3918,75	0,23807866871357	3918,75	0,195863381028175	
3921,875	0,241047486662865	3921,875	0,192337602376938	
3925	0,238501310348511	3925	0,193600118160248	
3928,125	0,238097131252289	3928,125	0,193126663565636	
3931,25	0,23703795671463	3931,25	0,194904431700706	
3934,375	0,237945273518562	3934,375	0,194829657673836	
3937,5	0,238622978329659	3937,5	0,193992435932159	
3940,625	0,238692402839661	3940,625	0,19443416595459	
3943,75	0,238053262233734	3943,75	0,195291727781296	
3946,875	0,237568482756615	3946,875	0,193742573261261	
3950	0,236897021532059	3950	0,192184925079346	
3953,125	0,23777773976326	3953,125	0,19251461327076	
3956,25	0,237332344055176	3956,25	0,193942978978157	
3959,375	0,236123442649841	3959,375	0,192978665232658	
3962,5	0,237758547067642	3962,5	0,192118704319	
3965,625	0,238285779953003	3965,625	0,193796098232269	
3968,75	0,238308966159821	3968,75	0,19344836473465	
3971,875	0,238228321075439	3971,875	0,192892849445343	
3975	0,240170672535896	3975	0,192070320248604	
3978,125	0,238487660884857	3978,125	0,192325681447983	
3981,25	0,236497431993484	3981,25	0,193050712347031	
3984,375	0,236523851752281	3984,375	0,191856756806374	
3987,5	0,237036406993866	3987,5	0,192750662565231	
3990,625	0,238559022545815	3990,625	0,192665234208107	
3993,75	0,238028153777122	3993,75	0,192640796303749	
3996,875	0,238418504595757	3996,875	0,192518189549446	
4000	0,240634545683861	4000	0,193102702498436	
4003,125	0,23980014026165	4003,125	0,192440524697304	
4006,25	0,239094585180283	4006,25	0,191895723342896	
4009,375	0,238687127828598	4009,375	0,191677644848824	
4012,5	0,238960146903992	4012,5	0,192184701561928	
4015,625	0,239281073212624	4015,625	0,192034333944321	
4018,75	0,239585995674133	4018,75	0,191384926438332	
4021,875	0,239300265908241	4021,875	0,190871402621269	
4025	0,239538922905922	4025	0,191006228327751	
4028,125	0,238219752907753	4028,125	0,192024767398834	
4031,25	0,238737255334854	4031,25	0,188915893435478	
4034,375	0,239019066095352	4034,375	0,189145937561989	
4037,5	0,240454450249672	4037,5	0,190197870135307	
4040,625	0,236879572272301	4040,625	0,188194125890732	
4043,75	0,238424345850945	4043,75	0,188327774405479	
4046,875	0,238145515322685	4046,875	0,187536001205444	
4050	0,238296121358871	4050	0,186686873435974	
4053,125	0,237931862473488	4053,125	0,188341870903969	
4056,25	0,238574400544167	4056,25	0,186869606375694	
4059,375	0,237471610307693	4059,375	0,188094675540924	
4062,5	0,23659884929657	4062,5	0,186163127422333	
4065,625	0,237529024481773	4065,625	0,186887696385384	
4068,75	0,237385138869286	4068,75	0,187056884169579	
4071,875	0,237282902002335	4071,875	0,18644355237484	
4075	0,2396250218153	4075	0,186937227845192	
4078,125	0,23885977268219	4078,125	0,187289595603943	
4081,25	0,239735543727875	4081,25	0,18666373193264	
4084,375	0,238314256072044	4084,375	0,184743151068687	
4087,5	0,239449962973595	4087,5	0,185518205165863	
4090,625	0,23720209300518	4090,625	0,185240283608437	
4093,75	0,237278535962105	4093,75	0,182961657643318	
4096,875	0,237907737493515	4096,875	0,184744954109192	
4100	0,239140495657921	4100	0,183384850621223	
4103,125	0,238526865839958	4103,125	0,183374837040901	
4106,25	0,237351685762405	4106,25	0,184284135699272	
4109,375	0,23899045586586	4109,375	0,184659630060196	
4112,5	0,238567009568214	4112,5	0,183321565389633	
4115,625	0,237966448068619	4115,625	0,183023527264595	
4118,75	0,238697379827499	4118,75	0,183285772800446	
4121,875	0,237908259034157	4121,875	0,183173954486847	
4125	0,237944662570953	4125	0,180933013558388	
4128,125	0,237909361720085	4128,125	0,180520579218864	
4131,25	0,238267734646797	4131,25	0,181178584694862	
4134,375	0,240156143903732	4134,375	0,180442929267883	
4137,5	0,239245980978012	4137,5	0,180197164416313	
4140,625	0,237640708684921	4140,625	0,179606184363365	
4143,75	0,238698482513428	4143,75	0,177622020244598	
4146,875	0,237879827618599	4146,875	0,179335370659828	
4150	0,239283531904221	4150	0,177073910832405	
4153,125	0,239919573068619	4153,125	0,178526878356934	
4156,25	0,239794701337814	4156,25	0,178002893924713	
4159,375	0,23772332072258	4159,375	0,177716046571732	
4162,5	0,237876385450363	4162,5	0,175596356391907	
4165,625	0,238413959741592	4165,625	0,175970658659935	
4168,75	0,237820982933044	4168,75	0,175524711608887	
4171,875	0,237279713153839	4171,875	0,175247713923454	
4175	0,237722247838974	4175	0,176166638731956	
4178,125	0,239085957407951	4178,125	0,175481110811234	
4181,25	0,238618522882462	4181,25	0,173582300543785	
4184,375	0,237190216779709	4184,375	0,173763245344162	
4187,5	0,237872287631035	4187,5	0,173192054033279	
4190,625	0,238080143928528	4190,625	0,173487722873688	
4193,75	0,23744335770607	4193,75	0,173657670617104	
4196,875	0,236774146556854	4196,875	0,172569498419762	
4200	0,236384227871895	4200	0,172305181622505	
4203,125	0,236121445894241	4203,125	0,171540454030037	
4206,25	0,235193729400635	4206,25	0,17044922709465	
4209,375	0,235631763935089	4209,375	0,171338483691216	
4212,5	0,235939517617226	4212,5	0,170746728777885	
4215,625	0,235790193080902	4215,625	0,170430719852448	
4218,75	0,235742807388306	4218,75	0,170239686965942	
4221,875	0,234593346714973	4221,875	0,169877126812935	
4225	0,233401700854301	4225	0,169018179178238	
4228,125	0,23319248855114	4228,125	0,168456524610519	
4231,25	0,233404383063316	4231,25	0,169297888875008	
4234,375	0,233782529830933	4234,375	0,168744772672653	
4237,5	0,233253598213196	4237,5	0,16777640581131	
4240,625	0,232759937644005	4240,625	0,168384373188019	
4243,75	0,231399700045586	4243,75	0,167232841253281	
4246,875	0,232136219739914	4246,875	0,168037787079811	
4250	0,232431888580322	4250	0,168019577860832	
4253,125	0,230554506182671	4253,125	0,167261853814125	
4256,25	0,231059685349464	4256,25	0,166810646653175	
4259,375	0,230312913656235	4259,375	0,168045714497566	
4262,5	0,231246158480644	4262,5	0,167608439922333	
4265,625	0,230838596820831	4265,625	0,166868075728416	
4268,75	0,230117335915565	4268,75	0,167420938611031	
4271,875	0,229368403553963	4271,875	0,16707643866539	
4275	0,229060098528862	4275	0,165222868323326	
4278,125	0,228903740644455	4278,125	0,166705369949341	
4281,25	0,227635353803635	4281,25	0,167663842439651	
4284,375	0,229895785450935	4284,375	0,166661038994789	
4287,5	0,230249851942062	4287,5	0,166954070329666	
4290,625	0,229273274540901	4290,625	0,165969640016556	
4293,75	0,227560147643089	4293,75	0,165406063199043	
4296,875	0,226340755820274	4296,875	0,165185183286667	
4300	0,227038532495499	4300	0,164749264717102	
4303,125	0,227344572544098	4303,125	0,16535684466362	
4306,25	0,226635962724686	4306,25	0,164535701274872	
4309,375	0,226294562220573	4309,375	0,164601862430573	
4312,5	0,226932659745216	4312,5	0,164921656250954	
4315,625	0,226261362433434	4315,625	0,163598015904427	
4318,75	0,226574927568436	4318,75	0,164052605628967	
4321,875	0,22685495018959	4321,875	0,163712248206139	
4325	0,22581559419632	4325	0,163862898945808	
4328,125	0,224952831864357	4328,125	0,164478987455368	
4331,25	0,226089403033257	4331,25	0,165097415447235	
4334,375	0,225539565086365	4334,375	0,164375945925713	
4337,5	0,226544618606567	4337,5	0,164628058671951	
4340,625	0,225430384278297	4340,625	0,163927406072617	
4343,75	0,225023001432419	4343,75	0,164031028747559	
4346,875	0,224707394838333	4346,875	0,163787916302681	
4350	0,22492291033268	4350	0,162781596183777	
4353,125	0,224672138690948	4353,125	0,162820100784302	
4356,25	0,224713429808617	4356,25	0,162409603595734	
4359,375	0,22483591735363	4359,375	0,161292254924774	
4362,5	0,225416108965874	4362,5	0,162553459405899	
4365,625	0,223762005567551	4365,625	0,162576541304588	
4368,75	0,224974006414413	4368,75	0,162191167473793	
4371,875	0,22344508767128	4371,875	0,162074387073517	
4375	0,223309963941574	4375	0,16151687502861	
4378,125	0,224995940923691	4378,125	0,162245392799377	
4381,25	0,2237578779459	4381,25	0,161486387252808	
4384,375	0,22307950258255	4384,375	0,16095994412899	
4387,5	0,221932455897331	4387,5	0,161256313323975	
4390,625	0,22210131585598	4390,625	0,161389097571373	
4393,75	0,223380133509636	4393,75	0,161354407668114	
4396,875	0,222793236374855	4396,875	0,161876276135445	
4400	0,222091168165207	4400	0,161405980587006	
4403,125	0,22201181948185	4403,125	0,161572948098183	
4406,25	0,221906960010529	4406,25	0,161698251962662	
4409,375	0,223275244235992	4409,375	0,161435037851334	
4412,5	0,222771897912025	4412,5	0,161419451236725	
4415,625	0,222875967621803	4415,625	0,162765890359879	
4418,75	0,223888382315636	4418,75	0,162919014692307	
4421,875	0,224035382270813	4421,875	0,162792176008224	
4425	0,223321586847305	4425	0,162109836935997	
4428,125	0,224577009677887	4428,125	0,162234351038933	
4431,25	0,224536746740341	4431,25	0,162863835692406	
4434,375	0,224982544779778	4434,375	0,16222520172596	
4437,5	0,224465325474739	4437,5	0,161131218075752	
4440,625	0,225559800863266	4440,625	0,161034718155861	
4443,75	0,225816681981087	4443,75	0,159771993756294	
4446,875	0,227257907390594	4446,875	0,160844638943672	
4450	0,227806344628334	4450	0,160221725702286	
4453,125	0,228248417377472	4453,125	0,159235894680023	
4456,25	0,227559939026833	4456,25	0,158824920654297	
4459,375	0,227445662021637	4459,375	0,157186403870583	
4462,5	0,22944974899292	4462,5	0,158030658960342	
4465,625	0,229478478431702	4465,625	0,15840969979763	
4468,75	0,230662003159523	4468,75	0,157496958971024	
4471,875	0,229980438947678	4471,875	0,154167577624321	
4475	0,229111209511757	4475	0,15377651154995	
4478,125	0,228914812207222	4478,125	0,154350832104683	
4481,25	0,231561258435249	4481,25	0,152644738554955	
4484,375	0,232375219464302	4484,375	0,152529567480087	
4487,5	0,231430783867836	4487,5	0,152256548404694	
4490,625	0,230133295059204	4490,625	0,15130777657032	
4493,75	0,230239585042	4493,75	0,14992368221283	
4496,875	0,229862615466118	4496,875	0,148890361189842	
4500	0,229485616087914	4500	0,149087533354759	
4503,125	0,230083286762238	4503,125	0,148307487368584	
4506,25	0,231030404567719	4506,25	0,147628337144852	
4509,375	0,230261817574501	4509,375	0,146805509924889	
4512,5	0,230258733034134	4512,5	0,146273508667946	
4515,625	0,230923384428024	4515,625	0,146105885505676	
4518,75	0,230703443288803	4518,75	0,146198123693466	
4521,875	0,230812564492226	4521,875	0,144147485494614	
4525	0,230971068143845	4525	0,144157439470291	
4528,125	0,229924023151398	4528,125	0,142298266291618	
4531,25	0,230016514658928	4531,25	0,14090034365654	
4534,375	0,230316072702408	4534,375	0,141187950968742	
4537,5	0,23073248565197	4537,5	0,140935957431793	
4540,625	0,231113135814667	4540,625	0,139493376016617	
4543,75	0,231410130858421	4543,75	0,139560908079147	
4546,875	0,230961129069328	4546,875	0,138664081692696	
4550	0,230805233120918	4550	0,138012036681175	
4553,125	0,230108648538589	4553,125	0,136776849627495	
4556,25	0,23087003827095	4556,25	0,136619985103607	
4559,375	0,230210840702057	4559,375	0,13704688847065	
4562,5	0,232051745057106	4562,5	0,135734125971794	
4565,625	0,231961265206337	4565,625	0,136152788996696	
4568,75	0,23240402340889	4568,75	0,135629385709763	
4571,875	0,23105026781559	4571,875	0,134461268782616	
4575	0,230868965387344	4575	0,133475705981255	
4578,125	0,230942279100418	4578,125	0,132492214441299	
4581,25	0,231793433427811	4581,25	0,131895288825035	
4584,375	0,231674835085869	4584,375	0,131155788898468	
4587,5	0,231703445315361	4587,5	0,130660831928253	
4590,625	0,232191100716591	4590,625	0,130209654569626	
4593,75	0,232337459921837	4593,75	0,130352020263672	
4596,875	0,231051594018936	4596,875	0,129230558872223	
4600	0,23287595808506	4600	0,12903705239296	
4603,125	0,23350465297699	4603,125	0,128568708896637	
4606,25	0,232438594102859	4606,25	0,127975180745125	
4609,375	0,23270072042942	4609,375	0,127725064754486	
4612,5	0,233414173126221	4612,5	0,126228243112564	
4615,625	0,232862457633018	4615,625	0,126118630170822	
4618,75	0,233798399567604	4618,75	0,126303687691689	
4621,875	0,234094649553299	4621,875	0,125991016626358	
4625	0,234124407172203	4625	0,123626731336117	
4628,125	0,234883859753609	4628,125	0,123730950057507	
4631,25	0,233546540141106	4631,25	0,122721187770367	
4634,375	0,234625250101089	4634,375	0,122217133641243	
4637,5	0,234619438648224	4637,5	0,123697035014629	
4640,625	0,235096901655197	4640,625	0,123041614890099	
4643,75	0,236171722412109	4643,75	0,121006667613983	
4646,875	0,235816046595573	4646,875	0,121394000947475	
4650	0,23603980243206	4650	0,120953924953938	
4653,125	0,237064957618713	4653,125	0,120634891092777	
4656,25	0,237890973687172	4656,25	0,120192892849445	
4659,375	0,237970963120461	4659,375	0,119702242314816	
4662,5	0,238970756530762	4662,5	0,120353475213051	
4665,625	0,239304825663567	4665,625	0,118859700858593	
4668,75	0,238811865448952	4668,75	0,11938951164484	
4671,875	0,240926444530487	4671,875	0,118000574409962	
4675	0,240718960762024	4675	0,117081053555012	
4678,125	0,240875989198685	4678,125	0,117055714130402	
4681,25	0,240519553422928	4681,25	0,116061821579933	
4684,375	0,24144971370697	4684,375	0,116672538220882	
4687,5	0,24228535592556	4687,5	0,115538001060486	
4690,625	0,242668941617012	4690,625	0,115597523748875	
4693,75	0,24334454536438	4693,75	0,115167789161205	
4696,875	0,244305774569511	4696,875	0,114696770906448	
4700	0,245386332273483	4700	0,114153929054737	
4703,125	0,244999945163727	4703,125	0,113345094025135	
4706,25	0,245308920741081	4706,25	0,113851621747017	
4709,375	0,246805429458618	4709,375	0,11318738758564	
4712,5	0,247444525361061	4712,5	0,112460851669312	
4715,625	0,247803568840027	4715,625	0,111851528286934	
4718,75	0,248017504811287	4718,75	0,111603558063507	
4721,875	0,248329162597656	4721,875	0,111048825085163	
4725	0,249304473400116	4725	0,110818386077881	
4728,125	0,250664979219437	4728,125	0,110779888927937	
4731,25	0,251634955406189	4731,25	0,111886449158192	
4734,375	0,25253227353096	4734,375	0,11101109534502	
4737,5	0,252474814653397	4737,5	0,110249407589436	
4740,625	0,252183765172958	4740,625	0,109821230173111	
4743,75	0,253276497125626	4743,75	0,108555033802986	
4746,875	0,254063099622726	4746,875	0,108671441674232	
4750	0,255115270614624	4750	0,108868137001991	
4753,125	0,256248295307159	4753,125	0,109890900552273	
4756,25	0,256069213151932	4756,25	0,108979046344757	
4759,375	0,257266849279404	4759,375	0,107893764972687	
4762,5	0,258230656385422	4762,5	0,108130484819412	
4765,625	0,258667349815369	4765,625	0,109171330928802	
4768,75	0,259356498718262	4768,75	0,108305245637894	
4771,875	0,260175377130508	4771,875	0,107982464134693	
4775	0,260058164596558	4775	0,106857165694237	
4778,125	0,261274397373199	4778,125	0,106275655329227	
4781,25	0,261501789093018	4781,25	0,10589811950922	
4784,375	0,262746453285217	4784,375	0,106376864016056	
4787,5	0,263369053602219	4787,5	0,106059908866882	
4790,625	0,26357439160347	4790,625	0,105970554053783	
4793,75	0,264901012182236	4793,75	0,106098309159279	
4796,875	0,265425473451614	4796,875	0,105327054858208	
4800	0,266307771205902	4800	0,105185985565186	
4803,125	0,26631560921669	4803,125	0,105172082781792	
4806,25	0,266742169857025	4806,25	0,104790069162846	
4809,375	0,267203450202942	4809,375	0,10450255125761	
4812,5	0,267512798309326	4812,5	0,104041986167431	
4815,625	0,267883598804474	4815,625	0,104551419615746	
4818,75	0,268450409173965	4818,75	0,104786798357964	
4821,875	0,269027143716812	4821,875	0,103881381452084	
4825	0,270155817270279	4825	0,104072064161301	
4828,125	0,270566672086716	4828,125	0,10461637377739	
4831,25	0,270919382572174	4831,25	0,104834362864494	
4834,375	0,270880818367004	4834,375	0,105432316660881	
4837,5	0,271377861499786	4837,5	0,105492226779461	
4840,625	0,271208226680756	4840,625	0,105331972241402	
4843,75	0,271761178970337	4843,75	0,105597481131554	
4846,875	0,272707372903824	4846,875	0,106694296002388	
4850	0,273540794849396	4850	0,107107147574425	
4853,125	0,273324191570282	4853,125	0,106931015849113	
4856,25	0,273244261741638	4856,25	0,106850445270538	
4859,375	0,273247629404068	4859,375	0,107644595205784	
4862,5	0,273041695356369	4862,5	0,108007207512856	
4865,625	0,273405492305756	4865,625	0,10869150608778	
4868,75	0,273266822099686	4868,75	0,109770953655243	
4871,875	0,273000776767731	4871,875	0,111745655536652	
4875	0,272954732179642	4875	0,11395762860775	
4878,125	0,274641811847687	4878,125	0,116062507033348	
4881,25	0,276207000017166	4881,25	0,116899818181992	
4884,375	0,277642250061035	4884,375	0,117114059627056	
4887,5	0,278922468423843	4887,5	0,1176398396492	
4890,625	0,279549777507782	4890,625	0,117746323347092	
4893,75	0,279866933822632	4893,75	0,118753783404827	
4896,875	0,280500143766403	4896,875	0,120217077434063	
4900	0,281077325344086	4900	0,12201464176178	
4903,125	0,281630009412766	4903,125	0,122795261442661	
4906,25	0,281850606203079	4906,25	0,123536914587021	
4909,375	0,283537358045578	4909,375	0,123326174914837	
4912,5	0,284032136201859	4912,5	0,124771043658257	
4915,625	0,284718096256256	4915,625	0,126789063215256	
4918,75	0,285771280527115	4918,75	0,127826362848282	
4921,875	0,287235498428345	4921,875	0,129141420125961	
4925	0,288188308477402	4925	0,130777984857559	
4928,125	0,289348900318146	4928,125	0,131958171725273	
4931,25	0,290610134601593	4931,25	0,132696107029915	
4934,375	0,290823221206665	4934,375	0,134208366274834	
4937,5	0,2918321788311	4937,5	0,135938346385956	
4940,625	0,293446719646454	4940,625	0,137295052409172	
4943,75	0,294269114732742	4943,75	0,139166995882988	
4946,875	0,294899463653564	4946,875	0,140329420566559	
4950	0,296527177095413	4950	0,141027897596359	
4953,125	0,297818005084991	4953,125	0,143032357096672	
4956,25	0,298321932554245	4956,25	0,143950179219246	
4959,375	0,298975467681885	4959,375	0,146059468388557	
4962,5	0,300520956516266	4962,5	0,147516474127769	
4965,625	0,30266085267067	4965,625	0,148229509592056	
4968,75	0,303949773311615	4968,75	0,150136336684227	
4971,875	0,304709047079086	4971,875	0,152432844042778	
4975	0,305663406848907	4975	0,153571397066116	
				
