Frequency in Hz	Wool_95 Sound Reflection Factor continuous Re	Frequency in Hz	Wool_95 Sound Reflection Factor continuous Im	
100	0.964748322963715	100	-0.128739401698112	
103.125	0.957401096820831	103.125	-0.119420699775219	
106.25	0.960232198238373	106.25	-0.153269648551941	
109.375	0.972029507160187	109.375	-0.138279154896736	
112.5	0.959437668323517	112.5	-0.143615454435349	
115.625	0.957832217216492	115.625	-0.155761405825615	
118.75	0.962734758853912	118.75	-0.148186311125755	
121.875	0.94972026348114	121.875	-0.156914368271828	
125	0.961992502212524	125	-0.159170776605606	
128.125	0.960538268089294	128.125	-0.171299234032631	
131.25	0.960950076580048	131.25	-0.169832676649094	
134.375	0.969902276992798	134.375	-0.170605108141899	
137.5	0.944650232791901	137.5	-0.186850175261497	
140.625	0.943239986896515	140.625	-0.175907999277115	
143.75	0.939997792243958	143.75	-0.187877759337425	
146.875	0.957943379878998	146.875	-0.17755338549614	
150	0.944575428962708	150	-0.18906868994236	
153.125	0.944429934024811	153.125	-0.203655645251274	
156.25	0.945304930210114	156.25	-0.198922231793404	
159.375	0.944834053516388	159.375	-0.204823940992355	
162.5	0.946328520774841	162.5	-0.205077022314072	
165.625	0.941148281097412	165.625	-0.205160930752754	
168.75	0.938484370708466	168.75	-0.223206251859665	
171.875	0.933779358863831	171.875	-0.213737562298775	
175	0.927184879779816	175	-0.22222301363945	
178.125	0.93474668264389	178.125	-0.227074906229973	
181.25	0.934605836868286	181.25	-0.224776074290276	
184.375	0.928301393985748	184.375	-0.225995600223541	
187.5	0.919356942176819	187.5	-0.236567154526711	
190.625	0.919225871562958	190.625	-0.232492342591286	
193.75	0.914153635501862	193.75	-0.246020376682281	
196.875	0.917906880378723	196.875	-0.241633594036102	
200	0.92511385679245	200	-0.242925330996513	
203.125	0.929129719734192	203.125	-0.243250653147697	
206.25	0.91562157869339	206.25	-0.26287516951561	
209.375	0.914623618125916	209.375	-0.257317095994949	
212.5	0.922971427440643	212.5	-0.252571493387222	
215.625	0.907286882400513	215.625	-0.268069714307785	
218.75	0.911875426769257	218.75	-0.260946124792099	
221.875	0.906788766384125	221.875	-0.270713806152344	
225	0.901834666728973	225	-0.270347148180008	
228.125	0.899035334587097	228.125	-0.274081349372864	
231.25	0.898962497711182	231.25	-0.275876194238663	
234.375	0.894278466701508	234.375	-0.279907494783401	
237.5	0.901496410369873	237.5	-0.280401229858398	
240.625	0.899180114269257	240.625	-0.297133654356003	
243.75	0.896897375583649	243.75	-0.292219907045364	
246.875	0.886563301086426	246.875	-0.293190628290176	
250	0.884212136268616	250	-0.294990599155426	
253.125	0.887703835964203	253.125	-0.299873322248459	
256.25	0.882476449012756	256.25	-0.307374954223633	
259.375	0.877175807952881	259.375	-0.303207278251648	
262.5	0.879273891448975	262.5	-0.311710625886917	
265.625	0.880012273788452	265.625	-0.319276183843613	
268.75	0.876879632472992	268.75	-0.315261214971542	
271.875	0.871078193187714	271.875	-0.323436498641968	
275	0.874157786369324	275	-0.32574537396431	
278.125	0.865939140319824	278.125	-0.330537974834442	
281.25	0.865374088287354	281.25	-0.33032962679863	
284.375	0.863975763320923	284.375	-0.332993030548096	
287.5	0.871112763881683	287.5	-0.331453949213028	
290.625	0.855175852775574	290.625	-0.351732701063156	
293.75	0.857770085334778	293.75	-0.3520168364048	
296.875	0.852977812290192	296.875	-0.353559643030167	
300	0.848910570144653	300	-0.357006430625916	
303.125	0.844041347503662	303.125	-0.36425906419754	
306.25	0.837650179862976	306.25	-0.366404831409454	
309.375	0.831629037857056	309.375	-0.366486936807632	
312.5	0.819531083106995	312.5	-0.372418969869614	
315.625	0.810177505016327	315.625	-0.357093721628189	
318.75	0.807147979736328	318.75	-0.360326886177063	
321.875	0.815473556518555	321.875	-0.354111909866333	
325	0.817882120609283	325	-0.349826127290726	
328.125	0.815121293067932	328.125	-0.346454232931137	
331.25	0.82299530506134	331.25	-0.362126886844635	
334.375	0.822934150695801	334.375	-0.36489537358284	
337.5	0.820003211498261	337.5	-0.362477958202362	
340.625	0.821686506271362	340.625	-0.369098901748657	
343.75	0.814766466617584	343.75	-0.376965761184692	
346.875	0.815421462059021	346.875	-0.378550320863724	
350	0.812425851821899	350	-0.377937406301498	
353.125	0.812881290912628	353.125	-0.380042016506195	
356.25	0.814088404178619	356.25	-0.390184342861176	
359.375	0.806676626205444	359.375	-0.400124788284302	
362.5	0.8022381067276	362.5	-0.399104416370392	
365.625	0.794507682323456	365.625	-0.394932925701141	
368.75	0.801059246063232	368.75	-0.401766538619995	
371.875	0.809783220291138	371.875	-0.412030637264252	
375	0.776692748069763	375	-0.400698244571686	
378.125	0.7793949842453	378.125	-0.409538358449936	
381.25	0.793924450874329	381.25	-0.407268345355988	
384.375	0.773701190948486	384.375	-0.407827019691467	
387.5	0.769162654876709	387.5	-0.423690855503082	
390.625	0.770727694034576	390.625	-0.432020097970963	
393.75	0.783927917480469	393.75	-0.419343620538712	
396.875	0.78222930431366	396.875	-0.419450342655182	
400	0.779428780078888	400	-0.418690353631973	
403.125	0.777323424816132	403.125	-0.420227974653244	
406.25	0.766334354877472	406.25	-0.424634844064713	
409.375	0.748942077159882	409.375	-0.430610477924347	
412.5	0.742043316364288	412.5	-0.44036328792572	
415.625	0.75636625289917	415.625	-0.444326430559158	
418.75	0.742968559265137	418.75	-0.440387725830078	
421.875	0.739567935466766	421.875	-0.452539503574371	
425	0.740242063999176	425	-0.448655337095261	
428.125	0.747140288352966	428.125	-0.434991061687469	
431.25	0.738807916641235	431.25	-0.453104913234711	
434.375	0.738200068473816	434.375	-0.448741525411606	
437.5	0.736933767795563	437.5	-0.449502855539322	
440.625	0.734141111373901	440.625	-0.447327554225922	
443.75	0.726370513439178	443.75	-0.454637259244919	
446.875	0.723741233348846	446.875	-0.45195472240448	
450	0.734285652637482	450	-0.455030709505081	
453.125	0.731859683990479	453.125	-0.456519693136215	
456.25	0.73418128490448	456.25	-0.462172031402588	
459.375	0.723061501979828	459.375	-0.466053068637848	
462.5	0.712986290454865	462.5	-0.472768843173981	
465.625	0.712298572063446	465.625	-0.475473016500473	
468.75	0.710946142673492	468.75	-0.473899602890015	
471.875	0.69957035779953	471.875	-0.484034419059753	
475	0.696441769599915	475	-0.482094615697861	
478.125	0.696313679218292	478.125	-0.473551243543625	
481.25	0.702164590358734	481.25	-0.476238310337067	
484.375	0.69056499004364	484.375	-0.481500744819641	
487.5	0.690859913825989	487.5	-0.477854818105698	
490.625	0.686449825763702	490.625	-0.481456905603409	
493.75	0.679803192615509	493.75	-0.481630325317383	
496.875	0.677692115306854	496.875	-0.483003079891205	
500	0.679440915584564	500	-0.491267800331116	
503.125	0.674929678440094	503.125	-0.492761343717575	
506.25	0.673836588859558	506.25	-0.492431104183197	
509.375	0.670874834060669	509.375	-0.497953921556473	
512.5	0.662832796573639	512.5	-0.498474627733231	
515.625	0.662727236747742	515.625	-0.49397736787796	
518.75	0.661322891712189	518.75	-0.492831587791443	
521.875	0.654684245586395	521.875	-0.502627313137054	
525	0.65030562877655	525	-0.501688420772552	
528.125	0.653803527355194	528.125	-0.503188252449036	
531.25	0.646704733371735	531.25	-0.504423499107361	
534.375	0.643837630748749	534.375	-0.504951894283295	
537.5	0.640740811824799	537.5	-0.506960988044739	
540.625	0.63840115070343	540.625	-0.508649706840515	
543.75	0.636680781841278	543.75	-0.504989326000214	
546.875	0.631490468978882	546.875	-0.51465892791748	
550	0.628972172737122	550	-0.512482404708862	
553.125	0.623625516891479	553.125	-0.513277471065521	
556.25	0.623942852020264	556.25	-0.512908697128296	
559.375	0.61708652973175	559.375	-0.511362969875336	
562.5	0.615154087543488	562.5	-0.512422442436218	
565.625	0.612238228321075	565.625	-0.515134155750275	
568.75	0.608405649662018	568.75	-0.514520764350891	
571.875	0.605876803398132	571.875	-0.514262557029724	
575	0.603588223457336	575	-0.517019808292389	
578.125	0.600096583366394	578.125	-0.514610111713409	
581.25	0.598760724067688	581.25	-0.518223524093628	
584.375	0.595425426959991	584.375	-0.520909607410431	
587.5	0.593454122543335	587.5	-0.521221697330475	
590.625	0.589312851428986	590.625	-0.520908772945404	
593.75	0.585545897483826	593.75	-0.521788954734802	
596.875	0.584516704082489	596.875	-0.522129893302917	
600	0.579488158226013	600	-0.524763166904449	
603.125	0.578172981739044	603.125	-0.52412623167038	
606.25	0.57373034954071	606.25	-0.525040209293365	
609.375	0.573289215564728	609.375	-0.52574634552002	
612.5	0.569826185703278	612.5	-0.526639044284821	
615.625	0.565634667873383	615.625	-0.528462886810303	
618.75	0.563831150531769	618.75	-0.528317153453827	
621.875	0.56285285949707	621.875	-0.528200328350067	
625	0.558627128601074	625	-0.527550578117371	
628.125	0.55438894033432	628.125	-0.530237019062042	
631.25	0.549775540828705	631.25	-0.528906762599945	
634.375	0.547031104564667	634.375	-0.529646039009094	
637.5	0.545252740383148	637.5	-0.531059443950653	
640.625	0.54468047618866	640.625	-0.529789209365845	
643.75	0.539066433906555	643.75	-0.533021748065948	
646.875	0.53593647480011	646.875	-0.531630218029022	
650	0.534253656864166	650	-0.534288883209229	
653.125	0.530973553657532	653.125	-0.532545745372772	
656.25	0.528013825416565	656.25	-0.531681537628174	
659.375	0.523663640022278	659.375	-0.53310352563858	
662.5	0.523796021938324	662.5	-0.533959627151489	
665.625	0.521182239055634	665.625	-0.535705983638763	
668.75	0.516954243183136	668.75	-0.534564554691315	
671.875	0.515458106994629	671.875	-0.532810032367706	
675	0.510173201560974	675	-0.533369421958923	
678.125	0.506408751010895	678.125	-0.533592343330383	
681.25	0.505063235759735	681.25	-0.533800482749939	
684.375	0.503368139266968	684.375	-0.534066379070282	
687.5	0.5036940574646	687.5	-0.535732090473175	
690.625	0.494974672794342	690.625	-0.538006663322449	
693.75	0.496568143367767	693.75	-0.535712242126465	
696.875	0.494307488203049	696.875	-0.535788655281067	
700	0.489709556102753	700	-0.535759627819061	
703.125	0.487628608942032	703.125	-0.536808431148529	
706.25	0.487214595079422	706.25	-0.536207616329193	
709.375	0.484009832143784	709.375	-0.534487783908844	
712.5	0.476836740970612	712.5	-0.537143528461456	
715.625	0.478730082511902	715.625	-0.53659975528717	
718.75	0.477107137441635	718.75	-0.537980079650879	
721.875	0.473766952753067	721.875	-0.5365070104599	
725	0.472181856632233	725	-0.538366198539734	
728.125	0.468162626028061	728.125	-0.536489903926849	
731.25	0.46752667427063	731.25	-0.537501692771912	
734.375	0.465086430311203	734.375	-0.537166595458984	
737.5	0.464378088712692	737.5	-0.538453876972198	
740.625	0.458866000175476	740.625	-0.535971522331238	
743.75	0.454408794641495	743.75	-0.534740507602692	
746.875	0.451675623655319	746.875	-0.540115714073181	
750	0.450093507766724	750	-0.540198981761932	
753.125	0.449724823236465	753.125	-0.538435101509094	
756.25	0.447598993778229	756.25	-0.536947250366211	
759.375	0.446150809526443	759.375	-0.535058438777924	
762.5	0.446299731731415	762.5	-0.536685347557068	
765.625	0.443476110696793	765.625	-0.535366117954254	
768.75	0.438024401664734	768.75	-0.538060188293457	
771.875	0.433610677719116	771.875	-0.535816311836243	
775	0.434674441814423	775	-0.535922110080719	
778.125	0.433031111955643	778.125	-0.534565389156342	
781.25	0.429473668336868	781.25	-0.535631895065308	
784.375	0.425757378339767	784.375	-0.534927487373352	
787.5	0.422252655029297	787.5	-0.535195827484131	
790.625	0.421528607606888	790.625	-0.534919321537018	
793.75	0.422094255685806	793.75	-0.533946335315704	
796.875	0.422356605529785	796.875	-0.535032272338867	
800	0.419644057750702	800	-0.534726679325104	
803.125	0.42052486538887	803.125	-0.535394489765167	
806.25	0.417179346084595	806.25	-0.535211563110352	
809.375	0.408550173044205	809.375	-0.535510122776031	
812.5	0.414784640073776	812.5	-0.534118235111237	
815.625	0.415431082248688	815.625	-0.533627808094025	
818.75	0.409722089767456	818.75	-0.53350830078125	
821.875	0.410704493522644	821.875	-0.532471120357513	
825	0.41615030169487	825	-0.531922340393066	
828.125	0.413710683584213	828.125	-0.532747447490692	
831.25	0.412102878093719	831.25	-0.521680593490601	
834.375	0.405727326869965	834.375	-0.530813574790955	
837.5	0.407885551452637	837.5	-0.536697268486023	
840.625	0.407597005367279	840.625	-0.539707839488983	
843.75	0.405513256788254	843.75	-0.540346205234528	
846.875	0.408668130636215	846.875	-0.544302701950073	
850	0.409128069877625	850	-0.549704790115356	
853.125	0.41173130273819	853.125	-0.551749467849731	
856.25	0.413378775119781	856.25	-0.551020920276642	
859.375	0.408255279064178	859.375	-0.553839385509491	
862.5	0.405602812767029	862.5	-0.562341153621674	
865.625	0.404401570558548	865.625	-0.569655299186707	
868.75	0.403418511152267	868.75	-0.576482057571411	
871.875	0.395256966352463	871.875	-0.586664617061615	
875	0.386190682649612	875	-0.585697531700134	
878.125	0.378041803836823	878.125	-0.595549583435059	
881.25	0.365257561206818	881.25	-0.597768425941467	
884.375	0.333538323640823	884.375	-0.607919812202454	
887.5	0.32324093580246	887.5	-0.600876569747925	
890.625	0.310976892709732	890.625	-0.601938545703888	
893.75	0.300552487373352	893.75	-0.605457365512848	
896.875	0.289302885532379	896.875	-0.598249971866608	
900	0.286426246166229	900	-0.592103123664856	
903.125	0.278562933206558	903.125	-0.583611369132996	
906.25	0.275005400180817	906.25	-0.577606916427612	
909.375	0.271069556474686	909.375	-0.576390385627747	
912.5	0.26343446969986	912.5	-0.572900950908661	
915.625	0.260504364967346	915.625	-0.565953433513641	
918.75	0.259076118469238	918.75	-0.560137987136841	
921.875	0.257105231285095	921.875	-0.553169786930084	
925	0.255425900220871	925	-0.549911737442017	
928.125	0.255390465259552	928.125	-0.549334347248077	
931.25	0.249091431498528	931.25	-0.543813765048981	
934.375	0.248889520764351	934.375	-0.541102945804596	
937.5	0.246873453259468	937.5	-0.537721276283264	
940.625	0.246069937944412	940.625	-0.535171151161194	
943.75	0.242144241929054	943.75	-0.533492922782898	
946.875	0.240663558244705	946.875	-0.531095385551453	
950	0.240123137831688	950	-0.527922987937927	
953.125	0.239664524793625	953.125	-0.525408327579498	
956.25	0.238285586237907	956.25	-0.522535145282745	
959.375	0.236007645726204	959.375	-0.52046263217926	
962.5	0.2336096316576	962.5	-0.519631028175354	
965.625	0.232427403330803	965.625	-0.517616271972656	
968.75	0.232429802417755	968.75	-0.517158031463623	
971.875	0.229240119457245	971.875	-0.514145970344543	
975	0.22876949608326	975	-0.512203633785248	
978.125	0.227368906140327	978.125	-0.510646224021912	
981.25	0.225109532475471	981.25	-0.508038341999054	
984.375	0.223898276686668	984.375	-0.507997274398804	
987.5	0.222727790474892	987.5	-0.506581842899323	
990.625	0.221924096345901	990.625	-0.504799723625183	
993.75	0.219265818595886	993.75	-0.505321741104126	
996.875	0.218627870082855	996.875	-0.503983318805695	
1000	0.21630422770977	1000	-0.503644227981567	
1003.125	0.21563857793808	1003.125	-0.50177264213562	
1006.25	0.214134827256203	1006.25	-0.500607848167419	
1009.375	0.211664259433746	1009.375	-0.500044345855713	
1012.5	0.211111143231392	1012.5	-0.499337494373322	
1015.625	0.210054069757462	1015.625	-0.4997538626194	
1018.75	0.20528082549572	1018.75	-0.499231517314911	
1021.875	0.205089196562767	1021.875	-0.498445838689804	
1025	0.201587840914726	1025	-0.497517049312592	
1028.125	0.199952468276024	1028.125	-0.497374624013901	
1031.25	0.198433071374893	1031.25	-0.498552978038788	
1034.375	0.19440957903862	1034.375	-0.497694969177246	
1037.5	0.1914302110672	1037.5	-0.496516585350037	
1040.625	0.187483116984367	1040.625	-0.496291249990463	
1043.75	0.185160800814629	1043.75	-0.494973868131638	
1046.875	0.18225559592247	1046.875	-0.492731273174286	
1050	0.176563665270805	1050	-0.491664528846741	
1053.125	0.173651292920113	1053.125	-0.491144150495529	
1056.25	0.16973689198494	1056.25	-0.487263679504395	
1059.375	0.168584644794464	1059.375	-0.485736101865768	
1062.5	0.165834903717041	1062.5	-0.483957231044769	
1065.625	0.161053031682968	1065.625	-0.480526655912399	
1068.75	0.161330580711365	1068.75	-0.476874768733978	
1071.875	0.159324243664742	1071.875	-0.473987460136414	
1075	0.157670527696609	1075	-0.472633838653564	
1078.125	0.154937535524368	1078.125	-0.471763283014297	
1081.25	0.152611538767815	1081.25	-0.465449124574661	
1084.375	0.151873290538788	1084.375	-0.464860528707504	
1087.5	0.15050445497036	1087.5	-0.462810397148132	
1090.625	0.149930462241173	1090.625	-0.460537195205688	
1093.75	0.147928699851036	1093.75	-0.458896994590759	
1096.875	0.146044418215752	1096.875	-0.455537706613541	
1100	0.144406840205193	1100	-0.45348060131073	
1103.125	0.142518922686577	1103.125	-0.452037006616592	
1106.25	0.143414720892906	1106.25	-0.449169635772705	
1109.375	0.139669597148895	1109.375	-0.448500514030457	
1112.5	0.139827951788902	1112.5	-0.447887748479843	
1115.625	0.139017775654793	1115.625	-0.44358167052269	
1118.75	0.136524483561516	1118.75	-0.444608122110367	
1121.875	0.137049064040184	1121.875	-0.442524611949921	
1125	0.134854957461357	1125	-0.441596180200577	
1128.125	0.132848486304283	1128.125	-0.440447866916656	
1131.25	0.130396515130997	1131.25	-0.435979217290878	
1134.375	0.130912691354752	1134.375	-0.435159772634506	
1137.5	0.129829153418541	1137.5	-0.435737580060959	
1140.625	0.126184657216072	1140.625	-0.432960629463196	
1143.75	0.126764535903931	1143.75	-0.431300759315491	
1146.875	0.12479742616415	1146.875	-0.429429262876511	
1150	0.122827641665936	1150	-0.425678551197052	
1153.125	0.123256556689739	1153.125	-0.424740731716156	
1156.25	0.122547715902328	1156.25	-0.425926953554153	
1159.375	0.11942446231842	1159.375	-0.423785418272018	
1162.5	0.120637632906437	1162.5	-0.421720325946808	
1165.625	0.118176721036434	1165.625	-0.419382899999619	
1168.75	0.11726975440979	1168.75	-0.418490409851074	
1171.875	0.115525037050247	1171.875	-0.418030709028244	
1175	0.113705970346928	1175	-0.415714651346207	
1178.125	0.112816117703915	1178.125	-0.414243757724762	
1181.25	0.112855046987534	1181.25	-0.413227707147598	
1184.375	0.110673442482948	1184.375	-0.410429179668427	
1187.5	0.108376510441303	1187.5	-0.408603101968765	
1190.625	0.108097851276398	1190.625	-0.407082438468933	
1193.75	0.108319602906704	1193.75	-0.406566947698593	
1196.875	0.107160702347755	1196.875	-0.404029875993729	
1200	0.103677943348885	1200	-0.402545064687729	
1203.125	0.103880450129509	1203.125	-0.400420516729355	
1206.25	0.104825340211391	1206.25	-0.397324293851852	
1209.375	0.100243076682091	1209.375	-0.397420197725296	
1212.5	0.0972136482596397	1212.5	-0.395208775997162	
1215.625	0.0986719653010368	1215.625	-0.394369184970856	
1218.75	0.0962270423769951	1218.75	-0.392744600772858	
1221.875	0.0969906225800514	1221.875	-0.390974283218384	
1225	0.0968986749649048	1225	-0.390664458274841	
1228.125	0.0928464084863663	1228.125	-0.388577848672867	
1231.25	0.093285359442234	1231.25	-0.387563735246658	
1234.375	0.0934066325426102	1234.375	-0.38676717877388	
1237.5	0.0906145498156548	1237.5	-0.386432707309723	
1240.625	0.0904620513319969	1240.625	-0.383669972419739	
1243.75	0.0881088450551033	1243.75	-0.382423788309097	
1246.875	0.0881958976387978	1246.875	-0.380348801612854	
1250	0.0867829844355583	1250	-0.377337783575058	
1253.125	0.0849066004157066	1253.125	-0.377732247114182	
1256.25	0.0825250595808029	1256.25	-0.375756144523621	
1259.375	0.0825953036546707	1259.375	-0.374290972948074	
1262.5	0.0834870710968971	1262.5	-0.373844385147095	
1265.625	0.0825155153870583	1265.625	-0.372589528560638	
1268.75	0.0809380412101746	1268.75	-0.371710330247879	
1271.875	0.0802285820245743	1271.875	-0.369481921195984	
1275	0.0790923684835434	1275	-0.369063884019852	
1278.125	0.0780376866459847	1278.125	-0.367231816053391	
1281.25	0.0764433890581131	1281.25	-0.36695984005928	
1284.375	0.0766225978732109	1284.375	-0.365975558757782	
1287.5	0.0751433968544006	1287.5	-0.36590513586998	
1290.625	0.0726838856935501	1290.625	-0.36438524723053	
1293.75	0.0725134313106537	1293.75	-0.362464845180511	
1296.875	0.0702522471547127	1296.875	-0.36021700501442	
1300	0.0686869695782661	1300	-0.361849844455719	
1303.125	0.0662410855293274	1303.125	-0.360743999481201	
1306.25	0.066087581217289	1306.25	-0.358483612537384	
1309.375	0.0641495287418365	1309.375	-0.356092303991318	
1312.5	0.0621334351599216	1312.5	-0.354543954133987	
1315.625	0.06100869551301	1315.625	-0.353860408067703	
1318.75	0.0595463700592518	1318.75	-0.350122570991516	
1321.875	0.0595859810709953	1321.875	-0.348757445812225	
1325	0.0581721067428589	1325	-0.34719842672348	
1328.125	0.0562696680426598	1328.125	-0.345632880926132	
1331.25	0.0554700754582882	1331.25	-0.343066453933716	
1334.375	0.0527883246541023	1334.375	-0.341604053974152	
1337.5	0.0532812811434269	1337.5	-0.339856952428818	
1340.625	0.0528756827116013	1340.625	-0.336955845355988	
1343.75	0.0525137223303318	1343.75	-0.336109519004822	
1346.875	0.051276870071888	1346.875	-0.333279311656952	
1350	0.0499466210603714	1350	-0.332325607538223	
1353.125	0.0502468682825565	1353.125	-0.331602036952972	
1356.25	0.0474150776863098	1356.25	-0.330293148756027	
1359.375	0.0477566495537758	1359.375	-0.327249109745026	
1362.5	0.0466538518667221	1362.5	-0.3255335688591	
1365.625	0.0457604192197323	1365.625	-0.324699431657791	
1368.75	0.0456648133695126	1368.75	-0.322839051485062	
1371.875	0.0438055321574211	1371.875	-0.320884466171265	
1375	0.0419544838368893	1375	-0.320592254400253	
1378.125	0.0419411286711693	1378.125	-0.319429129362106	
1381.25	0.0390734560787678	1381.25	-0.316072374582291	
1384.375	0.039117481559515	1384.375	-0.315106868743896	
1387.5	0.0397514365613461	1387.5	-0.313017040491104	
1390.625	0.039747167378664	1390.625	-0.310264527797699	
1393.75	0.0390238463878632	1393.75	-0.30839404463768	
1396.875	0.0377392880618572	1396.875	-0.30692195892334	
1400	0.0381374210119247	1400	-0.304775893688202	
1403.125	0.0372241511940956	1403.125	-0.303741931915283	
1406.25	0.0360252447426319	1406.25	-0.302708715200424	
1409.375	0.0349731482565403	1409.375	-0.300547689199448	
1412.5	0.0355838164687157	1412.5	-0.298827886581421	
1415.625	0.0342514738440514	1415.625	-0.297259449958801	
1418.75	0.0337729230523109	1418.75	-0.296193271875381	
1421.875	0.034064345061779	1421.875	-0.294334888458252	
1425	0.0340766720473766	1425	-0.293289363384247	
1428.125	0.0315698906779289	1428.125	-0.291863888502121	
1431.25	0.0323677733540535	1431.25	-0.290245562791824	
1434.375	0.0320056118071079	1434.375	-0.288429170846939	
1437.5	0.031374491751194	1437.5	-0.28552719950676	
1440.625	0.032281219959259	1440.625	-0.286123991012573	
1443.75	0.0288604274392128	1443.75	-0.2836694419384	
1446.875	0.0305012259632349	1446.875	-0.281993687152863	
1450	0.0298122819513083	1450	-0.280311793088913	
1453.125	0.0295150000602007	1453.125	-0.278804004192352	
1456.25	0.0283806268125772	1456.25	-0.277390748262405	
1459.375	0.0288012195378542	1459.375	-0.275998443365097	
1462.5	0.0290717408061028	1462.5	-0.273773074150085	
1465.625	0.0282300710678101	1465.625	-0.273251175880432	
1468.75	0.0274180267006159	1468.75	-0.271222621202469	
1471.875	0.0265649762004614	1471.875	-0.269982188940048	
1475	0.0267470479011536	1475	-0.26946285367012	
1478.125	0.0260861124843359	1478.125	-0.267785876989365	
1481.25	0.0266815274953842	1481.25	-0.266126573085785	
1484.375	0.0249431449919939	1484.375	-0.264424860477448	
1487.5	0.0238884817808867	1487.5	-0.265002310276031	
1490.625	0.0235231574624777	1490.625	-0.263371109962463	
1493.75	0.0229772161692381	1493.75	-0.262763261795044	
1496.875	0.0237381104379892	1496.875	-0.262545764446259	
1500	0.0209516398608685	1500	-0.260197192430496	
1503.125	0.0208307597786188	1503.125	-0.25840350985527	
1506.25	0.0215836185961962	1506.25	-0.257081568241119	
1509.375	0.0188567005097866	1509.375	-0.256475031375885	
1512.5	0.0181995574384928	1512.5	-0.254916965961456	
1515.625	0.0173669252544641	1515.625	-0.253542989492416	
1518.75	0.0174875389784575	1518.75	-0.251305043697357	
1521.875	0.0173227284103632	1521.875	-0.250852912664413	
1525	0.0135241756215692	1525	-0.249369636178017	
1528.125	0.0148528153076768	1528.125	-0.246370553970337	
1531.25	0.0139110488817096	1531.25	-0.245308712124825	
1534.375	0.0136985713616014	1534.375	-0.242835432291031	
1537.5	0.0119845056906343	1537.5	-0.241977170109749	
1540.625	0.0122698144987226	1540.625	-0.240559667348862	
1543.75	0.00984125956892967	1543.75	-0.237941339612007	
1546.875	0.0111489947885275	1546.875	-0.236114919185638	
1550	0.0100059825927019	1550	-0.234270811080933	
1553.125	0.010199498385191	1553.125	-0.233390152454376	
1556.25	0.00938012078404427	1556.25	-0.230896845459938	
1559.375	0.00912255980074406	1559.375	-0.229611128568649	
1562.5	0.0089149996638298	1562.5	-0.227917194366455	
1565.625	0.00907811243087053	1565.625	-0.224727407097816	
1568.75	0.0080801323056221	1568.75	-0.224556654691696	
1571.875	0.00792624335736036	1571.875	-0.222650751471519	
1575	0.0084583256393671	1575	-0.221707686781883	
1578.125	0.0083111934363842	1578.125	-0.219599276781082	
1581.25	0.00726381316781044	1581.25	-0.218133851885796	
1584.375	0.00851904973387718	1584.375	-0.216364458203316	
1587.5	0.00713624246418476	1587.5	-0.214701279997826	
1590.625	0.00602299300953746	1590.625	-0.213505402207375	
1593.75	0.00600895145907998	1593.75	-0.21159628033638	
1596.875	0.00672933179885149	1596.875	-0.209890559315681	
1600	0.00627038208767772	1600	-0.209440514445305	
1603.125	0.0059619271196425	1603.125	-0.208208352327347	
1606.25	0.00589341903105378	1606.25	-0.206699937582016	
1609.375	0.00737463496625423	1609.375	-0.203787788748741	
1612.5	0.00685057742521167	1612.5	-0.201559200882912	
1615.625	0.00638660462573171	1615.625	-0.201132625341415	
1618.75	0.00579278916120529	1618.75	-0.200735166668892	
1621.875	0.00617932854220271	1621.875	-0.199091494083405	
1625	0.00548152904957533	1625	-0.197808220982552	
1628.125	0.00658178236335516	1628.125	-0.196833223104477	
1631.25	0.00539495004341006	1631.25	-0.194894820451736	
1634.375	0.00519480090588331	1634.375	-0.195146024227142	
1637.5	0.00497599178925157	1637.5	-0.19432857632637	
1640.625	0.00686276610940695	1640.625	-0.191411435604095	
1643.75	0.00349604012444615	1643.75	-0.189095988869667	
1646.875	0.00467632617801428	1646.875	-0.189429745078087	
1650	0.00405201641842723	1650	-0.189292103052139	
1653.125	0.00404041726142168	1653.125	-0.187506169080734	
1656.25	0.00354934227652848	1656.25	-0.186346903443336	
1659.375	0.00395025871694088	1659.375	-0.185464262962341	
1662.5	0.00372803094796836	1662.5	-0.184306770563126	
1665.625	0.00210089166648686	1665.625	-0.183824375271797	
1668.75	0.00224064337089658	1668.75	-0.183157935738564	
1671.875	0.00149109563790262	1671.875	-0.182252764701843	
1675	0.000738277623895556	1675	-0.179932951927185	
1678.125	-0.00102389475796372	1678.125	-0.178984805941582	
1681.25	-0.000238355351029895	1681.25	-0.178719267249107	
1684.375	-0.00145920319482684	1684.375	-0.175120890140533	
1687.5	-0.00237283715978265	1687.5	-0.174054205417633	
1690.625	-0.00272369710728526	1690.625	-0.172672405838966	
1693.75	-0.00229640770703554	1693.75	-0.170605525374413	
1696.875	-0.00512063642963767	1696.875	-0.169853866100311	
1700	-0.00514763500541449	1700	-0.16828328371048	
1703.125	-0.00604178896173835	1703.125	-0.167437434196472	
1706.25	-0.00666793994605541	1706.25	-0.164930924773216	
1709.375	-0.00770566891878843	1709.375	-0.161774143576622	
1712.5	-0.00749096320942044	1712.5	-0.160470902919769	
1715.625	-0.00788663327693939	1715.625	-0.158186033368111	
1718.75	-0.00817242730408907	1718.75	-0.157677844166756	
1721.875	-0.00876548234373331	1721.875	-0.155761882662773	
1725	-0.00963854975998402	1725	-0.152285620570183	
1728.125	-0.00923172570765018	1728.125	-0.151303172111511	
1731.25	-0.00874408334493637	1731.25	-0.149796470999718	
1734.375	-0.00932248029857874	1734.375	-0.148342788219452	
1737.5	-0.00864354893565178	1737.5	-0.145882427692413	
1740.625	-0.00761904614046216	1740.625	-0.145550653338432	
1743.75	-0.00793313607573509	1743.75	-0.142296969890594	
1746.875	-0.00743014412000775	1746.875	-0.14071561396122	
1750	-0.00681848870590329	1750	-0.140105754137039	
1753.125	-0.00730985729023814	1753.125	-0.138456463813782	
1756.25	-0.00795151572674513	1756.25	-0.136493220925331	
1759.375	-0.00695125292986631	1759.375	-0.136055290699005	
1762.5	-0.00724791176617146	1762.5	-0.134419932961464	
1765.625	-0.00750236585736275	1765.625	-0.132810309529305	
1768.75	-0.00735442340373993	1768.75	-0.130977258086205	
1771.875	-0.00727249169722199	1771.875	-0.130406886339188	
1775	-0.00703917630016804	1775	-0.129226937890053	
1778.125	-0.00769685348495841	1778.125	-0.127875283360481	
1781.25	-0.00760987028479576	1781.25	-0.125668540596962	
1784.375	-0.00775668770074844	1784.375	-0.124580502510071	
1787.5	-0.00825843028724194	1787.5	-0.124220468103886	
1790.625	-0.00777871254831553	1790.625	-0.121664948761463	
1793.75	-0.00905320141464472	1793.75	-0.120594091713428	
1796.875	-0.00814214535057545	1796.875	-0.11949048191309	
1800	-0.00721138762310147	1800	-0.117915712296963	
1803.125	-0.00838674604892731	1803.125	-0.116051614284515	
1806.25	-0.00718754390254617	1806.25	-0.114343874156475	
1809.375	-0.00729639129713178	1809.375	-0.112258099019527	
1812.5	-0.00690658576786518	1812.5	-0.111840814352036	
1815.625	-0.00787065923213959	1815.625	-0.109638161957264	
1818.75	-0.00671921158209443	1818.75	-0.108317516744137	
1821.875	-0.00683180615305901	1821.875	-0.107365407049656	
1825	-0.00669786240905523	1825	-0.106227964162827	
1828.125	-0.00648881448432803	1828.125	-0.105439886450768	
1831.25	-0.00569559447467327	1831.25	-0.104235477745533	
1834.375	-0.00551544316112995	1834.375	-0.102589510381222	
1837.5	-0.00514726620167494	1837.5	-0.101168744266033	
1840.625	-0.0060014589689672	1840.625	-0.100322313606739	
1843.75	-0.00605892622843385	1843.75	-0.0987869128584862	
1846.875	-0.00574150960892439	1846.875	-0.0979874432086945	
1850	-0.00551857613027096	1850	-0.0973827764391899	
1853.125	-0.00579429883509874	1853.125	-0.0966768264770508	
1856.25	-0.00488653499633074	1856.25	-0.0951316133141518	
1859.375	-0.00497672567144036	1859.375	-0.0943284928798676	
1862.5	-0.00558380875736475	1862.5	-0.0922767221927643	
1865.625	-0.00532080885022879	1865.625	-0.0914949104189873	
1868.75	-0.00494366185739636	1868.75	-0.0907704457640648	
1871.875	-0.00522164814174175	1871.875	-0.0899150595068932	
1875	-0.00517358025535941	1875	-0.0891597792506218	
1878.125	-0.00575889740139246	1878.125	-0.0878896042704582	
1881.25	-0.00614551873877645	1881.25	-0.0863240957260132	
1884.375	-0.00635551009327173	1884.375	-0.0857825502753258	
1887.5	-0.0064097261056304	1887.5	-0.0846859142184258	
1890.625	-0.00608727894723415	1890.625	-0.082698367536068	
1893.75	-0.00634180055931211	1893.75	-0.0812916085124016	
1896.875	-0.00674744974821806	1896.875	-0.08009884506464	
1900	-0.00751089071854949	1900	-0.078843466937542	
1903.125	-0.00736294267699122	1903.125	-0.0772042870521545	
1906.25	-0.00763251585885882	1906.25	-0.0753668770194054	
1909.375	-0.00869834795594215	1909.375	-0.0742112696170807	
1912.5	-0.00873333122581244	1912.5	-0.0730952322483063	
1915.625	-0.00854978431016207	1915.625	-0.0709644109010696	
1918.75	-0.00877683982253075	1918.75	-0.0691157653927803	
1921.875	-0.00935925915837288	1921.875	-0.0679423734545708	
1925	-0.00976112298667431	1925	-0.0664644911885262	
1928.125	-0.00898970477283001	1928.125	-0.0641187578439713	
1931.25	-0.00879511795938015	1931.25	-0.0623579621315002	
1934.375	-0.00885072909295559	1934.375	-0.0606079399585724	
1937.5	-0.00858767982572317	1937.5	-0.0592766441404819	
1940.625	-0.00809805188328028	1940.625	-0.0575215965509415	
1943.75	-0.00768982758745551	1943.75	-0.0555791147053242	
1946.875	-0.00715089170262218	1946.875	-0.0534637197852135	
1950	-0.0063525359146297	1950	-0.0517535880208015	
1953.125	-0.00625772727653384	1953.125	-0.0501826368272305	
1956.25	-0.00581528432667255	1956.25	-0.0490548349916935	
1959.375	-0.0050176321528852	1959.375	-0.0480153076350689	
1962.5	-0.00481315329670906	1962.5	-0.0469326600432396	
1965.625	-0.00447255419567227	1965.625	-0.0455671548843384	
1968.75	-0.0030714285094291	1968.75	-0.0446029230952263	
1971.875	-0.00219258829019964	1971.875	-0.0426817387342453	
1975	-0.00230613886378706	1975	-0.0413009338080883	
1978.125	-0.00180547963827848	1978.125	-0.0402850657701492	
1981.25	-0.000871473515871912	1981.25	-0.0397352054715157	
1984.375	-0.000483148207422346	1984.375	-0.0381554439663887	
1987.5	0.000253610080108047	1987.5	-0.0369063168764114	
1990.625	0.000376868527382612	1990.625	-0.0355975702404976	
1993.75	0.00110771565232426	1993.75	-0.0350697711110115	
1996.875	0.00119256833568215	1996.875	-0.0342162251472473	
2000	0.00139419781044126	2000	-0.0332740657031536	
2003.125	0.0022206949070096	2003.125	-0.0324420072138309	
2006.25	0.00260011642239988	2006.25	-0.0312396083027124	
2009.375	0.00289432494901121	2009.375	-0.0297844801098108	
2012.5	0.00323228491470218	2012.5	-0.0290127880871296	
2015.625	0.00343748624436557	2015.625	-0.0278262756764889	
2018.75	0.00407775212079287	2018.75	-0.0267633609473705	
2021.875	0.00443406030535698	2021.875	-0.0260214637964964	
2025	0.00441240379586816	2025	-0.0247450694441795	
2028.125	0.0052278689108789	2028.125	-0.0234955064952374	
2031.25	0.00600622082129121	2031.25	-0.0218763425946236	
2034.375	0.00576705439016223	2034.375	-0.0212175417691469	
2037.5	0.00598335126414895	2037.5	-0.0203403849154711	
2040.625	0.0068224910646677	2040.625	-0.0194237399846315	
2043.75	0.00774206966161728	2043.75	-0.0180730521678925	
2046.875	0.00819912739098072	2046.875	-0.0169840157032013	
2050	0.00798920169472694	2050	-0.0163302328437567	
2053.125	0.00832900311797857	2053.125	-0.0150563968345523	
2056.25	0.00884133763611317	2056.25	-0.0142638869583607	
2059.375	0.00914252642542124	2059.375	-0.0135315004736185	
2062.5	0.00950254499912262	2062.5	-0.0122819188982248	
2065.625	0.00979101099073887	2065.625	-0.0111682442948222	
2068.75	0.0102799767628312	2068.75	-0.0102449124678969	
2071.875	0.01091562025249	2071.875	-0.0092419721186161	
2075	0.011370737105608	2075	-0.0081630777567625	
2078.125	0.0118703823536634	2078.125	-0.00708773778751493	
2081.25	0.0123309977352619	2081.25	-0.00604316918179393	
2084.375	0.0124983657151461	2084.375	-0.0050859390757978	
2087.5	0.0128523241728544	2087.5	-0.00402809539809823	
2090.625	0.0134444097056985	2090.625	-0.00297643267549574	
2093.75	0.0139970276504755	2093.75	-0.00197983765974641	
2096.875	0.0141217177733779	2096.875	-0.000963384925853461	
2100	0.0146196745336056	2100	-7.29579842300154E-05	
2103.125	0.0148917082697153	2103.125	0.000742305419407785	
2106.25	0.0154938818886876	2106.25	0.00163177668582648	
2109.375	0.0158432610332966	2109.375	0.00245387409813702	
2112.5	0.0162104777991772	2112.5	0.00335817970335484	
2115.625	0.0168615113943815	2115.625	0.0040538813918829	
2118.75	0.0175305623561144	2118.75	0.00468973908573389	
2121.875	0.0176778044551611	2121.875	0.00562198087573051	
2125	0.018378384411335	2125	0.00655976170673966	
2128.125	0.0186055656522512	2128.125	0.0074944356456399	
2131.25	0.0185878593474627	2131.25	0.00845186784863472	
2134.375	0.0191920232027769	2134.375	0.00936125498265028	
2137.5	0.019596591591835	2137.5	0.0102356225252151	
2140.625	0.0201597884297371	2140.625	0.0110683720558882	
2143.75	0.0206404868513346	2143.75	0.0119314827024937	
2146.875	0.0208262801170349	2146.875	0.0129243191331625	
2150	0.0213906913995743	2150	0.0143472468480468	
2153.125	0.021583829075098	2153.125	0.014820883050561	
2156.25	0.0220133755356073	2156.25	0.0156643390655518	
2159.375	0.0225184746086597	2159.375	0.016409894451499	
2162.5	0.0228963252156973	2162.5	0.0173957105726004	
2165.625	0.0235194377601147	2165.625	0.0184438265860081	
2168.75	0.0242654699832201	2168.75	0.0196857303380966	
2171.875	0.0243273489177227	2171.875	0.0203001443296671	
2175	0.0250074807554483	2175	0.0216244272887707	
2178.125	0.0253804288804531	2178.125	0.0221241991966963	
2181.25	0.0254619568586349	2181.25	0.0225810557603836	
2184.375	0.0259660482406616	2184.375	0.0237927548587322	
2187.5	0.0265144668519497	2187.5	0.0244440194219351	
2190.625	0.0267232358455658	2190.625	0.0253459140658379	
2193.75	0.027715016156435	2193.75	0.0263961907476187	
2196.875	0.0283957067877054	2196.875	0.0273212864995003	
2200	0.0284414310008287	2200	0.0278663318604231	
2203.125	0.0289336685091257	2203.125	0.0288043729960918	
2206.25	0.0293220113962889	2206.25	0.0293165016919374	
2209.375	0.029882675036788	2209.375	0.029962969943881	
2212.5	0.0310141574591398	2212.5	0.0309279449284077	
2215.625	0.0316545255482197	2215.625	0.0313026793301106	
2218.75	0.0319310128688812	2218.75	0.0322443842887878	
2221.875	0.0320808440446854	2221.875	0.0329728126525879	
2225	0.0325726345181465	2225	0.0336863920092583	
2228.125	0.0331807844340801	2228.125	0.0345786586403847	
2231.25	0.0334954485297203	2231.25	0.0348628312349319	
2234.375	0.0340707711875439	2234.375	0.035349003970623	
2237.5	0.0342840664088726	2237.5	0.0362841300666332	
2240.625	0.0349821634590626	2240.625	0.0371790006756783	
2243.75	0.0354446470737457	2243.75	0.0380831249058247	
2246.875	0.035707850009203	2246.875	0.038591168820858	
2250	0.0356623940169811	2250	0.0389944352209568	
2253.125	0.0366858541965485	2253.125	0.0399845093488693	
2256.25	0.0373799316585064	2256.25	0.0406814590096474	
2259.375	0.0376703590154648	2259.375	0.0414227060973644	
2262.5	0.0377481207251549	2262.5	0.0423159562051296	
2265.625	0.0382763706147671	2265.625	0.0430921912193298	
2268.75	0.0384776368737221	2268.75	0.0434067286550999	
2271.875	0.0386786460876465	2271.875	0.0444453731179237	
2275	0.0395125150680542	2275	0.0445486754179001	
2278.125	0.0397291332483292	2278.125	0.0456888005137444	
2281.25	0.0399468466639519	2281.25	0.0462053753435612	
2284.375	0.0402466505765915	2284.375	0.0470693595707417	
2287.5	0.0412331894040108	2287.5	0.0482475198805332	
2290.625	0.0413515903055668	2290.625	0.0486614517867565	
2293.75	0.0415313504636288	2293.75	0.0496162697672844	
2296.875	0.0420605577528477	2296.875	0.0506292954087257	
2300	0.0422919541597366	2300	0.0514447726309299	
2303.125	0.0428168140351772	2303.125	0.0517052412033081	
2306.25	0.043561078608036	2306.25	0.0523919500410557	
2309.375	0.0436422154307365	2309.375	0.0532996244728565	
2312.5	0.0435867682099342	2312.5	0.0538345165550709	
2315.625	0.0439852401614189	2315.625	0.0541812628507614	
2318.75	0.0453538000583649	2318.75	0.0553868599236012	
2321.875	0.0452509187161922	2321.875	0.055582333356142	
2325	0.0459147803485394	2325	0.0567293651401997	
2328.125	0.0460881479084492	2328.125	0.0576227232813835	
2331.25	0.0464751161634922	2331.25	0.0584868565201759	
2334.375	0.046987671405077	2334.375	0.0593588761985302	
2337.5	0.0475457832217216	2337.5	0.0600683800876141	
2340.625	0.0476689152419567	2340.625	0.0602420642971992	
2343.75	0.0484150573611259	2343.75	0.0615251809358597	
2346.875	0.0488447621464729	2346.875	0.0619714185595512	
2350	0.0493417717516422	2350	0.0630266293883324	
2353.125	0.0498402789235115	2353.125	0.0638263151049614	
2356.25	0.0499174743890762	2356.25	0.0644825547933578	
2359.375	0.0506055951118469	2359.375	0.0650055706501007	
2362.5	0.0515113770961761	2362.5	0.0659438446164131	
2365.625	0.052319772541523	2365.625	0.0660334527492523	
2368.75	0.052101094275713	2368.75	0.0672047212719917	
2371.875	0.0523683354258537	2371.875	0.0668116882443428	
2375	0.0534736253321171	2375	0.0680893510580063	
2378.125	0.0532760471105576	2378.125	0.0688683986663818	
2381.25	0.0544888153672218	2381.25	0.0693789198994637	
2384.375	0.0550164505839348	2384.375	0.0707048997282982	
2387.5	0.0553805716335773	2387.5	0.0705617219209671	
2390.625	0.0558730289340019	2390.625	0.0714349001646042	
2393.75	0.0562989376485348	2393.75	0.0722923502326012	
2396.875	0.0572664923965931	2396.875	0.0734866037964821	
2400	0.0575589425861835	2400	0.0740093886852264	
2403.125	0.0582189559936523	2403.125	0.0746598839759827	
2406.25	0.0585444085299969	2406.25	0.0756007730960846	
2409.375	0.059522271156311	2409.375	0.0763013437390327	
2412.5	0.0589633136987686	2412.5	0.0764528959989548	
2415.625	0.0607097111642361	2415.625	0.0762302130460739	
2418.75	0.061134397983551	2418.75	0.0771109089255333	
2421.875	0.061440996825695	2421.875	0.078451856970787	
2425	0.0618861652910709	2425	0.0788605362176895	
2428.125	0.0627186223864555	2428.125	0.079058401286602	
2431.25	0.0632351338863373	2431.25	0.0800535976886749	
2434.375	0.0640554279088974	2434.375	0.0800589695572853	
2437.5	0.0644874200224876	2437.5	0.0810424163937569	
2440.625	0.0649122074246407	2440.625	0.0816755741834641	
2443.75	0.0660161748528481	2443.75	0.0818325653672218	
2446.875	0.0660900250077248	2446.875	0.0822079852223396	
2450	0.0667466297745705	2450	0.0832494795322418	
2453.125	0.0675215497612953	2453.125	0.0838451087474823	
2456.25	0.0680762454867363	2456.25	0.0837507098913193	
2459.375	0.0686643570661545	2459.375	0.0847590938210487	
2462.5	0.0696450173854828	2462.5	0.0850639268755913	
2465.625	0.0698631033301353	2465.625	0.0857880935072899	
2468.75	0.0692338868975639	2468.75	0.0861065983772278	
2471.875	0.0716649144887924	2471.875	0.0859126672148705	
2475	0.0714962854981422	2475	0.0869939103722572	
2478.125	0.0721738636493683	2478.125	0.0878037288784981	
2481.25	0.072165735065937	2481.25	0.0882874578237534	
2484.375	0.0732513070106506	2484.375	0.088271401822567	
2487.5	0.0743447989225388	2487.5	0.0893768146634102	
2490.625	0.074179396033287	2490.625	0.0895982086658478	
2493.75	0.0747633874416351	2493.75	0.0893594324588776	
2496.875	0.0751900970935822	2496.875	0.0896769538521767	
2500	0.0754105448722839	2500	0.0909744501113892	
2503.125	0.0764761790633202	2503.125	0.0915466472506523	
2506.25	0.0772213339805603	2506.25	0.092810831964016	
2509.375	0.0774856880307198	2509.375	0.0926713570952415	
2512.5	0.0777287781238556	2512.5	0.0929310023784637	
2515.625	0.0781779810786247	2515.625	0.0924035832285881	
2518.75	0.0788200423121452	2518.75	0.0934670642018318	
2521.875	0.0788173377513886	2521.875	0.0942577198147774	
2525	0.0807749480009079	2525	0.0948921516537666	
2528.125	0.0802388712763786	2528.125	0.0950320959091187	
2531.25	0.081169106066227	2531.25	0.0952273532748222	
2534.375	0.0821656659245491	2534.375	0.0960715040564537	
2537.5	0.0841020718216896	2537.5	0.0962348133325577	
2540.625	0.0829441770911217	2540.625	0.0955012440681458	
2543.75	0.0839018076658249	2543.75	0.0954777747392654	
2546.875	0.0847664177417755	2546.875	0.0969506278634071	
2550	0.0851749628782272	2550	0.0976450517773628	
2553.125	0.086054764688015	2553.125	0.0978081077337265	
2556.25	0.0866560265421867	2556.25	0.0982227697968483	
2559.375	0.0872226729989052	2559.375	0.0982570126652718	
2562.5	0.0874696224927902	2562.5	0.0982771664857864	
2565.625	0.0874692425131798	2565.625	0.0986007824540138	
2568.75	0.0880015641450882	2568.75	0.0990176424384117	
2571.875	0.0890442803502083	2571.875	0.100036785006523	
2575	0.089288093149662	2575	0.100277334451675	
2578.125	0.0897883996367455	2578.125	0.0989232435822487	
2581.25	0.0901950746774673	2581.25	0.100624993443489	
2584.375	0.0906593352556229	2584.375	0.10077503323555	
2587.5	0.0913816690444946	2587.5	0.10132072865963	
2590.625	0.0917758122086525	2590.625	0.101372137665749	
2593.75	0.0922705680131912	2593.75	0.101934365928173	
2596.875	0.0924954414367676	2596.875	0.103372387588024	
2600	0.0927419438958168	2600	0.103327639400959	
2603.125	0.0937734618782997	2603.125	0.103604629635811	
2606.25	0.0940650925040245	2606.25	0.103723138570786	
2609.375	0.0950225964188576	2609.375	0.105006732046604	
2612.5	0.0959608927369118	2612.5	0.105521082878113	
2615.625	0.0972607731819153	2615.625	0.105492569506168	
2618.75	0.0975084155797958	2618.75	0.106366157531738	
2621.875	0.0985527634620667	2621.875	0.10614600777626	
2625	0.0986780449748039	2625	0.105913311243057	
2628.125	0.0993644893169403	2628.125	0.10599771887064	
2631.25	0.100448288023472	2631.25	0.105949260294437	
2634.375	0.100283108651638	2634.375	0.105885520577431	
2637.5	0.101361237466335	2637.5	0.106011167168617	
2640.625	0.102096006274223	2640.625	0.106524117290974	
2643.75	0.102851286530495	2643.75	0.107424944639206	
2646.875	0.102788634598255	2646.875	0.108479611575603	
2650	0.105364836752415	2650	0.108163222670555	
2653.125	0.104493416845798	2653.125	0.108297675848007	
2656.25	0.105112880468369	2656.25	0.108958452939987	
2659.375	0.106102645397186	2659.375	0.109331659972668	
2662.5	0.106527604162693	2662.5	0.10931272059679	
2665.625	0.107716828584671	2665.625	0.10949919372797	
2668.75	0.107916451990604	2668.75	0.108598127961159	
2671.875	0.108586251735687	2671.875	0.110064543783665	
2675	0.109068550169468	2675	0.110893025994301	
2678.125	0.109405785799026	2678.125	0.111020728945732	
2681.25	0.110385715961456	2681.25	0.111379370093346	
2684.375	0.1114851385355	2684.375	0.111355252563953	
2687.5	0.111213311553001	2687.5	0.111942999064922	
2690.625	0.113221652805805	2690.625	0.111825995147228	
2693.75	0.113227352499962	2693.75	0.112105816602707	
2696.875	0.113506197929382	2696.875	0.111803114414215	
2700	0.114038817584515	2700	0.112303413450718	
2703.125	0.11559034883976	2703.125	0.112448148429394	
2706.25	0.116224281489849	2706.25	0.11201249808073	
2709.375	0.116985529661179	2709.375	0.112856149673462	
2712.5	0.117285177111626	2712.5	0.113976247608662	
2715.625	0.118407361209393	2715.625	0.113512143492699	
2718.75	0.119109660387039	2718.75	0.112828768789768	
2721.875	0.119520977139473	2721.875	0.113162368535995	
2725	0.120632909238338	2725	0.114154994487762	
2728.125	0.121917299926281	2728.125	0.114598385989666	
2731.25	0.122333399951458	2731.25	0.114680208265781	
2734.375	0.122370146214962	2734.375	0.114255055785179	
2737.5	0.123271748423576	2737.5	0.114012308418751	
2740.625	0.123937763273716	2740.625	0.115110866725445	
2743.75	0.125236317515373	2743.75	0.116332471370697	
2746.875	0.125900074839592	2746.875	0.115929819643497	
2750	0.126672253012657	2750	0.114661820232868	
2753.125	0.127123102545738	2753.125	0.115721426904202	
2756.25	0.128797262907028	2756.25	0.115731537342072	
2759.375	0.128725007176399	2759.375	0.115864716470242	
2762.5	0.129636123776436	2762.5	0.115146912634373	
2765.625	0.130308777093887	2765.625	0.115970328450203	
2768.75	0.132213473320007	2768.75	0.116508342325687	
2771.875	0.13246887922287	2771.875	0.115655660629272	
2775	0.133194759488106	2775	0.115536384284496	
2778.125	0.133682161569595	2778.125	0.115277774631977	
2781.25	0.134708106517792	2781.25	0.115643233060837	
2784.375	0.134714245796204	2784.375	0.11544331163168	
2787.5	0.135270833969116	2787.5	0.114875592291355	
2790.625	0.136625528335571	2790.625	0.115254431962967	
2793.75	0.137120887637138	2793.75	0.115469560027122	
2796.875	0.13770504295826	2796.875	0.115555591881275	
2800	0.138684198260307	2800	0.11550410836935	
2803.125	0.139701619744301	2803.125	0.117055132985115	
2806.25	0.140148356556892	2806.25	0.115275673568249	
2809.375	0.140369921922684	2809.375	0.116025976836681	
2812.5	0.141647413372993	2812.5	0.116053387522697	
2815.625	0.142114013433456	2815.625	0.115311041474342	
2818.75	0.142189562320709	2818.75	0.115245394408703	
2821.875	0.142979711294174	2821.875	0.115426033735275	
2825	0.142887592315674	2825	0.114842042326927	
2828.125	0.143571376800537	2828.125	0.115083307027817	
2831.25	0.145396828651428	2831.25	0.11496864259243	
2834.375	0.14540122449398	2834.375	0.114953070878983	
2837.5	0.146730005741119	2837.5	0.116346217691898	
2840.625	0.147063732147217	2840.625	0.116067230701447	
2843.75	0.146621808409691	2843.75	0.115140676498413	
2846.875	0.148426100611687	2846.875	0.114827089011669	
2850	0.148217588663101	2850	0.115182295441628	
2853.125	0.148417115211487	2853.125	0.115023218095303	
2856.25	0.149386927485466	2856.25	0.115587301552296	
2859.375	0.149941712617874	2859.375	0.11510918289423	
2862.5	0.150096818804741	2862.5	0.11509158462286	
2865.625	0.151052817702293	2865.625	0.114996202290058	
2868.75	0.151298508048058	2868.75	0.115716055035591	
2871.875	0.152033179998398	2871.875	0.116552740335464	
2875	0.152771010994911	2875	0.115877106785774	
2878.125	0.153250798583031	2878.125	0.115969128906727	
2881.25	0.153999105095863	2881.25	0.115915395319462	
2884.375	0.154381051659584	2884.375	0.115725390613079	
2887.5	0.155003517866135	2887.5	0.116411350667477	
2890.625	0.156064718961716	2890.625	0.116907104849815	
2893.75	0.156069040298462	2893.75	0.116835363209248	
2896.875	0.156413495540619	2896.875	0.1164515838027	
2900	0.156744942069054	2900	0.116857722401619	
2903.125	0.157716542482376	2903.125	0.117458529770374	
2906.25	0.157948583364487	2906.25	0.11689992249012	
2909.375	0.158399894833565	2909.375	0.11730819195509	
2912.5	0.158862128853798	2912.5	0.117133960127831	
2915.625	0.159772261977196	2915.625	0.117434680461884	
2918.75	0.160601049661636	2918.75	0.117615029215813	
2921.875	0.160626277327538	2921.875	0.118482492864132	
2925	0.161399036645889	2925	0.119585417211056	
2928.125	0.161767855286598	2928.125	0.118902593851089	
2931.25	0.162401646375656	2931.25	0.118682108819485	
2934.375	0.163101002573967	2934.375	0.11970316618681	
2937.5	0.163660392165184	2937.5	0.120071388781071	
2940.625	0.164029076695442	2940.625	0.11988703161478	
2943.75	0.164562165737152	2943.75	0.120250634849072	
2946.875	0.166000306606293	2946.875	0.12123765796423	
2950	0.166675373911858	2950	0.121843308210373	
2953.125	0.167618185281754	2953.125	0.122153729200363	
2956.25	0.16802841424942	2956.25	0.123770669102669	
2959.375	0.170275196433067	2959.375	0.123718664050102	
2962.5	0.170441493391991	2962.5	0.122957035899162	
2965.625	0.171085178852081	2965.625	0.123843498528004	
2968.75	0.173061817884445	2968.75	0.125343590974808	
2971.875	0.174310192465782	2971.875	0.126169994473457	
2975	0.175482302904129	2975	0.126037180423737	
2978.125	0.177192568778992	2978.125	0.126690998673439	
2981.25	0.178798317909241	2981.25	0.12566314637661	
2984.375	0.180924654006958	2984.375	0.126231282949448	
2987.5	0.182827726006508	2987.5	0.125743269920349	
2990.625	0.183933973312378	2990.625	0.123975567519665	
2993.75	0.184057533740997	2993.75	0.123998902738094	
2996.875	0.184999331831932	2996.875	0.122870147228241	
3000	0.186089426279068	3000	0.120590560138226	
3003.125	0.186309292912483	3003.125	0.12178248167038	
3006.25	0.186169847846031	3006.25	0.121284946799278	
3009.375	0.186303213238716	3009.375	0.120588704943657	
3012.5	0.186973705887794	3012.5	0.120279401540756	
3015.625	0.188653200864792	3015.625	0.120931915938854	
3018.75	0.188538998365402	3018.75	0.121565699577332	
3021.875	0.189317479729652	3021.875	0.120168544352055	
3025	0.189518377184868	3025	0.120459631085396	
3028.125	0.189342483878136	3028.125	0.120718404650688	
3031.25	0.190791040658951	3031.25	0.121389478445053	
3034.375	0.19050732254982	3034.375	0.121031552553177	
3037.5	0.19302374124527	3037.5	0.120514243841171	
3040.625	0.192582607269287	3040.625	0.120454765856266	
3043.75	0.192626506090164	3043.75	0.120978057384491	
3046.875	0.194687977433205	3046.875	0.121616408228874	
3050	0.195047780871391	3050	0.12095433473587	
3053.125	0.1958347260952	3053.125	0.121137320995331	
3056.25	0.196581199765205	3056.25	0.120966821908951	
3059.375	0.197627305984497	3059.375	0.121691703796387	
3062.5	0.19807305932045	3062.5	0.121443532407284	
3065.625	0.198188588023186	3065.625	0.121692031621933	
3068.75	0.199067965149879	3068.75	0.121573068201542	
3071.875	0.199709609150887	3071.875	0.121621310710907	
3075	0.200973019003868	3075	0.121448770165443	
3078.125	0.201128497719765	3078.125	0.120580114424229	
3081.25	0.201833739876747	3081.25	0.120022758841515	
3084.375	0.202219501137733	3084.375	0.120887786149979	
3087.5	0.202518820762634	3087.5	0.121558465063572	
3090.625	0.203790366649628	3090.625	0.122174933552742	
3093.75	0.205679252743721	3093.75	0.121595710515976	
3096.875	0.205211386084557	3096.875	0.121928215026855	
3100	0.205975025892258	3100	0.120305605232716	
3103.125	0.206860944628716	3103.125	0.120574340224266	
3106.25	0.207807496190071	3106.25	0.120372362434864	
3109.375	0.208188459277153	3109.375	0.11998475342989	
3112.5	0.209111288189888	3112.5	0.121137969195843	
3115.625	0.209442541003227	3115.625	0.121240600943565	
3118.75	0.211526542901993	3118.75	0.120530694723129	
3121.875	0.212431475520134	3121.875	0.121269673109055	
3125	0.212915480136871	3125	0.120703093707561	
3128.125	0.213125243782997	3128.125	0.120090201497078	
3131.25	0.213787481188774	3131.25	0.119459882378578	
3134.375	0.213825851678848	3134.375	0.119742892682552	
3137.5	0.214314416050911	3137.5	0.119270116090775	
3140.625	0.214941203594208	3140.625	0.118771322071552	
3143.75	0.214288339018822	3143.75	0.119004644453526	
3146.875	0.215288922190666	3146.875	0.11887314170599	
3150	0.216169089078903	3150	0.119564108550549	
3153.125	0.216226950287819	3153.125	0.119123019278049	
3156.25	0.21708981692791	3156.25	0.117905490100384	
3159.375	0.217687293887138	3159.375	0.117622919380665	
3162.5	0.216922089457512	3162.5	0.117040298879147	
3165.625	0.217411652207375	3165.625	0.116256862878799	
3168.75	0.217581406235695	3168.75	0.116776630282402	
3171.875	0.218179196119308	3171.875	0.115689791738987	
3175	0.218630760908127	3175	0.115130461752415	
3178.125	0.219669789075851	3178.125	0.11518320441246	
3181.25	0.219773128628731	3181.25	0.116967588663101	
3184.375	0.219368442893028	3184.375	0.116108015179634	
3187.5	0.219591289758682	3187.5	0.115681894123554	
3190.625	0.218997001647949	3190.625	0.11674777418375	
3193.75	0.218805268406868	3193.75	0.116703048348427	
3196.875	0.220216929912567	3196.875	0.115042768418789	
3200	0.22066767513752	3200	0.116674296557903	
3203.125	0.22070500254631	3203.125	0.115799941122532	
3206.25	0.219551637768745	3206.25	0.115365155041218	
3209.375	0.219126626849175	3209.375	0.116288729012012	
3212.5	0.220523908734322	3212.5	0.117063894867897	
3215.625	0.22125905752182	3215.625	0.117685444653034	
3218.75	0.220222994685173	3218.75	0.118717364966869	
3221.875	0.219409197568893	3221.875	0.118126019835472	
3225	0.220234096050262	3225	0.117543257772923	
3228.125	0.220994755625725	3228.125	0.117565602064133	
3231.25	0.22156323492527	3231.25	0.118536941707134	
3234.375	0.222147852182388	3234.375	0.118602134287357	
3237.5	0.222223430871964	3237.5	0.119203671813011	
3240.625	0.222917020320892	3240.625	0.120485246181488	
3243.75	0.223543912172318	3243.75	0.120920650660992	
3246.875	0.223620280623436	3246.875	0.119894213974476	
3250	0.222557887434959	3250	0.120743453502655	
3253.125	0.223425671458244	3253.125	0.121485307812691	
3256.25	0.223043754696846	3256.25	0.12310915440321	
3259.375	0.224272564053535	3259.375	0.123472303152084	
3262.5	0.225705236196518	3262.5	0.122180193662643	
3265.625	0.225590467453003	3265.625	0.122151009738445	
3268.75	0.226700529456139	3268.75	0.123623922467232	
3271.875	0.227186501026154	3271.875	0.123934283852577	
3275	0.227030947804451	3275	0.123650312423706	
3278.125	0.22684021294117	3278.125	0.124363303184509	
3281.25	0.229465946555138	3281.25	0.124509379267693	
3284.375	0.228757873177528	3284.375	0.125064671039581	
3287.5	0.228717371821404	3287.5	0.126667872071266	
3290.625	0.230068564414978	3290.625	0.127909660339355	
3293.75	0.231455236673355	3293.75	0.125620156526566	
3296.875	0.23051618039608	3296.875	0.12534873187542	
3300	0.231496006250381	3300	0.126724988222122	
3303.125	0.23229406774044	3303.125	0.127127647399902	
3306.25	0.233562156558037	3306.25	0.126837998628616	
3309.375	0.23404136300087	3309.375	0.12649792432785	
3312.5	0.234112620353699	3312.5	0.127461433410645	
3315.625	0.23419876396656	3315.625	0.127838686108589	
3318.75	0.234756574034691	3318.75	0.128372877836227	
3321.875	0.236174866557121	3321.875	0.128006428480148	
3325	0.236865654587746	3325	0.12847076356411	
3328.125	0.237074285745621	3328.125	0.128233730792999	
3331.25	0.237071052193642	3331.25	0.128904357552528	
3334.375	0.23824679851532	3334.375	0.129865810275078	
3337.5	0.239377036690712	3337.5	0.128756240010262	
3340.625	0.238943666219711	3340.625	0.128754377365112	
3343.75	0.2400012165308	3343.75	0.129293859004974	
3346.875	0.241471320390701	3346.875	0.128399595618248	
3350	0.242281094193459	3350	0.129033401608467	
3353.125	0.242789581418037	3353.125	0.128256246447563	
3356.25	0.241738498210907	3356.25	0.129060044884682	
3359.375	0.242990374565125	3359.375	0.128676161170006	
3362.5	0.243273034691811	3362.5	0.128542393445969	
3365.625	0.243058115243912	3365.625	0.129147961735725	
3368.75	0.242913648486137	3368.75	0.129141062498093	
3371.875	0.243745550513268	3371.875	0.13027286529541	
3375	0.243928298354149	3375	0.130644783377647	
3378.125	0.246270656585693	3378.125	0.129194393754005	
3381.25	0.245773166418076	3381.25	0.129691317677498	
3384.375	0.246304109692574	3384.375	0.129687696695328	
3387.5	0.245874017477036	3387.5	0.128689959645271	
3390.625	0.247763529419899	3390.625	0.129593729972839	
3393.75	0.247176319360733	3393.75	0.129385843873024	
3396.875	0.247265100479126	3396.875	0.129397630691528	
3400	0.248753562569618	3400	0.128888428211212	
3403.125	0.249473065137863	3403.125	0.129929929971695	
3406.25	0.250472158193588	3406.25	0.130047783255577	
3409.375	0.250734359025955	3409.375	0.129457280039787	
3412.5	0.251255631446838	3412.5	0.130726769566536	
3415.625	0.252321064472198	3415.625	0.130934804677963	
3418.75	0.251735627651215	3418.75	0.129779666662216	
3421.875	0.252016395330429	3421.875	0.130727171897888	
3425	0.252778053283691	3425	0.130706623196602	
3428.125	0.252675265073776	3428.125	0.128672331571579	
3431.25	0.252495378255844	3431.25	0.129759982228279	
3434.375	0.253555953502655	3434.375	0.130388587713242	
3437.5	0.25525763630867	3437.5	0.129390195012093	
3440.625	0.255939215421677	3440.625	0.12893383204937	
3443.75	0.255467891693115	3443.75	0.129522308707237	
3446.875	0.254961460828781	3446.875	0.129480808973312	
3450	0.255778968334198	3450	0.128683850169182	
3453.125	0.256178081035614	3453.125	0.128859221935272	
3456.25	0.257201761007309	3456.25	0.129212811589241	
3459.375	0.257519274950027	3459.375	0.130022644996643	
3462.5	0.257509678602219	3462.5	0.128278598189354	
3465.625	0.257957011461258	3465.625	0.129520982503891	
3468.75	0.259555816650391	3468.75	0.130057692527771	
3471.875	0.259614586830139	3471.875	0.130012437701225	
3475	0.25980943441391	3475	0.128213092684746	
3478.125	0.259900897741318	3478.125	0.129094824194908	
3481.25	0.259034425020218	3481.25	0.128239393234253	
3484.375	0.259331375360489	3484.375	0.128204166889191	
3487.5	0.261020511388779	3487.5	0.128749951720238	
3490.625	0.261466979980469	3490.625	0.128324300050735	
3493.75	0.262206673622131	3493.75	0.128209009766579	
3496.875	0.261229157447815	3496.875	0.128159195184708	
3500	0.262463569641113	3500	0.127324610948563	
3503.125	0.26287055015564	3503.125	0.127572879195213	
3506.25	0.264198511838913	3506.25	0.127986058592796	
3509.375	0.263905048370361	3509.375	0.128103479743004	
3512.5	0.263243973255157	3512.5	0.126616090536118	
3515.625	0.263086557388306	3515.625	0.126389637589455	
3518.75	0.263793587684631	3518.75	0.127503260970116	
3521.875	0.264114767313004	3521.875	0.12691093981266	
3525	0.264590084552765	3525	0.125780373811722	
3528.125	0.265521287918091	3528.125	0.126193150877953	
3531.25	0.266746133565903	3531.25	0.126362696290016	
3534.375	0.266009271144867	3534.375	0.126261502504349	
3537.5	0.265218794345856	3537.5	0.125565230846405	
3540.625	0.266147673130035	3540.625	0.125419959425926	
3543.75	0.266246885061264	3543.75	0.125498563051224	
3546.875	0.265915393829346	3546.875	0.126197278499603	
3550	0.266634523868561	3550	0.124923206865788	
3553.125	0.266609638929367	3553.125	0.125481426715851	
3556.25	0.267370730638504	3556.25	0.124847531318665	
3559.375	0.267368018627167	3559.375	0.124590776860714	
3562.5	0.268542230129242	3562.5	0.12514890730381	
3565.625	0.268703877925873	3565.625	0.124571196734905	
3568.75	0.268183529376984	3568.75	0.124972574412823	
3571.875	0.26944026350975	3571.875	0.124161832034588	
3575	0.270151913166046	3575	0.124289877712727	
3578.125	0.270267605781555	3578.125	0.124389983713627	
3581.25	0.270678997039795	3581.25	0.124022081494331	
3584.375	0.269704461097717	3584.375	0.123486824333668	
3587.5	0.26913121342659	3587.5	0.123552523553371	
3590.625	0.270025223493576	3590.625	0.124125599861145	
3593.75	0.271126002073288	3593.75	0.124738924205303	
3596.875	0.271601021289825	3596.875	0.124883763492107	
3600	0.272390633821487	3600	0.124342523515224	
3603.125	0.2722207903862	3603.125	0.123360745608807	
3606.25	0.272335767745972	3606.25	0.124741077423096	
3609.375	0.272805690765381	3609.375	0.123033069074154	
3612.5	0.272949546575546	3612.5	0.123121879994869	
3615.625	0.27385613322258	3615.625	0.123716004192829	
3618.75	0.273543775081635	3618.75	0.12295638024807	
3621.875	0.273532092571259	3621.875	0.123347014188766	
3625	0.273504018783569	3625	0.122960284352303	
3628.125	0.274506211280823	3628.125	0.122551500797272	
3631.25	0.27551594376564	3631.25	0.121368870139122	
3634.375	0.276011437177658	3634.375	0.121922701597214	
3637.5	0.27546963095665	3637.5	0.122068203985691	
3640.625	0.27510529756546	3640.625	0.12115403264761	
3643.75	0.275949090719223	3643.75	0.121266722679138	
3646.875	0.275402992963791	3646.875	0.121372617781162	
3650	0.276154309511185	3650	0.120846569538116	
3653.125	0.276347190141678	3653.125	0.120471298694611	
3656.25	0.276150196790695	3656.25	0.120433367788792	
3659.375	0.277380168437958	3659.375	0.12026409059763	
3662.5	0.277742505073547	3662.5	0.119918629527092	
3665.625	0.278587758541107	3665.625	0.121593490242958	
3668.75	0.278522521257401	3668.75	0.118913292884827	
3671.875	0.277208805084229	3671.875	0.119617953896523	
3675	0.278036803007126	3675	0.11971577256918	
3678.125	0.27840518951416	3678.125	0.119478195905685	
3681.25	0.278237521648407	3681.25	0.121335975825787	
3684.375	0.277851551771164	3684.375	0.11686809360981	
3687.5	0.278229057788849	3687.5	0.118940390646458	
3690.625	0.279016971588135	3690.625	0.119433782994747	
3693.75	0.280073910951614	3693.75	0.118301913142204	
3696.875	0.280665099620819	3696.875	0.119005717337132	
3700	0.279888957738876	3700	0.118614181876183	
3703.125	0.279669404029846	3703.125	0.117550544440746	
3706.25	0.281717091798782	3706.25	0.117295786738396	
3709.375	0.282002210617065	3709.375	0.118220940232277	
3712.5	0.2806795835495	3712.5	0.117129065096378	
3715.625	0.279894411563873	3715.625	0.115758843719959	
3718.75	0.282746821641922	3718.75	0.11633438616991	
3721.875	0.282444804906845	3721.875	0.116229429841042	
3725	0.283029824495316	3725	0.116950318217278	
3728.125	0.282726258039474	3728.125	0.11535457521677	
3731.25	0.283002883195877	3731.25	0.116274677217007	
3734.375	0.283104419708252	3734.375	0.114993378520012	
3737.5	0.283121198415756	3737.5	0.116030849516392	
3740.625	0.284906536340714	3740.625	0.114645391702652	
3743.75	0.284356355667114	3743.75	0.114556066691875	
3746.875	0.284115374088287	3746.875	0.115484192967415	
3750	0.284259796142578	3750	0.114430271089077	
3753.125	0.284323751926422	3753.125	0.113958694040775	
3756.25	0.28458970785141	3756.25	0.113107018172741	
3759.375	0.284209042787552	3759.375	0.113112658262253	
3762.5	0.284930884838104	3762.5	0.115197665989399	
3765.625	0.285485357046127	3765.625	0.110700942575932	
3768.75	0.285008609294891	3768.75	0.112855024635792	
3771.875	0.284325152635574	3771.875	0.112206690013409	
3775	0.285189777612686	3775	0.112374179065228	
3778.125	0.285467177629471	3778.125	0.111677825450897	
3781.25	0.285604655742645	3781.25	0.111034020781517	
3784.375	0.286466717720032	3784.375	0.112183324992657	
3787.5	0.288149029016495	3787.5	0.110810622572899	
3790.625	0.287082582712173	3790.625	0.111207187175751	
3793.75	0.286677271127701	3793.75	0.108981221914291	
3796.875	0.286090195178986	3796.875	0.110061272978783	
3800	0.285160034894943	3800	0.109626226127148	
3803.125	0.286573648452759	3803.125	0.109561428427696	
3806.25	0.287903785705566	3806.25	0.110174313187599	
3809.375	0.286835312843323	3809.375	0.109191834926605	
3812.5	0.286579757928848	3812.5	0.108263023197651	
3815.625	0.286171764135361	3815.625	0.108334347605705	
3818.75	0.28768515586853	3818.75	0.1083824634552	
3821.875	0.286971360445023	3821.875	0.108078338205814	
3825	0.287142872810364	3825	0.108811341226101	
3828.125	0.288021087646484	3828.125	0.106986828148365	
3831.25	0.28810316324234	3831.25	0.107059001922607	
3834.375	0.288874626159668	3834.375	0.106358222663403	
3837.5	0.289370030164719	3837.5	0.10705703496933	
3840.625	0.288076907396317	3840.625	0.106283918023109	
3843.75	0.286991387605667	3843.75	0.105973921716213	
3846.875	0.288517087697983	3846.875	0.104718491435051	
3850	0.288132876157761	3850	0.105264224112034	
3853.125	0.288276970386505	3853.125	0.105289280414581	
3856.25	0.289939105510712	3856.25	0.104781217873096	
3859.375	0.288912951946259	3859.375	0.10431120544672	
3862.5	0.288569658994675	3862.5	0.103140957653522	
3865.625	0.28905126452446	3865.625	0.104604490101337	
3868.75	0.289229154586792	3868.75	0.104377366602421	
3871.875	0.288362354040146	3871.875	0.10338294506073	
3875	0.288560420274735	3875	0.10307303071022	
3878.125	0.289830416440964	3878.125	0.102546341717243	
3881.25	0.28918793797493	3881.25	0.102256387472153	
3884.375	0.29040002822876	3884.375	0.100606046617031	
3887.5	0.289831817150116	3887.5	0.101065956056118	
3890.625	0.289643436670303	3890.625	0.100867532193661	
3893.75	0.291447222232819	3893.75	0.101045481860638	
3896.875	0.290735334157944	3896.875	0.0999402031302452	
3900	0.291298747062683	3900	0.100737452507019	
3903.125	0.291232705116272	3903.125	0.100520856678486	
3906.25	0.291311621665955	3906.25	0.0993572995066643	
3909.375	0.291245967149735	3909.375	0.0995450466871262	
3912.5	0.291083693504334	3912.5	0.0995715335011482	
3915.625	0.292204886674881	3915.625	0.0977006256580353	
3918.75	0.291001349687576	3918.75	0.100174449384212	
3921.875	0.291695058345795	3921.875	0.0953642204403877	
3925	0.290313601493835	3925	0.0970524549484253	
3928.125	0.290542125701904	3928.125	0.0966798737645149	
3931.25	0.290458619594574	3931.25	0.0987250357866287	
3934.375	0.291202574968338	3934.375	0.0973355546593666	
3937.5	0.291253924369812	3937.5	0.0958671495318413	
3940.625	0.291715294122696	3940.625	0.0963749662041664	
3943.75	0.291832715272903	3943.75	0.0968984961509705	
3946.875	0.291483402252197	3946.875	0.0955614596605301	
3950	0.290184587240219	3950	0.0946680307388306	
3953.125	0.290585726499558	3953.125	0.0948652178049088	
3956.25	0.29037818312645	3956.25	0.0953781232237816	
3959.375	0.289451092481613	3959.375	0.0941691771149635	
3962.5	0.290526390075684	3962.5	0.0932655185461044	
3965.625	0.291587144136429	3965.625	0.0940364003181458	
3968.75	0.291949331760406	3968.75	0.093839555978775	
3971.875	0.292158335447311	3971.875	0.0934315994381905	
3975	0.293235778808594	3975	0.0914474800229073	
3978.125	0.292149275541306	3978.125	0.0915035158395767	
3981.25	0.290423512458801	3981.25	0.0924983322620392	
3984.375	0.290007680654526	3984.375	0.0916526988148689	
3987.5	0.291062116622925	3987.5	0.0923305079340935	
3990.625	0.292162239551544	3990.625	0.0910943299531937	
3993.75	0.291724115610123	3993.75	0.0913432091474533	
3996.875	0.292277932167053	3996.875	0.0908500850200653	
4000	0.294164419174194	4000	0.0897782519459724	
4003.125	0.292913138866425	4003.125	0.0899865329265594	
4006.25	0.292820304632187	4006.25	0.0896559059619904	
4009.375	0.292609304189682	4009.375	0.0889380574226379	
4012.5	0.293015092611313	4012.5	0.089524082839489	
4015.625	0.293253809213638	4015.625	0.088929757475853	
4018.75	0.292988270521164	4018.75	0.0887932106852531	
4021.875	0.293342888355255	4021.875	0.0881048440933228	
4025	0.293640643358231	4025	0.0877041444182396	
4028.125	0.292327523231506	4028.125	0.0885901674628258	
4031.25	0.29197770357132	4031.25	0.0851838663220406	
4034.375	0.292209297418594	4034.375	0.0860984027385712	
4037.5	0.294290512800217	4037.5	0.0863193273544312	
4040.625	0.290703594684601	4040.625	0.0854843780398369	
4043.75	0.291875898838043	4043.75	0.0846016108989716	
4046.875	0.291311353445053	4046.875	0.0840548500418663	
4050	0.290808320045471	4050	0.0834267511963844	
4053.125	0.291731178760529	4053.125	0.0847970098257065	
4056.25	0.292229622602463	4056.25	0.0830247402191162	
4059.375	0.292112112045288	4059.375	0.0846095010638237	
4062.5	0.29080805182457	4062.5	0.0830053314566612	
4065.625	0.292195737361908	4065.625	0.0824094787240028	
4068.75	0.291657269001007	4068.75	0.0821298360824585	
4071.875	0.290657132863998	4071.875	0.0817359536886215	
4075	0.293729782104492	4075	0.0811634808778763	
4078.125	0.29349547624588	4078.125	0.0813143327832222	
4081.25	0.293698519468308	4081.25	0.0805473774671555	
4084.375	0.292049884796143	4084.375	0.0794875845313072	
4087.5	0.293383926153183	4087.5	0.0791404321789742	
4090.625	0.291218340396881	4090.625	0.0797960236668587	
4093.75	0.290095508098602	4093.75	0.0777227878570557	
4096.875	0.291756004095078	4096.875	0.0792302563786507	
4100	0.293282508850098	4100	0.0777091905474663	
4103.125	0.292232125997543	4103.125	0.077290341258049	
4106.25	0.291443198919296	4106.25	0.0784445405006409	
4109.375	0.29350271821022	4109.375	0.0775059387087822	
4112.5	0.292154431343079	4112.5	0.0760908573865891	
4115.625	0.291655093431473	4115.625	0.0760376527905464	
4118.75	0.292310178279877	4118.75	0.0760900229215622	
4121.875	0.291853308677673	4121.875	0.0764179453253746	
4125	0.291127562522888	4125	0.0738367512822151	
4128.125	0.291268110275269	4128.125	0.0740825310349464	
4131.25	0.291284263134003	4131.25	0.0748151838779449	
4134.375	0.291611343622208	4134.375	0.0734167546033859	
4137.5	0.29199805855751	4137.5	0.0736287161707878	
4140.625	0.290677607059479	4140.625	0.073596753180027	
4143.75	0.291519492864609	4143.75	0.0716001614928246	
4146.875	0.291410595178604	4146.875	0.0729869157075882	
4150	0.291227132081985	4150	0.0716042816638947	
4153.125	0.292427152395248	4153.125	0.0709952265024185	
4156.25	0.292602568864822	4156.25	0.0705442354083061	
4159.375	0.290849685668945	4159.375	0.0718747451901436	
4162.5	0.290495187044144	4162.5	0.0698947384953499	
4165.625	0.291108995676041	4165.625	0.0689673274755478	
4168.75	0.29062482714653	4168.75	0.0685432925820351	
4171.875	0.29029569029808	4171.875	0.0691306367516518	
4175	0.290767073631287	4175	0.0698228552937508	
4178.125	0.291804790496826	4178.125	0.0683821141719818	
4181.25	0.291538953781128	4181.25	0.0670184567570686	
4184.375	0.291076004505157	4184.375	0.0677586570382118	
4187.5	0.291148751974106	4187.5	0.066912554204464	
4190.625	0.291437715291977	4190.625	0.0672979578375816	
4193.75	0.290967881679535	4193.75	0.0671015009284019	
4196.875	0.290712952613831	4196.875	0.0660478696227074	
4200	0.290952920913696	4200	0.0664176419377327	
4203.125	0.290359199047089	4203.125	0.0652975961565971	
4206.25	0.288257867097855	4206.25	0.0649530664086342	
4209.375	0.288918226957321	4209.375	0.0648327395319939	
4212.5	0.29005166888237	4212.5	0.0644483417272568	
4215.625	0.290366381406784	4215.625	0.0639185085892677	
4218.75	0.290075123310089	4218.75	0.063589982688427	
4221.875	0.289070665836334	4221.875	0.0639734193682671	
4225	0.288707137107849	4225	0.0627204328775406	
4228.125	0.288123905658722	4228.125	0.0627763271331787	
4231.25	0.288628667593002	4231.25	0.0635980293154716	
4234.375	0.287957519292831	4234.375	0.0622023195028305	
4237.5	0.287406772375107	4237.5	0.06156862154603	
4240.625	0.288592398166656	4240.625	0.0624507926404476	
4243.75	0.287843734025955	4243.75	0.0621591806411743	
4246.875	0.28889936208725	4246.875	0.0627457946538925	
4250	0.289129614830017	4250	0.0619201846420765	
4253.125	0.287499845027924	4253.125	0.0629793629050255	
4256.25	0.288007706403732	4256.25	0.063050277531147	
4259.375	0.288092285394669	4259.375	0.0640033781528473	
4262.5	0.289477109909058	4262.5	0.0618363060057163	
4265.625	0.289454728364944	4265.625	0.061268761754036	
4268.75	0.289158552885056	4268.75	0.0629963949322701	
4271.875	0.289166986942291	4271.875	0.062608428299427	
4275	0.29059624671936	4275	0.059769656509161	
4278.125	0.290097773075104	4278.125	0.0616915039718151	
4281.25	0.289827078580856	4281.25	0.0627491027116776	
4284.375	0.29177063703537	4284.375	0.060368437319994	
4287.5	0.291297525167465	4287.5	0.0607904121279716	
4290.625	0.291175901889801	4290.625	0.0603526048362255	
4293.75	0.289929032325745	4293.75	0.0598202049732208	
4296.875	0.288929969072342	4296.875	0.0590617097914219	
4300	0.290063232183456	4300	0.0590682215988636	
4303.125	0.291980803012848	4303.125	0.0579476021230221	
4306.25	0.291846215724945	4306.25	0.057017095386982	
4309.375	0.292065531015396	4309.375	0.0573824644088745	
4312.5	0.293590068817139	4312.5	0.055769681930542	
4315.625	0.292578518390656	4315.625	0.0551576800644398	
4318.75	0.29274308681488	4318.75	0.0555820539593697	
4321.875	0.292579412460327	4321.875	0.0543834716081619	
4325	0.291700124740601	4325	0.0541242510080338	
4328.125	0.292643278837204	4328.125	0.0541042536497116	
4331.25	0.294324189424515	4331.25	0.053121168166399	
4334.375	0.293171972036362	4334.375	0.0526201277971268	
4337.5	0.294161230325699	4337.5	0.0516890026628971	
4340.625	0.293406844139099	4340.625	0.0504506938159466	
4343.75	0.292992860078812	4343.75	0.0501667037606239	
4346.875	0.293221175670624	4346.875	0.0489637404680252	
4350	0.293586939573288	4350	0.0480802580714226	
4353.125	0.29346364736557	4353.125	0.0481924936175346	
4356.25	0.293132573366165	4356.25	0.0477118454873562	
4359.375	0.292020589113235	4359.375	0.0468013882637024	
4362.5	0.295186698436737	4362.5	0.0466014035046101	
4365.625	0.294449776411057	4365.625	0.0468821972608566	
4368.75	0.295294970273972	4368.75	0.0445927381515503	
4371.875	0.293184965848923	4371.875	0.0446441099047661	
4375	0.293410867452621	4375	0.0438989475369453	
4378.125	0.296252071857452	4378.125	0.0426930971443653	
4381.25	0.294789731502533	4381.25	0.0416081734001637	
4384.375	0.293495416641235	4384.375	0.0407733842730522	
4387.5	0.292269200086594	4387.5	0.0405131988227367	
4390.625	0.292729318141937	4390.625	0.0393759682774544	
4393.75	0.293184667825699	4393.75	0.0377445071935654	
4396.875	0.293480813503265	4396.875	0.0384210981428623	
4400	0.293238192796707	4400	0.0373583547770977	
4403.125	0.292072862386703	4403.125	0.0364197865128517	
4406.25	0.291909456253052	4406.25	0.0352948643267155	
4409.375	0.292888611555099	4409.375	0.0333486050367355	
4412.5	0.292144685983658	4412.5	0.0333124250173569	
4415.625	0.292366296052933	4415.625	0.033788975328207	
4418.75	0.292833030223846	4418.75	0.0317516699433327	
4421.875	0.292759358882904	4421.875	0.031289529055357	
4425	0.291394203901291	4425	0.0313934087753296	
4428.125	0.291822016239166	4428.125	0.0301762409508228	
4431.25	0.291909217834473	4431.25	0.0304764565080404	
4434.375	0.290606558322906	4434.375	0.0281732100993395	
4437.5	0.289987087249756	4437.5	0.0260957758873701	
4440.625	0.289580404758453	4440.625	0.0254807416349649	
4443.75	0.28879502415657	4443.75	0.0247122161090374	
4446.875	0.289697378873825	4446.875	0.0247113388031721	
4450	0.289702743291855	4450	0.0247731059789658	
4453.125	0.288958579301834	4453.125	0.0235292669385672	
4456.25	0.287310838699341	4456.25	0.0231204107403755	
4459.375	0.287294656038284	4459.375	0.0208276957273483	
4462.5	0.287960767745972	4462.5	0.0197870023548603	
4465.625	0.287379443645477	4465.625	0.0206612404435873	
4468.75	0.288399785757065	4468.75	0.0197686515748501	
4471.875	0.2872414290905	4471.875	0.0165851023048162	
4475	0.285646289587021	4475	0.0171062555164099	
4478.125	0.285248219966888	4478.125	0.0172413047403097	
4481.25	0.286099910736084	4481.25	0.0145307965576649	
4484.375	0.286034375429153	4484.375	0.0141880391165614	
4487.5	0.284229606389999	4487.5	0.0142749799415469	
4490.625	0.284130156040192	4490.625	0.0135624557733536	
4493.75	0.283653795719147	4493.75	0.0122797610238194	
4496.875	0.282918274402618	4496.875	0.0104970894753933	
4500	0.283283978700638	4500	0.0109198587015271	
4503.125	0.283180445432663	4503.125	0.00945441611111164	
4506.25	0.283784002065659	4506.25	0.00783639587461948	
4509.375	0.282772481441498	4509.375	0.00724550476297736	
4512.5	0.281840413808823	4512.5	0.00779012124985456	
4515.625	0.281626164913177	4515.625	0.00615521194413304	
4518.75	0.282072305679321	4518.75	0.00610047020018101	
4521.875	0.281138837337494	4521.875	0.00498674577102065	
4525	0.280104428529739	4525	0.00320262066088617	
4528.125	0.278678178787231	4528.125	0.00257971556857228	
4531.25	0.278454154729843	4531.25	0.00224469136446714	
4534.375	0.278494328260422	4534.375	0.00199502310715616	
4537.5	0.277648210525513	4537.5	0.00102817604783922	
4540.625	0.276883482933044	4540.625	-0.00108058657497168	
4543.75	0.277297347784042	4543.75	-0.00115081109106541	
4546.875	0.276671558618546	4546.875	-0.00143434701021761	
4550	0.276639878749847	4550	-0.00173308444209397	
4553.125	0.274924874305725	4553.125	-0.00380380405113101	
4556.25	0.275765925645828	4556.25	-0.00425052409991622	
4559.375	0.275508463382721	4559.375	-0.00255858059972525	
4562.5	0.276767939329147	4562.5	-0.00638512708246708	
4565.625	0.275762230157852	4565.625	-0.00701958872377872	
4568.75	0.274779945611954	4568.75	-0.00774299819022417	
4571.875	0.273834586143494	4571.875	-0.00784322619438171	
4575	0.274020731449127	4575	-0.00935979187488556	
4578.125	0.273172795772552	4578.125	-0.00984980538487434	
4581.25	0.272969633340836	4581.25	-0.0114841535687447	
4584.375	0.273453325033188	4584.375	-0.0118283843621612	
4587.5	0.273244142532349	4587.5	-0.0115193277597427	
4590.625	0.27321395277977	4590.625	-0.0130502115935087	
4593.75	0.272971779108047	4593.75	-0.0142015749588609	
4596.875	0.271150678396225	4596.875	-0.0149579038843513	
4600	0.272505253553391	4600	-0.0168442260473967	
4603.125	0.273440182209015	4603.125	-0.0180380716919899	
4606.25	0.271966069936752	4606.25	-0.0181232653558254	
4609.375	0.272154957056046	4609.375	-0.0183100067079067	
4612.5	0.272121429443359	4612.5	-0.0203726626932621	
4615.625	0.271105915307999	4615.625	-0.0206630956381559	
4618.75	0.272008985280991	4618.75	-0.0217592008411884	
4621.875	0.272289544343948	4621.875	-0.0219873264431953	
4625	0.270197689533234	4625	-0.0241396948695183	
4628.125	0.270152121782303	4628.125	-0.0251344162970781	
4631.25	0.269770503044128	4631.25	-0.0268325563520193	
4634.375	0.270129889249802	4634.375	-0.028364036232233	
4637.5	0.270502358675003	4637.5	-0.0279278624802828	
4640.625	0.270255476236343	4640.625	-0.0282788649201393	
4643.75	0.269548803567886	4643.75	-0.0300498716533184	
4646.875	0.269285082817078	4646.875	-0.0310222245752811	
4650	0.268533498048782	4650	-0.0317516587674618	
4653.125	0.268737703561783	4653.125	-0.0335321091115475	
4656.25	0.268779128789902	4656.25	-0.034846942871809	
4659.375	0.268946588039398	4659.375	-0.0351110324263573	
4662.5	0.270490437746048	4662.5	-0.0363957807421684	
4665.625	0.269755065441132	4665.625	-0.0382110513746738	
4668.75	0.268578350543976	4668.75	-0.0386057496070862	
4671.875	0.267941772937775	4671.875	-0.0405080318450928	
4675	0.267117470502853	4675	-0.0417606718838215	
4678.125	0.267026364803314	4678.125	-0.0425653047859669	
4681.25	0.26605087518692	4681.25	-0.0436506569385529	
4684.375	0.266705185174942	4684.375	-0.0446041822433472	
4687.5	0.266122400760651	4687.5	-0.0454749576747417	
4690.625	0.265506684780121	4690.625	-0.0464252196252346	
4693.75	0.265112489461899	4693.75	-0.0469212755560875	
4696.875	0.264612048864365	4696.875	-0.0477296933531761	
4700	0.265347003936768	4700	-0.049191553145647	
4703.125	0.263719588518143	4703.125	-0.0494552366435528	
4706.25	0.264101922512054	4706.25	-0.049568098038435	
4709.375	0.264196872711182	4709.375	-0.0500556416809559	
4712.5	0.264446228742599	4712.5	-0.0506721474230289	
4715.625	0.264159858226776	4715.625	-0.0513023771345615	
4718.75	0.263945549726486	4718.75	-0.0517971850931644	
4721.875	0.263803154230118	4721.875	-0.0528508014976978	
4725	0.264791786670685	4725	-0.0531273148953915	
4728.125	0.264920234680176	4728.125	-0.053651038557291	
4731.25	0.265954524278641	4731.25	-0.0545425154268742	
4734.375	0.265748530626297	4734.375	-0.0555329136550426	
4737.5	0.265269249677658	4737.5	-0.0556148327887058	
4740.625	0.265872716903687	4740.625	-0.0567693784832954	
4743.75	0.265737920999527	4743.75	-0.0569796785712242	
4746.875	0.265467256307602	4746.875	-0.0573640614748001	
4750	0.26583206653595	4750	-0.0589452981948853	
4753.125	0.266553163528442	4753.125	-0.060507521033287	
4756.25	0.266275733709335	4756.25	-0.0605648867785931	
4759.375	0.266523659229279	4759.375	-0.0616301074624062	
4762.5	0.266740143299103	4762.5	-0.0618383660912514	
4765.625	0.266385555267334	4765.625	-0.0618328638374805	
4768.75	0.266922473907471	4768.75	-0.0622099451720715	
4771.875	0.26861435174942	4771.875	-0.0633910223841667	
4775	0.268070369958878	4775	-0.0647430866956711	
4778.125	0.267789363861084	4778.125	-0.0655809715390205	
4781.25	0.267144918441772	4781.25	-0.0654696822166443	
4784.375	0.267986923456192	4784.375	-0.0660548284649849	
4787.5	0.268485754728317	4787.5	-0.0665696561336517	
4790.625	0.269068002700806	4790.625	-0.0663352906703949	
4793.75	0.269712805747986	4793.75	-0.0685131475329399	
4796.875	0.269989550113678	4796.875	-0.0688976645469666	
4800	0.269832402467728	4800	-0.0689993500709534	
4803.125	0.270419895648956	4803.125	-0.0702482312917709	
4806.25	0.270990908145905	4806.25	-0.0707929357886314	
4809.375	0.271497517824173	4809.375	-0.0698754638433456	
4812.5	0.271924734115601	4812.5	-0.0702232271432877	
4815.625	0.272567719221115	4815.625	-0.0701243206858635	
4818.75	0.273285299539566	4818.75	-0.0703515410423279	
4821.875	0.27316603064537	4821.875	-0.0702150166034698	
4825	0.27374142408371	4825	-0.069943867623806	
4828.125	0.273244678974152	4828.125	-0.0710460469126701	
4831.25	0.27402925491333	4831.25	-0.0714942142367363	
4834.375	0.274862110614777	4834.375	-0.0713895186781883	
4837.5	0.275784462690353	4837.5	-0.0714301839470863	
4840.625	0.27634459733963	4840.625	-0.0716137066483498	
4843.75	0.27684423327446	4843.75	-0.0717444568872452	
4846.875	0.277557522058487	4846.875	-0.0714317262172699	
4850	0.279011726379395	4850	-0.0712325274944305	
4853.125	0.280709952116013	4853.125	-0.0717509463429451	
4856.25	0.281961679458618	4856.25	-0.0709588974714279	
4859.375	0.28296560049057	4859.375	-0.0713683366775513	
4862.5	0.283523797988892	4862.5	-0.0715202018618584	
4865.625	0.285035192966461	4865.625	-0.0721828639507294	
4868.75	0.28607913851738	4868.75	-0.0722305849194527	
4871.875	0.288336127996445	4871.875	-0.0724351778626442	
4875	0.290508806705475	4875	-0.0725720152258873	
4878.125	0.293368965387344	4878.125	-0.0742033869028091	
4881.25	0.295718401670456	4881.25	-0.0761058479547501	
4884.375	0.295172303915024	4884.375	-0.0802262723445892	
4887.5	0.295434832572937	4887.5	-0.0830538719892502	
4890.625	0.293341219425201	4890.625	-0.0843516066670418	
4893.75	0.290652722120285	4893.75	-0.0843682810664177	
4896.875	0.289818376302719	4896.875	-0.0848054438829422	
4900	0.289355784654617	4900	-0.0830058306455612	
4903.125	0.290014743804932	4903.125	-0.081125982105732	
4906.25	0.29173156619072	4906.25	-0.0801637172698975	
4909.375	0.292138397693634	4909.375	-0.0796601846814156	
4912.5	0.292253434658051	4912.5	-0.078996941447258	
4915.625	0.293442368507385	4915.625	-0.0779875963926315	
4918.75	0.29490053653717	4918.75	-0.0775025337934494	
4921.875	0.296913772821426	4921.875	-0.0776748433709145	
4925	0.298246085643768	4925	-0.0780912339687347	
4928.125	0.299398362636566	4928.125	-0.0782745555043221	
4931.25	0.300364792346954	4931.25	-0.0777955800294876	
4934.375	0.301233410835266	4934.375	-0.0776277333498001	
4937.5	0.302360385656357	4937.5	-0.0778810009360313	
4940.625	0.30363404750824	4940.625	-0.0774018242955208	
4943.75	0.305491834878922	4943.75	-0.0774633958935738	
4946.875	0.305936217308044	4946.875	-0.077955961227417	
4950	0.305180549621582	4950	-0.077504925429821	
4953.125	0.307320415973663	4953.125	-0.0771790146827698	
4956.25	0.308437287807465	4956.25	-0.0764870643615723	
4959.375	0.309626489877701	4959.375	-0.0760406106710434	
4962.5	0.310386717319489	4962.5	-0.0764683708548546	
4965.625	0.311475932598114	4965.625	-0.0764845684170723	
4968.75	0.312304109334946	4968.75	-0.076502837240696	
4971.875	0.313102841377258	4971.875	-0.0749764293432236	
4975	0.313970863819122	4975	-0.0742548704147339	
				
