Frequency in Hz	Wool_95 Sound Absorption Coefficient 1/3-octave	Frequency in Hz	Wool_95 Sound Absorption Coefficient continuous	
125	0,0568992644548416	100	0,0526868516826463	
160	0,0709086060523987	103,125	0,0691218009178135	
200	0,0924750715494156	106,25	0,0544624988817987	
250	0,124783366918564	109,375	0,036037570726154	
315	0,180594012141228	112,5	0,0588540183552619	
400	0,229844957590103	115,625	0,0582958741740632	
500	0,304407566785812	118,75	0,0511825733341018	
630	0,417989104986191	121,875	0,0734093240859646	
800	0,520849287509918	125	0,0492351027321245	
1000	0,697368621826172	128,125	0,0480227793343593	
1250	0,853245317935944	131,25	0,0477318143386999	
1600	0,951695501804352	134,375	0,0301835267330228	
2000	0,996034383773804	137,5	0,0727229204176993	
2500	0,983725309371948	140,625	0,0793546996549993	
3150	0,938517212867737	143,75	0,0811061318019581	
4000	0,90919953584671	146,875	0,0508192920127961	
		150	0,0720302681682884	
		153,125	0,066576464545871	
		156,25	0,0668285802520382	
		159,375	0,0653357963134711	
		162,5	0,062405795969505	
		165,625	0,0721488747963418	
		168,75	0,0694260354246332	
		171,875	0,0823723224416467	
		175	0,0909450873897967	
		178,125	0,0746856609776787	
		181,25	0,0759876714648482	
		184,375	0,0871825392601142	
		187,5	0,0988187762162408	
		190,625	0,100971111911286	
		193,75	0,103797115865666	
		196,875	0,0990601133689842	
		200	0,08515160005433	
		203,125	0,0775471002126278	
		206,25	0,0925338189537441	
		209,375	0,0972514993998594	
		212,5	0,0843314042634757	
		215,625	0,104969162371651	
		218,75	0,100390354237295	
		221,875	0,104448168834441	
		225	0,113606607262046	
		228,125	0,1166148825878	
		231,25	0,115758709627009	
		234,375	0,12191778186267	
		237,5	0,108679320607593	
		240,625	0,103186712837495	
		243,75	0,110182628704766	
		246,875	0,128044783630724	
		250	0,131149447061577	
		253,125	0,122057844638729	
		256,25	0,126755945911442	
		259,375	0,138627927584233	
		262,5	0,129713872920177	
		265,625	0,123641155423951	
		268,75	0,131692499486861	
		271,875	0,136611606059342	
		275	0,129738138467554	
		278,125	0,140894072910186	
		281,25	0,142010007414074	
		284,375	0,142661501230104	
		287,5	0,131300780157585	
		290,625	0,144958334691418	
		293,75	0,14031458442874	
		296,875	0,147424414378628	
		300	0,151897220786545	
		303,125	0,154909574410512	
		306,25	0,164089712593168	
		309,375	0,174080487371816	
		312,5	0,189672917356436	
		315,625	0,216096441145348	
		318,75	0,21867671384477	
		321,875	0,209607654030145	
		325	0,208690474451728	
		328,125	0,215546740607951	
		331,25	0,191542871709149	
		334,375	0,18963073596404	
		337,5	0,196204475455421	
		340,625	0,18859727263244	
		343,75	0,194052433591783	
		346,875	0,191787497032048	
		350	0,19712757104325	
		353,125	0,194792030944545	
		356,25	0,185016212170944	
		359,375	0,189172992089758	
		362,5	0,197129656625333	
		365,625	0,21278555124597	
		368,75	0,19688771995404	
		371,875	0,174481859047775	
		375	0,236189266217958	
		378,125	0,224821801033656	
		381,25	0,203816479460671	
		384,375	0,235063595306742	
		387,5	0,228874845234942	
		390,625	0,219337426738881	
		393,75	0,209607933535496	
		396,875	0,212178705000057	
		400	0,217189163238071	
		403,125	0,219176727059824	
		406,25	0,232416879281029	
		409,375	0,253660410330297	
		412,5	0,255451896968561	
		415,625	0,230484110769838	
		418,75	0,254056384740794	
		421,875	0,248247237015238	
		425	0,25075007514186	
		428,125	0,252564197298224	
		431,25	0,248858797817211	
		434,375	0,253691745277189	
		437,5	0,254875762225386	
		440,625	0,260934915044999	
		443,75	0,265690854245211	
		446,875	0,271935574796509	
		450	0,253771618386182	
		453,125	0,255971145173886	
		456,25	0,247374895856022	
		459,375	0,259976622443827	
		462,5	0,268140156289762	
		465,625	0,266556202472223	
		468,75	0,269974706787047	
		471,875	0,276311961482013	
		475	0,282553673482053	
		478,125	0,290896425486036	
		481,25	0,280161968849289	
		484,375	0,291277072465923	
		487,5	0,294367313191653	
		490,625	0,296985851647784	
		493,75	0,305899896938739	
		496,875	0,307441455225286	
		500	0,297016028469017	
		503,125	0,301656181525343	
		506,25	0,30345581194554	
		509,375	0,301968840141358	
		512,5	0,312175737032045	
		515,625	0,31677899050352	
		518,75	0,319769049278672	
		521,875	0,318754328625758	
		525	0,325411329532392	
		528,125	0,319342570539259	
		531,25	0,327329972874766	
		534,375	0,330496659475403	
		537,5	0,332441774288711	
		540,625	0,333719453373429	
		543,75	0,339623393586397	
		546,875	0,336346009921902	
		550	0,341755735319063	
		553,125	0,34763749944561	
		556,25	0,347620003344475	
		559,375	0,357712144653303	
		562,5	0,359008655640607	
		565,625	0,359801156472007	
		568,75	0,365110913107883	
		571,875	0,36844729993237	
		575	0,368371803024477	
		578,125	0,375060523719756	
		581,25	0,37293001428758	
		584,375	0,374121740477504	
		587,5	0,376140153084895	
		590,625	0,381364406645131	
		593,75	0,384872319434224	
		596,875	0,38572061972892	
		600	0,388817128877985	
		603,125	0,391007724217664	
		606,25	0,395166314819788	
		609,375	0,394930247805433	
		612,5	0,397949490367344	
		615,625	0,400784405973157	
		618,75	0,402975358805458	
		621,875	0,404201038574909	
		625	0,409626151835894	
		628,125	0,411501618301614	
		631,25	0,418004449358049	
		634,375	0,420232040589421	
		637,5	0,420675275643216	
		640,625	0,422646592159077	
		643,75	0,425295210812658	
		646,875	0,430141436828098	
		650	0,429108434222021	
		653,125	0,434462097497427	
		656,25	0,438516162706812	
		659,375	0,441577031276539	
		662,5	0,440524870859213	
		665,625	0,44138816891151	
		668,75	0,446999014841695	
		671,875	0,450416416990675	
		675	0,455240350971552	
		678,125	0,458829379900524	
		681,25	0,45996818063451	
		684,375	0,461393610525184	
		687,5	0,459283431064073	
		690,625	0,465548886866757	
		693,75	0,46643247343084	
		696,875	0,468590659918103	
		700	0,47314615639477	
		703,125	0,474055050568731	
		706,25	0,47510331473234	
		709,375	0,480057271068411	
		712,5	0,484103533448331	
		715,625	0,482878186345929	
		718,75	0,482946177628123	
		721,875	0,487705099722769	
		725	0,487206098391159	
		728,125	0,493002352435022	
		731,25	0,492510724485451	
		734,375	0,495146633089964	
		737,5	0,49442037341683	
		740,625	0,502176513875937	
		743,75	0,507565206194356	
		746,875	0,504264157220031	
		750	0,505600875969638	
		753,125	0,507835234342783	
		756,25	0,511342815105963	
		759,375	0,514661938586206	
		762,5	0,512785414462292	
		765,625	0,516712058769558	
		768,75	0,518625824676099	
		771,875	0,524882658097491	
		775	0,523845614790908	
		778,125	0,526723880827166	
		781,25	0,52865083913933	
		784,375	0,532583221438724	
		787,5	0,535268140420497	
		790,625	0,536174961170975	
		793,75	0,536737739967712	
		796,875	0,535355390303153	
		800	0,537966211412552	
		803,125	0,536511594873932	
		806,25	0,539509965481598	
		809,375	0,546315658918261	
		812,5	0,542671430701413	
		815,625	0,54265837338923	
		818,75	0,547496668813412	
		821,875	0,547796290259398	
		825	0,543877570052466	
		828,125	0,545023625472529	
		831,25	0,558020589632996	
		834,375	0,55362229828923	
		837,5	0,545585410697681	
		840,625	0,542580102402955	
		843,75	0,543584989982236	
		846,875	0,536724919107559	
		850	0,530438877206847	
		853,125	0,526049850646345	
		856,25	0,525493961069696	
		859,375	0,526589578289267	
		862,5	0,519258775415163	
		865,625	0,511952187730273	
		868,75	0,504921962161357	
		871,875	0,499596572157657	
		875	0,507815138434975	
		878,125	0,50240507024367	
		881,25	0,509259797284791	
		884,375	0,519185707054512	
		887,5	0,53446267021061	
		890,625	0,540963389069852	
		893,75	0,543089571604539	
		896,875	0,558400846636154	
		900	0,567373878131493	
		903,125	0,58180046849303	
		906,25	0,590742287093709	
		909,375	0,594295432404131	
		912,5	0,602386808401688	
		915,625	0,611834182130612	
		918,75	0,61912498870601	
		921,875	0,627900087441588	
		925	0,632354708376097	
		928,125	0,633007476966935	
		931,25	0,642220044948124	
		934,375	0,645261612043344	
		937,5	0,649909351718542	
		940,625	0,653041458432671	
		943,75	0,656751467400982	
		946,875	0,660018767563957	
		950	0,66363818845905	
		953,125	0,666506986605927	
		956,25	0,670177014612278	
		959,375	0,673419060342472	
		962,5	0,675410105844353	
		965,625	0,678050906879773	
		968,75	0,678523958870563	
		971,875	0,683102889827532	
		975	0,685311968816676	
		978,125	0,687543819562465	
		981,25	0,691222713146551	
		984,375	0,691808337056497	
		987,5	0,693767175970448	
		990,625	0,695926910575899	
		993,75	0,696572452301024	
		996,875	0,698202666518772	
		1000	0,6995549982102	
		1003,125	0,701724237432958	
		1006,25	0,703538029605511	
		1009,375	0,70515389503546	
		1012,5	0,706094166880004	
		1015,625	0,706123368391791	
		1018,75	0,708627669726672	
		1021,875	0,709490157997191	
		1025	0,711839144471504	
		1028,125	0,71263749329106	
		1031,25	0,712069237666399	
		1034,375	0,714504627376069	
		1037,5	0,716825748760453	
		1040,625	0,718545067873056	
		1043,75	0,720716354154531	
		1046,875	0,723998791601432	
		1050	0,727091262464825	
		1053,125	0,728622658661325	
		1056,25	0,733763494656311	
		1059,375	0,735639671530314	
		1062,5	0,738284189146493	
		1065,625	0,743156050747122	
		1068,75	0,746562891609491	
		1071,875	0,749951678984946	
		1075	0,751757252915728	
		1078,125	0,753433756544698	
		1081,25	0,760066827524907	
		1084,375	0,760839196025075	
		1087,5	0,763154944567848	
		1090,625	0,765426349165465	
		1093,75	0,76753063558995	
		1096,875	0,77115642966142	
		1100	0,773502015932357	
		1103,125	0,775350907654071	
		1106,25	0,777678861922502	
		1109,375	0,77933968753986	
		1112,5	0,779844706131572	
		1115,625	0,783909364271501	
		1118,75	0,783684687085922	
		1121,875	0,785389522552149	
		1125	0,786806943437958	
		1128,125	0,788356963542648	
		1131,25	0,792918872494079	
		1134,375	0,793497844048458	
		1137,5	0,793277153107235	
		1140,625	0,796622525217588	
		1143,75	0,797910418487943	
		1146,875	0,800016114329661	
		1150	0,803711144063146	
		1153,125	0,80440312913316	
		1156,25	0,803568286963999	
		1159,375	0,806143723000024	
		1162,5	0,807598532525502	
		1165,625	0,81015223920212	
		1168,75	0,811113579131541	
		1171,875	0,81190430034095	
		1175	0,814252274030529	
		1178,125	0,815674622651753	
		1181,25	0,816506610266942	
		1184,375	0,819299284803197	
		1187,5	0,821298029921511	
		1190,625	0,82259873012671	
		1193,75	0,822970188301216	
		1196,875	0,825276437520141	
		1200	0,827208366027561	
		1203,125	0,828872266986471	
		1206,25	0,831145063358169	
		1209,375	0,832008510951866	
		1212,5	0,834359528026789	
		1215,625	0,834736781779494	
		1218,75	0,83649202751516	
		1221,875	0,837731925300821	
		1225	0,837991935918007	
		1228,125	0,840386795831616	
		1231,25	0,841092195631974	
		1234,375	0,841686352984968	
		1237,5	0,842458765751258	
		1240,625	0,844613963736995	
		1243,75	0,845988887263985	
		1246,875	0,847556277238953	
		1250	0,850084921660192	
		1253,125	0,850109229246337	
		1256,25	0,851996926353712	
		1259,375	0,853084285664095	
		1262,5	0,853270283917121	
		1265,625	0,854368232472836	
		1268,75	0,855280466373948	
		1271,875	0,857046477702178	
		1275	0,857536248876301	
		1278,125	0,859050911160233	
		1281,25	0,859496895148458	
		1284,375	0,860190877272548	
		1287,5	0,860466892135176	
		1290,625	0,861940441467358	
		1293,75	0,86336104534373	
		1296,875	0,865308323666695	
		1300	0,864346780331528	
		1303,125	0,865475876812488	
		1306,25	0,86712193339188	
		1309,375	0,869083104547442	
		1312,5	0,870438027916294	
		1315,625	0,871060752048091	
		1318,75	0,873868414899327	
		1321,875	0,874817758092883	
		1325	0,876069259833861	
		1328,125	0,877371640374058	
		1331,25	0,879228482311297	
		1334,375	0,880520054408149	
		1337,5	0,881658358560131	
		1340,625	0,883664917578091	
		1343,75	0,884272696521992	
		1346,875	0,886295579723171	
		1350	0,88706502938103	
		1353,125	0,887515345704584	
		1356,25	0,888658238819999	
		1359,375	0,890627328807393	
		1362,5	0,891851322590327	
		1365,625	0,892476269047646	
		1368,75	0,89368967137987	
		1371,875	0,895114226585052	
		1375	0,895460426049369	
		1378,125	0,896205972292037	
		1381,25	0,898571520778035	
		1384,375	0,899177491287027	
		1387,5	0,90044015226945	
		1390,625	0,902156079758454	
		1393,75	0,903370256954445	
		1396,875	0,904374661340585	
		1400	0,905657188288026	
		1403,125	0,906355198909213	
		1406,25	0,907069616802694	
		1409,375	0,908447960348463	
		1412,5	0,909435679129509	
		1415,625	0,910463651251883	
		1418,75	0,91112892973046	
		1421,875	0,912206592677804	
		1425	0,912820127255527	
		1428,125	0,91381881415414	
		1431,25	0,914709838361165	
		1434,375	0,915784257002275	
		1437,5	0,917489862876071	
		1440,625	0,917090978600722	
		1443,75	0,918698729133164	
		1446,875	0,919549240902696	
		1450	0,920536524589025	
		1453,125	0,921397191393738	
		1456,25	0,922248905616665	
		1459,375	0,922995344841116	
		1462,5	0,924203130796015	
		1465,625	0,924536857095136	
		1468,75	0,92568653355095	
		1471,875	0,926403918880922	
		1475	0,926674373869561	
		1478,125	0,927610232323831	
		1481,25	0,928464737535303	
		1484,375	0,929457336929688	
		1487,5	0,929203122419994	
		1490,625	0,930082324421194	
		1493,75	0,930427520453332	
		1496,875	0,930506222065813	
		1500	0,931858454439202	
		1503,125	0,932793701991349	
		1506,25	0,933443220082161	
		1509,375	0,933864985395455	
		1512,5	0,934686113418545	
		1515,625	0,935414336177948	
		1518,75	0,936539955963268	
		1521,875	0,936772735137344	
		1525	0,937631880765311	
		1528,125	0,939080943604035	
		1531,25	0,93963011658347	
		1534,375	0,940843300573412	
		1537,5	0,941303424185208	
		1540,625	0,94198049478115	
		1543,75	0,943287068757893	
		1546,875	0,944125442163266	
		1550	0,945017067608588	
		1553,125	0,945425009794721	
		1556,25	0,946598660769213	
		1559,375	0,94719551188056	
		1562,5	0,947974275548902	
		1565,625	0,94941517769677	
		1568,75	0,949509021644873	
		1571,875	0,950363814690083	
		1575	0,950774156953029	
		1578,125	0,951707082217831	
		1581,25	0,952364861979095	
		1584,375	0,953113845425115	
		1587,5	0,953852435272371	
		1590,625	0,954379168809183	
		1593,75	0,955190904643484	
		1596,875	0,955900666266718	
		1600	0,956095352409496	
		1603,125	0,956613734479818	
		1606,25	0,95724040286949	
		1609,375	0,95841615223636	
		1612,5	0,959326955962512	
		1615,625	0,959504879642177	
		1618,75	0,95967183888683	
		1621,875	0,960324395117944	
		1625	0,960841857950268	
		1628,125	0,961213359542454	
		1631,25	0,961986902947331	
		1634,375	0,961891040518498	
		1637,5	0,962211644861159	
		1640,625	0,963314562096416	
		1643,75	0,964230485818144	
		1646,875	0,964094503804394	
		1650	0,964152083211023	
		1653,125	0,964825111726234	
		1656,25	0,965262231192381	
		1659,375	0,965587404484682	
		1662,5	0,966017117792834	
		1665,625	0,966204184816383	
		1668,75	0,966448151298793	
		1671,875	0,966781704003776	
		1675	0,967623585273937	
		1678,125	0,967963388471591	
		1681,25	0,968059367201233	
		1684,375	0,969330545270104	
		1687,5	0,969699503324725	
		1690,625	0,970176819795853	
		1693,75	0,970888482523158	
		1696,875	0,971123443011921	
		1700	0,971654237859868	
		1703,125	0,971928200984327	
		1706,25	0,972753326503039	
		1709,375	0,973769747687928	
		1712,5	0,97419297495638	
		1715,625	0,974914977893185	
		1718,75	0,975070908338252	
		1721,875	0,975661404450624	
		1725	0,97671618653425	
		1728,125	0,977022125048799	
		1731,25	0,977484560487689	
		1734,375	0,97790750720312	
		1737,5	0,978643606202793	
		1740,625	0,97875695802823	
		1743,75	0,97968863658551	
		1746,875	0,980143910595961	
		1750	0,980323884058479	
		1753,125	0,980776372786625	
		1756,25	0,981306373456627	
		1759,375	0,981440637531918	
		1762,5	0,981878750772322	
		1765,625	0,982305134853551	
		1768,75	0,982790870467263	
		1771,875	0,982941154389483	
		1775	0,983250850351796	
		1778,125	0,98358866928756	
		1781,25	0,984149506818045	
		1784,375	0,984419532396964	
		1787,5	0,984501072943512	
		1790,625	0,985137132659865	
		1793,75	0,985375104601946	
		1796,875	0,985655730401703	
		1800	0,986043879953623	
		1803,125	0,986461685744374	
		1806,25	0,986873818309365	
		1809,375	0,987344882106364	
		1812,5	0,987443931098909	
		1815,625	0,987917525440468	
		1818,75	0,988222168489108	
		1821,875	0,98842599593398	
		1825	0,988670757749919	
		1828,125	0,988840325278693	
		1831,25	0,989102524721107	
		1834,375	0,989444972258076	
		1837,5	0,989738390949516	
		1840,625	0,989899415641991	
		1843,75	0,99020443546478	
		1846,875	0,990365495340641	
		1850	0,990486139725656	
		1853,125	0,990620016951493	
		1856,25	0,990926097635268	
		1859,375	0,991077367976385	
		1862,5	0,991453827350949	
		1865,625	0,991600369974365	
		1868,75	0,991736285717567	
		1871,875	0,99188801630489	
		1875	0,992023767724998	
		1878,125	0,992242252779557	
		1881,25	0,992510382995108	
		1884,375	0,992600961840065	
		1887,5	0,992787211307694	
		1890,625	0,993123925594706	
		1893,75	0,993351456102995	
		1896,875	0,993538647144781	
		1900	0,993727294358515	
		1903,125	0,993985285111702	
		1906,25	0,994261578556526	
		1909,375	0,994417025676477	
		1912,5	0,994580815550956	
		1915,625	0,9948909539705	
		1918,75	0,995145978345737	
		1921,875	0,995296238320602	
		1925	0,995487191721412	
		1928,125	0,995807969920016	
		1931,25	0,996034130263558	
		1934,375	0,996248342128319	
		1937,5	0,996412531059655	
		1940,625	0,996625687697396	
		1943,75	0,996851828402063	
		1946,875	0,997090495306114	
		1950	0,997281211389231	
		1953,125	0,997442543770316	
		1956,25	0,997559805590397	
		1959,375	0,99766935357722	
		1962,5	0,997774158992797	
		1965,625	0,997903630543424	
		1968,75	0,998001145428169	
		1971,875	0,998173461695641	
		1975	0,998288914558816	
		1978,125	0,998373853820726	
		1981,25	0,998420353973384	
		1984,375	0,998543928661048	
		1987,5	0,998637859370317	
		1990,625	0,998732670889701	
		1993,75	0,998768884125585	
		1996,875	0,998827827695045	
		2000	0,998890892864498	
		2003,125	0,998942584706825	
		2006,25	0,999017326317468	
		2009,375	0,99910450763235	
		2012,5	0,999147810501861	
		2015,625	0,999213882121532	
		2018,75	0,999267094419306	
		2021,875	0,99930322248991	
		2025	0,999368212254771	
		2028,125	0,999420630570606	
		2031,25	0,999485350952522	
		2034,375	0,99951655704357	
		2037,5	0,999550468218197	
		2040,625	0,999576171959308	
		2043,75	0,99961342511164	
		2046,875	0,999644317519022	
		2050	0,999669496172456	
		2053,125	0,999703932623349	
		2056,25	0,999718372276138	
		2059,375	0,999733312699289	
		2062,5	0,999758856119414	
		2065,625	0,999779406429943	
		2068,75	0,999789363840952	
		2071,875	0,999795435188325	
		2075	0,999804070501889	
		2078,125	0,999808857991752	
		2081,25	0,999811426603295	
		2084,375	0,999817924069239	
		2087,5	0,999818592213597	
		2090,625	0,999810388700308	
		2093,75	0,999800163451297	
		2096,875	0,999799648980974	
		2100	0,999786259802328	
		2103,125	0,999777686009447	
		2106,25	0,999757276914443	
		2109,375	0,999742969567234	
		2112,5	0,999725943038434	
		2115,625	0,999699255459079	
		2118,75	0,999670685711944	
		2121,875	0,999655888554359	
		2125	0,999619204492796	
		2128,125	0,999597666339294	
		2131,25	0,999583057405239	
		2134,375	0,999544033154591	
		2137,5	0,99951120560734	
		2140,625	0,999471074066078	
		2143,75	0,999431609985594	
		2146,875	0,999399228051365	
		2150	0,999336594818108	
		2153,125	0,99931447971183	
		2156,25	0,999270039814711	
		2159,375	0,999223633619613	
		2162,5	0,999173147569823	
		2165,625	0,999106661267886	
		2168,75	0,999023658991337	
		2171,875	0,998996084244953	
		2175	0,998907010032046	
		2178,125	0,998866353609599	
		2181,25	0,998841784649377	
		2184,375	0,998759669073406	
		2187,5	0,998699472948888	
		2190,625	0,998643453280841	
		2193,75	0,998535118991459	
		2196,875	0,998447231154962	
		2200	0,998414552628919	
		2203,125	0,99833315094286	
		2206,25	0,998280762436955	
		2209,375	0,998209246127028	
		2212,5	0,998081584171227	
		2215,625	0,998018133367789	
		2218,75	0,997940710134381	
		2221,875	0,997883613109689	
		2225	0,997804250467258	
		2228,125	0,997703351967594	
		2231,25	0,99766263803966	
		2234,375	0,997589630460886	
		2237,5	0,997508064710817	
		2240,625	0,997393970072259	
		2243,75	0,997293352603988	
		2246,875	0,997235671176772	
		2250	0,997207627819564	
		2253,125	0,997055387121862	
		2256,25	0,996947759736171	
		2259,375	0,996865103427553	
		2262,5	0,996784439148811	
		2265,625	0,996677982290271	
		2268,75	0,996635327410355	
		2271,875	0,996528571060202	
		2275	0,996454176647064	
		2278,125	0,996334129714523	
		2281,25	0,996269312840833	
		2284,375	0,996164682389679	
		2287,5	0,995972000961165	
		2290,625	0,995922109016066	
		2293,75	0,995813372693249	
		2296,875	0,995667583935516	
		2300	0,995564826038962	
		2303,125	0,995493288380254	
		2306,25	0,995357516143723	
		2309,375	0,99525450722408	
		2312,5	0,995202038593937	
		2315,625	0,99512968931146	
		2318,75	0,994875328882163	
		2321,875	0,994862958570226	
		2325	0,994673612066929	
		2328,125	0,994555504565888	
		2331,25	0,994419351312895	
		2334,375	0,994268682797483	
		2337,5	0,994131188351946	
		2340,625	0,994098568212712	
		2343,75	0,993870634210839	
		2346,875	0,993773732508922	
		2350	0,993593033065022	
		2353,125	0,993442148224059	
		2356,25	0,993350245573045	
		2359,375	0,99321334951122	
		2362,5	0,992997987162854	
		2365,625	0,992902224891899	
		2368,75	0,992769001514193	
		2371,875	0,992793755755581	
		2375	0,992504411464646	
		2378,125	0,992418806784463	
		2381,25	0,99221753471889	
		2384,375	0,991974007355749	
		2387,5	0,991954035182341	
		2390,625	0,991775259481729	
		2393,75	0,991604245766407	
		2396,875	0,991320268035308	
		2400	0,991209578850168	
		2403,125	0,991036455275163	
		2406,25	0,990857075724488	
		2409,375	0,990635204019075	
		2412,5	0,990678282604987	
		2415,625	0,990503286015251	
		2418,75	0,990316492615656	
		2421,875	0,990070310544506	
		2425	0,989951118211832	
		2428,125	0,989816143130517	
		2431,25	0,989592738785656	
		2434,375	0,989487463444135	
		2437,5	0,989273499207395	
		2440,625	0,989115505374378	
		2443,75	0,988945296404961	
		2446,875	0,988873955246746	
		2450	0,988614412075916	
		2453,125	0,988410838648748	
		2456,25	0,988351443044043	
		2459,375	0,988101102101042	
		2462,5	0,987913700443511	
		2465,625	0,987759550474973	
		2468,75	0,987792322640104	
		2471,875	0,987483154396403	
		2475	0,987320341714091	
		2478,125	0,987081438158549	
		2481,25	0,986997431394739	
		2484,375	0,986842405360649	
		2487,5	0,98648463550716	
		2490,625	0,986469577841157	
		2493,75	0,986425328467593	
		2496,875	0,986304493440218	
		2500	0,986036898873035	
		2503,125	0,985770605583309	
		2506,25	0,985423015467989	
		2509,375	0,985407988201628	
		2512,5	0,985322065451675	
		2515,625	0,985349781119602	
		2518,75	0,985051308728061	
		2521,875	0,984903309567731	
		2525	0,984470886658828	
		2528,125	0,98453062390891	
		2531,25	0,984343326793673	
		2534,375	0,984019070029884	
		2537,5	0,983665702090744	
		2540,625	0,983999774829779	
		2543,75	0,98384448157643	
		2546,875	0,983415230551963	
		2550	0,983210670068503	
		2553,125	0,983028150893827	
		2556,25	0,982843019623916	
		2559,375	0,98273776441295	
		2562,5	0,982690664141523	
		2565,625	0,982627017707024	
		2568,75	0,982451230533296	
		2571,875	0,982063757639567	
		2575	0,981972093527556	
		2578,125	0,982152235530354	
		2581,25	0,9817394594034	
		2584,375	0,981625278905169	
		2587,5	0,981383500716161	
		2590,625	0,981300889527333	
		2593,75	0,981095527784177	
		2596,875	0,980758743137478	
		2600	0,980722330332607	
		2603,125	0,980472618740544	
		2606,25	0,98039326875936	
		2609,375	0,979944291649038	
		2612,5	0,97965680794091	
		2615,625	0,97941165894063	
		2618,75	0,979178349686333	
		2621,875	0,979020377611209	
		2625	0,979045014162995	
		2628,125	0,978891181739307	
		2631,25	0,978684894945688	
		2634,375	0,978731554718074	
		2637,5	0,97848753269535	
		2640,625	0,978229017274104	
		2643,75	0,977881494308765	
		2646,875	0,977666670026083	
		2650	0,977198968819592	
		2653,125	0,977352739781214	
		2656,25	0,977079338034374	
		2659,375	0,976788816654225	
		2662,5	0,976702597927117	
		2665,625	0,976407011060739	
		2668,75	0,976560486192569	
		2671,875	0,97609482083537	
		2675	0,975806788702626	
		2678,125	0,975704770508437	
		2681,25	0,975409629779941	
		2684,375	0,975171071233471	
		2687,5	0,975100364308623	
		2690,625	0,974675804108527	
		2693,75	0,974611851800553	
		2696,875	0,974616405455399	
		2700	0,974383090414139	
		2703,125	0,973994285291449	
		2706,25	0,973945116012679	
		2709,375	0,973577874740502	
		2712,5	0,973253602192239	
		2715,625	0,973094689183899	
		2718,75	0,97308255833822	
		2721,875	0,972909013846566	
		2725	0,972416338824307	
		2728,125	0,972003382000583	
		2731,25	0,971882988604368	
		2734,375	0,971971329612661	
		2737,5	0,971805269780758	
		2740,625	0,971388919210393	
		2743,75	0,97078262053845	
		2746,875	0,970709449534191	
		2750	0,970806809394828	
		2753,125	0,970448269758676	
		2756,25	0,970017475885376	
		2759,375	0,970005238710715	
		2762,5	0,969935662161576	
		2765,625	0,969570504067402	
		2768,75	0,968945401420771	
		2771,875	0,969075763980683	
		2775	0,968910500520249	
		2778,125	0,968840112562838	
		2781,25	0,968480368528635	
		2784,375	0,968524914918755	
		2787,5	0,968505401120627	
		2790,625	0,968049878937797	
		2793,75	0,967864642138787	
		2796,875	0,967684224201244	
		2800	0,967425496268772	
		2803,125	0,96678155170942	
		2806,25	0,967069955553097	
		2809,375	0,966834256197627	
		2812,5	0,966467621096768	
		2815,625	0,966506970517131	
		2818,75	0,966500628662415	
		2821,875	0,96623363301919	
		2825	0,966394441607005	
		2828,125	0,966143091344167	
		2831,25	0,965641975206897	
		2834,375	0,965644274457626	
		2837,5	0,964933861596964	
		2840,625	0,964900656291244	
		2843,75	0,96524466748883	
		2846,875	0,964784433400749	
		2850	0,964764586590763	
		2853,125	0,964742018766873	
		2856,25	0,964323119930231	
		2859,375	0,964267356857284	
		2862,5	0,964224870430819	
		2865,625	0,963958921206292	
		2868,75	0,96371855564142	
		2871,875	0,963301372361468	
		2875	0,963233514261642	
		2878,125	0,963065355073697	
		2881,25	0,962847895957908	
		2884,375	0,962774125198996	
		2887,5	0,962422308328947	
		2890,625	0,961976529584082	
		2893,75	0,961991952723798	
		2896,875	0,96197384608847	
		2900	0,961775296056874	
		2903,125	0,961328986160692	
		2906,25	0,961386653450298	
		2909,375	0,961148262902394	
		2912,5	0,961042457873856	
		2915,625	0,960681921899563	
		2918,75	0,960374005289384	
		2921,875	0,960161097231791	
		2925	0,959649680206645	
		2928,125	0,959693332672961	
		2931,25	0,959540262558382	
		2934,375	0,959069215474227	
		2937,5	0,958798136963541	
		2940,625	0,958721563182666	
		2943,75	0,958459075805476	
		2946,875	0,957745328616054	
		2950	0,957373530272777	
		2953,125	0,956982609728403	
		2956,25	0,956447271926098	
		2959,375	0,955700049753103	
		2962,5	0,955831263776974	
		2965,625	0,95539264831468	
		2968,75	0,954338592560257	
		2971,875	0,953697087453871	
		2975	0,953320589731514	
		2978,125	0,95255218316549	
		2981,25	0,952239935069748	
		2984,375	0,951331935497255	
		2987,5	0,950762653840827	
		2990,625	0,950798353021537	
		2993,75	0,950747094350816	
		2996,875	0,950678177048128	
		3000	0,95082864204041	
		3003,125	0,950457873879105	
		3006,25	0,950630749468723	
		3009,375	0,950749476684541	
		3012,5	0,950573700337778	
		3015,625	0,949785442391074	
		3018,75	0,949674827207283	
		3021,875	0,949718410982506	
		3025	0,949572260389812	
		3028,125	0,949576488849839	
		3031,25	0,94886337114052	
		3034,375	0,949058326279073	
		3037,5	0,948218154103495	
		3040,625	0,948402588307911	
		3043,75	0,948259340388006	
		3046,875	0,947306038800061	
		3050	0,94732641030186	
		3053,125	0,946974506272285	
		3056,25	0,946722860560697	
		3059,375	0,946134576169309	
		3062,5	0,946018531696461	
		3065,625	0,945912333317505	
		3068,75	0,945591933111594	
		3071,875	0,945324329831749	
		3075	0,944860041526699	
		3078,125	0,94500776189474	
		3081,25	0,944857678498214	
		3084,375	0,944493418350774	
		3087,5	0,944209666411265	
		3090,625	0,94354277305365	
		3093,75	0,942910531582127	
		3096,875	0,943021795268448	
		3100	0,94310084814316	
		3103,125	0,94267037913195	
		3106,25	0,9423265393036	
		3109,375	0,942261224756	
		3112,5	0,941598059230638	
		3115,625	0,941434537158701	
		3118,75	0,940728876087389	
		3121,875	0,94016653509985	
		3125	0,940097759455593	
		3128,125	0,940155974945339	
		3131,25	0,940024251934215	
		3134,375	0,939940147955889	
		3137,5	0,939843971861654	
		3140,625	0,939693649748223	
		3143,75	0,939918400220437	
		3146,875	0,939519858146202	
		3150	0,938975346562566	
		3153,125	0,939055612735052	
		3156,25	0,93897030393398	
		3159,375	0,938777089721505	
		3162,5	0,939246374273129	
		3165,625	0,93921651460364	
		3168,75	0,939021548608623	
		3171,875	0,939013708183768	
		3175	0,938945570837361	
		3178,125	0,938478011298784	
		3181,25	0,938018353157645	
		3184,375	0,938396414333268	
		3187,5	0,938397364847966	
		3190,625	0,938410269414235	
		3193,75	0,938504651935588	
		3196,875	0,938269667924081	
		3200	0,937692885283001	
		3203,125	0,937879674417295	
		3206,25	0,938487956924425	
		3209,375	0,93846045252	
		3212,5	0,937665247401054	
		3215,625	0,937194563444955	
		3218,75	0,937408019827909	
		3221,875	0,93790584699365	
		3225	0,937680525486121	
		3228,125	0,937339650126412	
		3231,25	0,936858728079988	
		3234,375	0,93658386243151	
		3237,5	0,936407230676509	
		3240,625	0,935791306041477	
		3243,75	0,935406315979198	
		3246,875	0,935619346283927	
		3250	0,935889002796237	
		3253,125	0,93532229087336	
		3256,25	0,935095621350776	
		3259,375	0,934456408436787	
		3262,5	0,934129148042541	
		3265,625	0,934188074474309	
		3268,75	0,933323997725155	
		3271,875	0,933026588618638	
		3275	0,933167547778971	
		3278,125	0,933077285396411	
		3281,25	0,931842792783228	
		3284,375	0,93202866540746	
		3287,5	0,931643615351271	
		3290,625	0,930707578383511	
		3293,75	0,93064805189633	
		3296,875	0,931149985356222	
		3300	0,930350374604696	
		3303,125	0,92987802808485	
		3306,25	0,929360843357513	
		3309,375	0,929222917182933	
		3312,5	0,928944866538822	
		3315,625	0,928808209935757	
		3318,75	0,928409756107354	
		3321,875	0,927835788595692	
		3325	0,927389924489902	
		3328,125	0,927351896608137	
		3331,25	0,927180984982192	
		3334,375	0,926373338058679	
		3337,5	0,92612046586636	
		3340,625	0,926328238086229	
		3343,75	0,925682514572395	
		3346,875	0,925205140378491	
		3350	0,924650254116076	
		3353,125	0,924603553001713	
		3356,25	0,92490600683655	
		3359,375	0,924398118806796	
		3362,5	0,924295082287681	
		3365,625	0,924243557855639	
		3368,75	0,924315543336456	
		3371,875	0,923617088549291	
		3375	0,923430923308664	
		3378,125	0,922659574278938	
		3381,25	0,92277571245141	
		3384,375	0,922515389542179	
		3387,5	0,922984862473662	
		3390,625	0,921818699215207	
		3393,75	0,922163172442099	
		3396,875	0,922116220592316	
		3400	0,921509439358464	
		3403,125	0,920881403667077	
		3406,25	0,920351277988289	
		3409,375	0,920373088945727	
		3412,5	0,919781123050587	
		3415,625	0,919190160828853	
		3418,75	0,919786411219641	
		3421,875	0,919398135435462	
		3425	0,919019030405432	
		3428,125	0,919598639232423	
		3431,25	0,919408430437609	
		3434,375	0,918708200689168	
		3437,5	0,918101711124673	
		3440,625	0,917871191420929	
		3443,75	0,917960131608698	
		3446,875	0,918229373695535	
		3450	0,918017588197648	
		3453,125	0,91776808501475	
		3456,25	0,917151310456261	
		3459,375	0,916777936349778	
		3462,5	0,917233369720738	
		3465,625	0,916682491059239	
		3468,75	0,915715770254253	
		3471,875	0,915697038295832	
		3475	0,916060457671028	
		3478,125	0,91578605618026	
		3481,25	0,916455825632899	
		3484,375	0,916310932251802	
		3487,5	0,915291743755451	
		3490,625	0,915167898207505	
		3493,75	0,914810106294826	
		3496,875	0,915334548716174	
		3500	0,914901316528237	
		3503,125	0,914624227802049	
		3506,25	0,913818715866844	
		3509,375	0,913943625456241	
		3512,5	0,914670977285565	
		3515,625	0,914811120038212	
		3518,75	0,914155853800794	
		3521,875	0,914137006757283	
		3525	0,914171381845759	
		3528,125	0,913573729018472	
		3531,25	0,912878963245042	
		3534,375	0,913297097133508	
		3537,5	0,913892364504556	
		3540,625	0,913435243772668	
		3543,75	0,913362700147812	
		3546,875	0,913363253993039	
		3550	0,913300217661413	
		3553,125	0,913173717491309	
		3556,25	0,912925989704229	
		3559,375	0,912991482397955	
		3562,5	0,912222828559337	
		3565,625	0,912280246664638	
		3568,75	0,912459456217274	
		3571,875	0,911985780033249	
		3575	0,911569968164339	
		3578,125	0,911482554175004	
		3581,25	0,911351409867031	
		3584,375	0,912010515056309	
		3587,5	0,912303160504003	
		3590,625	0,911679219998509	
		3593,75	0,910930893053536	
		3596,875	0,91063693150165	
		3600	0,910342283873928	
		3603,125	0,910677975694338	
		3606,25	0,910272895348835	
		3609,375	0,910439924071068	
		3612,5	0,910339539300591	
		3615,625	0,909697169193913	
		3618,75	0,9100555333354	
		3621,875	0,909965701598324	
		3625	0,910076319219442	
		3628,125	0,909627466046302	
		3631,25	0,909360559004761	
		3634,375	0,908952538820294	
		3637,5	0,909215842983906	
		3640,625	0,909638781052151	
		3643,75	0,909146479005269	
		3646,875	0,909421885208323	
		3650	0,909134901964456	
		3653,125	0,909118899818773	
		3656,25	0,909236879581133	
		3659,375	0,908596790126403	
		3662,5	0,908478620916753	
		3665,625	0,907603883130282	
		3668,75	0,908284839184901	
		3671,875	0,908846825276489	
		3675	0,908363666283179	
		3678,125	0,908215505488338	
		3681,25	0,907861454235294	
		3684,375	0,909140364531952	
		3687,5	0,908441780040995	
		3690,625	0,907885106183069	
		3693,75	0,907563255543388	
		3696,875	0,907064741458761	
		3700	0,907592841214353	
		3703,125	0,907966899317768	
		3706,25	0,906877185555131	
		3709,375	0,906498569203889	
		3712,5	0,907499751144601	
		3715,625	0,90825901140565	
		3718,75	0,906520540770158	
		3721,875	0,906715653761144	
		3725	0,906216750514531	
		3728,125	0,90675918955665	
		3731,25	0,906389573342775	
		3734,375	0,906628416302759	
		3737,5	0,90637923595084	
		3740,625	0,905684701418577	
		3743,75	0,906018372997168	
		3746,875	0,90594185924403	
		3750	0,90610207415679	
		3753,125	0,906173420400918	
		3756,25	0,906215509014964	
		3759,375	0,906430742596902	
		3762,5	0,905543884250704	
		3765,625	0,906243407502786	
		3768,75	0,906033830770852	
		3771,875	0,906568861977788	
		3775	0,906038832101759	
		3778,125	0,906036557824792	
		3781,25	0,906101425607133	
		3784,375	0,905351723630016	
		3787,5	0,904691148359177	
		3790,625	0,905216558440065	
		3793,75	0,905939239237586	
		3796,875	0,906038910475898	
		3800	0,906665836309205	
		3803,125	0,905871836114207	
		3806,25	0,904973033385848	
		3809,375	0,905802641087082	
		3812,5	0,90615116128131	
		3815,625	0,906369386535765	
		3818,75	0,905490495151147	
		3821,875	0,905966513809951	
		3825	0,905709070530374	
		3828,125	0,905597669512066	
		3831,25	0,905534945238096	
		3834,375	0,905239372765319	
		3837,5	0,904803779108633	
		3840,625	0,905715419725034	
		3843,75	0,906405465507529	
		3846,875	0,905791922593307	
		3850	0,905898888159594	
		3853,125	0,905810559114515	
		3856,25	0,904956219093079	
		3859,375	0,90564847757218	
		3862,5	0,906089496909108	
		3865,625	0,905507260166292	
		3868,75	0,905451869182599	
		3871,875	0,906159122370217	
		3875	0,906108842067701	
		3878,125	0,905482569924019	
		3881,25	0,905913970069529	
		3884,375	0,905546241457832	
		3887,5	0,905783193512751	
		3890,625	0,905932414407953	
		3893,75	0,90484833108327	
		3896,875	0,905484914842271	
		3900	0,904997007124177	
		3903,125	0,905079073279003	
		3906,25	0,905265667916836	
		3909,375	0,905266565909604	
		3912,5	0,905355792603903	
		3915,625	0,905070898116118	
		3918,75	0,905283297861477	
		3921,875	0,905819655304403	
		3925	0,906298829367097	
		3928,125	0,906238281787652	
		3931,25	0,905887153459321	
		3934,375	0,905726843489141	
		3937,5	0,905980637782222	
		3940,625	0,905614060603953	
		3943,75	0,905444341176277	
		3946,875	0,905905439268394	
		3950	0,906830875818616	
		3953,125	0,906560520051016	
		3956,25	0,906583515328254	
		3959,375	0,907350225867385	
		3962,5	0,906895962599382	
		3965,625	0,906134097766051	
		3968,75	0,905959719953203	
		3971,875	0,905914045184529	
		3975	0,905650143034676	
		3978,125	0,906275906123303	
		3981,25	0,907098239276071	
		3984,375	0,9074953355501	
		3987,5	0,906757923796085	
		3990,625	0,906343051880439	
		3993,75	0,906553461973493	
		3996,875	0,906319872417426	
		4000	0,905407164587741	
		4003,125	0,906104321420877	
		4006,25	0,906218081058663	
		4009,375	0,906469810024085	
		4012,5	0,906127586822255	
		4015,625	0,906093707053386	
		4018,75	0,906273630157338	
		4021,875	0,906187478956012	
		4025	0,906083156953006	
		4028,125	0,90669640342342	
		4031,25	0,907492736358894	
		4034,375	0,907200798165648	
		4037,5	0,905942066490643	
		4040,625	0,908183839132345	
		4043,75	0,907651030432106	
		4046,875	0,908072470895188	
		4050	0,908470504919938	
		4053,125	0,907702393830025	
		4056,25	0,907708743512413	
		4059,375	0,907511743363326	
		4062,5	0,908540788033417	
		4065,625	0,907830330914088	
		4068,75	0,908190732621732	
		4071,875	0,908837659899496	
		4075	0,90713530389381	
		4078,125	0,907248382112747	
		4081,25	0,907253296538984	
		4084,375	0,908388581393007	
		4087,5	0,907662656434832	
		4090,625	0,908824469242058	
		4093,75	0,909803772024879	
		4096,875	0,908600999115282	
		4100	0,907946652830772	
		4103,125	0,908626589763294	
		4106,25	0,908907318484147	
		4109,375	0,907848989624229	
		4112,5	0,908855976681186	
		4115,625	0,909155586851717	
		4118,75	0,908765067926134	
		4121,875	0,908981936587127	
		4125	0,909792872372633	
		4128,125	0,90967466167228	
		4131,25	0,909556169333383	
		4134,375	0,909572808277618	
		4137,5	0,909315942678893	
		4140,625	0,910090052628258	
		4143,75	0,9098898020061	
		4146,875	0,909752774350363	
		4150	0,910059591743202	
		4153,125	0,909446038691016	
		4156,25	0,909407242904793	
		4159,375	0,910240485063801	
		4162,5	0,910727274196492	
		4165,625	0,910499057711858	
		4168,75	0,910839023083994	
		4171,875	0,910949365777953	
		4175	0,910579277943799	
		4178,125	0,910173847523899	
		4181,25	0,910513557731	
		4184,375	0,910683519860429	
		4187,5	0,910755122126989	
		4190,625	0,910535041941293	
		4193,75	0,910835084244254	
		4196,875	0,911123652548703	
		4200	0,910935098475496	
		4203,125	0,911427763316122	
		4206,25	0,912688504238381	
		4209,375	0,912322975032679	
		4212,5	0,911716438317329	
		4215,625	0,911601788004984	
		4218,75	0,911812738653721	
		4221,875	0,912345554773282	
		4225	0,912714339823594	
		4228,125	0,913043745314335	
		4231,25	0,912648780070849	
		4234,375	0,913211342311641	
		4237,5	0,91360664471377	
		4240,625	0,91281433418821	
		4243,75	0,913282223334582	
		4246,875	0,912600128931985	
		4250	0,912569949316037	
		4253,125	0,913377435158817	
		4256,25	0,913076216813813	
		4259,375	0,912906393877447	
		4262,5	0,912379275556923	
		4265,625	0,912462102847286	
		4268,75	0,912418780053712	
		4271,875	0,912462629739835	
		4275	0,911981412120202	
		4278,125	0,912037440257137	
		4281,25	0,912062810253282	
		4284,375	0,911225541283957	
		4287,5	0,911450270010953	
		4290,625	0,911574164365783	
		4293,75	0,912362695966954	
		4296,875	0,913031192908726	
		4300	0,912374270655403	
		4303,125	0,911389282413282	
		4306,25	0,911574832805456	
		4309,375	0,911404970224572	
		4312,5	0,910694620477542	
		4315,625	0,911355434169877	
		4318,75	0,911212112666011	
		4321,875	0,91143972083191	
		4325	0,911981598565948	
		4328,125	0,911432635448444	
		4331,25	0,910551413852029	
		4334,375	0,91128131769694	
		4337,5	0,910797421613725	
		4340,625	0,911367155005687	
		4343,75	0,911638478332035	
		4346,875	0,911623900837546	
		4350	0,911494991238673	
		4353,125	0,911556564301687	
		4356,25	0,911796866288057	
		4359,375	0,912533605274563	
		4362,5	0,910693126058761	
		4365,625	0,911101381146227	
		4368,75	0,910812363961	
		4371,875	0,912049485845551	
		4375	0,911982952005161	
		4378,125	0,910412001645563	
		4381,25	0,911367769868923	
		4384,375	0,912197964302868	
		4387,5	0,912937390368704	
		4390,625	0,91275908436262	
		4393,75	0,912618100255069	
		4396,875	0,912392825797328	
		4400	0,912615715604157	
		4403,125	0,913367043618808	
		4406,25	0,91354314543873	
		4409,375	0,913104140397482	
		4412,5	0,913541759960824	
		4415,625	0,913380259645599	
		4418,75	0,913240642222446	
		4421,875	0,91331292035309	
		4425	0,914103874494865	
		4428,125	0,913929309958561	
		4431,25	0,913860196001177	
		4434,375	0,914754099450345	
		4437,5	0,915226494491438	
		4440,625	0,915493922505752	
		4443,75	0,9159867409162	
		4446,875	0,915464783602936	
		4450	0,915458609547906	
		4453,125	0,915949313178353	
		4456,25	0,91691793440687	
		4459,375	0,917027983943907	
		4462,5	0,91668707430313	
		4465,625	0,916986169532552	
		4468,75	0,916434764128787	
		4471,875	0,917217298756489	
		4475	0,918113579757	
		4478,125	0,918336186475737	
		4481,25	0,917935694000259	
		4484,375	0,9179830314112	
		4487,5	0,91900975383156	
		4490,625	0,919086114485164	
		4493,75	0,919389739981659	
		4496,875	0,919847062244406	
		4500	0,919630936690832	
		4503,125	0,919719443585761	
		4506,25	0,919405236831074	
		4509,375	0,919987218656965	
		4512,5	0,920505288486886	
		4515,625	0,920648818065603	
		4518,75	0,920398000518597	
		4521,875	0,920936090001107	
		4525	0,921531244908935	
		4528,125	0,922331821348597	
		4531,25	0,922458252505685	
		4534,375	0,922436930065307	
		4537,5	0,92291042118299	
		4540,625	0,923334371649243	
		4543,75	0,923104856601648	
		4546,875	0,923450786040878	
		4550	0,923467376620752	
		4553,125	0,924401844648706	
		4556,25	0,923935090095401	
		4559,375	0,924088538660064	
		4562,5	0,923358738606105	
		4565,625	0,9239059097458	
		4568,75	0,924436029771432	
		4571,875	0,924953107054936	
		4575	0,924825036379707	
		4578,125	0,92527960876172	
		4581,25	0,925355685744322	
		4584,375	0,925083363328726	
		4587,5	0,925204949398533	
		4590,625	0,92518382256362	
		4593,75	0,925284727987744	
		4596,875	0,92625357493551	
		4600	0,925457157791132	
		4603,125	0,924905099154593	
		4606,25	0,925706009718604	
		4609,375	0,925596426271485	
		4612,5	0,925534882658629	
		4615,625	0,926074625828447	
		4618,75	0,925537641152335	
		4621,875	0,925374961370694	
		4625	0,926410477202231	
		4628,125	0,926386093341942	
		4631,25	0,926503887701692	
		4634,375	0,9262253299234	
		4637,5	0,926048511941045	
		4640,625	0,92616228222525	
		4643,75	0,926440454616144	
		4646,875	0,926523167825732	
		4650	0,926881597058672	
		4653,125	0,926655636564864	
		4656,25	0,926543474410156	
		4659,375	0,926434940812173	
		4662,5	0,925510265680584	
		4665,625	0,925772121460166	
		4668,75	0,926375264149517	
		4671,875	0,926566302825464	
		4675	0,926904295506985	
		4678,125	0,926885119987972	
		4681,25	0,927311551077817	
		4684,375	0,926878810083387	
		4687,5	0,927110888216682	
		4690,625	0,927350898229326	
		4693,75	0,9275137677064	
		4696,875	0,92770233393743	
		4700	0,927171154308838	
		4703,125	0,928006154119611	
		4706,25	0,927793185241628	
		4709,375	0,927694441522426	
		4712,5	0,927500522937239	
		4715,625	0,927587641967353	
		4718,75	0,927649794915139	
		4721,875	0,9276146960441	
		4725	0,927062804815317	
		4728,125	0,926938828070233	
		4731,25	0,926293297632576	
		4734,375	0,926293815490054	
		4737,5	0,926539210994164	
		4740,625	0,926088941285722	
		4743,75	0,92613667307616	
		4746,875	0,926236499004441	
		4750	0,925858766302638	
		4753,125	0,925288254516796	
		4756,25	0,925429126107989	
		4759,375	0,925166872369318	
		4762,5	0,925025713927386	
		4765,625	0,925215429002345	
		4768,75	0,924882320644986	
		4771,875	0,923827901333055	
		4775	0,923946601159965	
		4778,125	0,923987999051675	
		4781,25	0,92434731641348	
		4784,375	0,923819767932828	
		4787,5	0,92348387660199	
		4790,625	0,923202031843192	
		4793,75	0,922560948532708	
		4796,875	0,922358751181096	
		4800	0,922429562497079	
		4803,125	0,921938268109447	
		4806,25	0,921552292212141	
		4809,375	0,921406514585736	
		4812,5	0,921125642572815	
		4815,625	0,920789410662317	
		4818,75	0,920365813329369	
		4821,875	0,920450165860072	
		4825	0,920173494223124	
		4828,125	0,920289807601941	
		4831,25	0,919796544680113	
		4834,375	0,919354351163593	
		4837,5	0,918840659850632	
		4840,625	0,918505137917115	
		4843,75	0,918210003174222	
		4846,875	0,917859325594987	
		4850	0,917078379413017	
		4853,125	0,91605372435486	
		4856,25	0,915462442958565	
		4859,375	0,914837025121603	
		4862,5	0,914499122368478	
		4865,625	0,913544579741737	
		4868,75	0,912941477112791	
		4871,875	0,911615426018817	
		4875	0,910337942191257	
		4878,125	0,908428511199981	
		4881,25	0,906758532345772	
		4884,375	0,906437054827422	
		4887,5	0,905820318227142	
		4890,625	0,906835739763508	
		4893,75	0,908402988985093	
		4896,875	0,908813342163736	
		4900	0,909383255658716	
		4903,125	0,909310025803842	
		4906,25	0,908466466378401	
		4909,375	0,908309415677057	
		4912,5	0,908347413429391	
		4915,625	0,907809516935142	
		4918,75	0,907027029831841	
		4921,875	0,905808821942156	
		4925	0,904951025691463	
		4928,125	0,904233714555878	
		4931,25	0,903728835462436	
		4934,375	0,903232363792195	
		4937,5	0,902512746246172	
		4940,625	0,901815316910732	
		4943,75	0,900674162732927	
		4946,875	0,900325905326257	
		4950	0,900857815532118	
		4953,125	0,899597557211136	
		4956,25	0,899016167116674	
		4959,375	0,898349269757583	
		4962,5	0,897812669016962	
		4965,625	0,897132850359864	
		4968,75	0,896613454150175	
		4971,875	0,896345151268911	
		4975	0,895908503601508	
				
