Frequency in Hz	Wool_95 Normalized Surface Impedance continuous Re	Frequency in Hz	Wool_95 Normalized Surface Impedance continuous Im	
100	2,95719194412231	100	-14,4516935348511	
103,125	4,2996973991394	103,125	-14,8570461273193	
106,25	2,17215180397034	106,25	-12,2258424758911	
109,375	1,81061708927155	109,375	-13,8949766159058	
112,5	2,64266538619995	112,5	-12,897253036499	
115,625	2,23872709274292	115,625	-11,9633617401123	
118,75	2,19217205047607	118,75	-12,6937704086304	
121,875	2,70382523536682	121,875	-11,5589962005615	
125	1,83850920200348	125	-11,8873291015625	
128,125	1,5541023015976	128,125	-11,0870943069458	
131,25	1,57177805900574	131,25	-11,1849632263184	
134,375	1,00571608543396	134,375	-11,3691349029541	
137,5	1,91494107246399	137,5	-9,84028339385986	
140,625	2,32266783714294	140,625	-10,2974586486816	
143,75	2,08508062362671	143,75	-9,65994262695313	
146,875	1,52638149261475	146,875	-10,6658000946045	
150	1,855548620224	150	-9,74107551574707	
153,125	1,49396336078644	153,125	-9,13998889923096	
156,25	1,57016098499298	156,25	-9,34749603271484	
159,375	1,45203137397766	159,375	-9,10406875610352	
162,5	1,38873302936554	162,5	-9,12726879119873	
165,625	1,58379137516022	165,625	-9,00726795196533	
168,75	1,29513609409332	168,75	-8,32778358459473	
171,875	1,64517891407013	171,875	-8,53773498535156	
175	1,66306865215302	175	-8,12736892700195	
178,125	1,3379487991333	178,125	-8,13582229614258	
181,25	1,38661909103394	181,25	-8,20340442657471	
184,375	1,55088496208191	184,375	-8,04044437408447	
187,5	1,58192765712738	187,5	-7,57410907745361	
190,625	1,66681838035583	190,625	-7,6759090423584	
193,75	1,52877473831177	193,75	-7,24701690673828	
196,875	1,52105152606964	196,875	-7,42048740386963	
200	1,31771492958069	200	-7,51850509643555	
203,125	1,20802140235901	203,125	-7,57867193222046	
206,25	1,21398687362671	206,25	-6,89752197265625	
209,375	1,32312798500061	209,375	-7,00171041488647	
212,5	1,20947265625	212,5	-7,24471092224121	
215,625	1,30466020107269	215,625	-6,66366863250732	
218,75	1,32338404655457	218,75	-6,87978315353394	
221,875	1,27415752410889	221,875	-6,60484600067139	
225	1,37332093715668	225	-6,53612279891968	
228,125	1,36688315868378	228,125	-6,42520332336426	
231,25	1,34109997749329	231,25	-6,39221954345703	
234,375	1,36182582378387	234,375	-6,25315237045288	
237,5	1,23040902614594	237,5	-6,34910488128662	
240,625	1,04808020591736	240,625	-6,03604745864868	
243,75	1,14746522903442	243,75	-6,08648014068604	
246,875	1,29562437534332	246,875	-5,93331336975098	
250	1,30592751502991	250	-5,87476873397827	
253,125	1,19040834903717	253,125	-5,84922170639038	
256,25	1,17051076889038	256,25	-5,67682504653931	
259,375	1,29534077644348	259,375	-5,66634368896484	
262,5	1,16087210178375	262,5	-5,57929754257202	
265,625	1,06280875205994	265,625	-5,48894119262695	
268,75	1,14966821670532	268,75	-5,50442600250244	
271,875	1,12686097621918	271,875	-5,33582735061646	
275	1,06389558315277	275	-5,3424391746521	
278,125	1,10741686820984	278,125	-5,19600772857666	
281,25	1,11606407165527	281,25	-5,1921558380127	
284,375	1,10259580612183	284,375	-5,1472430229187	
287,5	1,03816723823547	287,5	-5,24147129058838	
290,625	1,00185513496399	290,625	-4,86188268661499	
293,75	0,973425269126892	293,75	-4,88419818878174	
296,875	1,00548672676086	296,875	-4,82280445098877	
300	1,01075065135956	300	-4,75116634368896	
303,125	0,986636281013489	303,125	-4,64001321792603	
306,25	1,02166569232941	306,25	-4,56266593933105	
309,375	1,07020115852356	309,375	-4,50613117218018	
312,5	1,10748255252838	312,5	-4,34903955459595	
315,625	1,32129883766174	315,625	-4,36682367324829	
318,75	1,30922675132751	318,75	-4,31458473205566	
321,875	1,31460583209991	321,875	-4,44179916381836	
325	1,34167063236237	325	-4,49806308746338	
328,125	1,39774203300476	328,125	-4,49325895309448	
331,25	1,17896795272827	331,25	-4,45786380767822	
334,375	1,15276372432709	334,375	-4,43639230728149	
337,5	1,197909116745	337,5	-4,42615413665771	
340,625	1,12240445613861	340,625	-4,3932580947876	
343,75	1,09997916221619	343,75	-4,27363348007202	
346,875	1,0812873840332	346,875	-4,26849222183228	
350	1,10732924938202	350	-4,24599266052246	
353,125	1,08552289009094	353,125	-4,23574161529541	
356,25	0,990414083003998	356,25	-4,17740726470947	
359,375	0,957965195178986	359,375	-4,05243444442749	
362,5	0,993626654148102	362,5	-4,02334976196289	
365,625	1,07359480857849	365,625	-3,98521375656128	
368,75	0,979571282863617	368,75	-3,99780082702637	
371,875	0,847198128700256	371,875	-4,00123643875122	
375	1,12243807315826	375	-3,80846238136292	
378,125	1,03897416591644	378,125	-3,78521823883057	
381,25	0,978312969207764	381,25	-3,90975165367126	
384,375	1,08058309555054	384,375	-3,74954676628113	
387,5	0,983140170574188	387,5	-3,63995862007141	
390,625	0,916935086250305	390,625	-3,61210012435913	
393,75	0,941904842853546	393,75	-3,76876759529114	
396,875	0,949929177761078	396,875	-3,75577855110168	
400	0,969796776771545	400	-3,73908662796021	
403,125	0,969052135944366	403,125	-3,71593117713928	
406,25	0,989368498325348	406,25	-3,61523079872131	
409,375	1,02094912528992	409,375	-3,46629905700684	
412,5	0,980766534805298	412,5	-3,38140821456909	
415,625	0,897581875324249	415,625	-3,46071028709412	
418,75	0,977115452289581	418,75	-3,38751316070557	
421,875	0,910608530044556	421,875	-3,31996726989746	
425	0,93296867609024	425	-3,33863425254822	
428,125	0,997665226459503	428,125	-3,4365553855896	
431,25	0,909819781780243	431,25	-3,31307411193848	
434,375	0,939918756484985	434,375	-3,32514214515686	
437,5	0,939611077308655	437,5	-3,31422567367554	
440,625	0,963631391525269	440,625	-3,30395722389221	
443,75	0,943611264228821	443,75	-3,22932314872742	
446,875	0,96918398141861	446,875	-3,22155213356018	
450	0,913975059986115	450	-3,27764558792114	
453,125	0,91317343711853	453,125	-3,25725507736206	
456,25	0,870233714580536	456,25	-3,25172591209412	
459,375	0,884573936462402	459,375	-3,17150330543518	
462,5	0,876598060131073	462,5	-3,09113144874573	
465,625	0,863069593906403	465,625	-3,07902264595032	
468,75	0,876163065433502	468,75	-3,0759425163269	
471,875	0,851376593112946	471,875	-2,98282837867737	
475	0,87056702375412	475	-2,97073221206665	
478,125	0,919173359870911	478,125	-2,99265050888062	
481,25	0,887968599796295	481,25	-3,01885843276978	
484,375	0,889143109321594	484,375	-2,9396276473999	
487,5	0,90878564119339	487,5	-2,95051527023315	
490,625	0,899645090103149	490,625	-2,91690897941589	
493,75	0,914515912532806	493,75	-2,87975645065308	
496,875	0,91181743144989	496,875	-2,86500477790833	
500	0,863162279129028	500	-2,85535979270935	
503,125	0,865623116493225	503,125	-2,82802486419678	
506,25	0,869822561740875	506,25	-2,82299876213074	
509,375	0,847556948661804	509,375	-2,79528379440308	
512,5	0,861986041069031	512,5	-2,75279688835144	
515,625	0,885434806346893	515,625	-2,76145076751709	
518,75	0,89424592256546	518,75	-2,75644326210022	
521,875	0,857149481773376	521,875	-2,70318984985352	
525	0,870136320590973	525	-2,68298768997192	
528,125	0,856030523777008	528,125	-2,6976957321167	
531,25	0,863073945045471	531,25	-2,66003608703613	
534,375	0,865564167499542	534,375	-2,64491772651672	
537,5	0,86107724905014	537,5	-2,62621974945068	
540,625	0,856837153434753	540,625	-2,6119544506073	
543,75	0,877545595169067	543,75	-2,60966229438782	
546,875	0,83945244550705	546,875	-2,56897163391113	
550	0,853749394416809	550	-2,56049275398254	
553,125	0,858127892017365	553,125	-2,53400564193726	
556,25	0,859394013881683	556,25	-2,53604888916016	
559,375	0,876498758792877	559,375	-2,50597596168518	
562,5	0,874174356460571	562,5	-2,49546384811401	
565,625	0,865484178066254	565,625	-2,47826027870178	
568,75	0,873308718204498	568,75	-2,46136403083801	
571,875	0,877675354480743	571,875	-2,45004153251648	
575	0,867876648902893	575	-2,43617677688599	
578,125	0,883022487163544	578,125	-2,42314100265503	
581,25	0,868190467357636	581,25	-2,4128749370575	
584,375	0,85999584197998	584,375	-2,39483571052551	
587,5	0,860827922821045	587,5	-2,38571810722351	
590,625	0,86671781539917	590,625	-2,36771392822266	
593,75	0,866759419441223	593,75	-2,35021042823792	
596,875	0,866308987140656	596,875	-2,34535479545593	
600	0,859821856021881	600	-2,32089996337891	
603,125	0,863826036453247	603,125	-2,31583094596863	
606,25	0,86399120092392	606,25	-2,29589486122131	
609,375	0,861369073390961	609,375	-2,29337549209595	
612,5	0,860620737075806	612,5	-2,27785921096802	
615,625	0,856475293636322	615,625	-2,25864768028259	
618,75	0,858559370040894	618,75	-2,25121283531189	
621,875	0,859831750392914	621,875	-2,24721527099609	
625	0,865798234939575	625	-2,23009371757507	
628,125	0,857794463634491	628,125	-2,21060800552368	
631,25	0,866430282592773	631,25	-2,19261240959167	
634,375	0,865198850631714	634,375	-2,18093371391296	
637,5	0,860594868659973	637,5	-2,17282581329346	
640,625	0,866092383861542	640,625	-2,17130064964294	
643,75	0,856462419033051	643,75	-2,14680576324463	
646,875	0,863762676715851	646,875	-2,13512253761292	
650	0,854143857955933	650	-2,12701272964478	
653,125	0,862728476524353	653,125	-2,11499404907227	
656,25	0,867565095424652	656,25	-2,10376882553101	
659,375	0,863981127738953	659,375	-2,08612012863159	
662,5	0,860596537590027	662,5	-2,08625602722168	
665,625	0,854993581771851	665,625	-2,07538485527039	
668,75	0,861116409301758	668,75	-2,05961227416992	
671,875	0,86841094493866	671,875	-2,0545346736908	
675	0,868094742298126	675	-2,03415703773499	
678,125	0,868414223194122	678,125	-2,01983237266541	
681,25	0,86801952123642	681,25	-2,01470112800598	
684,375	0,867493033409119	684,375	-2,00825881958008	
687,5	0,861164271831512	687,5	-2,00901365280151	
690,625	0,854999840259552	690,625	-1,97614300251007	
693,75	0,863074600696564	693,75	-1,98253619670868	
696,875	0,86329311132431	696,875	-1,97418630123138	
700	0,864296972751617	700	-1,95734620094299	
703,125	0,860841810703278	703,125	-1,9495929479599	
706,25	0,863090634346008	706,25	-1,94818997383118	
709,375	0,869790196418762	709,375	-1,9368200302124	
712,5	0,861052632331848	712,5	-1,91078472137451	
715,625	0,862803876399994	715,625	-1,91758644580841	
718,75	0,858053088188171	718,75	-1,91166436672211	
721,875	0,863560199737549	721,875	-1,8999434709549	
725	0,857108175754547	725	-1,89422118663788	
728,125	0,863897323608398	728,125	-1,88020265102386	
731,25	0,860377073287964	731,25	-1,87794542312622	
734,375	0,861603438854218	734,375	-1,86944437026978	
737,5	0,857143402099609	737,5	-1,8669627904892	
740,625	0,865685045719147	740,625	-1,84788620471954	
743,75	0,869688630104065	743,75	-1,83250451087952	
746,875	0,851244509220123	746,875	-1,82353043556213	
750	0,850876092910767	750	-1,81820261478424	
753,125	0,856794774532318	753,125	-1,81684279441833	
756,25	0,861630916595459	756,25	-1,80955064296722	
759,375	0,867841958999634	759,375	-1,80447053909302	
762,5	0,862381994724274	762,5	-1,80515193939209	
765,625	0,866478443145752	765,625	-1,79551923274994	
768,75	0,856772065162659	768,75	-1,77775537967682	
771,875	0,863441586494446	771,875	-1,76285529136658	
775	0,863284230232239	775	-1,76637196540833	
778,125	0,867443740367889	778,125	-1,76071536540985	
781,25	0,863241791725159	781,25	-1,74928259849548	
784,375	0,86472076177597	784,375	-1,73705387115479	
787,5	0,863020360469818	787,5	-1,72580742835999	
790,625	0,863728642463684	790,625	-1,72341191768646	
793,75	0,867001295089722	793,75	-1,72498464584351	
796,875	0,86357194185257	796,875	-1,72610139846802	
800	0,863861918449402	800	-1,71731972694397	
803,125	0,861950874328613	803,125	-1,72031247615814	
806,25	0,861656248569489	806,25	-1,70958244800568	
809,375	0,858198881149292	809,375	-1,68244934082031	
812,5	0,864457786083221	812,5	-1,70166563987732	
815,625	0,866203010082245	815,625	-1,70357644557953	
818,75	0,864842891693115	818,75	-1,68549287319183	
821,875	0,868422508239746	821,875	-1,68825495243073	
825	0,871847569942474	825	-1,70536613464355	
828,125	0,868487417697906	828,125	-1,69785106182098	
831,25	0,903276741504669	831,25	-1,68890523910522	
834,375	0,871951818466187	834,375	-1,67205631732941	
837,5	0,854287922382355	837,5	-1,68074142932892	
840,625	0,844843149185181	840,625	-1,68074154853821	
843,75	0,84226006269455	843,75	-1,67448353767395	
846,875	0,830922245979309	846,875	-1,68530738353729	
850	0,814424693584442	850	-1,68801033496857	
853,125	0,808700919151306	853,125	-1,69641828536987	
856,25	0,811262309551239	856,25	-1,70134210586548	
859,375	0,801628351211548	859,375	-1,68622159957886	
862,5	0,775550663471222	862,5	-1,67979466915131	
865,625	0,753708064556122	865,625	-1,67732000350952	
868,75	0,733641147613525	868,75	-1,67523300647736	
871,875	0,703766644001007	871,875	-1,65283370018005	
875	0,705491364002228	875	-1,62738180160522	
878,125	0,67754203081131	878,125	-1,60631287097931	
881,25	0,669880330562592	881,25	-1,57260918617249	
884,375	0,638025879859924	884,375	-1,49414193630219	
887,5	0,652535319328308	887,5	-1,46724259853363	
890,625	0,646248281002045	890,625	-1,43818151950836	
893,75	0,634594678878784	893,75	-1,41494166851044	
896,875	0,647051095962524	896,875	-1,38645315170288	
900	0,659910798072815	900	-1,37734663486481	
903,125	0,675668656826019	903,125	-1,35554337501526	
906,25	0,687511682510376	906,25	-1,34444916248322	
909,375	0,688188016414642	909,375	-1,33490836620331	
912,5	0,691806793212891	912,5	-1,31588792800903	
915,625	0,705563247203827	915,625	-1,30530774593353	
918,75	0,71764075756073	918,75	-1,29853534698486	
921,875	0,731912553310394	921,875	-1,28960621356964	
925	0,738047957420349	925	-1,28365051746368	
928,125	0,739311993122101	928,125	-1,28317427635193	
931,25	0,747117519378662	931,25	-1,2652759552002	
934,375	0,752966403961182	934,375	-1,26284384727478	
937,5	0,7589350938797	937,5	-1,25585377216339	
940,625	0,763953149318695	940,625	-1,25212776660919	
943,75	0,764589071273804	943,75	-1,24218332767487	
946,875	0,768666565418243	946,875	-1,23704135417938	
950	0,775173664093018	950	-1,23329854011536	
953,125	0,780303359031677	953,125	-1,23022830486298	
956,25	0,785438716411591	956,25	-1,22480869293213	
959,375	0,78802490234375	959,375	-1,21807515621185	
962,5	0,787769138813019	962,5	-1,21215033531189	
965,625	0,791104197502136	965,625	-1,20783972740173	
968,75	0,792097747325897	968,75	-1,20744359493256	
971,875	0,795770585536957	971,875	-1,19789338111877	
975	0,79952484369278	975	-1,19513309001923	
978,125	0,801596224308014	978,125	-1,19070839881897	
981,25	0,805097103118896	981,25	-1,18346858024597	
984,375	0,804058909416199	984,375	-1,18084645271301	
987,5	0,805977582931519	987,5	-1,17703354358673	
990,625	0,809005796909332	990,625	-1,17364597320557	
993,75	0,805382966995239	993,75	-1,16851460933685	
996,875	0,80759871006012	996,875	-1,16589725017548	
1000	0,806090712547302	1000	-1,16068911552429	
1003,125	0,809371769428253	1003,125	-1,1574934720993	
1006,25	0,810348212718964	1006,25	-1,15321886539459	
1009,375	0,809110343456268	1009,375	-1,14752554893494	
1012,5	0,810034930706024	1012,5	-1,14568519592285	
1015,625	0,808135509490967	1015,625	-1,14390444755554	
1018,75	0,804517567157745	1018,75	-1,13357281684875	
1021,875	0,805935263633728	1021,875	-1,13240492343903	
1025	0,804351449012756	1025	-1,12435114383698	
1028,125	0,803010225296021	1028,125	-1,12089788913727	
1031,25	0,799121856689453	1031,25	-1,11900520324707	
1034,375	0,796836853027344	1034,375	-1,11008858680725	
1037,5	0,796195447444916	1037,5	-1,10298562049866	
1040,625	0,792668581008911	1040,625	-1,09497511386871	
1043,75	0,792900383472443	1043,75	-1,08909690380096	
1046,875	0,794302463531494	1046,875	-1,08115553855896	
1050	0,790504395961761	1050	-1,06909000873566	
1053,125	0,788488864898682	1053,125	-1,06299650669098	
1056,25	0,791749000549316	1056,25	-1,05153918266296	
1059,375	0,793406784534454	1059,375	-1,04775834083557	
1062,5	0,793814718723297	1062,5	-1,0407167673111	
1065,625	0,795042157173157	1065,625	-1,02815270423889	
1068,75	0,802086591720581	1068,75	-1,0246821641922	
1071,875	0,805187702178955	1071,875	-1,01779580116272	
1075	0,805826842784882	1075	-1,01325535774231	
1078,125	0,804356634616852	1078,125	-1,00729739665985	
1081,25	0,813157856464386	1081,25	-0,995921909809113	
1084,375	0,813371419906616	1084,375	-0,993913769721985	
1087,5	0,815479218959808	1087,5	-0,989084303379059	
1090,625	0,818889379501343	1090,625	-0,985409080982208	
1093,75	0,819475591182709	1093,75	-0,979908525943756	
1096,875	0,823221266269684	1096,875	-0,972586929798126	
1100	0,824906647205353	1100	-0,967235147953033	
1103,125	0,825182676315308	1103,125	-0,962178766727448	
1106,25	0,831304907798767	1106,25	-0,960285663604736	
1109,375	0,827921152114868	1109,375	-0,952917158603668	
1112,5	0,829181492328644	1112,5	-0,952446699142456	
1115,625	0,835675179958344	1115,625	-0,945747554302216	
1118,75	0,830820143222809	1118,75	-0,942699015140533	
1121,875	0,835065603256226	1121,875	-0,941028833389282	
1125	0,833938539028168	1125	-0,936097681522369	
1128,125	0,833405792713165	1128,125	-0,931232511997223	
1131,25	0,837925434112549	1131,25	-0,921451389789581	
1134,375	0,839967548847198	1134,375	-0,921288132667542	
1137,5	0,837616801261902	1137,5	-0,920185625553131	
1140,625	0,83766108751297	1140,625	-0,910529792308807	
1143,75	0,841180264949799	1143,75	-0,909379541873932	
1146,875	0,841777503490448	1146,875	-0,903691530227661	
1150	0,845447897911072	1150	-0,895568132400513	
1153,125	0,847557604312897	1153,125	-0,895054280757904	
1156,25	0,844673216342926	1156,25	-0,895428836345673	
1159,375	0,844123065471649	1159,375	-0,887501895427704	
1162,5	0,8490971326828	1162,5	-0,88678103685379	
1165,625	0,84966653585434	1165,625	-0,879675686359406	
1168,75	0,849914789199829	1168,75	-0,877019464969635	
1171,875	0,848344385623932	1171,875	-0,87358570098877	
1175	0,849652409553528	1175	-0,867576241493225	
1178,125	0,850819289684296	1178,125	-0,864184260368347	
1181,25	0,852496206760406	1181,25	-0,862883508205414	
1184,375	0,854011595249176	1184,375	-0,855636656284332	
1187,5	0,853785455226898	1187,5	-0,849531769752502	
1190,625	0,855798959732056	1190,625	-0,847024738788605	
1193,75	0,856911957263947	1193,75	-0,846669912338257	
1196,875	0,859302997589111	1196,875	-0,841376423835754	
1200	0,856823801994324	1200	-0,833913683891296	
1203,125	0,860391139984131	1203,125	-0,831294000148773	
1206,25	0,866494297981262	1206,25	-0,828445613384247	
1209,375	0,859952390193939	1209,375	-0,82153594493866	
1212,5	0,859089970588684	1212,5	-0,813845574855804	
1215,625	0,862403333187103	1215,625	-0,814880311489105	
1218,75	0,861427009105682	1218,75	-0,808903872966766	
1221,875	0,865169227123261	1221,875	-0,807558834552765	
1225	0,865505754947662	1225	-0,806982278823853	
1228,125	0,862890660762787	1228,125	-0,797966361045837	
1231,25	0,865021228790283	1231,25	-0,797179818153381	
1234,375	0,866377770900726	1234,375	-0,796226501464844	
1237,5	0,862899005413055	1237,5	-0,791617155075073	
1240,625	0,866749048233032	1240,625	-0,787449896335602	
1243,75	0,865202069282532	1243,75	-0,782217919826508	
1246,875	0,868351638317108	1246,875	-0,779361844062805	
1250	0,870677173137665	1250	-0,772956669330597	
1253,125	0,867389738559723	1253,125	-0,770821094512939	
1256,25	0,866772830486298	1256,25	-0,764545559883118	
1259,375	0,868964493274689	1259,375	-0,762516856193542	
1262,5	0,870901167392731	1262,5	-0,763138115406036	
1265,625	0,87127023935318	1265,625	-0,759921014308929	
1268,75	0,870210289955139	1268,75	-0,756397843360901	
1271,875	0,872315168380737	1271,875	-0,752128839492798	
1275	0,871232867240906	1275	-0,749917209148407	
1278,125	0,872244715690613	1278,125	-0,745743989944458	
1281,25	0,870274066925049	1281,25	-0,743122220039368	
1284,375	0,871905863285065	1284,375	-0,741919577121735	
1287,5	0,869820654392242	1287,5	-0,739765524864197	
1290,625	0,868286073207855	1290,625	-0,734135687351227	
1293,75	0,870664119720459	1293,75	-0,73106175661087	
1296,875	0,870367646217346	1296,875	-0,724646270275116	
1300	0,865836679935455	1300	-0,724947154521942	
1303,125	0,863712251186371	1303,125	-0,720017790794373	
1306,25	0,866512894630432	1306,25	-0,716463625431061	
1309,375	0,866813898086548	1309,375	-0,710325062274933	
1312,5	0,865853250026703	1312,5	-0,705352962017059	
1315,625	0,865072846412659	1315,625	-0,70285576581955	
1318,75	0,867760360240936	1318,75	-0,695350646972656	
1321,875	0,869591295719147	1321,875	-0,693347692489624	
1325	0,869472980499268	1325	-0,689168453216553	
1328,125	0,868608236312866	1328,125	-0,684361219406128	
1331,25	0,870668590068817	1331,25	-0,679452896118164	
1334,375	0,868445813655853	1334,375	-0,673839509487152	
1337,5	0,871394157409668	1337,5	-0,67180073261261	
1340,625	0,874410390853882	1340,625	-0,666853904724121	
1343,75	0,874911248683929	1343,75	-0,665102541446686	
1346,875	0,876521766185761	1346,875	-0,659207999706268	
1350	0,875645101070404	1350	-0,656094610691071	
1353,125	0,876999318599701	1353,125	-0,655345916748047	
1356,25	0,874223411083221	1356,25	-0,649856150150299	
1359,375	0,87845253944397	1359,375	-0,645551264286041	
1362,5	0,878808915615082	1362,5	-0,641545951366425	
1365,625	0,878418982028961	1365,625	-0,639170229434967	
1368,75	0,880499184131622	1368,75	-0,636148154735565	
1371,875	0,879913985729218	1371,875	-0,630870819091797	
1375	0,877359926700592	1375	-0,628223836421967	
1378,125	0,878709316253662	1378,125	-0,626385807991028	
1381,25	0,878127336502075	1381,25	-0,617762267589569	
1384,375	0,879315853118896	1384,375	-0,616293132305145	
1387,5	0,882735133171082	1387,5	-0,613724589347839	
1390,625	0,8859001994133	1390,625	-0,609347820281982	
1393,75	0,88688999414444	1393,75	-0,605535984039307	
1396,875	0,886514246463776	1396,875	-0,601721167564392	
1400	0,889584243297577	1400	-0,598733901977539	
1403,125	0,889284074306488	1403,125	-0,596041977405548	
1406,25	0,888517439365387	1406,25	-0,59303492307663	
1409,375	0,889235377311707	1409,375	-0,588382959365845	
1412,5	0,892131268978119	1412,5	-0,586283802986145	
1415,625	0,891708016395569	1415,625	-0,582271754741669	
1418,75	0,892104625701904	1418,75	-0,580017566680908	
1421,875	0,894614279270172	1421,875	-0,577316999435425	
1425	0,895776629447937	1425	-0,57562655210495	
1428,125	0,893237352371216	1428,125	-0,570580780506134	
1431,25	0,896287024021149	1431,25	-0,568799674510956	
1434,375	0,897647738456726	1434,375	-0,565434038639069	
1437,5	0,899710536003113	1437,5	-0,559988379478455	
1440,625	0,900568604469299	1440,625	-0,561938345432281	
1443,75	0,897534489631653	1443,75	-0,554269015789032	
1446,875	0,90200674533844	1446,875	-0,55322802066803	
1450	0,902629315853119	1450	-0,549717783927917	
1453,125	0,90370911359787	1453,125	-0,546903610229492	
1456,25	0,903289020061493	1456,25	-0,54337614774704	
1459,375	0,905428051948547	1459,375	-0,541490733623505	
1462,5	0,908170878887177	1462,5	-0,538047790527344	
1465,625	0,907295525074005	1465,625	-0,536310851573944	
1468,75	0,908001005649567	1468,75	-0,532081663608551	
1471,875	0,907824277877808	1471,875	-0,529135048389435	
1475	0,90865433216095	1475	-0,528445780277252	
1478,125	0,909227848052979	1478,125	-0,524958372116089	
1481,25	0,911893665790558	1481,25	-0,522753596305847	
1484,375	0,910646677017212	1484,375	-0,518146693706512	
1487,5	0,908294260501862	1487,5	-0,518078446388245	
1490,625	0,909285724163055	1490,625	-0,514964282512665	
1493,75	0,908959686756134	1493,75	-0,513400971889496	
1496,875	0,910460114479065	1496,875	-0,51377934217453	
1500	0,90803325176239	1500	-0,507089197635651	
1503,125	0,909559190273285	1503,125	-0,503934144973755	
1506,25	0,912109375	1506,25	-0,502411961555481	
1509,375	0,908056557178497	1509,375	-0,498774081468582	
1512,5	0,908419370651245	1512,5	-0,49550649523735	
1515,625	0,90829998254776	1515,625	-0,492387354373932	
1518,75	0,910601496696472	1518,75	-0,488689780235291	
1521,875	0,910742104053497	1521,875	-0,487764626741409	
1525	0,905644714832306	1525	-0,481724858283997	
1528,125	0,910656273365021	1528,125	-0,477826505899429	
1531,25	0,910011291503906	1531,25	-0,475152283906937	
1534,375	0,911882340908051	1534,375	-0,47072097659111	
1537,5	0,909711360931396	1537,5	-0,467711865901947	
1540,625	0,911464750766754	1540,625	-0,465533345937729	
1543,75	0,909604072570801	1543,75	-0,458889812231064	
1546,875	0,91345477104187	1546,875	-0,456889063119888	
1550	0,913085579872131	1550	-0,452709943056107	
1553,125	0,91418194770813	1553,125	-0,451354801654816	
1556,25	0,914905309677124	1556,25	-0,44633224606514	
1559,375	0,915554523468018	1559,375	-0,443881958723068	
1562,5	0,916629493236542	1562,5	-0,440762221813202	
1565,625	0,919593989849091	1565,625	-0,435337424278259	
1568,75	0,917993664741516	1568,75	-0,434206664562225	
1571,875	0,919306218624115	1571,875	-0,430749207735062	
1575	0,921016812324524	1575	-0,429537355899811	
1578,125	0,922491312026978	1578,125	-0,425715923309326	
1581,25	0,921844899654388	1581,25	-0,422286838293076	
1584,375	0,925489783287048	1584,375	-0,420187145471573	
1587,5	0,924387514591217	1587,5	-0,416138112545013	
1590,625	0,92337691783905	1590,625	-0,413139700889587	
1593,75	0,924863517284393	1593,75	-0,409756153821945	
1596,875	0,927481949329376	1596,875	-0,407301127910614	
1600	0,92702043056488	1600	-0,406142830848694	
1603,125	0,92743444442749	1603,125	-0,403714895248413	
1606,25	0,928482711315155	1606,25	-0,400980412960052	
1609,375	0,933369576931	1609,375	-0,396924287080765	
1612,5	0,934131681919098	1612,5	-0,392531126737595	
1615,625	0,933623015880585	1615,625	-0,39141446352005	
1618,75	0,932859063148499	1618,75	-0,39025342464447	
1621,875	0,934788823127747	1621,875	-0,387595057487488	
1625	0,934493720531464	1625	-0,384767889976501	
1628,125	0,937199413776398	1628,125	-0,38383150100708	
1631,25	0,936492562294006	1631,25	-0,379459530115128	
1634,375	0,935947179794312	1634,375	-0,379765212535858	
1637,5	0,936152517795563	1637,5	-0,378131330013275	
1640,625	0,941693365573883	1640,625	-0,374230563640594	
1643,75	0,93725860118866	1643,75	-0,367613017559052	
1646,875	0,939157247543335	1646,875	-0,369059920310974	
1650	0,938124895095825	1650	-0,368364363908768	
1653,125	0,939373672008514	1653,125	-0,365119755268097	
1656,25	0,939300835132599	1656,25	-0,362669944763184	
1659,375	0,940648853778839	1659,375	-0,361348420381546	
1662,5	0,941053926944733	1662,5	-0,359088063240051	
1665,625	0,938432216644287	1665,625	-0,357081264257431	
1668,75	0,939146637916565	1668,75	-0,355967700481415	
1671,875	0,938407897949219	1671,875	-0,353807747364044	
1675	0,938620328903198	1675	-0,34907940030098	
1678,125	0,936058402061462	1678,125	-0,346170604228973	
1681,25	0,937662899494171	1681,25	-0,346215188503265	
1684,375	0,937830805778503	1684,375	-0,338860183954239	
1687,5	0,936865925788879	1687,5	-0,336321622133255	
1690,625	0,937123954296112	1690,625	-0,333579272031784	
1693,75	0,939232230186462	1693,75	-0,330085694789886	
1696,875	0,934565305709839	1696,875	-0,326919347047806	
1700	0,935505390167236	1700	-0,324045151472092	
1703,125	0,934406757354736	1703,125	-0,321946978569031	
1706,25	0,934816062450409	1706,25	-0,316997289657593	
1709,375	0,934841454029083	1709,375	-0,310613840818405	
1712,5	0,93601393699646	1712,5	-0,308363944292068	
1715,625	0,936645269393921	1715,625	-0,303953051567078	
1718,75	0,936421155929565	1718,75	-0,302855670452118	
1721,875	0,936452567577362	1721,875	-0,299004584550858	
1725	0,936843276023865	1725	-0,29213759303093	
1728,125	0,938144207000732	1728,125	-0,290564954280853	
1731,25	0,93988573551178	1731,25	-0,288069128990173	
1734,375	0,939629375934601	1734,375	-0,285072445869446	
1737,5	0,942232489585876	1737,5	-0,280909538269043	
1740,625	0,944307565689087	1740,625	-0,280855387449265	
1743,75	0,945483267307281	1743,75	-0,274657487869263	
1746,875	0,947258472442627	1746,875	-0,271988749504089	
1750	0,948719084262848	1750	-0,271177738904953	
1753,125	0,948670148849487	1753,125	-0,267848044633865	
1756,25	0,948491752147675	1756,25	-0,263857841491699	
1759,375	0,950582981109619	1759,375	-0,263555109500885	
1762,5	0,950864315032959	1762,5	-0,260348051786423	
1765,625	0,951201260089874	1765,625	-0,257209986448288	
1768,75	0,95239245891571	1768,75	-0,253852099180222	
1771,875	0,952828168869019	1771,875	-0,2528235912323	
1775	0,953846156597137	1775	-0,250724643468857	
1778,125	0,953269898891449	1778,125	-0,24786713719368	
1781,25	0,954493224620819	1781,25	-0,243763312697411	
1784,375	0,954733192920685	1784,375	-0,241647258400917	
1787,5	0,953959286212921	1787,5	-0,240733653306961	
1790,625	0,956053674221039	1790,625	-0,236146241426468	
1793,75	0,954144656658173	1793,75	-0,23354397714138	
1796,875	0,95636373758316	1796,875	-0,231878861784935	
1800	0,95883321762085	1800	-0,229323461651802	
1803,125	0,957439959049225	1803,125	-0,225274741649628	
1806,25	0,960460007190704	1806,25	-0,22256688773632	
1809,375	0,961155354976654	1809,375	-0,218560859560966	
1812,5	0,96207469701767	1812,5	-0,217934846878052	
1815,625	0,961174011230469	1815,625	-0,213340386748314	
1818,75	0,963915824890137	1818,75	-0,211306661367416	
1821,875	0,964094579219818	1821,875	-0,209444940090179	
1825	0,964815676212311	1825	-0,207329705357552	
1828,125	0,965534925460815	1828,125	-0,205909669399261	
1831,25	0,967537403106689	1831,25	-0,203925728797913	
1834,375	0,968538165092468	1834,375	-0,200843617320061	
1837,5	0,969803035259247	1837,5	-0,198262006044388	
1840,625	0,968492329120636	1840,625	-0,196305587887764	
1843,75	0,968970954418182	1843,75	-0,193337142467499	
1846,875	0,969883978366852	1846,875	-0,191921979188919	
1850	0,970540583133698	1850	-0,190843537449837	
1853,125	0,970274746417999	1853,125	-0,189382568001747	
1856,25	0,972595632076263	1856,25	-0,186743676662445	
1859,375	0,972716271877289	1859,375	-0,185161843895912	
1862,5	0,972286403179169	1862,5	-0,180985540151596	
1865,625	0,973071873188019	1865,625	-0,179570585489273	
1868,75	0,97405618429184	1868,75	-0,178304493427277	
1871,875	0,973818600177765	1871,875	-0,17655411362648	
1875	0,974173605442047	1875	-0,175110936164856	
1878,125	0,973477959632874	1878,125	-0,172455042600632	
1881,25	0,97325873374939	1881,25	-0,169299349188805	
1884,375	0,97303318977356	1884,375	-0,168182924389839	
1887,5	0,973289966583252	1887,5	-0,166045561432838	
1890,625	0,974557936191559	1890,625	-0,16230471432209	
1893,75	0,974512040615082	1893,75	-0,159499734640121	
1896,875	0,974099218845367	1896,875	-0,157063290476799	
1900	0,973007559776306	1900	-0,154399082064629	
1903,125	0,973788321018219	1903,125	-0,151271119713783	
1906,25	0,973808288574219	1906,25	-0,147632956504822	
1909,375	0,97207897901535	1909,375	-0,145088464021683	
1912,5	0,972328305244446	1912,5	-0,142919644713402	
1915,625	0,97327584028244	1915,625	-0,13884525001049	
1918,75	0,973335802555084	1918,75	-0,135201975703239	
1921,875	0,972517669200897	1921,875	-0,132774859666824	
1925	0,972122192382813	1925	-0,129809021949768	
1928,125	0,974208354949951	1928,125	-0,125455975532532	
1931,25	0,975016534328461	1931,25	-0,122084259986877	
1934,375	0,975324630737305	1934,375	-0,118670046329498	
1937,5	0,976144969463348	1937,5	-0,116141848266125	
1940,625	0,977495729923248	1940,625	-0,112834975123405	
1943,75	0,978718280792236	1943,75	-0,109136171638966	
1946,875	0,980219662189484	1946,875	-0,105118222534657	
1950	0,982132911682129	1950	-0,10193494707346	
1953,125	0,982631385326386	1953,125	-0,0988749340176582	
1956,25	0,983718156814575	1956,25	-0,0967483520507813	
1959,375	0,985482931137085	1959,375	-0,0948576107621193	
1962,5	0,986086845397949	1962,5	-0,0927658379077911	
1965,625	0,987005591392517	1965,625	-0,0901390314102173	
1968,75	0,989941358566284	1968,75	-0,0884854272007942	
1971,875	0,992011368274689	1971,875	-0,0848364979028702	
1975	0,992016077041626	1975	-0,0820828303694725	
1978,125	0,993172585964203	1978,125	-0,080150380730629	
1981,25	0,995114028453827	1981,25	-0,0792072415351868	
1984,375	0,99613094329834	1984,375	-0,0761264786124229	
1987,5	0,997784852981567	1987,5	-0,0737495869398117	
1990,625	0,998220026493073	1990,625	-0,0711585953831673	
1993,75	0,999752938747406	1993,75	-0,0702086463570595	
1996,875	1,00004088878632	1996,875	-0,0685155540704727	
2000	1,00057113170624	2000	-0,066660076379776	
2003,125	1,00233447551727	2003,125	-0,0651043280959129	
2006,25	1,00324857234955	2006,25	-0,0627438426017761	
2009,375	1,00401735305786	2009,375	-0,0598618760704994	
2012,5	1,00478708744049	2012,5	-0,0583530776202679	
2015,625	1,00533521175385	2015,625	-0,0559934861958027	
2018,75	1,00673973560333	2018,75	-0,0539270006120205	
2021,875	1,00753617286682	2021,875	-0,0524716898798943	
2025	1,00762367248535	2025	-0,0498989634215832	
2028,125	1,00938975811005	2028,125	-0,0474597439169884	
2031,25	1,01111090183258	2031,25	-0,04426159709692	
2034,375	1,01068532466888	2034,375	-0,0429092571139336	
2037,5	1,01119661331177	2037,5	-0,041154757142067	
2040,625	1,01296877861023	2040,625	-0,0393679663538933	
2043,75	1,01493644714355	2043,75	-0,0367001891136169	
2046,875	1,01594269275665	2046,875	-0,0345218516886234	
2050	1,01556086540222	2050	-0,03317965939641	
2053,125	1,01633310317993	2053,125	-0,0306136924773455	
2056,25	1,01742255687714	2056,25	-0,0290329772979021	
2059,375	1,01807737350464	2059,375	-0,0275595784187317	
2062,5	1,01887702941895	2062,5	-0,0250335652381182	
2065,625	1,0195187330246	2065,625	-0,0227774940431118	
2068,75	1,02055692672729	2068,75	-0,0209154393523932	
2071,875	1,02189564704895	2071,875	-0,0188925266265869	
2075	1,02286505699158	2075	-0,0167027283459902	
2078,125	1,02392184734344	2078,125	-0,0145173538476229	
2081,25	1,02489411830902	2081,25	-0,0123895527794957	
2084,375	1,0252593755722	2084,375	-0,0104307131841779	
2087,5	1,0260055065155	2087,5	-0,00826719589531422	
2090,625	1,02723681926727	2090,625	-0,0061161620542407	
2093,75	1,02838325500488	2093,75	-0,00407287757843733	
2096,875	1,02864599227905	2096,875	-0,00198236131109297	
2100	1,02967309951782	2100	-0,000150277875945903	
2103,125	1,03023242950439	2103,125	0,00152983434963971	
2106,25	1,03146982192993	2106,25	0,00336707406677306	
2109,375	1,03218400478363	2109,375	0,00506700156256557	
2112,5	1,03293144702911	2112,5	0,00693944096565247	
2115,625	1,03426682949066	2115,625	0,00838811229914427	
2118,75	1,03564035892487	2118,75	0,00971696618944407	
2121,875	1,0359251499176	2121,875	0,0116519127041101	
2125	1,03735399246216	2125	0,0136147737503052	
2128,125	1,03779780864716	2128,125	0,0155616784468293	
2131,25	1,03772866725922	2131,25	0,0175488088279963	
2134,375	1,03894937038422	2134,375	0,0194606147706509	
2137,5	1,03975427150726	2137,5	0,0212954729795456	
2140,625	1,04088866710663	2140,625	0,0230540800839663	
2143,75	1,04184794425964	2143,75	0,024875720962882	
2146,875	1,0421826839447	2146,875	0,026955196633935	
2150	1,04327726364136	2150	0,0299561861902475	
2153,125	1,0436509847641	2153,125	0,030956881120801	
2156,25	1,04449319839478	2156,25	0,0327464938163757	
2159,375	1,0454980134964	2159,375	0,0343396812677383	
2162,5	1,04621720314026	2162,5	0,0364295057952404	
2165,625	1,04744148254395	2165,625	0,0386722050607204	
2168,75	1,04890382289886	2168,75	0,0413372367620468	
2171,875	1,04898083209991	2171,875	0,0426317229866982	
2175	1,05028927326202	2175	0,0454735085368156	
2178,125	1,05102586746216	2178,125	0,0465589910745621	
2181,25	1,0511531829834	2181,25	0,0475273430347443	
2184,375	1,0520920753479	2184,375	0,0501265116035938	
2187,5	1,05317878723145	2187,5	0,0515548922121525	
2190,625	1,05352127552032	2190,625	0,0534774661064148	
2193,75	1,05549502372742	2193,75	0,0558038465678692	
2196,875	1,05682480335236	2196,875	0,0578374341130257	
2200	1,05685591697693	2200	0,0589949302375317	
2203,125	1,05778098106384	2203,125	0,061039175838232	
2206,25	1,0585378408432	2206,25	0,0621721409261227	
2209,375	1,05964148044586	2209,375	0,0636139288544655	
2212,5	1,06191301345825	2212,5	0,0658118352293968	
2215,625	1,06322264671326	2215,625	0,0666956156492233	
2218,75	1,06367897987366	2218,75	0,0687368959188461	
2221,875	1,06389319896698	2221,875	0,0703078955411911	
2225	1,06483507156372	2225	0,0718987807631493	
2228,125	1,06599628925323	2228,125	0,0738911479711533	
2231,25	1,06662356853485	2231,25	0,0745452716946602	
2234,375	1,06777584552765	2234,375	0,0756720155477524	
2237,5	1,06808292865753	2237,5	0,0777025520801544	
2240,625	1,06942880153656	2240,625	0,079728364944458	
2243,75	1,07026696205139	2243,75	0,0817394629120827	
2246,875	1,07074368000031	2246,875	0,0828715860843658	
2250	1,07057690620422	2250	0,0837268754839897	
2253,125	1,07259523868561	2253,125	0,086027704179287	
2256,25	1,07395875453949	2256,25	0,087647944688797	
2259,375	1,07444643974304	2259,375	0,0892928764224052	
2262,5	1,07444608211517	2262,5	0,0912257730960846	
2265,625	1,0754326581955	2265,625	0,092994436621666	
2268,75	1,0758044719696	2268,75	0,0937096104025841	
2271,875	1,07603216171265	2271,875	0,0959824994206429	
2275	1,07780611515045	2275	0,0963713899254799	
2278,125	1,07804143428802	2278,125	0,0988712906837463	
2281,25	1,07840383052826	2281,25	0,100029282271862	
2284,375	1,07886862754822	2284,375	0,101954333484173	
2287,5	1,08074378967285	2287,5	0,104708179831505	
2290,625	1,08090889453888	2290,625	0,105627931654453	
2293,75	1,08108508586884	2293,75	0,107729844748974	
2296,875	1,08199882507324	2296,875	0,110038414597511	
2300	1,08231067657471	2300	0,111854545772076	
2303,125	1,08338499069214	2303,125	0,112540550529957	
2306,25	1,0848343372345	2306,25	0,114203356206417	
2309,375	1,084792137146	2309,375	0,116189397871494	
2312,5	1,08454179763794	2312,5	0,11733453720808	
2315,625	1,08531999588013	2315,625	0,118183605372906	
2318,75	1,08798849582672	2318,75	0,121141344308853	
2321,875	1,08771550655365	2321,875	0,121539890766144	
2325	1,0888637304306	2325	0,124202653765678	
2328,125	1,08900701999664	2328,125	0,126190140843391	
2331,25	1,08961892127991	2331,25	0,128172054886818	
2334,375	1,09049868583679	2334,375	0,130207806825638	
2337,5	1,0915195941925	2337,5	0,131905749440193	
2340,625	1,09173989295959	2340,625	0,132318198680878	
2343,75	1,09300720691681	2343,75	0,135324388742447	
2346,875	1,09381783008575	2346,875	0,136420279741287	
2350	1,09459888935089	2350	0,138867482542992	
2353,125	1,09545373916626	2353,125	0,140760645270348	
2356,25	1,09542787075043	2356,25	0,142217695713043	
2359,375	1,09677588939667	2359,375	0,143567427992821	
2362,5	1,09847438335419	2362,5	0,145896822214127	
2365,625	1,10021960735321	2365,625	0,146341294050217	
2368,75	1,09937691688538	2368,75	0,148842915892601	
2371,875	1,10008561611176	2371,875	0,148064136505127	
2375	1,1021112203598	2375	0,151217550039291	
2378,125	1,10142815113068	2378,125	0,152866095304489	
2381,25	1,10392987728119	2381,25	0,154380396008492	
2384,375	1,10465657711029	2384,375	0,157473146915436	
2387,5	1,10550630092621	2387,5	0,157278314232826	
2390,625	1,10630095005035	2390,625	0,159367769956589	
2393,75	1,10695087909698	2393,75	0,161403253674507	
2396,875	1,10867738723755	2396,875	0,164372578263283	
2400	1,10914182662964	2400	0,165629774332047	
2403,125	1,11037313938141	2403,125	0,167300254106522	
2406,25	1,1107589006424	2406,25	0,169498175382614	
2409,375	1,11267292499542	2409,375	0,171402022242546	
2412,5	1,1113795042038	2412,5	0,17153537273407	
2415,625	1,11533451080322	2415,625	0,171674728393555	
2418,75	1,11595678329468	2418,75	0,173787772655487	
2421,875	1,11614096164703	2421,875	0,176883056759834	
2425	1,11697769165039	2425	0,177959218621254	
2428,125	1,11875665187836	2428,125	0,178714230656624	
2431,25	1,1195285320282	2431,25	0,181129649281502	
2434,375	1,12135720252991	2434,375	0,181456983089447	
2437,5	1,12194120883942	2437,5	0,18382140994072	
2440,625	1,12264251708984	2440,625	0,18540295958519	
2443,75	1,1250513792038	2443,75	0,186189964413643	
2446,875	1,12506794929504	2446,875	0,187060385942459	
2450	1,1261225938797	2450	0,189657613635063	
2453,125	1,12761998176575	2453,125	0,191307947039604	
2456,25	1,12890446186066	2456,25	0,191321730613708	
2459,375	1,12981343269348	2459,375	0,193830281496048	
2462,5	1,13189494609833	2462,5	0,194922760128975	
2465,625	1,13208413124084	2465,625	0,196645706892014	
2468,75	1,13053357601166	2468,75	0,197098925709724	
2471,875	1,13609981536865	2471,875	0,197685122489929	
2475	1,13525927066803	2475	0,200057953596115	
2478,125	1,13644325733185	2478,125	0,202179789543152	
2481,25	1,13621532917023	2481,25	0,203270152211189	
2484,375	1,13867962360382	2484,375	0,203705981373787	
2487,5	1,14067447185516	2487,5	0,206693232059479	
2490,625	1,14020109176636	2490,625	0,207122400403023	
2493,75	1,14163267612457	2493,75	0,206839054822922	
2496,875	1,14246153831482	2496,875	0,20775018632412	
2500	1,14238083362579	2500	0,210798338055611	
2503,125	1,14454531669617	2503,125	0,212583497166634	
2506,25	1,1456618309021	2506,25	0,215805441141129	
2509,375	1,14632892608643	2509,375	0,215609893202782	
2512,5	1,14676296710968	2512,5	0,216314718127251	
2515,625	1,1480325460434	2515,625	0,215319126844406	
2518,75	1,14900434017181	2518,75	0,21804766356945	
2521,875	1,14862620830536	2521,875	0,219852820038795	
2525	1,15280425548553	2525	0,222235277295113	
2528,125	1,15150904655457	2528,125	0,222299486398697	
2531,25	1,15354752540588	2531,25	0,223193004727364	
2534,375	1,15542709827423	2534,375	0,225612744688988	
2537,5	1,15980517864227	2537,5	0,22693407535553	
2540,625	1,15749442577362	2540,625	0,224679231643677	
2543,75	1,15971267223358	2543,75	0,225090026855469	
2546,875	1,16098570823669	2546,875	0,228913053870201	
2550	1,16158425807953	2550	0,230719536542892	
2553,125	1,16353642940521	2553,125	0,231536194682121	
2556,25	1,16471993923187	2556,25	0,232798159122467	
2559,375	1,16601574420929	2559,375	0,233163371682167	
2562,5	1,16657829284668	2562,5	0,233334898948669	
2565,625	1,16641354560852	2565,625	0,234085321426392	
2568,75	1,16743659973145	2568,75	0,235323280096054	
2571,875	1,16933560371399	2571,875	0,238226011395454	
2575	1,16977798938751	2575	0,238911509513855	
2578,125	1,17164051532745	2578,125	0,23601733148098	
2581,25	1,17170798778534	2581,25	0,240192249417305	
2584,375	1,17271149158478	2584,375	0,240784421563148	
2587,5	1,1741099357605	2587,5	0,242436662316322	
2590,625	1,1750031709671	2590,625	0,24276465177536	
2593,75	1,17586123943329	2593,75	0,244340464472771	
2596,875	1,17561674118042	2596,875	0,247821018099785	
2600	1,17621695995331	2600	0,247849404811859	
2603,125	1,17848038673401	2603,125	0,249055445194244	
2606,25	1,17909908294678	2606,25	0,249491423368454	
2609,375	1,18064081668854	2609,375	0,253025084733963	
2612,5	1,18255853652954	2612,5	0,254752188920975	
2615,625	1,18563258647919	2615,625	0,255409300327301	
2618,75	1,18572616577148	2618,75	0,25760605931282	
2621,875	1,18831312656403	2621,875	0,257675319910049	
2625	1,1887401342392	2625	0,257196336984634	
2628,125	1,19031512737274	2628,125	0,257782876491547	
2631,25	1,19290935993195	2631,25	0,258281022310257	
2634,375	1,19255375862122	2634,375	0,258036375045776	
2637,5	1,19504082202911	2637,5	0,258945912122726	
2640,625	1,19649481773376	2640,625	0,26058429479599	
2643,75	1,19777369499207	2643,75	0,263162285089493	
2646,875	1,19701182842255	2646,875	0,265635281801224	
2650	1,20334124565125	2650	0,266388475894928	
2653,125	1,20118021965027	2653,125	0,266198724508286	
2656,25	1,20227086544037	2656,25	0,268141120672226	
2659,375	1,2044163942337	2659,375	0,269619882106781	
2662,5	1,20544528961182	2662,5	0,269827276468277	
2665,625	1,20818626880646	2665,625	0,270984172821045	
2668,75	1,20920324325562	2668,75	0,268938183784485	
2671,875	1,20993590354919	2671,875	0,27286496758461	
2675	1,21059417724609	2675	0,275149643421173	
2678,125	1,21132791042328	2678,125	0,275662302970886	
2681,25	1,21346938610077	2681,25	0,277125507593155	
2684,375	1,21613836288452	2684,375	0,277742832899094	
2687,5	1,21511924266815	2687,5	0,27899506688118	
2690,625	1,22005140781403	2690,625	0,279956609010696	
2693,75	1,21989119052887	2693,75	0,280638694763184	
2696,875	1,22075593471527	2696,875	0,280078023672104	
2700	1,22173678874969	2700	0,281624794006348	
2703,125	1,22541975975037	2703,125	0,282950699329376	
2706,25	1,22723960876465	2706,25	0,282287329435349	
2709,375	1,22856521606445	2709,375	0,284828037023544	
2712,5	1,22858250141144	2712,5	0,287754863500595	
2715,625	1,23162424564362	2715,625	0,287339568138123	
2718,75	1,23378324508667	2718,75	0,286113947629929	
2721,875	1,23457932472229	2721,875	0,28719624876976	
2725	1,23667085170746	2725	0,290353298187256	
2728,125	1,23954403400421	2728,125	0,292282432317734	
2731,25	1,24051666259766	2731,25	0,292756855487823	
2734,375	1,24088561534882	2734,375	0,291731774806976	
2737,5	1,24327230453491	2737,5	0,291721701622009	
2740,625	1,24419713020325	2740,625	0,294878005981445	
2743,75	1,24659931659698	2743,75	0,29876920580864	
2746,875	1,24851632118225	2746,875	0,298215448856354	
2750	1,25128364562988	2750	0,295577794313431	
2753,125	1,25169789791107	2753,125	0,298518270254135	
2756,25	1,25586819648743	2756,25	0,299672037363052	
2759,375	1,25559747219086	2759,375	0,299955993890762	
2762,5	1,25836217403412	2762,5	0,298775523900986	
2765,625	1,25949013233185	2765,625	0,301295220851898	
2768,75	1,26390612125397	2768,75	0,303950279951096	
2771,875	1,26513433456421	2771,875	0,301978349685669	
2775	1,26704657077789	2775	0,302174419164658	
2778,125	1,26845479011536	2778,125	0,301855057477951	
2781,25	1,27079916000366	2781,25	0,303484350442886	
2784,375	1,27095234394073	2784,375	0,302982300519943	
2787,5	1,27275335788727	2787,5	0,301925629377365	
2790,625	1,27593398094177	2790,625	0,303821206092834	
2793,75	1,27704560756683	2793,75	0,304711818695068	
2796,875	1,27847397327423	2796,875	0,305336833000183	
2800	1,28100860118866	2800	0,305887639522552	
2803,125	1,28251791000366	2803,125	0,310567170381546	
2806,25	1,28491508960724	2806,25	0,306326240301132	
2809,375	1,28495621681213	2809,375	0,308405071496964	
2812,5	1,28821539878845	2812,5	0,309377700090408	
2815,625	1,28993999958038	2815,625	0,307797729969025	
2818,75	1,29018092155457	2818,75	0,307681947946548	
2821,875	1,29208958148956	2821,875	0,308705419301987	
2825	1,29226422309875	2825	0,307133942842484	
2828,125	1,29385936260223	2828,125	0,308239251375198	
2831,25	1,29866623878479	2831,25	0,30923655629158	
2834,375	1,29868876934052	2834,375	0,309199303388596	
2837,5	1,301140666008	2837,5	0,313768237829208	
2840,625	1,30220949649811	2840,625	0,313283771276474	
2843,75	1,30172550678253	2843,75	0,310556620359421	
2846,875	1,30665266513824	2846,875	0,311031401157379	
2850	1,30585300922394	2850	0,311809033155441	
2853,125	1,30648839473724	2853,125	0,311537146568298	
2856,25	1,30861604213715	2856,25	0,313711047172546	
2859,375	1,31041443347931	2859,375	0,312860816717148	
2862,5	1,31083357334137	2862,5	0,312926828861237	
2865,625	1,31341111660004	2865,625	0,313368707895279	
2868,75	1,31353282928467	2868,75	0,315438240766525	
2871,875	1,31484973430634	2871,875	0,318175256252289	
2875	1,31728839874268	2875	0,316939890384674	
2878,125	1,31848549842834	2878,125	0,317535281181335	
2881,25	1,32050025463104	2881,25	0,317944943904877	
2884,375	1,32164990901947	2884,375	0,317724496126175	
2887,5	1,32278871536255	2887,5	0,320000112056732	
2890,625	1,32523000240326	2890,625	0,322105169296265	
2893,75	1,32529520988464	2893,75	0,321918159723282	
2896,875	1,32649612426758	2896,875	0,321157515048981	
2900	1,3270720243454	2900	0,322484076023102	
2903,125	1,32920157909393	2903,125	0,324812978506088	
2906,25	1,33024084568024	2906,25	0,323501586914063	
2909,375	1,33113443851471	2909,375	0,324930042028427	
2912,5	1,33249878883362	2912,5	0,324815720319748	
2915,625	1,33470022678375	2915,625	0,326310068368912	
2918,75	1,33677911758423	2918,75	0,327425181865692	
2921,875	1,33618056774139	2921,875	0,329765498638153	
2925	1,33739340305328	2925	0,333314836025238	
2928,125	1,33891212940216	2928,125	0,331772893667221	
2931,25	1,34078347682953	2931,25	0,331673443317413	
2934,375	1,34186458587646	2934,375	0,334961116313934	
2937,5	1,34307825565338	2937,5	0,336390465497971	
2940,625	1,34421515464783	2940,625	0,336185127496719	
2943,75	1,34536325931549	2943,75	0,337585151195526	
2946,875	1,34845459461212	2946,875	0,341392368078232	
2950	1,34979033470154	2950	0,343571066856384	
2953,125	1,35208857059479	2953,125	0,345173805952072	
2956,25	1,35187673568726	2956,25	0,349883794784546	
2959,375	1,35801160335541	2959,375	0,351598560810089	
2962,5	1,35909378528595	2962,5	0,34966453909874	
2965,625	1,36011147499084	2965,625	0,352610975503922	
2968,75	1,36424160003662	2968,75	0,358361154794693	
2971,875	1,36694991588593	2971,875	0,361683130264282	
2975	1,37027502059937	2975	0,362324297428131	
2978,125	1,37440991401672	2978,125	0,365597516298294	
2981,25	1,3797310590744	2981,25	0,364154756069183	
2984,375	1,38512802124023	2984,375	0,367582499980927	
2987,5	1,39085400104523	2987,5	0,367895245552063	
2990,625	1,39549589157104	2990,625	0,363920271396637	
2993,75	1,39582192897797	2993,75	0,364093422889709	
2996,875	1,39944911003113	2996,875	0,361742854118347	
3000	1,40448927879333	3000	0,356253772974014	
3003,125	1,40408456325531	3003,125	0,359811633825302	
3006,25	1,4041200876236	3006,25	0,358285546302795	
3009,375	1,40509533882141	3009,375	0,356431692838669	
3012,5	1,40725886821747	3012,5	0,356130748987198	
3015,625	1,4114636182785	3015,625	0,359430640935898	
3018,75	1,41058874130249	3018,75	0,361132472753525	
3021,875	1,41401493549347	3021,875	0,35783264040947	
3025	1,41433572769165	3025	0,358836024999619	
3028,125	1,41361033916473	3028,125	0,35942080616951	
3031,25	1,41715621948242	3031,25	0,362597763538361	
3034,375	1,41665923595428	3034,375	0,361327558755875	
3037,5	1,42431902885437	3037,5	0,362049043178558	
3040,625	1,42310440540314	3040,625	0,361491441726685	
3043,75	1,42277097702026	3043,75	0,363031625747681	
3046,875	1,4281325340271	3046,875	0,366691112518311	
3050	1,42975831031799	3050	0,365102171897888	
3053,125	1,43186795711517	3053,125	0,366330146789551	
3056,25	1,43417918682098	3056,25	0,366502404212952	
3059,375	1,43656098842621	3059,375	0,369540572166443	
3062,5	1,43807804584503	3062,5	0,369221687316895	
3065,625	1,43818950653076	3065,625	0,37004742026329	
3068,75	1,44085335731506	3068,75	0,37049588561058	
3071,875	1,4426783323288	3071,875	0,371217429637909	
3075	1,44652307033539	3075	0,371861308813095	
3078,125	1,44776582717896	3078,125	0,369460999965668	
3081,25	1,45033633708954	3081,25	0,368464738130569	
3084,375	1,45068407058716	3084,375	0,37135249376297	
3087,5	1,45095002651215	3087,5	0,373593419790268	
3090,625	1,45411765575409	3090,625	0,376573771238327	
3093,75	1,46022188663483	3093,75	0,37661412358284	
3096,875	1,45853209495544	3096,875	0,377162456512451	
3100	1,46228730678558	3100	0,37307009100914	
3103,125	1,46466600894928	3103,125	0,374682694673538	
3106,25	1,46766459941864	3106,25	0,374957621097565	
3109,375	1,46915698051453	3109,375	0,374156206846237	
3112,5	1,47083473205566	3112,5	0,378450095653534	
3115,625	1,47172653675079	3115,625	0,379066199064255	
3118,75	1,47862648963928	3118,75	0,378897428512573	
3121,875	1,48064601421356	3121,875	0,381969481706619	
3125	1,48263740539551	3125	0,380724042654037	
3128,125	1,48384714126587	3128,125	0,379076451063156	
3131,25	1,48643755912781	3131,25	0,377798020839691	
3134,375	1,48628711700439	3134,375	0,378688633441925	
3137,5	1,48820817470551	3137,5	0,377719640731812	
3140,625	1,49057424068451	3140,625	0,376798272132874	
3143,75	1,48837864398956	3143,75	0,376892238855362	
3146,875	1,4915326833725	3146,875	0,377433598041534	
3150	1,49355113506317	3150	0,380361646413803	
3153,125	1,49414443969727	3153,125	0,379076600074768	
3156,25	1,49791848659515	3156,25	0,376184046268463	
3159,375	1,50000739097595	3159,375	0,375883162021637	
3162,5	1,49821698665619	3162,5	0,373388230800629	
3165,625	1,50044131278992	3165,625	0,371451288461685	
3168,75	1,50047636032104	3168,75	0,373198181390762	
3171,875	1,50331699848175	3171,875	0,370427906513214	
3175	1,50521993637085	3175	0,369130373001099	
3178,125	1,50836479663849	3178,125	0,370255440473557	
3181,25	1,50701320171356	3181,25	0,375838488340378	
3184,375	1,50657665729523	3184,375	0,372818201780319	
3187,5	1,50765919685364	3187,5	0,371716469526291	
3190,625	1,50483751296997	3190,625	0,374434173107147	
3193,75	1,50429153442383	3193,75	0,374117285013199	
3196,875	1,51018023490906	3196,875	0,370331317186356	
3200	1,51004111766815	3200	0,375779688358307	
3203,125	1,51097810268402	3203,125	0,373120754957199	
3206,25	1,50783216953278	3206,25	0,370705425739288	
3209,375	1,50566518306732	3209,375	0,37314710021019	
3212,5	1,5092306137085	3212,5	0,376843243837357	
3215,625	1,51090395450592	3215,625	0,379454612731934	
3218,75	1,50673317909241	3218,75	0,381638288497925	
3221,875	1,5048006772995	3221,875	0,379048973321915	
3225	1,50788545608521	3225	0,378042995929718	
3228,125	1,51020407676697	3228,125	0,37883397936821	
3231,25	1,51102638244629	3231,25	0,382368087768555	
3234,375	1,51276528835297	3234,375	0,383131086826324	
3237,5	1,51241767406464	3237,5	0,385058403015137	
3240,625	1,51330804824829	3240,625	0,389683663845062	
3243,75	1,51481378078461	3243,75	0,39164212346077	
3246,875	1,51605665683746	3246,875	0,3885478079319	
3250	1,51194870471954	3250	0,390127271413803	
3253,125	1,51389181613922	3253,125	0,393266826868057	
3256,25	1,51110231876373	3256,25	0,39788556098938	
3259,375	1,51451981067657	3259,375	0,40023535490036	
3262,5	1,52024304866791	3262,5	0,397682875394821	
3265,625	1,51991701126099	3265,625	0,39747753739357	
3268,75	1,5218688249588	3268,75	0,403159886598587	
3271,875	1,52305901050568	3271,875	0,404617041349411	
3275	1,52286612987518	3275	0,403577834367752	
3278,125	1,52154755592346	3278,125	0,405592709779739	
3281,25	1,52955365180969	3281,25	0,40874657034874	
3284,375	1,52677547931671	3284,375	0,409742057323456	
3287,5	1,52498054504395	3287,5	0,414677977561951	
3290,625	1,52786588668823	3290,625	0,419957458972931	
3293,75	1,53460478782654	3293,75	0,414286136627197	
3296,875	1,5319561958313	3296,875	0,412455052137375	
3300	1,53356754779816	3300	0,417780935764313	
3303,125	1,53563344478607	3303,125	0,419886201620102	
3306,25	1,53991377353668	3306,25	0,420331001281738	
3309,375	1,54178130626678	3309,375	0,419774681329727	
3312,5	1,5409734249115	3312,5	0,422876954078674	
3315,625	1,54083776473999	3315,625	0,424153596162796	
3318,75	1,54201138019562	3318,75	0,426433384418488	
3321,875	1,54687130451202	3321,875	0,426820069551468	
3325	1,54854369163513	3325	0,429037630558014	
3328,125	1,5494612455368	3328,125	0,428517371416092	
3331,25	1,54871678352356	3331,25	0,430630773305893	
3334,375	1,55136835575104	3334,375	0,434964388608933	
3337,5	1,55617678165436	3337,5	0,432702839374542	
3340,625	1,55480432510376	3340,625	0,432217955589294	
3343,75	1,55756187438965	3343,75	0,435102075338364	
3346,875	1,56323683261871	3346,875	0,433890759944916	
3350	1,56511461734772	3350	0,436818271875381	
3353,125	1,56761014461517	3353,125	0,434901595115662	
3356,25	1,56335258483887	3356,25	0,436295926570892	
3359,375	1,5677832365036	3359,375	0,436470657587051	
3362,5	1,5688384771347	3362,5	0,436359018087387	
3365,625	1,56747043132782	3365,625	0,438056856393814	
3368,75	1,56701588630676	3368,75	0,437872350215912	
3371,875	1,56839859485626	3371,875	0,442433953285217	
3375	1,5685601234436	3375	0,443832218647003	
3378,125	1,57773768901825	3378,125	0,441841959953308	
3381,25	1,57556843757629	3381,25	0,442875862121582	
3384,375	1,57728266716003	3384,375	0,443470418453217	
3387,5	1,57703173160553	3387,5	0,439764857292175	
3390,625	1,58210241794586	3390,625	0,444839209318161	
3393,75	1,58044230937958	3393,75	0,443493872880936	
3396,875	1,58071577548981	3396,875	0,443633615970612	
3400	1,5861200094223	3400	0,44369050860405	
3403,125	1,58725464344025	3403,125	0,44790107011795	
3406,25	1,59036493301392	3406,25	0,449444562196732	
3409,375	1,59190535545349	3409,375	0,447826534509659	
3412,5	1,59212219715118	3412,5	0,452570706605911	
3415,625	1,5953516960144	3415,625	0,454502403736115	
3418,75	1,59479606151581	3418,75	0,450043827295303	
3421,875	1,59460198879242	3421,875	0,453465819358826	
3425	1,59711384773254	3425	0,454296052455902	
3428,125	1,59916067123413	3428,125	0,447516411542892	
3431,25	1,59730207920074	3431,25	0,450867921113968	
3434,375	1,60003542900085	3434,375	0,454173296689987	
3437,5	1,60680615901947	3437,5	0,452901840209961	
3440,625	1,60959315299988	3440,625	0,45220074057579	
3443,75	1,60734295845032	3443,75	0,453585654497147	
3446,875	1,60572373867035	3446,875	0,452850699424744	
3450	1,60935866832733	3450	0,451186299324036	
3453,125	1,61047053337097	3453,125	0,452236205339432	
3456,25	1,61343836784363	3456,25	0,454618334770203	
3459,375	1,61352431774139	3459,375	0,457678318023682	
3462,5	1,61556625366211	3462,5	0,451886236667633	
3465,625	1,6155743598938	3465,625	0,456539273262024	
3468,75	1,62024092674255	3468,75	0,460240632295609	
3471,875	1,62049102783203	3471,875	0,460160911083221	
3475	1,62329769134521	3475	0,45439800620079	
3478,125	1,6225483417511	3478,125	0,457448750734329	
3481,25	1,62068223953247	3481,25	0,453563153743744	
3484,375	1,62171363830566	3484,375	0,453798890113831	
3487,5	1,62670159339905	3487,5	0,457641512155533	
3490,625	1,6287077665329	3490,625	0,456752896308899	
3493,75	1,63132739067078	3493,75	0,457255244255066	
3496,875	1,62810909748077	3496,875	0,455914497375488	
3500	1,63325202465057	3500	0,454591512680054	
3503,125	1,63432383537292	3503,125	0,455914855003357	
3506,25	1,63830125331879	3506,25	0,458908796310425	
3509,375	1,63716924190521	3509,375	0,458949685096741	
3512,5	1,63672828674316	3512,5	0,453138083219528	
3515,625	1,63646745681763	3515,625	0,452186316251755	
3518,75	1,63751804828644	3518,75	0,456790596246719	
3521,875	1,63931512832642	3521,875	0,455176889896393	
3525	1,64227783679962	3525	0,451920330524445	
3528,125	1,64494156837463	3528,125	0,45443594455719	
3531,25	1,64890098571777	3531,25	0,456488937139511	
3534,375	1,64651679992676	3534,375	0,455255329608917	
3537,5	1,64466726779938	3537,5	0,451941698789597	
3540,625	1,64799869060516	3540,625	0,452559560537338	
3543,75	1,64824223518372	3543,75	0,452946096658707	
3546,875	1,64627504348755	3546,875	0,454924017190933	
3550	1,65025210380554	3550	0,451450198888779	
3553,125	1,64949798583984	3553,125	0,453323096036911	
3556,25	1,65285563468933	3556,25	0,452073752880096	
3559,375	1,65315401554108	3559,375	0,451193124055862	
3562,5	1,65650057792664	3562,5	0,454514473676682	
3565,625	1,65775096416473	3565,625	0,452729344367981	
3568,75	1,65548503398895	3568,75	0,453478157520294	
3571,875	1,66077196598053	3571,875	0,452209889888763	
3575	1,66306591033936	3575	0,453508257865906	
3578,125	1,66334319114685	3578,125	0,453992754220963	
3581,25	1,6652055978775	3581,25	0,453222036361694	
3584,375	1,66249144077301	3584,375	0,450204879045486	
3587,5	1,66044056415558	3587,5	0,449744433164597	
3590,625	1,66282784938812	3590,625	0,452789753675461	
3593,75	1,66587853431702	3593,75	0,456236332654953	
3596,875	1,66734147071838	3596,875	0,457314819097519	
3600	1,67073142528534	3600	0,456406265497208	
3603,125	1,6713353395462	3603,125	0,452799290418625	
3606,25	1,67005515098572	3606,25	0,457718759775162	
3609,375	1,67376065254211	3609,375	0,45237010717392	
3612,5	1,67415273189545	3612,5	0,452852666378021	
3615,625	1,67658114433289	3615,625	0,456019699573517	
3618,75	1,67641878128052	3618,75	0,452997386455536	
3621,875	1,67590391635895	3621,875	0,45434182882309	
3625	1,67627573013306	3625	0,452962756156921	
3628,125	1,68026316165924	3628,125	0,452754080295563	
3631,25	1,68522584438324	3631,25	0,449841290712357	
3634,375	1,68629145622253	3634,375	0,452382743358612	
3637,5	1,68421673774719	3637,5	0,452234327793121	
3640,625	1,68404650688171	3640,625	0,448593497276306	
3643,75	1,68686807155609	3643,75	0,450006604194641	
3646,875	1,68482542037964	3646,875	0,449717938899994	
3650	1,68809580802917	3650	0,448779582977295	
3653,125	1,68922567367554	3653,125	0,447693288326263	
3656,25	1,68857896327972	3656,25	0,447322905063629	
3659,375	1,69311261177063	3659,375	0,448209017515183	
3662,5	1,69480776786804	3662,5	0,447427213191986	
3665,625	1,69575667381287	3665,625	0,454367756843567	
3668,75	1,69877600669861	3668,75	0,444809913635254	
3671,875	1,69328606128693	3671,875	0,445723980665207	
3675	1,69609212875366	3675	0,447065383195877	
3678,125	1,69768130779266	3678,125	0,446669071912766	
3681,25	1,69483542442322	3681,25	0,453030586242676	
3684,375	1,69883060455322	3684,375	0,436762243509293	
3687,5	1,69770431518555	3687,5	0,444553792476654	
3690,625	1,69990170001984	3690,625	0,447249740362167	
3693,75	1,70502007007599	3693,75	0,444502651691437	
3696,875	1,70627558231354	3696,875	0,447722285985947	
3700	1,703986287117	3700	0,445391207933426	
3703,125	1,70448017120361	3703,125	0,441343367099762	
3706,25	1,71209478378296	3706,25	0,442885756492615	
3709,375	1,71199941635132	3709,375	0,446540534496307	
3712,5	1,70858514308929	3712,5	0,441046923398972	
3715,625	1,70740723609924	3715,625	0,435222744941711	
3718,75	1,71694123744965	3718,75	0,440672427415848	
3721,875	1,71598148345947	3721,875	0,43993404507637	
3725	1,71721839904785	3725	0,443225592374802	
3728,125	1,71803569793701	3728,125	0,437124371528625	
3731,25	1,71793305873871	3731,25	0,440764367580414	
3734,375	1,71982634067535	3734,375	0,436272770166397	
3737,5	1,7186506986618	3737,5	0,440028816461563	
3740,625	1,72675085067749	3740,625	0,437158793210983	
3743,75	1,72486579418182	3743,75	0,436180621385574	
3746,875	1,72288823127747	3746,875	0,439247518777847	
3750	1,72466588020325	3750	0,435610920190811	
3753,125	1,72545599937439	3753,125	0,433980345726013	
3756,25	1,72742414474487	3756,25	0,431208252906799	
3759,375	1,72603785991669	3759,375	0,430781364440918	
3762,5	1,72617936134338	3762,5	0,439187616109848	
3765,625	1,73348879814148	3765,625	0,423503994941711	
3768,75	1,72924065589905	3768,75	0,430786341428757	
3771,875	1,72751915454865	3771,875	0,427632600069046	
3775	1,73046350479126	3775	0,429251849651337	
3778,125	1,73228704929352	3778,125	0,427042454481125	
3781,25	1,73353743553162	3781,25	0,424856722354889	
3784,375	1,73533821105957	3784,375	0,430056095123291	
3787,5	1,74310648441315	3787,5	0,427006959915161	
3790,625	1,73873364925385	3790,625	0,427211970090866	
3793,75	1,73982787132263	3793,75	0,418590009212494	
3796,875	1,73643624782562	3796,875	0,421867936849594	
3800	1,73354005813599	3800	0,419209510087967	
3803,125	1,73878145217896	3803,125	0,420596748590469	
3806,25	1,74294924736023	3806,25	0,424384415149689	
3809,375	1,74016547203064	3809,375	0,419543623924255	
3812,5	1,74029135704041	3812,5	0,415844976902008	
3815,625	1,73871457576752	3815,625	0,415641814470291	
3818,75	1,74421525001526	3818,75	0,417546838521957	
3821,875	1,74193918704987	3821,875	0,415613353252411	
3825	1,74173080921173	3825	0,418500959873199	
3828,125	1,74704337120056	3828,125	0,412789553403854	
3831,25	1,74726414680481	3831,25	0,41314885020256	
3834,375	1,7509081363678	3834,375	0,41143473982811	
3837,5	1,75194680690765	3837,5	0,414583206176758	
3840,625	1,74804413318634	3840,625	0,410259068012238	
3843,75	1,74438989162445	3843,75	0,40789657831192	
3846,875	1,75142633914948	3846,875	0,404964357614517	
3850	1,74939548969269	3850	0,406554758548737	
3853,125	1,74990034103394	3853,125	0,40680855512619	
3856,25	1,756631731987	3856,25	0,406786561012268	
3859,375	1,75334668159485	3859,375	0,40389558672905	
3862,5	1,75336682796478	3862,5	0,39917454123497	
3865,625	1,75353312492371	3865,625	0,405137419700623	
3868,75	1,75444626808167	3868,75	0,404493004083633	
3871,875	1,75233173370361	3871,875	0,399844139814377	
3875	1,75340712070465	3875	0,398912310600281	
3878,125	1,75870847702026	3878,125	0,398349195718765	
3881,25	1,75663387775421	3881,25	0,396565318107605	
3884,375	1,7629508972168	3884,375	0,391727149486542	
3887,5	1,76032960414886	3887,5	0,392829984426498	
3890,625	1,75984156131744	3890,625	0,391885459423065	
3893,75	1,76639449596405	3893,75	0,394510716199875	
3896,875	1,76492512226105	3896,875	0,389596730470657	
3900	1,76617348194122	3900	0,393194258213043	
3903,125	1,7661612033844	3903,125	0,392310559749603	
3906,25	1,76771342754364	3906,25	0,388030260801315	
3909,375	1,76726531982422	3909,375	0,388664543628693	
3912,5	1,7666277885437	3912,5	0,388589411973953	
3915,625	1,77284348011017	3915,625	0,382749915122986	
3918,75	1,76566910743713	3918,75	0,390761494636536	
3921,875	1,77336919307709	3921,875	0,373398780822754	
3925	1,76640975475311	3925	0,378317594528198	
3928,125	1,76765763759613	3928,125	0,37715670466423	
3931,25	1,76518881320953	3931,25	0,384746223688126	
3934,375	1,76945400238037	3934,375	0,380315095186234	
3937,5	1,77118325233459	3937,5	0,374838680028915	
3940,625	1,7723935842514	3940,625	0,377234369516373	
3943,75	1,77228760719299	3943,75	0,379332005977631	
3946,875	1,77236592769623	3946,875	0,37392395734787	
3950	1,76839101314545	3950	0,369220107793808	
3953,125	1,76969969272614	3953,125	0,370373398065567	
3956,25	1,76839113235474	3956,25	0,372091084718704	
3959,375	1,76614022254944	3959,375	0,366597086191177	
3962,5	1,77110385894775	3962,5	0,364281952381134	
3965,625	1,77432727813721	3965,625	0,368270754814148	
3968,75	1,77589857578278	3968,75	0,367896109819412	
3971,875	1,77710592746735	3971,875	0,366564244031906	
3975	1,78320300579071	3975	0,360115706920624	
3978,125	1,77901554107666	3978,125	0,359241992235184	
3981,25	1,77148687839508	3981,25	0,361283004283905	
3984,375	1,77075946331024	3984,375	0,35767650604248	
3987,5	1,77406823635101	3987,5	0,361288517713547	
3990,625	1,77947235107422	3990,625	0,357700854539871	
3993,75	1,7775616645813	3993,75	0,358209818601608	
3996,875	1,78015458583832	3996,875	0,356887668371201	
4000	1,78840911388397	4000	0,354669690132141	
4003,125	1,78342628479004	4003,125	0,354229301214218	
4006,25	1,78339791297913	4006,25	0,352877885103226	
4009,375	1,78329575061798	4009,375	0,349935233592987	
4012,5	1,78427004814148	4012,5	0,352566540241241	
4015,625	1,78576278686523	4015,625	0,350532054901123	
4018,75	1,78488230705261	4018,75	0,349751830101013	
4021,875	1,78690540790558	4021,875	0,347466766834259	
4025	1,78843176364899	4025	0,346221804618835	
4028,125	1,782559633255	4028,125	0,348335474729538	
4031,25	1,78446447849274	4031,25	0,335005611181259	
4034,375	1,7844911813736	4034,375	0,338716298341751	
4037,5	1,79225218296051	4037,5	0,341536223888397	
4040,625	1,77932584285736	4040,625	0,334964245557785	
4043,75	1,78461670875549	4043,75	0,332686126232147	
4046,875	1,7829647064209	4046,875	0,330076813697815	
4050	1,78161907196045	4050	0,327219635248184	
4053,125	1,78388261795044	4053,125	0,333298474550247	
4056,25	1,78741919994354	4056,25	0,326977163553238	
4059,375	1,78551244735718	4059,375	0,332935243844986	
4062,5	1,78200078010559	4062,5	0,325611293315887	
4065,625	1,78784823417664	4065,625	0,324588507413864	
4068,75	1,78603756427765	4068,75	0,323031216859818	
4071,875	1,78256571292877	4071,875	0,320628702640533	
4075	1,79486763477325	4075	0,321181863546371	
4078,125	1,79382944107056	4078,125	0,321552634239197	
4081,25	1,79529821872711	4081,25	0,318778812885284	
4084,375	1,78988718986511	4084,375	0,313244372606277	
4087,5	1,79532730579376	4087,5	0,3130744099617	
4090,625	1,78642630577087	4090,625	0,313701331615448	
4093,75	1,78391063213348	4093,75	0,304792135953903	
4096,875	1,78898274898529	4096,875	0,311999559402466	
4100	1,79617726802826	4100	0,307461857795715	
4103,125	1,7924839258194	4103,125	0,304947465658188	
4106,25	1,7884613275528	4106,25	0,308711379766464	
4109,375	1,79720258712769	4109,375	0,306865721940994	
4112,5	1,79319834709167	4112,5	0,300258785486221	
4115,625	1,79131865501404	4115,625	0,299635529518127	
4118,75	1,79379963874817	4118,75	0,300386250019073	
4121,875	1,79176318645477	4121,875	0,301266402006149	
4125	1,79110014438629	4125	0,290723353624344	
4128,125	1,79144191741943	4128,125	0,291784644126892	
4131,25	1,79090452194214	4131,25	0,294620275497437	
4134,375	1,79330575466156	4134,375	0,289495646953583	
4137,5	1,79462730884552	4137,5	0,290627479553223	
4140,625	1,78956162929535	4140,625	0,289434939622879	
4143,75	1,79440236091614	4143,75	0,282406717538834	
4146,875	1,79287767410278	4146,875	0,287675112485886	
4150	1,79326975345612	4150	0,282192021608353	
4153,125	1,79839158058167	4153,125	0,28078019618988	
4156,25	1,79942536354065	4156,25	0,279168844223022	
4159,375	1,79159986972809	4159,375	0,282937943935394	
4162,5	1,7917742729187	4162,5	0,275023251771927	
4165,625	1,7948545217514	4165,625	0,271908730268478	
4168,75	1,79330337047577	4168,75	0,269902616739273	
4171,875	1,79158782958984	4171,875	0,271922051906586	
4175	1,79287922382355	4175	0,274954527616501	
4178,125	1,7979930639267	4178,125	0,270169407129288	
4181,25	1,79798233509064	4181,25	0,264681398868561	
4184,375	1,79563748836517	4184,375	0,267205864191055	
4187,5	1,7965475320816	4187,5	0,263982236385345	
4190,625	1,79738235473633	4190,625	0,265690296888351	
4193,75	1,79570722579956	4193,75	0,264580607414246	
4196,875	1,79549288749695	4196,875	0,260312587022781	
4200	1,79615259170532	4200	0,261920362710953	
4203,125	1,79466545581818	4203,125	0,257151126861572	
4206,25	1,78679728507996	4206,25	0,254321068525314	
4209,375	1,78942787647247	4209,375	0,25432550907135	
4212,5	1,79408097267151	4212,5	0,253643661737442	
4215,625	1,79567432403564	4215,625	0,251813530921936	
4218,75	1,79477620124817	4218,75	0,250336021184921	
4221,875	1,79062235355377	4221,875	0,251115888357162	
4225	1,79008734226227	4225	0,246024519205093	
4228,125	1,7877984046936	4228,125	0,245840176939964	
4231,25	1,78917813301086	4231,25	0,249358147382736	
4234,375	1,78754830360413	4234,375	0,243513509631157	
4237,5	1,78585374355316	4237,5	0,240699991583824	
4240,625	1,78982889652252	4240,625	0,244904637336731	
4243,75	1,78713893890381	4243,75	0,243270024657249	
4246,875	1,79081249237061	4246,875	0,24625451862812	
4250	1,79226684570313	4250	0,243219703435898	
4253,125	1,78525531291962	4253,125	0,24619448184967	
4256,25	1,78716254234314	4256,25	0,246816396713257	
4259,375	1,78682780265808	4259,375	0,250547081232071	
4262,5	1,79366886615753	4262,5	0,243131026625633	
4265,625	1,7939658164978	4265,625	0,240917533636093	
4268,75	1,79164171218872	4268,75	0,247401684522629	
4271,875	1,79194140434265	4271,875	0,245907351374626	
4275	1,79939711093903	4275	0,235858634114265	
4278,125	1,79617309570313	4278,125	0,242991387844086	
4281,25	1,79439961910248	4281,25	0,24690617620945	
4284,375	1,80357420444489	4284,375	0,238972574472427	
4287,5	1,80144655704498	4287,5	0,240299850702286	
4290,625	1,80126643180847	4290,625	0,238512948155403	
4293,75	1,79677045345306	4293,75	0,235615015029907	
4296,875	1,79339075088501	4296,875	0,232019945979118	
4300	1,79778432846069	4300	0,232781484723091	
4303,125	1,80598616600037	4303,125	0,229655027389526	
4306,25	1,80605459213257	4306,25	0,225929856300354	
4309,375	1,80668020248413	4309,375	0,227498784661293	
4312,5	1,81368017196655	4312,5	0,222134545445442	
4315,625	1,81008541584015	4315,625	0,219102472066879	
4318,75	1,81046903133392	4318,75	0,220869719982147	
4321,875	1,81056237220764	4321,875	0,216064020991325	
4325	1,80727076530457	4325	0,214515671133995	
4328,125	1,81098246574402	4328,125	0,215006247162819	
4331,25	1,8181928396225	4331,25	0,212145134806633	
4334,375	1,81394720077515	4334,375	0,209485545754433	
4337,5	1,81839394569397	4337,5	0,20639269053936	
4340,625	1,81612658500671	4340,625	0,201071217656136	
4343,75	1,81465458869934	4343,75	0,199717849493027	
4346,875	1,81622350215912	4346,875	0,195100411772728	
4350	1,81814968585968	4350	0,1918103992939	
4353,125	1,81760168075562	4353,125	0,19218721985817	
4356,25	1,81655299663544	4356,25	0,19011053442955	
4359,375	1,81264984607697	4359,375	0,185931861400604	
4362,5	1,82527959346771	4362,5	0,186804071068764	
4365,625	1,8222062587738	4365,625	0,187529161572456	
4368,75	1,82674813270569	4368,75	0,178872630000114	
4371,875	1,81835079193115	4371,875	0,178013697266579	
4375	1,81961572170258	4375	0,175176993012428	
4378,125	1,83150589466095	4378,125	0,171774223446846	
4381,25	1,82619524002075	4381,25	0,166748598217964	
4384,375	1,8214408159256	4384,375	0,162829369306564	
4387,5	1,81670343875885	4387,5	0,161238804459572	
4390,625	1,81903409957886	4390,625	0,156944438815117	
4393,75	1,82154738903046	4393,75	0,150672912597656	
4396,875	1,82243275642395	4396,875	0,153486236929893	
4400	1,82192325592041	4400	0,149162575602531	
4403,125	1,81769192218781	4403,125	0,144958049058914	
4406,25	1,81749737262726	4406,25	0,140438511967659	
4409,375	1,82213151454926	4409,375	0,133096635341644	
4412,5	1,81919240951538	4412,5	0,13267420232296	
4415,625	1,8198915719986	4415,625	0,134647682309151	
4418,75	1,82249629497528	4418,75	0,12672957777977	
4421,875	1,82236754894257	4421,875	0,124866336584091	
4425	1,81691467761993	4425	0,124797955155373	
4428,125	1,81903028488159	4428,125	0,120121970772743	
4431,25	1,81927394866943	4431,25	0,121342465281487	
4434,375	1,81487023830414	4434,375	0,111791178584099	
4437,5	1,81305015087128	4437,5	0,103390693664551	
4440,625	1,81162059307098	4440,625	0,100844882428646	
4443,75	1,80873763561249	4443,75	0,0975951105356216	
4446,875	1,81229734420776	4446,875	0,097839467227459	
4450	1,81230175495148	4450	0,0980849266052246	
4453,125	1,80969882011414	4453,125	0,0929765105247498	
4456,25	1,80332219600677	4456,25	0,0909428223967552	
4459,375	1,80381441116333	4459,375	0,0819370821118355	
4462,5	1,80666661262512	4462,5	0,0779950246214867	
4465,625	1,80418539047241	4465,625	0,0813026651740074	
4468,75	1,80839943885803	4468,75	0,0780189037322998	
4471,875	1,80448067188263	4471,875	0,065257154405117	
4475	1,7981288433075	4475	0,0670053288340569	
4478,125	1,79654693603516	4478,125	0,0674585476517677	
4481,25	1,8003523349762	4481,25	0,0569986626505852	
4484,375	1,80014955997467	4484,375	0,0556450225412846	
4487,5	1,79308128356934	4487,5	0,0557038709521294	
4490,625	1,79280149936676	4490,625	0,0529108010232449	
4493,75	1,79112589359283	4493,75	0,047846082597971	
4496,875	1,78848481178284	4496,875	0,0408195778727531	
4500	1,78985798358917	4500	0,0425061732530594	
4503,125	1,78961730003357	4503,125	0,0367933660745621	
4506,25	1,79211938381195	4506,25	0,0305496547371149	
4509,375	1,78823089599609	4509,375	0,0281669907271862	
4512,5	1,78456878662109	4512,5	0,0302051659673452	
4515,625	1,7838613986969	4515,625	0,0238528419286013	
4518,75	1,78559470176697	4518,75	0,0236701238900423	
4521,875	1,78204452991486	4521,875	0,0192990656942129	
4525	1,77812588214874	4525	0,0123591311275959	
4528,125	1,77265202999115	4528,125	0,00991603638976812	
4531,25	1,77179968357086	4531,25	0,00862292386591434	
4534,375	1,77195966243744	4534,375	0,00766469864174724	
4537,5	1,76872837543488	4537,5	0,00394093338400126	
4540,625	1,76579976081848	4540,625	-0,00413306290283799	
4543,75	1,76738274097443	4543,75	-0,00440670130774379	
4546,875	1,76498484611511	4546,875	-0,00548291439190507	
4550	1,76485872268677	4550	-0,00662427116185427	
4553,125	1,75825893878937	4553,125	-0,0144700547680259	
4556,25	1,76144289970398	4556,25	-0,0162068866193295	
4559,375	1,76052236557007	4559,375	-0,00974893197417259	
4562,5	1,76514852046967	4562,5	-0,0244123917073011	
4565,625	1,7612646818161	4565,625	-0,0267632324248552	
4568,75	1,75746917724609	4568,75	-0,0294408276677132	
4571,875	1,75387215614319	4571,875	-0,0297442451119423	
4575	1,75444173812866	4575	-0,0355120338499546	
4578,125	1,75118041038513	4578,125	-0,0372834019362926	
4581,25	1,75023055076599	4581,25	-0,043442577123642	
4584,375	1,75201880931854	4584,375	-0,0448036417365074	
4587,5	1,75126457214355	4587,5	-0,0436084792017937	
4590,625	1,75095462799072	4590,625	-0,0493962988257408	
4593,75	1,74987554550171	4593,75	-0,0537153296172619	
4596,875	1,74289608001709	4596,875	-0,0562914349138737	
4600	1,74768781661987	4600	-0,0636192560195923	
4603,125	1,75100266933441	4603,125	-0,0682982802391052	
4606,25	1,74542331695557	4606,25	-0,0683430135250092	
4609,375	1,74609971046448	4609,375	-0,0690821558237076	
4612,5	1,74556016921997	4612,5	-0,0768457427620888	
4615,625	1,74167943000793	4615,625	-0,0777226537466049	
4618,75	1,74483454227448	4618,75	-0,0820414125919342	
4621,875	1,74583923816681	4621,875	-0,0829638540744781	
4625	1,73747313022614	4625	-0,0905474871397018	
4628,125	1,73705089092255	4628,125	-0,0942582413554192	
4631,25	1,73517191410065	4631,25	-0,100504919886589	
4634,375	1,73608136177063	4634,375	-0,106328934431076	
4637,5	1,73760032653809	4637,5	-0,104805439710617	
4640,625	1,7365757226944	4640,625	-0,106047056615353	
4643,75	1,7334076166153	4643,75	-0,112449049949646	
4646,875	1,73212110996246	4646,875	-0,115991167724133	
4650	1,72909080982208	4650	-0,118464969098568	
4653,125	1,72925806045532	4653,125	-0,125150412321091	
4656,25	1,72895395755768	4656,25	-0,130050584673882	
4659,375	1,72948217391968	4659,375	-0,131091564893723	
4662,5	1,73476088047028	4662,5	-0,136439278721809	
4665,625	1,73132860660553	4665,625	-0,142920449376106	
4668,75	1,72680425643921	4668,75	-0,143925622105598	
4671,875	1,72368347644806	4671,875	-0,150713503360748	
4675	1,72011852264404	4675	-0,154996156692505	
4678,125	1,71944010257721	4678,125	-0,157923549413681	
4681,25	1,7153799533844	4681,25	-0,161493644118309	
4684,375	1,71736204624176	4684,375	-0,165289208292961	
4687,5	1,71482598781586	4687,5	-0,168225049972534	
4690,625	1,71213018894196	4690,625	-0,171425983309746	
4693,75	1,71045541763306	4693,75	-0,173057809472084	
4696,875	1,70824444293976	4696,875	-0,175776168704033	
4700	1,71022248268127	4700	-0,181473508477211	
4703,125	1,70415616035461	4703,125	-0,181635543704033	
4706,25	1,70549285411835	4706,25	-0,182234659790993	
4709,375	1,7055971622467	4709,375	-0,18405793607235	
4712,5	1,70619678497314	4712,5	-0,186429351568222	
4715,625	1,704833984375	4715,625	-0,188579559326172	
4718,75	1,70380079746246	4718,75	-0,190270259976387	
4721,875	1,70273566246033	4721,875	-0,194026559591293	
4725	1,70618677139282	4725	-0,195553362369537	
4728,125	1,70637619495392	4728,125	-0,197529435157776	
4731,25	1,7096666097641	4731,25	-0,201339080929756	
4734,375	1,70836997032166	4734,375	-0,204839453101158	
4737,5	1,70657801628113	4737,5	-0,204872190952301	
4740,625	1,70812916755676	4740,625	-0,209417104721069	
4743,75	1,70751857757568	4743,75	-0,210106924176216	
4746,875	1,70631372928619	4746,875	-0,21135225892067	
4750	1,70672416687012	4750	-0,217319026589394	
4753,125	1,70841765403748	4753,125	-0,223437651991844	
4756,25	1,70737278461456	4756,25	-0,223478674888611	
4759,375	1,70762479305267	4759,375	-0,227507278323174	
4762,5	1,70828425884247	4762,5	-0,228399083018303	
4765,625	1,70699715614319	4765,625	-0,228159889578819	
4768,75	1,70871770381927	4768,75	-0,229865431785583	
4771,875	1,71414649486542	4771,875	-0,235241860151291	
4775	1,71128916740417	4775	-0,239828020334244	
4778,125	1,70971703529358	4778,125	-0,2426977455616	
4781,25	1,70744502544403	4781,25	-0,241869881749153	
4784,375	1,71012377738953	4784,375	-0,244554057717323	
4787,5	1,71159887313843	4787,5	-0,24676239490509	
4790,625	1,71388018131256	4790,625	-0,246296554803848	
4793,75	1,71475446224213	4793,75	-0,254689335823059	
4796,875	1,71549880504608	4796,875	-0,256286084651947	
4800	1,7148540019989	4800	-0,256548166275024	
4803,125	1,71612179279327	4803,125	-0,261524051427841	
4806,25	1,71782076358795	4806,25	-0,263923346996307	
4809,375	1,72033095359802	4809,375	-0,260924845933914	
4812,5	1,7216500043869	4812,5	-0,262504518032074	
4815,625	1,72408223152161	4815,625	-0,262600988149643	
4818,75	1,7265590429306	4818,75	-0,263951748609543	
4821,875	1,72621822357178	4821,875	-0,263363391160965	
4825	1,7285327911377	4825	-0,262777119874954	
4828,125	1,72590744495392	4828,125	-0,26647886633873	
4831,25	1,7284699678421	4831,25	-0,268702030181885	
4834,375	1,73162043094635	4834,375	-0,268926858901978	
4837,5	1,73500239849091	4837,5	-0,269756317138672	
4840,625	1,73694264888763	4840,625	-0,270850747823715	
4843,75	1,73869979381561	4843,75	-0,271707087755203	
4846,875	1,741583943367	4846,875	-0,27107498049736	
4850	1,74715483188629	4850	-0,271414667367935	
4853,125	1,75312435626984	4853,125	-0,274630904197693	
4856,25	1,75842773914337	4856,25	-0,27259686589241	
4859,375	1,76190495491028	4859,375	-0,27489972114563	
4862,5	1,76389873027802	4862,5	-0,275898337364197	
4865,625	1,76911509037018	4865,625	-0,279569923877716	
4868,75	1,77304518222809	4868,75	-0,280561447143555	
4871,875	1,78149974346161	4871,875	-0,283108949661255	
4875	1,7897332906723	4875	-0,28535458445549	
4878,125	1,79946136474609	4878,125	-0,293971657752991	
4881,25	1,80699491500854	4881,25	-0,303328543901443	
4884,375	1,80127990245819	4884,375	-0,318852752447128	
4887,5	1,79972636699677	4887,5	-0,330030679702759	
4890,625	1,79046058654785	4890,625	-0,333088397979736	
4893,75	1,78016448020935	4893,75	-0,330666929483414	
4896,875	1,77658796310425	4896,875	-0,331562757492065	
4900	1,77646827697754	4900	-0,32430163025856	
4903,125	1,78065478801727	4903,125	-0,317729622125626	
4906,25	1,78807210922241	4906,25	-0,315561473369598	
4909,375	1,79007625579834	4909,375	-0,313985109329224	
4912,5	1,79109752178192	4912,5	-0,311535477638245	
4915,625	1,79655480384827	4915,625	-0,308674871921539	
4918,75	1,80261862277985	4918,75	-0,308055907487869	
4921,875	1,81030118465424	4921,875	-0,310473591089249	
4925	1,81514132022858	4925	-0,313269168138504	
4928,125	1,81949520111084	4928,125	-0,315007448196411	
4931,25	1,82371950149536	4931,25	-0,313982039690018	
4934,375	1,82729291915894	4934,375	-0,314091056585312	
4937,5	1,83152222633362	4937,5	-0,316097021102905	
4940,625	1,83700323104858	4940,625	-0,315335959196091	
4943,75	1,84435045719147	4943,75	-0,317250460386276	
4946,875	1,84568023681641	4946,875	-0,319621562957764	
4950	1,84307014942169	4950	-0,317135542631149	
4953,125	1,8519321680069	4953,125	-0,317764967679977	
4956,25	1,8570522069931	4956,25	-0,315990924835205	
4959,375	1,86225831508636	4959,375	-0,315261006355286	
4962,5	1,86494970321655	4962,5	-0,317682445049286	
4965,625	1,86935675144196	4965,625	-0,318741977214813	
4968,75	1,87271118164063	4968,75	-0,319575220346451	
4971,875	1,87736248970032	4971,875	-0,314070820808411	
4975	1,88156878948212	4975	-0,311897128820419	
				
