Frequency in Hz	Wool_97 Sound Reflection Factor continuous Re	Frequency in Hz	Wool_97 Sound Reflection Factor continuous Im	
100	0,965521156787872	100	-0,128692895174026	
103,125	0,9596146941185	103,125	-0,119195774197578	
106,25	0,961106777191162	106,25	-0,151120260357857	
109,375	0,972271084785461	109,375	-0,136929422616959	
112,5	0,959719598293304	112,5	-0,1422518491745	
115,625	0,958665311336517	115,625	-0,153845757246017	
118,75	0,963797986507416	118,75	-0,145842969417572	
121,875	0,950682580471039	121,875	-0,154141753911972	
125	0,963228046894073	125	-0,156706497073174	
128,125	0,961836814880371	128,125	-0,167834132909775	
131,25	0,962317585945129	131,25	-0,166352361440659	
134,375	0,970991611480713	134,375	-0,166852921247482	
137,5	0,946177244186401	137,5	-0,183082565665245	
140,625	0,945358455181122	140,625	-0,171808883547783	
143,75	0,942066431045532	143,75	-0,183557540178299	
146,875	0,959692060947418	146,875	-0,172889187932014	
150	0,946786105632782	150	-0,184644028544426	
153,125	0,947194457054138	153,125	-0,198529168963432	
156,25	0,947903454303741	156,25	-0,193679809570313	
159,375	0,947656631469727	159,375	-0,199334770441055	
162,5	0,949300229549408	162,5	-0,19955475628376	
165,625	0,944281220436096	165,625	-0,199262961745262	
168,75	0,941931426525116	168,75	-0,217145591974258	
171,875	0,937491714954376	171,875	-0,207706645131111	
175	0,930956244468689	175	-0,215738534927368	
178,125	0,938761353492737	178,125	-0,22050629556179	
181,25	0,938670933246613	181,25	-0,218070238828659	
184,375	0,932499647140503	184,375	-0,219254106283188	
187,5	0,92385721206665	187,5	-0,229477867484093	
190,625	0,924259424209595	190,625	-0,225814938545227	
193,75	0,919570028781891	193,75	-0,238358929753304	
196,875	0,92326021194458	196,875	-0,234389185905457	
200	0,93065083026886	200	-0,235211163759232	
203,125	0,935030519962311	203,125	-0,235484853386879	
206,25	0,921657264232636	206,25	-0,25470158457756	
209,375	0,920909106731415	209,375	-0,24912440776825	
212,5	0,929786860942841	212,5	-0,244094476103783	
215,625	0,914283394813538	215,625	-0,259565532207489	
218,75	0,919005751609802	218,75	-0,252124309539795	
221,875	0,914528429508209	221,875	-0,261630088090897	
225	0,909799098968506	225	-0,261414229869843	
228,125	0,907194375991821	228,125	-0,264812797307968	
231,25	0,907517075538635	231,25	-0,266630440950394	
234,375	0,903293430805206	234,375	-0,270552307367325	
237,5	0,910696566104889	237,5	-0,270845800638199	
240,625	0,908480823040009	240,625	-0,287459999322891	
243,75	0,906771004199982	243,75	-0,282599568367004	
246,875	0,897160947322845	246,875	-0,283108621835709	
250	0,894656717777252	250	-0,28507599234581	
253,125	0,898676455020905	253,125	-0,290274739265442	
256,25	0,893932402133942	256,25	-0,297125369310379	
259,375	0,888986110687256	259,375	-0,29316058754921	
262,5	0,891506373882294	262,5	-0,301484405994415	
265,625	0,892578065395355	265,625	-0,308872491121292	
268,75	0,889810621738434	268,75	-0,304806232452393	
271,875	0,88456803560257	271,875	-0,312892496585846	
275	0,888050317764282	275	-0,315115004777908	
278,125	0,88032329082489	278,125	-0,319988697767258	
281,25	0,880141079425812	281,25	-0,31974321603775	
284,375	0,8790562748909	284,375	-0,322297722101212	
287,5	0,888126075267792	287,5	-0,320144653320313	
290,625	0,871450126171112	290,625	-0,340275794267654	
293,75	0,874158799648285	293,75	-0,340429425239563	
296,875	0,869596779346466	296,875	-0,342602282762527	
300	0,864997446537018	300	-0,346162706613541	
303,125	0,861599743366241	303,125	-0,35349377989769	
306,25	0,855991363525391	306,25	-0,3558229804039	
309,375	0,850365400314331	309,375	-0,355907201766968	
312,5	0,838611721992493	312,5	-0,362698078155518	
315,625	0,829520225524902	315,625	-0,347436308860779	
318,75	0,826639652252197	318,75	-0,350936770439148	
321,875	0,835162878036499	321,875	-0,344194859266281	
325	0,837746500968933	325	-0,33965739607811	
328,125	0,83532726764679	328,125	-0,336217671632767	
331,25	0,844064950942993	331,25	-0,351804345846176	
334,375	0,844757795333862	334,375	-0,354291379451752	
337,5	0,842121839523315	337,5	-0,351964712142944	
340,625	0,844451487064362	340,625	-0,358635038137436	
343,75	0,838191866874695	343,75	-0,366757333278656	
346,875	0,838913857936859	346,875	-0,36873385310173	
350	0,836494743824005	350	-0,368098229169846	
353,125	0,837625861167908	353,125	-0,370165586471558	
356,25	0,839570045471191	356,25	-0,380226641893387	
359,375	0,833224236965179	359,375	-0,390553712844849	
362,5	0,829393446445465	362,5	-0,389372587203979	
365,625	0,820961356163025	365,625	-0,385730743408203	
368,75	0,829103171825409	368,75	-0,392301172018051	
371,875	0,838879704475403	371,875	-0,403022527694702	
375	0,804837465286255	375	-0,393848389387131	
378,125	0,8080033659935	378,125	-0,401740193367004	
381,25	0,823153495788574	381,25	-0,398187279701233	
384,375	0,803038358688354	384,375	-0,400034427642822	
387,5	0,800296247005463	387,5	-0,416615605354309	
390,625	0,802651524543762	390,625	-0,425293862819672	
393,75	0,815548658370972	393,75	-0,411461383104324	
396,875	0,814414501190186	396,875	-0,411568403244019	
400	0,812413215637207	400	-0,410442680120468	
403,125	0,810633301734924	403,125	-0,412098228931427	
406,25	0,799173295497894	406,25	-0,417588979005814	
409,375	0,782607197761536	409,375	-0,425503462553024	
412,5	0,775742292404175	412,5	-0,435584187507629	
415,625	0,791493237018585	415,625	-0,439080208539963	
418,75	0,777789115905762	418,75	-0,436084002256393	
421,875	0,775940895080566	421,875	-0,448828458786011	
425	0,776897549629211	425	-0,444162666797638	
428,125	0,78340083360672	428,125	-0,429371267557144	
431,25	0,776443958282471	431,25	-0,449525564908981	
434,375	0,776253819465637	434,375	-0,444876164197922	
437,5	0,775738954544067	437,5	-0,445722252130508	
440,625	0,773234248161316	440,625	-0,443396359682083	
443,75	0,76575493812561	443,75	-0,451248943805695	
446,875	0,763385534286499	446,875	-0,448736697435379	
450	0,775431036949158	450	-0,45197257399559	
453,125	0,773801207542419	453,125	-0,454012483358383	
456,25	0,777468085289001	456,25	-0,459821939468384	
459,375	0,766008675098419	459,375	-0,464470624923706	
462,5	0,755581557750702	462,5	-0,47298726439476	
465,625	0,755639374256134	465,625	-0,475853145122528	
468,75	0,755162954330444	468,75	-0,474680483341217	
471,875	0,744029939174652	471,875	-0,486146748065948	
475	0,741159439086914	475	-0,484309017658234	
478,125	0,741349995136261	478,125	-0,475104779005051	
481,25	0,748258769512177	481,25	-0,477704912424088	
484,375	0,736341655254364	484,375	-0,484169691801071	
487,5	0,737178146839142	487,5	-0,480586409568787	
490,625	0,73316901922226	490,625	-0,484765112400055	
493,75	0,726981163024902	493,75	-0,485442817211151	
496,875	0,725756406784058	496,875	-0,487135320901871	
500	0,728422522544861	500	-0,496463656425476	
503,125	0,723897397518158	503,125	-0,498732030391693	
506,25	0,723574876785278	506,25	-0,498514950275421	
509,375	0,721225202083588	509,375	-0,504865825176239	
512,5	0,713336706161499	512,5	-0,505918025970459	
515,625	0,713548421859741	515,625	-0,501624226570129	
518,75	0,712460994720459	518,75	-0,500790059566498	
521,875	0,706311643123627	521,875	-0,511822104454041	
525	0,702143549919128	525	-0,511157214641571	
528,125	0,706661760807037	528,125	-0,512878954410553	
531,25	0,699592113494873	531,25	-0,515541791915894	
534,375	0,697589933872223	534,375	-0,516202390193939	
537,5	0,694654285907745	537,5	-0,518486440181732	
540,625	0,692591965198517	540,625	-0,520993649959564	
543,75	0,691331326961517	543,75	-0,517368495464325	
546,875	0,68693995475769	546,875	-0,528437554836273	
550	0,684775054454803	550	-0,526652872562408	
553,125	0,679485023021698	553,125	-0,52807480096817	
556,25	0,701466619968414	556,25	-0,500256061553955	
559,375	0,694807648658752	559,375	-0,499629765748978	
562,5	0,69341516494751	562,5	-0,501162230968475	
565,625	0,691082656383514	565,625	-0,504592597484589	
568,75	0,687567412853241	568,75	-0,50469183921814	
571,875	0,685346603393555	571,875	-0,504877090454102	
575	0,683957397937775	575	-0,50830751657486	
578,125	0,680629909038544	578,125	-0,506215929985046	
581,25	0,68026465177536	581,25	-0,510589599609375	
584,375	0,677651345729828	584,375	-0,51408052444458	
587,5	0,676206886768341	587,5	-0,514818608760834	
590,625	0,672254920005798	590,625	-0,515116751194	
593,75	0,669002175331116	593,75	-0,516715228557587	
596,875	0,668607234954834	596,875	-0,517376899719238	
600	0,66412216424942	600	-0,521287143230438	
603,125	0,663316428661346	603,125	-0,520842552185059	
606,25	0,659193277359009	606,25	-0,522704184055328	
609,375	0,659469962120056	609,375	-0,523704588413239	
612,5	0,656579077243805	612,5	-0,525330901145935	
615,625	0,652894794940948	615,625	-0,528079032897949	
618,75	0,651484668254852	618,75	-0,528393626213074	
621,875	0,651103556156158	621,875	-0,528812527656555	
625	0,647126913070679	625	-0,528944611549377	
628,125	0,643419802188873	628,125	-0,532706558704376	
631,25	0,638913571834564	631,25	-0,532146513462067	
634,375	0,636674880981445	634,375	-0,533617377281189	
637,5	0,635542869567871	637,5	-0,535710871219635	
640,625	0,635426759719849	640,625	-0,534698128700256	
643,75	0,630494594573975	643,75	-0,539424121379852	
646,875	0,627383232116699	646,875	-0,538566052913666	
650	0,626552164554596	650	-0,542094826698303	
653,125	0,623342275619507	653,125	-0,541063010692596	
656,25	0,620509326457977	656,25	-0,540923774242401	
659,375	0,616538405418396	659,375	-0,543448567390442	
662,5	0,617474019527435	662,5	-0,544679343700409	
665,625	0,615474879741669	665,625	-0,547297358512878	
668,75	0,611280381679535	668,75	-0,5470370054245	
671,875	0,609907209873199	671,875	-0,545681595802307	
675	0,604730129241943	675	-0,54754650592804	
678,125	0,601216971874237	678,125	-0,548646509647369	
681,25	0,600376963615417	681,25	-0,549416244029999	
684,375	0,599079966545105	684,375	-0,550244867801666	
687,5	0,600378811359406	687,5	-0,552328407764435	
690,625	0,591827630996704	690,625	-0,556915700435638	
693,75	0,593610286712646	693,75	-0,554301738739014	
696,875	0,591728389263153	696,875	-0,555017232894897	
700	0,587065875530243	700	-0,555970072746277	
703,125	0,585485637187958	703,125	-0,557890713214874	
706,25	0,585577487945557	706,25	-0,557378590106964	
709,375	0,582578539848328	709,375	-0,55623722076416	
712,5	0,575592458248138	712,5	-0,560633361339569	
715,625	0,578239679336548	715,625	-0,560242593288422	
718,75	0,577784657478333	718,75	-0,562251806259155	
721,875	0,574408650398254	721,875	-0,561614394187927	
725	0,573921144008636	725	-0,5644611120224	
728,125	0,569909930229187	728,125	-0,563478648662567	
731,25	0,570214033126831	731,25	-0,565237045288086	
734,375	0,568366169929504	734,375	-0,565984010696411	
737,5	0,568927407264709	737,5	-0,56760585308075	
740,625	0,562910914421082	740,625	-0,566575050354004	
743,75	0,558274626731873	743,75	-0,566802263259888	
746,875	0,557757198810577	746,875	-0,573776662349701	
750	0,557318449020386	750	-0,575106263160706	
753,125	0,557856202125549	753,125	-0,573558449745178	
756,25	0,556584894657135	756,25	-0,572907745838165	
759,375	0,556782424449921	759,375	-0,572149872779846	
762,5	0,558954358100891	762,5	-0,574935376644135	
765,625	0,556594669818878	765,625	-0,575729191303253	
768,75	0,552977204322815	768,75	-0,582854568958282	
771,875	0,54851770401001	771,875	-0,583719611167908	
775	0,551309406757355	775	-0,586609125137329	
778,125	0,550565540790558	778,125	-0,589397132396698	
781,25	0,547271311283112	781,25	-0,595583438873291	
784,375	0,542331993579865	784,375	-0,599568843841553	
787,5	0,536629676818848	787,5	-0,605743527412415	
790,625	0,532953083515167	790,625	-0,610594093799591	
793,75	0,529441595077515	793,75	-0,611509799957275	
796,875	0,525885999202728	796,875	-0,616324484348297	
800	0,518571436405182	800	-0,618036329746246	
803,125	0,515552639961243	803,125	-0,619485199451447	
806,25	0,507004678249359	806,25	-0,621054649353027	
809,375	0,490262091159821	809,375	-0,621087789535522	
812,5	0,4958236515522	812,5	-0,618141770362854	
815,625	0,494492262601852	815,625	-0,616562783718109	
818,75	0,484154343605042	818,75	-0,615299105644226	
821,875	0,482589274644852	821,875	-0,612165629863739	
825	0,487685084342957	825	-0,609931170940399	
828,125	0,482217311859131	828,125	-0,609539687633514	
831,25	0,478472799062729	831,25	-0,593020260334015	
834,375	0,466828882694244	834,375	-0,604131102561951	
837,5	0,466790676116943	837,5	-0,610022783279419	
840,625	0,464064836502075	840,625	-0,611067295074463	
843,75	0,458703607320786	843,75	-0,608431220054626	
846,875	0,460202097892761	846,875	-0,610922694206238	
850	0,458596497774124	850	-0,612724363803864	
853,125	0,460080713033676	853,125	-0,610015213489532	
856,25	0,459697782993317	856,25	-0,603545606136322	
859,375	0,45393517613411	859,375	-0,600038290023804	
862,5	0,450888067483902	862,5	-0,603083431720734	
865,625	0,450612932443619	865,625	-0,604060590267181	
868,75	0,450943261384964	868,75	-0,604890525341034	
871,875	0,44594395160675	871,875	-0,606783032417297	
875	0,444127559661865	875	-0,601869404315948	
878,125	0,442482471466064	878,125	-0,605140626430511	
881,25	0,438200354576111	881,25	-0,604526877403259	
884,375	0,466415673494339	884,375	-0,585230469703674	
887,5	0,463109880685806	887,5	-0,582153856754303	
890,625	0,459822416305542	890,625	-0,585143268108368	
893,75	0,459357559680939	893,75	-0,592538297176361	
896,875	0,454123497009277	896,875	-0,593155205249786	
900	0,45386728644371	900	-0,592363715171814	
903,125	0,448311358690262	903,125	-0,591835498809814	
906,25	0,444704562425613	906,25	-0,592665195465088	
909,375	0,443817496299744	909,375	-0,596603512763977	
912,5	0,437474459409714	912,5	-0,599410235881805	
915,625	0,433046728372574	915,625	-0,598116278648376	
918,75	0,429939270019531	918,75	-0,595176696777344	
921,875	0,426615744829178	921,875	-0,592060744762421	
925	0,424488544464111	925	-0,592260420322418	
928,125	0,425108760595322	928,125	-0,594167530536652	
931,25	0,416265308856964	931,25	-0,592849493026733	
934,375	0,414953231811523	934,375	-0,592241764068604	
937,5	0,411703824996948	937,5	-0,591636598110199	
940,625	0,410671830177307	940,625	-0,591002285480499	
943,75	0,40509170293808	943,75	-0,593385100364685	
946,875	0,403055340051651	946,875	-0,593061208724976	
950	0,400982797145844	950	-0,591325700283051	
953,125	0,400335788726807	953,125	-0,590652525424957	
956,25	0,396927058696747	956,25	-0,588781654834747	
959,375	0,392502427101135	959,375	-0,588580191135406	
962,5	0,390269875526428	962,5	-0,590299606323242	
965,625	0,38810122013092	965,625	-0,589605510234833	
968,75	0,388103127479553	968,75	-0,590473115444183	
971,875	0,382751077413559	971,875	-0,589015185832977	
975	0,381510615348816	975	-0,587793588638306	
978,125	0,379300564527512	978,125	-0,587505578994751	
981,25	0,375593096017838	981,25	-0,585986256599426	
984,375	0,374113202095032	984,375	-0,587468028068542	
987,5	0,37170547246933	987,5	-0,58714771270752	
990,625	0,369998037815094	990,625	-0,586004316806793	
993,75	0,366572260856628	993,75	-0,588232636451721	
996,875	0,364851772785187	996,875	-0,587611079216003	
1000	0,361310243606567	1000	-0,588306903839111	
1003,125	0,360000193119049	1003,125	-0,586503803730011	
1006,25	0,357340067625046	1006,25	-0,586095094680786	
1009,375	0,353763669729233	1009,375	-0,586047410964966	
1012,5	0,353056579828262	1012,5	-0,585169553756714	
1015,625	0,352072685956955	1015,625	-0,586017906665802	
1018,75	0,346176862716675	1018,75	-0,58609414100647	
1021,875	0,345731794834137	1021,875	-0,584832668304443	
1025	0,341587692499161	1025	-0,584057569503784	
1028,125	0,340119868516922	1028,125	-0,583802580833435	
1031,25	0,339471966028214	1031,25	-0,584949374198914	
1034,375	0,336135804653168	1034,375	-0,584414660930634	
1037,5	0,333830922842026	1037,5	-0,583393275737762	
1040,625	0,331149727106094	1040,625	-0,583805918693542	
1043,75	0,329801172018051	1043,75	-0,582783937454224	
1046,875	0,328126311302185	1046,875	-0,581269443035126	
1050	0,324084430932999	1050	-0,582619428634644	
1053,125	0,323056071996689	1053,125	-0,583768844604492	
1056,25	0,319213062524796	1056,25	-0,582617163658142	
1059,375	0,319034427404404	1059,375	-0,582232594490051	
1062,5	0,31724026799202	1062,5	-0,583140075206757	
1065,625	0,31228494644165	1065,625	-0,582923591136932	
1068,75	0,311979502439499	1068,75	-0,580183267593384	
1071,875	0,309069156646729	1071,875	-0,57975971698761	
1075	0,307763695716858	1075	-0,580077826976776	
1078,125	0,304556727409363	1078,125	-0,582058072090149	
1081,25	0,298992812633514	1081,25	-0,57843554019928	
1084,375	0,298963785171509	1084,375	-0,57937890291214	
1087,5	0,297514587640762	1087,5	-0,579381048679352	
1090,625	0,2967289686203	1090,625	-0,578167021274567	
1093,75	0,294523119926453	1093,75	-0,578697204589844	
1096,875	0,290257573127747	1096,875	-0,577345311641693	
1100	0,287496238946915	1100	-0,577052712440491	
1103,125	0,285068601369858	1103,125	-0,577267169952393	
1106,25	0,284171909093857	1106,25	-0,574568748474121	
1109,375	0,2804936170578	1109,375	-0,577075660228729	
1112,5	0,280837833881378	1112,5	-0,577319860458374	
1115,625	0,2778260409832	1115,625	-0,573033154010773	
1118,75	0,27509605884552	1118,75	-0,577788352966309	
1121,875	0,274330735206604	1121,875	-0,57583874464035	
1125	0,271567761898041	1125	-0,577008366584778	
1128,125	0,270087450742722	1128,125	-0,577263236045837	
1131,25	0,263774812221527	1131,25	-0,575025498867035	
1134,375	0,264081597328186	1134,375	-0,574349105358124	
1137,5	0,263046026229858	1137,5	-0,57702249288559	
1140,625	0,256117910146713	1140,625	-0,577138900756836	
1143,75	0,256490379571915	1143,75	-0,575363278388977	
1146,875	0,253334939479828	1146,875	-0,57463127374649	
1150	0,247450903058052	1150	-0,571765720844269	
1153,125	0,247970521450043	1153,125	-0,571348488330841	
1156,25	0,248476251959801	1156,25	-0,573629856109619	
1159,375	0,242450773715973	1159,375	-0,574008107185364	
1162,5	0,244615241885185	1162,5	-0,572147965431213	
1165,625	0,239597976207733	1165,625	-0,570080459117889	
1168,75	0,238417118787766	1168,75	-0,569188833236694	
1171,875	0,236307665705681	1171,875	-0,570522546768188	
1175	0,231179609894753	1175	-0,5688756108284	
1178,125	0,229919895529747	1178,125	-0,568986296653748	
1181,25	0,230239078402519	1181,25	-0,568027019500732	
1184,375	0,225355833768845	1184,375	-0,566236138343811	
1187,5	0,221386566758156	1187,5	-0,566468358039856	
1190,625	0,221033468842506	1190,625	-0,565241158008575	
1193,75	0,222981080412865	1193,75	-0,565420866012573	
1196,875	0,219993680715561	1196,875	-0,562025904655457	
1200	0,213030308485031	1200	-0,562617182731628	
1203,125	0,212674736976624	1203,125	-0,561173141002655	
1206,25	0,212932556867599	1206,25	-0,557439208030701	
1209,375	0,205449610948563	1209,375	-0,560208261013031	
1212,5	0,200613349676132	1212,5	-0,560212016105652	
1215,625	0,203278064727783	1215,625	-0,558577477931976	
1218,75	0,198222905397415	1218,75	-0,557543635368347	
1221,875	0,198238953948021	1221,875	-0,555631279945374	
1225	0,198808804154396	1225	-0,556789994239807	
1228,125	0,19035030901432	1228,125	-0,556265830993652	
1231,25	0,191245004534721	1231,25	-0,555578529834747	
1234,375	0,192734330892563	1234,375	-0,555545508861542	
1237,5	0,187253162264824	1237,5	-0,556873977184296	
1240,625	0,18623748421669	1240,625	-0,553196251392365	
1243,75	0,183318421244621	1243,75	-0,55391925573349	
1246,875	0,181794703006744	1246,875	-0,552049994468689	
1250	0,178553089499474	1250	-0,549026668071747	
1253,125	0,175779193639755	1253,125	-0,550682842731476	
1256,25	0,170658677816391	1256,25	-0,548974633216858	
1259,375	0,170625180006027	1259,375	-0,548239409923553	
1262,5	0,171296417713165	1262,5	-0,546927750110626	
1265,625	0,169511064887047	1265,625	-0,546265542507172	
1268,75	0,166598185896873	1268,75	-0,546197772026062	
1271,875	0,164922341704369	1271,875	-0,543364822864532	
1275	0,163314029574394	1275	-0,543765544891357	
1278,125	0,160957917571068	1278,125	-0,542701423168182	
1281,25	0,158673763275146	1281,25	-0,542966067790985	
1284,375	0,158732786774635	1284,375	-0,541501402854919	
1287,5	0,157123178243637	1287,5	-0,542114794254303	
1290,625	0,153022453188896	1290,625	-0,542088747024536	
1293,75	0,153062880039215	1293,75	-0,539435386657715	
1296,875	0,149575382471085	1296,875	-0,537788867950439	
1300	0,148521423339844	1300	-0,541614711284637	
1303,125	0,14597561955452	1303,125	-0,54164069890976	
1306,25	0,145253777503967	1306,25	-0,538461685180664	
1309,375	0,142321690917015	1309,375	-0,5370192527771	
1312,5	0,139986753463745	1312,5	-0,536955296993256	
1315,625	0,139358043670654	1315,625	-0,537399172782898	
1318,75	0,136271148920059	1318,75	-0,534208655357361	
1321,875	0,136076480150223	1321,875	-0,532983601093292	
1325	0,134582161903381	1325	-0,532982051372528	
1328,125	0,131771802902222	1328,125	-0,533210515975952	
1331,25	0,129418268799782	1331,25	-0,531102180480957	
1334,375	0,12512780725956	1334,375	-0,532280325889587	
1337,5	0,12540291249752	1337,5	-0,530844569206238	
1340,625	0,123091526329517	1340,625	-0,528487324714661	
1343,75	0,122809626162052	1343,75	-0,529016435146332	
1346,875	0,1200250685215	1346,875	-0,527100265026093	
1350	0,1178839802742	1350	-0,527589082717896	
1353,125	0,117707386612892	1353,125	-0,527588248252869	
1356,25	0,112346678972244	1356,25	-0,529276311397552	
1359,375	0,111733362078667	1359,375	-0,525535404682159	
1362,5	0,109309516847134	1362,5	-0,524472057819366	
1365,625	0,107369765639305	1365,625	-0,524801313877106	
1368,75	0,106207884848118	1368,75	-0,52337521314621	
1371,875	0,102724634110928	1371,875	-0,5230393409729	
1375	0,100597411394119	1375	-0,524611592292786	
1378,125	0,100252635776997	1378,125	-0,52439934015274	
1381,25	0,0938116759061813	1381,25	-0,523327887058258	
1384,375	0,0929803475737572	1384,375	-0,522816181182861	
1387,5	0,0929021015763283	1387,5	-0,520879030227661	
1390,625	0,0906371176242828	1390,625	-0,517974436283112	
1393,75	0,0878068655729294	1393,75	-0,516389667987823	
1396,875	0,0854814797639847	1396,875	-0,516007423400879	
1400	0,0840527638792992	1400	-0,513503968715668	
1403,125	0,081958219408989	1403,125	-0,514117658138275	
1406,25	0,0796507894992828	1406,25	-0,514482080936432	
1409,375	0,0762861296534538	1409,375	-0,512788772583008	
1412,5	0,0756586790084839	1412,5	-0,510666847229004	
1415,625	0,072531521320343	1415,625	-0,510062158107758	
1418,75	0,0711341425776482	1418,75	-0,50968599319458	
1421,875	0,0701222270727158	1421,875	-0,507763683795929	
1425	0,0689807385206223	1425	-0,507179319858551	
1428,125	0,0636438056826591	1428,125	-0,506767272949219	
1431,25	0,0641699731349945	1431,25	-0,50502222776413	
1434,375	0,0622109994292259	1434,375	-0,503269553184509	
1437,5	0,0593203455209732	1437,5	-0,499715149402618	
1440,625	0,061228197067976	1440,625	-0,500709354877472	
1443,75	0,053345050662756	1443,75	-0,499825835227966	
1446,875	0,0550024323165417	1446,875	-0,497659534215927	
1450	0,0527303032577038	1450	-0,496170282363892	
1453,125	0,0513032712042332	1453,125	-0,49501046538353	
1456,25	0,0479909889400005	1456,25	-0,494017362594604	
1459,375	0,0474555343389511	1459,375	-0,492501735687256	
1462,5	0,0467792674899101	1462,5	-0,49002668261528	
1465,625	0,0447838753461838	1465,625	-0,490665018558502	
1468,75	0,0410535112023354	1468,75	-0,488157898187637	
1471,875	0,038875874131918	1471,875	-0,487811744213104	
1475	0,0386852510273457	1475	-0,487927734851837	
1478,125	0,0362967513501644	1478,125	-0,486088335514069	
1481,25	0,0360607318580151	1481,25	-0,483451545238495	
1484,375	0,0317420773208141	1484,375	-0,482025861740112	
1487,5	0,0301043018698692	1487,5	-0,484465062618256	
1490,625	0,028307294473052	1490,625	-0,482561558485031	
1493,75	0,0260594971477985	1493,75	-0,481973230838776	
1496,875	0,0268087033182383	1496,875	-0,481474488973618	
1500	0,0209481064230204	1500	-0,479443818330765	
1503,125	0,0197065006941557	1503,125	-0,476663649082184	
1506,25	0,020008372142911	1506,25	-0,474348485469818	
1509,375	0,0146409915760159	1509,375	-0,474236637353897	
1512,5	0,0130818225443363	1512,5	-0,472832351922989	
1515,625	0,0110614188015461	1515,625	-0,472907572984695	
1518,75	0,0106958327814937	1518,75	-0,468599110841751	
1521,875	0,0112023251131177	1521,875	-0,46776419878006	
1525	0,00449549779295921	1525	-0,468349486589432	
1528,125	0,0051532220095396	1528,125	-0,463258236646652	
1531,25	0,00390867656096816	1531,25	-0,462406784296036	
1534,375	0,00253907102160156	1534,375	-0,459390878677368	
1537,5	-0,000497964327223599	1537,5	-0,460257083177567	
1540,625	0,000167391175637022	1540,625	-0,459023833274841	
1543,75	-0,00530584575608373	1543,75	-0,456072509288788	
1546,875	-0,00402987329289317	1546,875	-0,454409301280975	
1550	-0,00711378827691078	1550	-0,453185975551605	
1553,125	-0,00733334617689252	1553,125	-0,452812254428864	
1556,25	-0,00937241408973932	1556,25	-0,449778079986572	
1559,375	-0,0104013849049807	1559,375	-0,448739856481552	
1562,5	-0,0118092503398657	1562,5	-0,447773724794388	
1565,625	-0,0136303342878819	1565,625	-0,443633943796158	
1568,75	-0,0153438374400139	1568,75	-0,445960402488709	
1571,875	-0,0165337435901165	1571,875	-0,442722946405411	
1575	-0,0160962920635939	1575	-0,442509829998016	
1578,125	-0,0172574184834957	1578,125	-0,440380036830902	
1581,25	-0,0206994842737913	1581,25	-0,439648389816284	
1584,375	-0,01935457251966	1584,375	-0,437210589647293	
1587,5	-0,0230665635317564	1587,5	-0,436126261949539	
1590,625	-0,0266612228006125	1590,625	-0,436423480510712	
1593,75	-0,0279961228370667	1593,75	-0,434532850980759	
1596,875	-0,0284231789410114	1596,875	-0,432602494955063	
1600	-0,0292985755950212	1600	-0,43279305100441	
1603,125	-0,0307173430919647	1603,125	-0,432360827922821	
1606,25	-0,0329410508275032	1606,25	-0,430722206830978	
1609,375	-0,0318390317261219	1609,375	-0,425356954336166	
1612,5	-0,0344994515180588	1612,5	-0,421584099531174	
1615,625	-0,036469928920269	1615,625	-0,422321140766144	
1618,75	-0,0383034124970436	1618,75	-0,423478752374649	
1621,875	-0,0387462191283703	1621,875	-0,421274423599243	
1625	-0,0411887429654598	1625	-0,419815242290497	
1628,125	-0,0406897068023682	1628,125	-0,41855177283287	
1631,25	-0,0445365980267525	1631,25	-0,416701436042786	
1634,375	-0,0455038473010063	1634,375	-0,4173943400383	
1637,5	-0,0477012284100056	1637,5	-0,416680693626404	
1640,625	-0,0442602187395096	1640,625	-0,411717265844345	
1643,75	-0,0532076433300972	1643,75	-0,408974587917328	
1646,875	-0,0513340272009373	1646,875	-0,410682559013367	
1650	-0,0531484521925449	1650	-0,411199510097504	
1653,125	-0,0544456765055656	1653,125	-0,407950907945633	
1656,25	-0,0555847436189651	1656,25	-0,406818062067032	
1659,375	-0,0559628084301949	1659,375	-0,406018823385239	
1662,5	-0,0570724569261074	1662,5	-0,404181391000748	
1665,625	-0,0615620464086533	1665,625	-0,403556615114212	
1668,75	-0,0619243532419205	1668,75	-0,402433663606644	
1671,875	-0,0636486485600472	1671,875	-0,401480853557587	
1675	-0,0651549994945526	1675	-0,397679626941681	
1678,125	-0,0679617375135422	1678,125	-0,396229028701782	
1681,25	-0,0669437274336815	1681,25	-0,396188497543335	
1684,375	-0,0698523968458176	1684,375	-0,390204817056656	
1687,5	-0,0711726918816566	1687,5	-0,389788955450058	
1690,625	-0,0717841610312462	1690,625	-0,388182640075684	
1693,75	-0,0712047144770622	1693,75	-0,385384321212769	
1696,875	-0,0753687769174576	1696,875	-0,38554111123085	
1700	-0,0759548097848892	1700	-0,384029000997543	
1703,125	-0,0773216560482979	1703,125	-0,384043991565704	
1706,25	-0,0787711590528488	1706,25	-0,381851255893707	
1709,375	-0,0807181671261787	1709,375	-0,378421127796173	
1712,5	-0,0811835825443268	1712,5	-0,377639263868332	
1715,625	-0,0827290341258049	1715,625	-0,375643461942673	
1718,75	-0,0841603726148605	1718,75	-0,376251697540283	
1721,875	-0,0860152021050453	1721,875	-0,374725788831711	
1725	-0,0889020785689354	1725	-0,370911002159119	
1728,125	-0,0887154117226601	1728,125	-0,371224701404572	
1731,25	-0,0892486944794655	1731,25	-0,370550483465195	
1734,375	-0,0921626165509224	1734,375	-0,369771957397461	
1737,5	-0,0922598540782928	1737,5	-0,366558343172073	
1740,625	-0,091905415058136	1740,625	-0,366522818803787	
1743,75	-0,0952425897121429	1743,75	-0,361687511205673	
1746,875	-0,0950760319828987	1746,875	-0,360218435525894	
1750	-0,0955520793795586	1750	-0,360227733850479	
1753,125	-0,0984052568674088	1753,125	-0,358681619167328	
1756,25	-0,100941278040409	1756,25	-0,356713622808456	
1759,375	-0,0997451320290565	1759,375	-0,356874257326126	
1762,5	-0,102184861898422	1762,5	-0,354556113481522	
1765,625	-0,104252696037292	1765,625	-0,352636218070984	
1768,75	-0,105495862662792	1768,75	-0,349662452936172	
1771,875	-0,106088273227215	1771,875	-0,34936511516571	
1775	-0,106482796370983	1775	-0,348156481981277	
1778,125	-0,108954831957817	1778,125	-0,34670689702034	
1781,25	-0,109998054802418	1781,25	-0,343715369701386	
1784,375	-0,111335098743439	1784,375	-0,34301769733429	
1787,5	-0,113549336791039	1787,5	-0,343764156103134	
1790,625	-0,114487774670124	1790,625	-0,339122116565704	
1793,75	-0,118086248636246	1793,75	-0,338864415884018	
1796,875	-0,116964168846607	1796,875	-0,337579071521759	
1800	-0,115917220711708	1800	-0,335171014070511	
1803,125	-0,120825171470642	1803,125	-0,332724630832672	
1806,25	-0,11985294520855	1806,25	-0,330519795417786	
1809,375	-0,121096849441528	1809,375	-0,328017503023148	
1812,5	-0,119987241923809	1812,5	-0,328559637069702	
1815,625	-0,125117927789688	1815,625	-0,325671583414078	
1818,75	-0,123257182538509	1818,75	-0,322700321674347	
1821,875	-0,124894052743912	1821,875	-0,321531116962433	
1825	-0,126120671629906	1825	-0,320904046297073	
1828,125	-0,126859918236732	1828,125	-0,319841831922531	
1831,25	-0,126260668039322	1831,25	-0,317314445972443	
1834,375	-0,128078028559685	1834,375	-0,31485989689827	
1837,5	-0,128895074129105	1837,5	-0,313743978738785	
1840,625	-0,131947085261345	1840,625	-0,31411224603653	
1843,75	-0,132653713226318	1843,75	-0,311679631471634	
1846,875	-0,134430080652237	1846,875	-0,310321897268295	
1850	-0,134225159883499	1850	-0,308971971273422	
1853,125	-0,135167106986046	1853,125	-0,30823141336441	
1856,25	-0,134354040026665	1856,25	-0,30499929189682	
1859,375	-0,13603138923645	1859,375	-0,303948491811752	
1862,5	-0,13862170279026	1862,5	-0,300713360309601	
1865,625	-0,138413444161415	1865,625	-0,300554811954498	
1868,75	-0,138028994202614	1868,75	-0,299149990081787	
1871,875	-0,140198767185211	1871,875	-0,297642767429352	
1875	-0,141081839799881	1875	-0,297326296567917	
1878,125	-0,141731142997742	1878,125	-0,294505387544632	
1881,25	-0,143765047192574	1881,25	-0,293001532554626	
1884,375	-0,144717201590538	1884,375	-0,29257270693779	
1887,5	-0,145108357071877	1887,5	-0,290686935186386	
1890,625	-0,145086571574211	1890,625	-0,287329256534576	
1893,75	-0,145514279603958	1893,75	-0,285985916852951	
1896,875	-0,146013736724854	1896,875	-0,283935189247131	
1900	-0,147818595170975	1900	-0,283326953649521	
1903,125	-0,148559734225273	1903,125	-0,280872970819473	
1906,25	-0,150752976536751	1906,25	-0,278643548488617	
1909,375	-0,151404216885567	1909,375	-0,278746068477631	
1912,5	-0,151175066828728	1912,5	-0,278400003910065	
1915,625	-0,152807682752609	1915,625	-0,275670737028122	
1918,75	-0,154642835259438	1918,75	-0,273170530796051	
1921,875	-0,155090659856796	1921,875	-0,274161577224731	
1925	-0,156867638230324	1925	-0,273937731981277	
1928,125	-0,157348677515984	1928,125	-0,269935518503189	
1931,25	-0,157518744468689	1931,25	-0,268661648035049	
1934,375	-0,159242793917656	1934,375	-0,267093986272812	
1937,5	-0,160168439149857	1937,5	-0,266198754310608	
1940,625	-0,161384850740433	1940,625	-0,264344602823257	
1943,75	-0,162916466593742	1943,75	-0,261818289756775	
1946,875	-0,163536474108696	1946,875	-0,259982168674469	
1950	-0,163900792598724	1950	-0,258862942457199	
1953,125	-0,167211830615997	1953,125	-0,256786733865738	
1956,25	-0,167095452547073	1956,25	-0,255958288908005	
1959,375	-0,167980596423149	1959,375	-0,254556059837341	
1962,5	-0,169322311878204	1962,5	-0,254995793104172	
1965,625	-0,169066831469536	1965,625	-0,252578765153885	
1968,75	-0,170179590582848	1968,75	-0,25131094455719	
1971,875	-0,17065766453743	1971,875	-0,247617766261101	
1975	-0,17091765999794	1975	-0,245565339922905	
1978,125	-0,174086406826973	1978,125	-0,24428354203701	
1981,25	-0,172174230217934	1981,25	-0,244623079895973	
1984,375	-0,173347726464272	1984,375	-0,241053014993668	
1987,5	-0,173956513404846	1987,5	-0,239368677139282	
1990,625	-0,176349103450775	1990,625	-0,238089039921761	
1993,75	-0,177059918642044	1993,75	-0,235827624797821	
1996,875	-0,178015738725662	1996,875	-0,23541559278965	
2000	-0,179541081190109	2000	-0,234013691544533	
2003,125	-0,179972186684608	2003,125	-0,233052641153336	
2006,25	-0,181360587477684	2006,25	-0,230569541454315	
2009,375	-0,180827006697655	2009,375	-0,228000447154045	
2012,5	-0,180989235639572	2012,5	-0,226471692323685	
2015,625	-0,182314738631248	2015,625	-0,224623382091522	
2018,75	-0,182012379169464	2018,75	-0,222421005368233	
2021,875	-0,183562263846397	2021,875	-0,222765520215034	
2025	-0,184762209653854	2025	-0,220802903175354	
2028,125	-0,183859512209892	2028,125	-0,2189020216465	
2031,25	-0,182961568236351	2031,25	-0,215464249253273	
2034,375	-0,186915501952171	2034,375	-0,215245172381401	
2037,5	-0,186284765601158	2037,5	-0,214646264910698	
2040,625	-0,185715362429619	2040,625	-0,209632620215416	
2043,75	-0,185987964272499	2043,75	-0,209352239966393	
2046,875	-0,187217101454735	2046,875	-0,208549693226814	
2050	-0,1892129778862	2050	-0,20701177418232	
2053,125	-0,190161034464836	2053,125	-0,205840185284615	
2056,25	-0,189961060881615	2056,25	-0,203822985291481	
2059,375	-0,190538436174393	2059,375	-0,202358320355415	
2062,5	-0,190896183252335	2062,5	-0,200880095362663	
2065,625	-0,192161455750465	2065,625	-0,198963686823845	
2068,75	-0,192534103989601	2068,75	-0,19840781390667	
2071,875	-0,193466082215309	2071,875	-0,197469368577003	
2075	-0,194240212440491	2075	-0,19531823694706	
2078,125	-0,194194763898849	2078,125	-0,193003833293915	
2081,25	-0,194025456905365	2081,25	-0,191015183925629	
2084,375	-0,196205839514732	2084,375	-0,189515024423599	
2087,5	-0,196701377630234	2087,5	-0,189508512616158	
2090,625	-0,197660624980927	2090,625	-0,187603995203972	
2093,75	-0,197743013501167	2093,75	-0,185346141457558	
2096,875	-0,197280630469322	2096,875	-0,184747979044914	
2100	-0,199196726083755	2100	-0,180766806006432	
2103,125	-0,198187440633774	2103,125	-0,18002188205719	
2106,25	-0,198913872241974	2106,25	-0,178869143128395	
2109,375	-0,200751915574074	2109,375	-0,177395805716515	
2112,5	-0,201532393693924	2112,5	-0,176608130335808	
2115,625	-0,201632857322693	2115,625	-0,174270495772362	
2118,75	-0,20223668217659	2118,75	-0,173059806227684	
2121,875	-0,202285200357437	2121,875	-0,170800417661667	
2125	-0,202699646353722	2125	-0,169173240661621	
2128,125	-0,20382909476757	2128,125	-0,168006017804146	
2131,25	-0,204260751605034	2131,25	-0,166578948497772	
2134,375	-0,205351173877716	2134,375	-0,164434731006622	
2137,5	-0,20596019923687	2137,5	-0,16301129758358	
2140,625	-0,205644905567169	2140,625	-0,16120520234108	
2143,75	-0,205777481198311	2143,75	-0,159655794501305	
2146,875	-0,206674546003342	2146,875	-0,159302085638046	
2150	-0,207973971962929	2150	-0,157072171568871	
2153,125	-0,207600727677345	2153,125	-0,155506864190102	
2156,25	-0,208478718996048	2156,25	-0,154615566134453	
2159,375	-0,208931490778923	2159,375	-0,152291163802147	
2162,5	-0,208121120929718	2162,5	-0,151459246873856	
2165,625	-0,208821624517441	2165,625	-0,148737579584122	
2168,75	-0,210101827979088	2168,75	-0,146368876099586	
2171,875	-0,210647165775299	2171,875	-0,145954117178917	
2175	-0,212436214089394	2175	-0,145117849111557	
2178,125	-0,21212375164032	2178,125	-0,142919152975082	
2181,25	-0,211636781692505	2181,25	-0,14173649251461	
2184,375	-0,2120361328125	2184,375	-0,13933914899826	
2187,5	-0,212436348199844	2187,5	-0,13799387216568	
2190,625	-0,212735235691071	2190,625	-0,137587413191795	
2193,75	-0,214553207159042	2193,75	-0,135677769780159	
2196,875	-0,214584559202194	2196,875	-0,13315361738205	
2200	-0,214388877153397	2200	-0,132269635796547	
2203,125	-0,215246185660362	2203,125	-0,131113857030869	
2206,25	-0,215095043182373	2206,25	-0,129699736833572	
2209,375	-0,215198963880539	2209,375	-0,128079921007156	
2212,5	-0,217507511377335	2212,5	-0,127254262566566	
2215,625	-0,218690276145935	2215,625	-0,125821128487587	
2218,75	-0,218130439519882	2218,75	-0,123915992677212	
2221,875	-0,21720016002655	2221,875	-0,122365742921829	
2225	-0,218443766236305	2225	-0,120109252631664	
2228,125	-0,219360858201981	2228,125	-0,118670634925365	
2231,25	-0,218982055783272	2231,25	-0,117260411381721	
2234,375	-0,219258323311806	2234,375	-0,115441061556339	
2237,5	-0,220115005970001	2237,5	-0,115147687494755	
2240,625	-0,222231715917587	2240,625	-0,113153681159019	
2243,75	-0,222574397921562	2243,75	-0,112027987837791	
2246,875	-0,222399398684502	2246,875	-0,110682152211666	
2250	-0,222008928656578	2250	-0,10845872759819	
2253,125	-0,222539991140366	2253,125	-0,107211120426655	
2256,25	-0,221874505281448	2256,25	-0,104903377592564	
2259,375	-0,222774341702461	2259,375	-0,103422917425632	
2262,5	-0,223517328500748	2262,5	-0,10228331387043	
2265,625	-0,223930940032005	2265,625	-0,100472532212734	
2268,75	-0,223117560148239	2268,75	-0,0985593274235725	
2271,875	-0,224267974495888	2271,875	-0,0971259549260139	
2275	-0,225180551409721	2275	-0,0950639024376869	
2278,125	-0,225304767489433	2278,125	-0,0935049578547478	
2281,25	-0,225331261754036	2281,25	-0,0927034243941307	
2284,375	-0,225566238164902	2284,375	-0,0914604365825653	
2287,5	-0,227113977074623	2287,5	-0,0892054960131645	
2290,625	-0,226133421063423	2290,625	-0,0876169875264168	
2293,75	-0,225262179970741	2293,75	-0,0865159779787064	
2296,875	-0,22734060883522	2296,875	-0,0851077735424042	
2300	-0,227716982364655	2300	-0,0825647637248039	
2303,125	-0,227205112576485	2303,125	-0,0811447575688362	
2306,25	-0,22749862074852	2306,25	-0,0796195343136787	
2309,375	-0,228038921952248	2309,375	-0,0789921581745148	
2312,5	-0,22752171754837	2312,5	-0,0774891823530197	
2315,625	-0,227607622742653	2315,625	-0,0757724642753601	
2318,75	-0,228199794888496	2318,75	-0,073263056576252	
2321,875	-0,226818680763245	2321,875	-0,0717615634202957	
2325	-0,228534489870071	2325	-0,0704806596040726	
2328,125	-0,228734254837036	2328,125	-0,0700744763016701	
2331,25	-0,228762492537498	2331,25	-0,0689909607172012	
2334,375	-0,230015084147453	2334,375	-0,0675250440835953	
2337,5	-0,229668736457825	2337,5	-0,0656722113490105	
2340,625	-0,228107392787933	2340,625	-0,0640305057168007	
2343,75	-0,23030312359333	2343,75	-0,0619804002344608	
2346,875	-0,23008605837822	2346,875	-0,0606442205607891	
2350	-0,230660960078239	2350	-0,0599435269832611	
2353,125	-0,231384873390198	2353,125	-0,0577650219202042	
2356,25	-0,23113676905632	2356,25	-0,0569376796483994	
2359,375	-0,230461582541466	2359,375	-0,0561128668487072	
2362,5	-0,231752976775169	2362,5	-0,053855549544096	
2365,625	-0,230905443429947	2365,625	-0,0513735339045525	
2368,75	-0,230764374136925	2368,75	-0,0513107292354107	
2371,875	-0,228658080101013	2371,875	-0,0507968664169312	
2375	-0,229747965931892	2375	-0,0483715869486332	
2378,125	-0,230642378330231	2378,125	-0,0460694879293442	
2381,25	-0,231725364923477	2381,25	-0,0443158634006977	
2384,375	-0,232551604509354	2384,375	-0,0436266139149666	
2387,5	-0,230734840035439	2387,5	-0,042251318693161	
2390,625	-0,231331035494804	2390,625	-0,0410304367542267	
2393,75	-0,232366651296616	2393,75	-0,0402686856687069	
2396,875	-0,232943087816238	2396,875	-0,0377664119005203	
2400	-0,232514277100563	2400	-0,0365308411419392	
2403,125	-0,232987090945244	2403,125	-0,0351160690188408	
2406,25	-0,233587607741356	2406,25	-0,0337881930172443	
2409,375	-0,233266174793243	2409,375	-0,0319270268082619	
2412,5	-0,232511460781097	2412,5	-0,0321037732064724	
2415,625	-0,23199188709259	2415,625	-0,0288971439003944	
2418,75	-0,232694521546364	2418,75	-0,0281175579875708	
2421,875	-0,233496055006981	2421,875	-0,0271203462034464	
2425	-0,232762262225151	2425	-0,0256634373217821	
2428,125	-0,233001753687859	2428,125	-0,0235361810773611	
2431,25	-0,233626440167427	2431,25	-0,0227358117699623	
2434,375	-0,232691764831543	2434,375	-0,0207761079072952	
2437,5	-0,233422994613647	2437,5	-0,0199604090303183	
2440,625	-0,233422562479973	2440,625	-0,0193526763468981	
2443,75	-0,233196660876274	2443,75	-0,0166682712733746	
2446,875	-0,232933282852173	2446,875	-0,0154216010123491	
2450	-0,23413710296154	2450	-0,0141668375581503	
2453,125	-0,233846008777618	2453,125	-0,0128307808190584	
2456,25	-0,233641818165779	2456,25	-0,0115092461928725	
2459,375	-0,234026536345482	2459,375	-0,0106770023703575	
2462,5	-0,23341366648674	2462,5	-0,00867174938321114	
2465,625	-0,233744323253632	2465,625	-0,00743201142176986	
2468,75	-0,233659133315086	2468,75	-0,0071040578186512	
2471,875	-0,233318150043488	2471,875	-0,00407335767522454	
2475	-0,234173327684402	2475	-0,00381530285812914	
2478,125	-0,235196858644485	2478,125	-0,00154238508548588	
2481,25	-0,234587997198105	2481,25	-0,00164127629250288	
2484,375	-0,234022676944733	2484,375	0,000818033237010241	
2487,5	-0,235427469015121	2487,5	0,00374848721548915	
2490,625	-0,234543889760971	2490,625	0,00373784825205803	
2493,75	-0,233388319611549	2493,75	0,00461278716102242	
2496,875	-0,233230084180832	2496,875	0,00540262786671519	
2500	-0,23483918607235	2500	0,0068355854600668	
2503,125	-0,234359756112099	2503,125	0,00961284060031176	
2506,25	-0,235498413443565	2506,25	0,0107440697029233	
2509,375	-0,234722405672073	2509,375	0,0116964178159833	
2512,5	-0,234525844454765	2512,5	0,0128365978598595	
2515,625	-0,233317837119102	2515,625	0,0140106296166778	
2518,75	-0,233901873230934	2518,75	0,0154657624661922	
2521,875	-0,233850404620171	2521,875	0,0165956132113934	
2525	-0,233949199318886	2525	0,0195545814931393	
2528,125	-0,232801362872124	2528,125	0,0186609048396349	
2531,25	-0,232273697853088	2531,25	0,020390247926116	
2534,375	-0,232979014515877	2534,375	0,0210622921586037	
2537,5	-0,232422977685928	2537,5	0,0242270659655333	
2540,625	-0,231302738189697	2540,625	0,0233259350061417	
2543,75	-0,230922147631645	2543,75	0,0253417007625103	
2546,875	-0,232710584998131	2546,875	0,0268631912767887	
2550	-0,233279511332512	2550	0,0279981847852468	
2553,125	-0,23282191157341	2553,125	0,0298637524247169	
2556,25	-0,232961297035217	2556,25	0,0307757072150707	
2559,375	-0,23232564330101	2559,375	0,031985267996788	
2562,5	-0,231658712029457	2562,5	0,0332200415432453	
2565,625	-0,231973737478256	2565,625	0,0339803174138069	
2568,75	-0,232448309659958	2568,75	0,0352632440626621	
2571,875	-0,232752859592438	2571,875	0,0370150581002235	
2575	-0,232145369052887	2575	0,038108829408884	
2578,125	-0,229417890310287	2578,125	0,0393185876309872	
2581,25	-0,231280982494354	2581,25	0,0404450669884682	
2584,375	-0,230363145470619	2584,375	0,0421620421111584	
2587,5	-0,230676770210266	2587,5	0,0433434769511223	
2590,625	-0,230039179325104	2590,625	0,0442297160625458	
2593,75	-0,229600936174393	2593,75	0,0459134019911289	
2596,875	-0,230858117341995	2596,875	0,0470893606543541	
2600	-0,229783654212952	2600	0,0483461990952492	
2603,125	-0,229093953967094	2603,125	0,0504643768072128	
2606,25	-0,228491991758347	2606,25	0,0503923632204533	
2609,375	-0,229486495256424	2609,375	0,0525652840733528	
2612,5	-0,229030698537827	2612,5	0,0539758205413818	
2615,625	-0,227671071887016	2615,625	0,0555252358317375	
2618,75	-0,228477463126183	2618,75	0,0561788268387318	
2621,875	-0,227097690105438	2621,875	0,0573026202619076	
2625	-0,226043209433556	2625	0,0572428032755852	
2628,125	-0,226052522659302	2628,125	0,0587628148496151	
2631,25	-0,225101947784424	2631,25	0,0607988126575947	
2634,375	-0,224394544959068	2634,375	0,0605733171105385	
2637,5	-0,22386109828949	2637,5	0,0629093125462532	
2640,625	-0,224560752511024	2640,625	0,0640255063772202	
2643,75	-0,225119858980179	2643,75	0,0650580450892448	
2646,875	-0,226264476776123	2646,875	0,0644897297024727	
2650	-0,224001690745354	2650	0,0696512535214424	
2653,125	-0,224156439304352	2653,125	0,0688085183501244	
2656,25	-0,224627017974854	2656,25	0,070162296295166	
2659,375	-0,223917782306671	2659,375	0,0712800398468971	
2662,5	-0,22338779270649	2662,5	0,0715627521276474	
2665,625	-0,222479492425919	2665,625	0,0732061192393303	
2668,75	-0,220569148659706	2668,75	0,0735592469573021	
2671,875	-0,222313538193703	2671,875	0,0754131972789764	
2675	-0,222885325551033	2675	0,0766945332288742	
2678,125	-0,22203417122364	2678,125	0,0773046314716339	
2681,25	-0,222058728337288	2681,25	0,0792630761861801	
2684,375	-0,221707388758659	2684,375	0,081227108836174	
2687,5	-0,22152915596962	2687,5	0,0810171738266945	
2690,625	-0,220505610108376	2690,625	0,0840608552098274	
2693,75	-0,220898225903511	2693,75	0,0842956975102425	
2696,875	-0,21893672645092	2696,875	0,0849706530570984	
2700	-0,21872889995575	2700	0,0857589095830917	
2703,125	-0,218027874827385	2703,125	0,0879699140787125	
2706,25	-0,217035800218582	2706,25	0,0884265154600143	
2709,375	-0,217422142624855	2709,375	0,0898666530847549	
2712,5	-0,21839015185833	2712,5	0,0909905955195427	
2715,625	-0,216952696442604	2715,625	0,0927202925086021	
2718,75	-0,215503484010696	2718,75	0,0934288278222084	
2721,875	-0,214845985174179	2721,875	0,093894325196743	
2725	-0,215205192565918	2725	0,0958506241440773	
2728,125	-0,214496806263924	2728,125	0,0975718274712563	
2731,25	-0,214327365159988	2731,25	0,0977997183799744	
2734,375	-0,213062226772308	2734,375	0,098213404417038	
2737,5	-0,211966663599014	2737,5	0,0997114852070808	
2740,625	-0,212520331144333	2740,625	0,100234337151051	
2743,75	-0,213558882474899	2743,75	0,102114848792553	
2746,875	-0,212191015481949	2746,875	0,102961696684361	
2750	-0,20922814309597	2750	0,103460282087326	
2753,125	-0,209815219044685	2753,125	0,10447634011507	
2756,25	-0,209079220890999	2756,25	0,107182115316391	
2759,375	-0,209251269698143	2759,375	0,106999948620796	
2762,5	-0,207547783851624	2762,5	0,107649564743042	
2765,625	-0,208224564790726	2765,625	0,10807803273201	
2768,75	-0,208669394254684	2768,75	0,110427722334862	
2771,875	-0,206451132893562	2771,875	0,110827632248402	
2775	-0,205587357282639	2775	0,112080328166485	
2778,125	-0,204854235053062	2778,125	0,112613767385483	
2781,25	-0,204678773880005	2781,25	0,113897509872913	
2784,375	-0,203924641013145	2784,375	0,113642267882824	
2787,5	-0,202785596251488	2787,5	0,113791413605213	
2790,625	-0,202603369951248	2790,625	0,11601097881794	
2793,75	-0,202575892210007	2793,75	0,116654276847839	
2796,875	-0,202472597360611	2796,875	0,1174376308918	
2800	-0,202786594629288	2800	0,118788868188858	
2803,125	-0,203631773591042	2803,125	0,120230138301849	
2806,25	-0,200609296560287	2806,25	0,120545245707035	
2809,375	-0,201571583747864	2809,375	0,121130667626858	
2812,5	-0,200975060462952	2812,5	0,123121194541454	
2815,625	-0,199885159730911	2815,625	0,123556479811668	
2818,75	-0,19892306625843	2818,75	0,123914785683155	
2821,875	-0,198722392320633	2821,875	0,125254392623901	
2825	-0,197786211967468	2825	0,124685354530811	
2828,125	-0,197640880942345	2828,125	0,125902146100998	
2831,25	-0,196362137794495	2831,25	0,128724917769432	
2834,375	-0,196126669645309	2834,375	0,128569751977921	
2837,5	-0,197804182767868	2837,5	0,13060574233532	
2840,625	-0,197381988167763	2840,625	0,131305143237114	
2843,75	-0,195696532726288	2843,75	0,130561217665672	
2846,875	-0,194894790649414	2846,875	0,133161559700966	
2850	-0,194516807794571	2850	0,133068054914474	
2853,125	-0,193447023630142	2853,125	0,133702099323273	
2856,25	-0,194277241826057	2856,25	0,135075196623802	
2859,375	-0,192749112844467	2859,375	0,135956063866615	
2862,5	-0,193083494901657	2862,5	0,136840358376503	
2865,625	-0,19169257581234	2865,625	0,13806289434433	
2868,75	-0,192321270704269	2868,75	0,138889998197556	
2871,875	-0,193420141935349	2871,875	0,140042692422867	
2875	-0,19157749414444	2875	0,141198486089706	
2878,125	-0,191223070025444	2878,125	0,142271175980568	
2881,25	-0,191082492470741	2881,25	0,143347948789597	
2884,375	-0,189991667866707	2884,375	0,144207343459129	
2887,5	-0,190377563238144	2887,5	0,145605489611626	
2890,625	-0,190485611557961	2890,625	0,148123905062675	
2893,75	-0,18994913995266	2893,75	0,148390054702759	
2896,875	-0,189018502831459	2896,875	0,148454293608665	
2900	-0,189113527536392	2900	0,149242490530014	
2903,125	-0,18867053091526	2903,125	0,150563091039658	
2906,25	-0,186689496040344	2906,25	0,151380404829979	
2909,375	-0,187405288219452	2909,375	0,152664437890053	
2912,5	-0,186338543891907	2912,5	0,152949750423431	
2915,625	-0,185441434383392	2915,625	0,15443454682827	
2918,75	-0,18498095870018	2918,75	0,155972614884377	
2921,875	-0,185944005846977	2921,875	0,156130895018578	
2925	-0,186497032642365	2925	0,157875642180443	
2928,125	-0,184564858675003	2928,125	0,158488571643829	
2931,25	-0,183314368128777	2931,25	0,159412324428558	
2934,375	-0,184167996048927	2934,375	0,161027982831001	
2937,5	-0,183507218956947	2937,5	0,162341177463531	
2940,625	-0,182227209210396	2940,625	0,162277609109879	
2943,75	-0,181546896696091	2943,75	0,163590535521507	
2946,875	-0,181826025247574	2946,875	0,165854662656784	
2950	-0,182153970003128	2950	0,166360184550285	
2953,125	-0,181487292051315	2953,125	0,167957037687302	
2956,25	-0,182777166366577	2956,25	0,168916836380959	
2959,375	-0,181422635912895	2959,375	0,170942425727844	
2962,5	-0,179443880915642	2962,5	0,171262219548225	
2965,625	-0,17983104288578	2965,625	0,172371044754982	
2968,75	-0,180168598890305	2968,75	0,174433201551437	
2971,875	-0,179782226681709	2971,875	0,175772860646248	
2975	-0,179236516356468	2975	0,175942093133926	
2978,125	-0,17911984026432	2978,125	0,177213549613953	
2981,25	-0,177438616752625	2981,25	0,178158864378929	
2984,375	-0,17800809442997	2984,375	0,179900035262108	
2987,5	-0,177770018577576	2987,5	0,181077092885971	
2990,625	-0,17631234228611	2990,625	0,182336211204529	
2993,75	-0,176788628101349	2993,75	0,182738944888115	
2996,875	-0,176101312041283	2996,875	0,18390379846096	
3000	-0,173860669136047	3000	0,187189608812332	
3003,125	-0,176474690437317	3003,125	0,188784822821617	
3006,25	-0,175638154149055	3006,25	0,189656168222427	
3009,375	-0,174128293991089	3009,375	0,190377369523048	
3012,5	-0,172885239124298	3012,5	0,192067191004753	
3015,625	-0,172587931156158	3015,625	0,194966927170753	
3018,75	-0,173543319106102	3018,75	0,19470040500164	
3021,875	-0,171998783946037	3021,875	0,196950122714043	
3025	-0,171077102422714	3025	0,19867031276226	
3028,125	-0,171184435486794	3028,125	0,199701577425003	
3031,25	-0,171756654977798	3031,25	0,203871116042137	
3034,375	-0,169375941157341	3034,375	0,202605232596397	
3037,5	-0,167128562927246	3037,5	0,207770377397537	
3040,625	-0,166644617915154	3040,625	0,208790838718414	
3043,75	-0,165922746062279	3043,75	0,209583431482315	
3046,875	-0,165352135896683	3046,875	0,212580934166908	
3050	-0,161689251661301	3050	0,212518662214279	
3053,125	-0,159487694501877	3053,125	0,214910894632339	
3056,25	-0,15794949233532	3056,25	0,215830221772194	
3059,375	-0,157499313354492	3059,375	0,217814296483994	
3062,5	-0,155502513051033	3062,5	0,217444255948067	
3065,625	-0,154395833611488	3065,625	0,216284528374672	
3068,75	-0,153082460165024	3068,75	0,217737525701523	
3071,875	-0,152196899056435	3071,875	0,218505427241325	
3075	-0,150998711585999	3075	0,219591334462166	
3078,125	-0,149354338645935	3078,125	0,219395726919174	
3081,25	-0,148125842213631	3081,25	0,219989195466042	
3084,375	-0,148420780897141	3084,375	0,220269292593002	
3087,5	-0,148065462708473	3087,5	0,219791933894157	
3090,625	-0,148452058434486	3090,625	0,221839189529419	
3093,75	-0,1478301435709	3093,75	0,224083483219147	
3096,875	-0,146930158138275	3096,875	0,223399266600609	
3100	-0,143044054508209	3100	0,224791005253792	
3103,125	-0,142089664936066	3103,125	0,225549176335335	
3106,25	-0,141660928726196	3106,25	0,225992381572723	
3109,375	-0,140598967671394	3109,375	0,227189317345619	
3112,5	-0,141307532787323	3112,5	0,228782132267952	
3115,625	-0,140504285693169	3115,625	0,228063344955444	
3118,75	-0,140182137489319	3118,75	0,230076864361763	
3121,875	-0,141347154974937	3121,875	0,231477439403534	
3125	-0,138536348938942	3125	0,232018783688545	
3128,125	-0,13809435069561	3128,125	0,231714099645615	
3131,25	-0,136789605021477	3131,25	0,232049599289894	
3134,375	-0,135249719023705	3134,375	0,233624517917633	
3137,5	-0,133427336812019	3137,5	0,232426047325134	
3140,625	-0,132692366838455	3140,625	0,234318464994431	
3143,75	-0,133779302239418	3143,75	0,234239414334297	
3146,875	-0,131909221410751	3146,875	0,234166026115417	
3150	-0,130750417709351	3150	0,234530240297318	
3153,125	-0,130464121699333	3153,125	0,235016152262688	
3156,25	-0,12907050549984	3156,25	0,237173423171043	
3159,375	-0,128941684961319	3159,375	0,237584099173546	
3162,5	-0,126919224858284	3162,5	0,235582172870636	
3165,625	-0,127099558711052	3165,625	0,235323339700699	
3168,75	-0,128468409180641	3168,75	0,236769452691078	
3171,875	-0,125915348529816	3171,875	0,23676922917366	
3175	-0,122449822723866	3175	0,238340139389038	
3178,125	-0,121527060866356	3178,125	0,239863976836205	
3181,25	-0,123283348977566	3181,25	0,240040749311447	
3184,375	-0,12530742585659	3184,375	0,238505437970161	
3187,5	-0,127388820052147	3187,5	0,23893915116787	
3190,625	-0,125036060810089	3190,625	0,237430021166801	
3193,75	-0,12478045374155	3193,75	0,236770480871201	
3196,875	-0,122242778539658	3196,875	0,239762991666794	
3200	-0,125686720013618	3200	0,240814805030823	
3203,125	-0,123470120131969	3203,125	0,240510493516922	
3206,25	-0,124538473784924	3206,25	0,240882858633995	
3209,375	-0,125572443008423	3209,375	0,241539508104324	
3212,5	-0,125272557139397	3212,5	0,2430290132761	
3215,625	-0,126095429062843	3215,625	0,242203488945961	
3218,75	-0,127470761537552	3218,75	0,242271438241005	
3221,875	-0,126440584659576	3221,875	0,243200242519379	
3225	-0,123840846121311	3225	0,244945034384727	
3228,125	-0,123782061040401	3228,125	0,24575400352478	
3231,25	-0,125242188572884	3231,25	0,248189508914948	
3234,375	-0,126046746969223	3234,375	0,250910639762878	
3237,5	-0,12637859582901	3237,5	0,250537365674973	
3240,625	-0,126656994223595	3240,625	0,250761747360229	
3243,75	-0,127317041158676	3243,75	0,251621663570404	
3246,875	-0,127462953329086	3246,875	0,25191804766655	
3250	-0,126995414495468	3250	0,251361340284348	
3253,125	-0,125492662191391	3253,125	0,255385667085648	
3256,25	-0,126535266637802	3256,25	0,255145639181137	
3259,375	-0,126905381679535	3259,375	0,25689896941185	
3262,5	-0,12605944275856	3262,5	0,25837042927742	
3265,625	-0,124589487910271	3265,625	0,25870081782341	
3268,75	-0,124961875379086	3268,75	0,261100143194199	
3271,875	-0,124857433140278	3271,875	0,263015389442444	
3275	-0,123214177787304	3275	0,263365089893341	
3278,125	-0,123808212578297	3278,125	0,262377262115479	
3281,25	-0,123667970299721	3281,25	0,265614151954651	
3284,375	-0,123073659837246	3284,375	0,266031920909882	
3287,5	-0,123533561825752	3287,5	0,266943573951721	
3290,625	-0,125399351119995	3290,625	0,267991840839386	
3293,75	-0,122937195003033	3293,75	0,270908445119858	
3296,875	-0,121005155146122	3296,875	0,270137399435043	
3300	-0,121206760406494	3300	0,270732343196869	
3303,125	-0,120628125965595	3303,125	0,272119909524918	
3306,25	-0,120897553861141	3306,25	0,273644804954529	
3309,375	-0,120442904531956	3309,375	0,275507807731628	
3312,5	-0,120804972946644	3312,5	0,275968104600906	
3315,625	-0,119806341826916	3315,625	0,276329725980759	
3318,75	-0,120648503303528	3318,75	0,277118295431137	
3321,875	-0,11914137750864	3321,875	0,279313206672668	
3325	-0,118740275502205	3325	0,280580550432205	
3328,125	-0,118982918560505	3328,125	0,281455218791962	
3331,25	-0,118104711174965	3331,25	0,282431691884995	
3334,375	-0,117007158696651	3334,375	0,283619552850723	
3337,5	-0,116554819047451	3337,5	0,285032421350479	
3340,625	-0,115242302417755	3340,625	0,285797417163849	
3343,75	-0,115446552634239	3343,75	0,286502331495285	
3346,875	-0,113718390464783	3346,875	0,289229273796082	
3350	-0,11413598805666	3350	0,289644837379456	
3353,125	-0,11449046432972	3353,125	0,290001749992371	
3356,25	-0,114159502089024	3356,25	0,28937754034996	
3359,375	-0,113793663680553	3359,375	0,291578233242035	
3362,5	-0,112280070781708	3362,5	0,292493462562561	
3365,625	-0,111943989992142	3365,625	0,292502969503403	
3368,75	-0,110398255288601	3368,75	0,292826473712921	
3371,875	-0,111062496900558	3371,875	0,294206768274307	
3375	-0,111423514783382	3375	0,295339107513428	
3378,125	-0,109042882919312	3378,125	0,297711968421936	
3381,25	-0,109669663012028	3381,25	0,296455383300781	
3384,375	-0,109428122639656	3384,375	0,297163635492325	
3387,5	-0,107868500053883	3387,5	0,297525465488434	
3390,625	-0,108784087002277	3390,625	0,299037605524063	
3393,75	-0,10667160898447	3393,75	0,299613177776337	
3396,875	-0,107055336236954	3396,875	0,300195753574371	
3400	-0,106206685304642	3400	0,301511168479919	
3403,125	-0,106724470853806	3403,125	0,302659630775452	
3406,25	-0,106436125934124	3406,25	0,304211258888245	
3409,375	-0,104897499084473	3409,375	0,304992884397507	
3412,5	-0,105395525693893	3412,5	0,305799186229706	
3415,625	-0,104978039860725	3415,625	0,307923644781113	
3418,75	-0,103450015187263	3418,75	0,307603925466537	
3421,875	-0,103848040103912	3421,875	0,307930171489716	
3425	-0,103435374796391	3425	0,308722108602524	
3428,125	-0,101724743843079	3428,125	0,309420943260193	
3431,25	-0,101273268461227	3431,25	0,309597998857498	
3434,375	-0,100767999887466	3434,375	0,311102509498596	
3437,5	-0,0995220765471458	3437,5	0,312392055988312	
3440,625	-0,0991218835115433	3440,625	0,312944978475571	
3443,75	-0,099884495139122	3443,75	0,313145905733109	
3446,875	-0,0982610732316971	3446,875	0,312884390354156	
3450	-0,0971148908138275	3450	0,313693970441818	
3453,125	-0,097019299864769	3453,125	0,315104573965073	
3456,25	-0,0971076563000679	3456,25	0,317443907260895	
3459,375	-0,09669429063797	3459,375	0,317363232374191	
3462,5	-0,0944013223052025	3462,5	0,317288994789124	
3465,625	-0,0951832458376884	3465,625	0,317632228136063	
3468,75	-0,0955633595585823	3468,75	0,319761127233505	
3471,875	-0,0952524766325951	3471,875	0,319815874099731	
3475	-0,0938216224312782	3475	0,320555984973907	
3478,125	-0,0942188426852226	3478,125	0,32080414891243	
3481,25	-0,0921380892395973	3481,25	0,320098966360092	
3484,375	-0,09178476780653	3484,375	0,3207848072052	
3487,5	-0,0919105112552643	3487,5	0,322405576705933	
3490,625	-0,0907756015658379	3490,625	0,323391973972321	
3493,75	-0,0906698629260063	3493,75	0,324898838996887	
3496,875	-0,0903024673461914	3496,875	0,324333608150482	
3500	-0,0883203521370888	3500	0,32611870765686	
3503,125	-0,0887907668948174	3503,125	0,326290100812912	
3506,25	-0,0888461321592331	3506,25	0,328038185834885	
3509,375	-0,0884982943534851	3509,375	0,327896505594254	
3512,5	-0,0862549692392349	3512,5	0,327399343252182	
3515,625	-0,0855174958705902	3515,625	0,326858401298523	
3518,75	-0,0862798318266869	3518,75	0,328125357627869	
3521,875	-0,0851007550954819	3521,875	0,329303443431854	
3525	-0,0842122733592987	3525	0,330348610877991	
3528,125	-0,0840184912085533	3528,125	0,331273764371872	
3531,25	-0,0835619494318962	3531,25	0,332893639802933	
3534,375	-0,0832170844078064	3534,375	0,332307010889053	
3537,5	-0,0818828493356705	3537,5	0,331440091133118	
3540,625	-0,0812785550951958	3540,625	0,332517474889755	
3543,75	-0,080901250243187	3543,75	0,333457142114639	
3546,875	-0,0810820832848549	3546,875	0,333264231681824	
3550	-0,0794039964675903	3550	0,334247469902039	
3553,125	-0,0796430036425591	3553,125	0,334705919027328	
3556,25	-0,0789301320910454	3556,25	0,335581451654434	
3559,375	-0,0777555257081985	3559,375	0,335791051387787	
3562,5	-0,0775730088353157	3562,5	0,336857199668884	
3565,625	-0,0770963579416275	3565,625	0,336587697267532	
3568,75	-0,0766159668564796	3568,75	0,336568206548691	
3571,875	-0,075285017490387	3571,875	0,338531672954559	
3575	-0,0756489709019661	3575	0,339383363723755	
3578,125	-0,0754877924919128	3578,125	0,339643716812134	
3581,25	-0,0743948817253113	3581,25	0,340357005596161	
3584,375	-0,0735554471611977	3584,375	0,340304583311081	
3587,5	-0,0733916833996773	3587,5	0,340096563100815	
3590,625	-0,0730548650026321	3590,625	0,341020584106445	
3593,75	-0,072907991707325	3593,75	0,342290848493576	
3596,875	-0,0728655457496643	3596,875	0,342689245939255	
3600	-0,0713248029351234	3600	0,343950510025024	
3603,125	-0,0705230236053467	3603,125	0,343764573335648	
3606,25	-0,0718491077423096	3606,25	0,34414142370224	
3609,375	-0,0693975165486336	3609,375	0,344138026237488	
3612,5	-0,0691826269030571	3612,5	0,344669103622437	
3615,625	-0,069470539689064	3615,625	0,346277594566345	
3618,75	-0,0680855959653854	3618,75	0,345592379570007	
3621,875	-0,0681910961866379	3621,875	0,345868289470673	
3625	-0,0673255696892738	3625	0,34634855389595	
3628,125	-0,0665661245584488	3628,125	0,347944259643555	
3631,25	-0,0652827024459839	3631,25	0,348666936159134	
3634,375	-0,0652935579419136	3634,375	0,349292278289795	
3637,5	-0,0655325874686241	3637,5	0,348799020051956	
3640,625	-0,0646461024880409	3640,625	0,34849813580513	
3643,75	-0,0639086440205574	3643,75	0,349390357732773	
3646,875	-0,0638739615678787	3646,875	0,349403977394104	
3650	-0,0629909038543701	3650	0,350863218307495	
3653,125	-0,0622966624796391	3653,125	0,351130813360214	
3656,25	-0,0619747787714005	3656,25	0,35136091709137	
3659,375	-0,0616317987442017	3659,375	0,352701127529144	
3662,5	-0,0607908703386784	3662,5	0,353279411792755	
3665,625	-0,0620171166956425	3665,625	0,354860603809357	
3668,75	-0,0584217011928558	3668,75	0,354850113391876	
3671,875	-0,0591542162001133	3671,875	0,353628277778625	
3675	-0,0585159324109554	3675	0,354993760585785	
3678,125	-0,057767741382122	3678,125	0,355454534292221	
3681,25	-0,0595397464931011	3681,25	0,356109738349915	
3684,375	-0,054258719086647	3684,375	0,354745239019394	
3687,5	-0,0560878776013851	3687,5	0,355415731668472	
3690,625	-0,0561277754604816	3690,625	0,356320768594742	
3693,75	-0,0547732748091221	3693,75	0,357257306575775	
3696,875	-0,0552015416324139	3696,875	0,358472585678101	
3700	-0,0544391572475433	3700	0,357699424028397	
3703,125	-0,0526499859988689	3703,125	0,357348084449768	
3706,25	-0,0518804006278515	3706,25	0,359513521194458	
3709,375	-0,0526885353028774	3709,375	0,359911888837814	
3712,5	-0,0521611720323563	3712,5	0,358951181173325	
3715,625	-0,0504603609442711	3715,625	0,358125358819962	
3718,75	-0,049975972622633	3718,75	0,361337035894394	
3721,875	-0,0491693913936615	3721,875	0,361050605773926	
3725	-0,0495655350387096	3725	0,361934453248978	
3728,125	-0,0480108037590981	3728,125	0,361465156078339	
3731,25	-0,0483618825674057	3731,25	0,362237602472305	
3734,375	-0,0469879880547524	3734,375	0,362111419439316	
3737,5	-0,0476740226149559	3737,5	0,362848520278931	
3740,625	-0,045077558606863	3740,625	0,363998740911484	
3743,75	-0,045487929135561	3743,75	0,363716572523117	
3746,875	-0,046362429857254	3746,875	0,364339023828506	
3750	-0,044242899864912	3750	0,364933371543884	
3753,125	-0,0440006665885448	3753,125	0,364506214857101	
3756,25	-0,0433863773941994	3756,25	0,364736378192902	
3759,375	-0,0429018922150135	3759,375	0,364381492137909	
3762,5	-0,0445986613631248	3762,5	0,365792810916901	
3765,625	-0,0395237170159817	3765,625	0,365577727556229	
3768,75	-0,0414914004504681	3768,75	0,365872800350189	
3771,875	-0,0410674773156643	3771,875	0,365166991949081	
3775	-0,0407927446067333	3775	0,366303145885468	
3778,125	-0,0395070910453796	3778,125	0,36653083562851	
3781,25	-0,0380593165755272	3781,25	0,367368161678314	
3784,375	-0,0387350730597973	3784,375	0,368444919586182	
3787,5	-0,0374552756547928	3787,5	0,369449347257614	
3790,625	-0,038100391626358	3790,625	0,368814378976822	
3793,75	-0,0353080779314041	3793,75	0,368090897798538	
3796,875	-0,0364955924451351	3796,875	0,368045806884766	
3800	-0,0359180867671967	3800	0,367140054702759	
3803,125	-0,0352802537381649	3803,125	0,368897914886475	
3806,25	-0,0353763811290264	3806,25	0,370638519525528	
3809,375	-0,0341567285358906	3809,375	0,369780302047729	
3812,5	-0,0333179049193859	3812,5	0,369192540645599	
3815,625	-0,0332780964672565	3815,625	0,368702203035355	
3818,75	-0,0324405916035175	3818,75	0,370558738708496	
3821,875	-0,0323449708521366	3821,875	0,370030552148819	
3825	-0,0331524945795536	3825	0,371008157730103	
3828,125	-0,0313291475176811	3828,125	0,371712177991867	
3831,25	-0,0305571369826794	3831,25	0,371963053941727	
3834,375	-0,0295169204473495	3834,375	0,372796088457108	
3837,5	-0,0301762856543064	3837,5	0,373454809188843	
3840,625	-0,0286809299141169	3840,625	0,372417807579041	
3843,75	-0,0284744147211313	3843,75	0,371751666069031	
3846,875	-0,027108570560813	3846,875	0,372743666172028	
3850	-0,0275600515305996	3850	0,372929930686951	
3853,125	-0,0274248141795397	3853,125	0,373352080583572	
3856,25	-0,0262466780841351	3856,25	0,375009089708328	
3859,375	-0,0260023940354586	3859,375	0,373894155025482	
3862,5	-0,0243116747587919	3862,5	0,373446613550186	
3865,625	-0,0249163433909416	3865,625	0,374991416931152	
3868,75	-0,0246884003281593	3868,75	0,375177472829819	
3871,875	-0,0235173478722572	3871,875	0,374203681945801	
3875	-0,022925853729248	3875	0,374520510435104	
3878,125	-0,0220285933464766	3878,125	0,376160860061646	
3881,25	-0,0216935593634844	3881,25	0,37547492980957	
3884,375	-0,0198854822665453	3884,375	0,376337379217148	
3887,5	-0,0204173382371664	3887,5	0,376828342676163	
3890,625	-0,0195051003247499	3890,625	0,376819431781769	
3893,75	-0,0194680392742157	3893,75	0,378147333860397	
3896,875	-0,018198948353529	3896,875	0,377537846565247	
3900	-0,0183312781155109	3900	0,378913253545761	
3903,125	-0,0181042496114969	3903,125	0,37844318151474	
3906,25	-0,0162195097655058	3906,25	0,377984374761581	
3909,375	-0,0164943356066942	3909,375	0,378664553165436	
3912,5	-0,0166617128998041	3912,5	0,379319876432419	
3915,625	-0,0141457440331578	3915,625	0,379592686891556	
3918,75	-0,0169249400496483	3918,75	0,379094839096069	
3921,875	-0,0112753240391612	3921,875	0,379317343235016	
3925	-0,0134876128286123	3925	0,378396451473236	
3928,125	-0,012775513343513	3928,125	0,378167659044266	
3931,25	-0,0144625790417194	3931,25	0,379033535718918	
3934,375	-0,0130317071452737	3934,375	0,379705458879471	
3937,5	-0,0114020220935345	3937,5	0,380013823509216	
3940,625	-0,0116359628736973	3940,625	0,381043016910553	
3943,75	-0,0119992606341839	3943,75	0,381087839603424	
3946,875	-0,0103649962693453	3946,875	0,380078285932541	
3950	-0,00944556016474962	3950	0,379107922315598	
3953,125	-0,00864123925566673	3953,125	0,380016833543777	
3956,25	-0,00906943716108799	3956,25	0,380435705184937	
3959,375	-0,00849966332316399	3959,375	0,378713637590408	
3962,5	-0,00680634519085288	3962,5	0,380189001560211	
3965,625	-0,00782597158104181	3965,625	0,382150411605835	
3968,75	-0,00694600911810994	3968,75	0,382452547550201	
3971,875	-0,00508967554196715	3971,875	0,382866144180298	
3975	-0,00298217451199889	3975	0,383318156003952	
3978,125	-0,00398593721911311	3978,125	0,382137656211853	
3981,25	-0,00526396697387099	3981,25	0,381252259016037	
3984,375	-0,00474114529788494	3984,375	0,380381286144257	
3987,5	-0,00425788201391697	3987,5	0,38167679309845	
3990,625	-0,00254305475391448	3990,625	0,382981985807419	
3993,75	-0,00302891782484949	3993,75	0,383273631334305	
3996,875	-0,00235647801309824	3996,875	0,384021311998367	
4000	0,000131130786030553	4000	0,386376857757568	
4003,125	-1,84327132046747E-06	4003,125	0,385056674480438	
4006,25	-0,000340728089213371	4006,25	0,384999126195908	
4009,375	0,000476189015898854	4009,375	0,384689956903458	
4012,5	0,000601755280513316	4012,5	0,385080754756927	
4015,625	0,00105164956767112	4015,625	0,385926485061646	
4018,75	0,00199710647575557	4018,75	0,386883288621902	
4021,875	0,00353355496190488	4021,875	0,387028008699417	
4025	0,00408834870904684	4025	0,387432456016541	
4028,125	0,00225857808254659	4028,125	0,386974185705185	
4031,25	0,00589766493067145	4031,25	0,384710043668747	
4034,375	0,00629167584702373	4034,375	0,385640442371368	
4037,5	0,00688180606812239	4037,5	0,387456297874451	
4040,625	0,00630902219563723	4040,625	0,383107990026474	
4043,75	0,00785646867007017	4043,75	0,384598255157471	
4046,875	0,00918452348560095	4046,875	0,384845852851868	
4050	0,00979626271873713	4050	0,38433638215065	
4053,125	0,00803731754422188	4053,125	0,385174840688705	
4056,25	0,0108154024928808	4056,25	0,385937064886093	
4059,375	0,00913698319345713	4059,375	0,38592591881752	
4062,5	0,010849948041141	4062,5	0,383527010679245	
4065,625	0,0119406497105956	4065,625	0,385714292526245	
4068,75	0,0121090561151505	4068,75	0,385405838489532	
4071,875	0,0121869258582592	4071,875	0,384794414043427	
4075	0,0138312568888068	4075	0,387955278158188	
4078,125	0,0136679783463478	4078,125	0,388118505477905	
4081,25	0,0150876520201564	4081,25	0,388135194778442	
4084,375	0,0153813939541578	4084,375	0,386451929807663	
4087,5	0,0164722166955471	4087,5	0,388402909040451	
4090,625	0,0147015396505594	4090,625	0,386143088340759	
4093,75	0,0176766868680716	4093,75	0,384121179580688	
4096,875	0,017141442745924	4096,875	0,386853814125061	
4100	0,0185196083039045	4100	0,387270271778107	
4103,125	0,0193041935563087	4103,125	0,387086540460587	
4106,25	0,0185672733932734	4106,25	0,387044697999954	
4109,375	0,0201075319200754	4109,375	0,389671951532364	
4112,5	0,0211904775351286	4112,5	0,387706577777863	
4115,625	0,0212790723890066	4115,625	0,387383073568344	
4118,75	0,0213017351925373	4118,75	0,388769656419754	
4121,875	0,0208346992731094	4121,875	0,389377474784851	
4125	0,0244431644678116	4125	0,387494653463364	
4128,125	0,024171506986022	4128,125	0,387374848127365	
4131,25	0,023459242656827	4131,25	0,388183265924454	
4134,375	0,025871466845274	4134,375	0,38921520113945	
4137,5	0,0259313806891441	4137,5	0,389349937438965	
4140,625	0,0245674569159746	4140,625	0,388115137815475	
4143,75	0,0273918174207211	4143,75	0,388079524040222	
4146,875	0,0266960076987743	4146,875	0,388539284467697	
4150	0,0303554553538561	4150	0,387359648942947	
4153,125	0,0304512679576874	4153,125	0,390852332115173	
4156,25	0,0310968048870564	4156,25	0,390279412269592	
4159,375	0,0289120022207499	4159,375	0,389115124940872	
4162,5	0,0316600725054741	4162,5	0,388470560312271	
4165,625	0,0331438444554806	4165,625	0,388382494449615	
4168,75	0,0331951715052128	4168,75	0,387968271970749	
4171,875	0,0328078009188175	4171,875	0,387411892414093	
4175	0,0338214039802551	4175	0,389483958482742	
4178,125	0,0361402034759521	4178,125	0,390675574541092	
4181,25	0,0380889214575291	4181,25	0,389456689357758	
4184,375	0,0371297970414162	4184,375	0,389053612947464	
4187,5	0,0383512787520885	4187,5	0,388709902763367	
4190,625	0,0383579172194004	4190,625	0,389106810092926	
4193,75	0,0388094075024128	4193,75	0,38908913731575	
4196,875	0,0402842313051224	4196,875	0,38845756649971	
4200	0,0396361202001572	4200	0,388283282518387	
4203,125	0,0417617037892342	4203,125	0,38742059469223	
4206,25	0,0416023805737495	4206,25	0,384592771530151	
4209,375	0,0417979620397091	4209,375	0,385515749454498	
4212,5	0,0424749851226807	4212,5	0,387072056531906	
4215,625	0,0432414598762989	4215,625	0,387030035257339	
4218,75	0,043310210108757	4218,75	0,386637657880783	
4221,875	0,0431664064526558	4221,875	0,386390835046768	
4225	0,0451084077358246	4225	0,38555434346199	
4228,125	0,0452879071235657	4228,125	0,384665369987488	
4231,25	0,0453052669763565	4231,25	0,385983109474182	
4234,375	0,0459512807428837	4234,375	0,385232895612717	
4237,5	0,0463943593204021	4237,5	0,383958011865616	
4240,625	0,0458396077156067	4240,625	0,385222971439362	
4243,75	0,0459614507853985	4243,75	0,383594930171967	
4246,875	0,0458078011870384	4246,875	0,385214895009995	
4250	0,047314677387476	4250	0,385614544153214	
4253,125	0,0471647381782532	4253,125	0,384233146905899	
4256,25	0,0482234284281731	4256,25	0,384678333997726	
4259,375	0,0464115962386131	4259,375	0,385816752910614	
4262,5	0,0479470379650593	4262,5	0,386295884847641	
4265,625	0,0490779839456081	4265,625	0,385589569807053	
4268,75	0,048267874866724	4268,75	0,386073529720306	
4271,875	0,0480882897973061	4271,875	0,386582344770432	
4275	0,0512866489589214	4275	0,386986017227173	
4278,125	0,0503277778625488	4278,125	0,387166529893875	
4281,25	0,0496932379901409	4281,25	0,38676130771637	
4284,375	0,0529506020247936	4284,375	0,388326913118362	
4287,5	0,0520360469818115	4287,5	0,38861346244812	
4290,625	0,0521668866276741	4290,625	0,388544738292694	
4293,75	0,0520379468798637	4293,75	0,386755496263504	
4296,875	0,0514968670904636	4296,875	0,385443150997162	
4300	0,0536661967635155	4300	0,385920822620392	
4303,125	0,0555863752961159	4303,125	0,38742795586586	
4306,25	0,0562346614897251	4306,25	0,386783808469772	
4309,375	0,0562370046973228	4309,375	0,386934280395508	
4312,5	0,0586833767592907	4312,5	0,389033854007721	
4315,625	0,0582759752869606	4315,625	0,387940108776093	
4318,75	0,0581684112548828	4318,75	0,388509452342987	
4321,875	0,059973917901516	4321,875	0,387909233570099	
4325	0,0606288574635983	4325	0,386911183595657	
4328,125	0,0605581812560558	4328,125	0,388680249452591	
4331,25	0,0628035217523575	4331,25	0,389165103435516	
4334,375	0,062800221145153	4334,375	0,387727081775665	
4337,5	0,0640950947999954	4337,5	0,389359146356583	
4340,625	0,0639263764023781	4340,625	0,387576818466187	
4343,75	0,0646838545799255	4343,75	0,388207405805588	
4346,875	0,0656423717737198	4346,875	0,387260675430298	
4350	0,0670403987169266	4350	0,385987043380737	
4353,125	0,0669464692473412	4353,125	0,386663764715195	
4356,25	0,0678868070244789	4356,25	0,386767566204071	
4359,375	0,0685713067650795	4359,375	0,38399812579155	
4362,5	0,0696136802434921	4362,5	0,386943370103836	
4365,625	0,0699993595480919	4365,625	0,387906849384308	
4368,75	0,0735261961817741	4368,75	0,38702392578125	
4371,875	0,0724728927016258	4371,875	0,384197205305099	
4375	0,0721202194690704	4375	0,383098095655441	
4378,125	0,0753354355692863	4378,125	0,386046171188354	
4381,25	0,0753698274493217	4381,25	0,3849818110466	
4384,375	0,074768528342247	4384,375	0,383542001247406	
4387,5	0,0738764032721519	4387,5	0,381863325834274	
4390,625	0,0761336609721184	4390,625	0,38261467218399	
4393,75	0,0793001800775528	4393,75	0,382699012756348	
4396,875	0,078685998916626	4396,875	0,383310884237289	
4400	0,0789239779114723	4400	0,382702112197876	
4403,125	0,0790231823921204	4403,125	0,38039955496788	
4406,25	0,0789842009544373	4406,25	0,380369156599045	
4409,375	0,0806853249669075	4409,375	0,38055095076561	
4412,5	0,0808968842029572	4412,5	0,380203008651733	
4415,625	0,0817590430378914	4415,625	0,380636781454086	
4418,75	0,0820421651005745	4418,75	0,380009382963181	
4421,875	0,0824536830186844	4421,875	0,380157977342606	
4425	0,0833230763673782	4425	0,378135412931442	
4428,125	0,0843935832381248	4428,125	0,378586202859879	
4431,25	0,0824292376637459	4431,25	0,379049748182297	
4434,375	0,0845999717712402	4434,375	0,377784937620163	
4437,5	0,0847241058945656	4437,5	0,376389920711517	
4440,625	0,0860521346330643	4440,625	0,376664638519287	
4443,75	0,0873333662748337	4443,75	0,374731659889221	
4446,875	0,0874089226126671	4446,875	0,375626087188721	
4450	0,0865004807710648	4450	0,37678474187851	
4453,125	0,0875085145235062	4453,125	0,375521302223206	
4456,25	0,0866470709443092	4456,25	0,374200046062469	
4459,375	0,0879634395241737	4459,375	0,372960329055786	
4462,5	0,090258002281189	4462,5	0,373630404472351	
4465,625	0,0889835208654404	4465,625	0,373270392417908	
4468,75	0,0894215553998947	4468,75	0,373715728521347	
4471,875	0,0919898897409439	4471,875	0,372959643602371	
4475	0,0907122194766998	4475	0,372227489948273	
4478,125	0,0907886326313019	4478,125	0,370672821998596	
4481,25	0,0954449623823166	4481,25	0,370490819215775	
4484,375	0,0944080501794815	4484,375	0,371558398008347	
4487,5	0,092106819152832	4487,5	0,370248794555664	
4490,625	0,0927030220627785	4490,625	0,3706134557724	
4493,75	0,0944158509373665	4493,75	0,370740860700607	
4496,875	0,0959573686122894	4496,875	0,36928528547287	
4500	0,0951061323285103	4500	0,370925784111023	
4503,125	0,0965787395834923	4503,125	0,370606660842896	
4506,25	0,0977883040904999	4506,25	0,371773153543472	
4509,375	0,0988380312919617	4509,375	0,370911538600922	
4512,5	0,0981778800487518	4512,5	0,36809241771698	
4515,625	0,100038453936577	4515,625	0,36837249994278	
4518,75	0,099670872092247	4518,75	0,370340436697006	
4521,875	0,102473728358746	4521,875	0,370250910520554	
4525	0,103824950754642	4525	0,36778911948204	
4528,125	0,104016825556755	4528,125	0,366041362285614	
4531,25	0,104432322084904	4531,25	0,365177094936371	
4534,375	0,104545511305332	4534,375	0,365951031446457	
4537,5	0,106342799961567	4537,5	0,365199953317642	
4540,625	0,108213849365711	4540,625	0,363520830869675	
4543,75	0,109510987997055	4543,75	0,363627076148987	
4546,875	0,110197223722935	4546,875	0,362978667020798	
4550	0,110434353351593	4550	0,363084137439728	
4553,125	0,110944032669067	4553,125	0,359461277723312	
4556,25	0,11203945428133	4556,25	0,360234379768372	
4559,375	0,108547627925873	4559,375	0,361479729413986	
4562,5	0,116729877889156	4562,5	0,360320895910263	
4565,625	0,116134464740753	4565,625	0,36025732755661	
4568,75	0,117494843900204	4568,75	0,360495656728745	
4571,875	0,116370007395744	4571,875	0,358956515789032	
4575	0,117722652852535	4575	0,357797145843506	
4578,125	0,118401169776917	4578,125	0,355536013841629	
4581,25	0,120481595396996	4581,25	0,354108303785324	
4584,375	0,121620900928974	4584,375	0,354532152414322	
4587,5	0,122206963598728	4587,5	0,355016529560089	
4590,625	0,12340534478426	4590,625	0,354134798049927	
4593,75	0,125005468726158	4593,75	0,353407353162766	
4596,875	0,125235050916672	4596,875	0,351581990718842	
4600	0,126595243811607	4600	0,351542770862579	
4603,125	0,12800244987011	4603,125	0,351731270551682	
4606,25	0,127387970685959	4606,25	0,350584179162979	
4609,375	0,127940356731415	4609,375	0,351331859827042	
4612,5	0,131059125065804	4612,5	0,349511861801147	
4615,625	0,130503013730049	4615,625	0,347798526287079	
4618,75	0,131619065999985	4618,75	0,348508059978485	
4621,875	0,131744548678398	4621,875	0,347899109125137	
4625	0,134813845157623	4625	0,344366550445557	
4628,125	0,135242328047752	4628,125	0,345454722642899	
4631,25	0,136898845434189	4631,25	0,344105005264282	
4634,375	0,138683274388313	4634,375	0,344719350337982	
4637,5	0,137831032276154	4637,5	0,344485729932785	
4640,625	0,138362482190132	4640,625	0,343310713768005	
4643,75	0,141027718782425	4643,75	0,341126263141632	
4646,875	0,141192808747292	4646,875	0,341365307569504	
4650	0,141744211316109	4650	0,340571105480194	
4653,125	0,14325849711895	4653,125	0,340152949094772	
4656,25	0,144808694720268	4656,25	0,340156555175781	
4659,375	0,145066127181053	4659,375	0,340349614620209	
4662,5	0,147590607404709	4662,5	0,342189878225327	
4665,625	0,148789048194885	4665,625	0,338974833488464	
4668,75	0,147634401917458	4668,75	0,337790578603745	
4671,875	0,151744604110718	4671,875	0,334659188985825	
4675	0,151572570204735	4675	0,335072159767151	
4678,125	0,153062641620636	4678,125	0,33648481965065	
4681,25	0,152396559715271	4681,25	0,333646267652512	
4684,375	0,154416248202324	4684,375	0,335438162088394	
4687,5	0,156729817390442	4687,5	0,334288209676743	
4690,625	0,156055584549904	4690,625	0,332728356122971	
4693,75	0,157432183623314	4693,75	0,333753377199173	
4696,875	0,159390404820442	4696,875	0,333946019411087	
4700	0,16075511276722	4700	0,332754999399185	
4703,125	0,162299782037735	4703,125	0,330816745758057	
4706,25	0,163476958870888	4706,25	0,330560714006424	
4709,375	0,164780452847481	4709,375	0,331398844718933	
4712,5	0,166538298130035	4712,5	0,331360965967178	
4715,625	0,167331606149673	4715,625	0,329894751310349	
4718,75	0,168106034398079	4718,75	0,328632920980453	
4721,875	0,169463932514191	4721,875	0,329181432723999	
4725	0,170064836740494	4725	0,330240488052368	
4728,125	0,172318458557129	4728,125	0,329560160636902	
4731,25	0,174458295106888	4731,25	0,330835551023483	
4734,375	0,174943372607231	4734,375	0,32977294921875	
4737,5	0,176591604948044	4737,5	0,329085141420364	
4740,625	0,177664935588837	4740,625	0,328112572431564	
4743,75	0,179251298308372	4743,75	0,326743841171265	
4746,875	0,1802878677845	4746,875	0,326776176691055	
4750	0,182796865701675	4750	0,327636241912842	
4753,125	0,18479211628437	4753,125	0,328503310680389	
4756,25	0,186281323432922	4756,25	0,327000349760056	
4759,375	0,18727058172226	4759,375	0,325204730033875	
4762,5	0,188624188303947	4762,5	0,325656056404114	
4765,625	0,189746826887131	4765,625	0,326152592897415	
4768,75	0,19144806265831	4768,75	0,326437741518021	
4771,875	0,192716434597969	4771,875	0,326346546411514	
4775	0,195274755358696	4775	0,323314696550369	
4778,125	0,19695933163166	4778,125	0,324546039104462	
4781,25	0,198016747832298	4781,25	0,324592798948288	
4784,375	0,198525413870811	4784,375	0,324735015630722	
4787,5	0,199868977069855	4787,5	0,324350595474243	
4790,625	0,200677797198296	4790,625	0,323999166488647	
4793,75	0,204401269555092	4793,75	0,325330048799515	
4796,875	0,206154465675354	4796,875	0,325456529855728	
4800	0,207129791378975	4800	0,32467320561409	
4803,125	0,209877118468285	4803,125	0,325462341308594	
4806,25	0,210569515824318	4806,25	0,324908971786499	
4809,375	0,211981058120728	4809,375	0,324822723865509	
4812,5	0,215704932808876	4812,5	0,32634374499321	
4815,625	0,215464249253273	4815,625	0,326105862855911	
4818,75	0,216678753495216	4818,75	0,326554149389267	
4821,875	0,220384418964386	4821,875	0,326716065406799	
4825	0,221216052770615	4825	0,327272951602936	
4828,125	0,222411602735519	4828,125	0,327290087938309	
4831,25	0,224405899643898	4831,25	0,326780766248703	
4834,375	0,226865872740746	4834,375	0,326793730258942	
4837,5	0,228032156825066	4837,5	0,328349143266678	
4840,625	0,231326967477798	4840,625	0,327791780233383	
4843,75	0,233078211545944	4843,75	0,327665060758591	
4846,875	0,236165672540665	4846,875	0,329623758792877	
4850	0,240638390183449	4850	0,329667627811432	
4853,125	0,243138030171394	4853,125	0,328509241342545	
4856,25	0,243325605988503	4856,25	0,326828241348267	
4859,375	0,24459508061409	4859,375	0,326530605554581	
4862,5	0,245413675904274	4862,5	0,32606229186058	
4865,625	0,249570474028587	4865,625	0,327215164899826	
4868,75	0,25168913602829	4868,75	0,32750615477562	
4871,875	0,254048138856888	4871,875	0,327862769365311	
4875	0,255268514156342	4875	0,326977491378784	
4878,125	0,258824616670609	4878,125	0,324444264173508	
4881,25	0,260513365268707	4881,25	0,325147449970245	
4884,375	0,262970417737961	4884,375	0,324527055025101	
4887,5	0,264654636383057	4887,5	0,324539542198181	
4890,625	0,26642918586731	4890,625	0,322021991014481	
4893,75	0,267823249101639	4893,75	0,321740061044693	
4896,875	0,268743813037872	4896,875	0,32263395190239	
4900	0,270628660917282	4900	0,322315037250519	
4903,125	0,271425813436508	4903,125	0,321102678775787	
4906,25	0,271344810724258	4906,25	0,320935606956482	
4909,375	0,273018479347229	4909,375	0,319186121225357	
4912,5	0,273837894201279	4912,5	0,319666504859924	
4915,625	0,274862468242645	4915,625	0,32220271229744	
4918,75	0,276269018650055	4918,75	0,321856945753098	
4921,875	0,278584599494934	4921,875	0,321867227554321	
4925	0,281206250190735	4925	0,323779851198196	
4928,125	0,281411349773407	4928,125	0,323851108551025	
4931,25	0,282628357410431	4931,25	0,323944687843323	
4934,375	0,284153044223785	4934,375	0,323949962854385	
4937,5	0,286303251981735	4937,5	0,324423879384995	
4940,625	0,287642031908035	4940,625	0,323861211538315	
4943,75	0,288351833820343	4943,75	0,325436979532242	
4946,875	0,290275007486343	4946,875	0,325240343809128	
4950	0,292280912399292	4950	0,324609369039536	
4953,125	0,293519854545593	4953,125	0,326000422239304	
4956,25	0,294788718223572	4956,25	0,326555460691452	
4959,375	0,295510530471802	4959,375	0,328133076429367	
4962,5	0,296877205371857	4962,5	0,329116851091385	
4965,625	0,299447178840637	4965,625	0,328203022480011	
4968,75	0,30199334025383	4968,75	0,329794347286224	
4971,875	0,303247272968292	4971,875	0,330795258283615	
4975	0,302940756082535	4975	0,330829620361328	
				
