Frequency in Hz	Wool_97 Normalized Surface Impedance continuous Re	Frequency in Hz	Wool_97 Normalized Surface Impedance continuous Im	
100	2,88479995727539	100	-14,5000743865967	
103,125	4,09960460662842	103,125	-15,0512962341309	
106,25	2,19451141357422	106,25	-12,4123344421387	
109,375	1,84128570556641	109,375	-14,0306901931763	
112,5	2,68562793731689	112,5	-13,0159387588501	
115,625	2,25763940811157	115,625	-12,1247835159302	
118,75	2,20644593238831	118,75	-12,9174566268921	
121,875	2,76585555076599	121,875	-11,7701892852783	
125	1,83853673934937	125	-12,0966358184814	
128,125	1,57644236087799	128,125	-11,3306789398193	
131,25	1,59047496318817	131,25	-11,4358739852905	
134,375	1,02280402183533	134,375	-11,6349277496338	
137,5	1,95598566532135	137,5	-10,0550298690796	
140,625	2,36214518547058	140,625	-10,5715551376343	
143,75	2,12734484672546	143,75	-9,90872859954834	
146,875	1,55798506736755	146,875	-10,9717264175415	
150	1,88225924968719	150	-10,0009937286377	
153,125	1,50249791145325	153,125	-9,40846252441406	
156,25	1,59019792079926	156,25	-9,62960243225098	
159,375	1,46471548080444	159,375	-9,38616180419922	
162,5	1,39191687107086	162,5	-9,41461086273193	
165,625	1,6030547618866	165,625	-9,30911064147949	
168,75	1,29864513874054	168,75	-8,59571170806885	
171,875	1,65713751316071	171,875	-8,82931232452393	
175	1,69123220443726	175	-8,40919399261475	
178,125	1,33854949474335	178,125	-8,42057800292969	
181,25	1,39025664329529	181,25	-8,49913215637207	
184,375	1,56515514850616	184,375	-8,33211803436279	
187,5	1,60505032539368	187,5	-7,85105895996094	
190,625	1,67025804519653	190,625	-7,96117925643921	
193,75	1,54187488555908	193,75	-7,53299713134766	
196,875	1,52320313453674	196,875	-7,706711769104	
200	1,30650341510773	200	-7,82295322418213	
203,125	1,17747461795807	203,125	-7,89235734939575	
206,25	1,20651185512543	206,25	-7,17363357543945	
209,375	1,31536293029785	209,375	-7,29304647445679	
212,5	1,17674684524536	212,5	-7,56741333007813	
215,625	1,29429256916046	215,625	-6,94753646850586	
218,75	1,30993902683258	218,75	-7,19053316116333	
221,875	1,25650537014008	221,875	-6,9072060585022	
225	1,3590075969696	225	-6,83671808242798	
228,125	1,35730600357056	228,125	-6,72636985778809	
231,25	1,3223819732666	231,25	-6,69548225402832	
234,375	1,34296202659607	234,375	-6,55481433868408	
237,5	1,1960072517395	237,5	-6,66020679473877	
240,625	1,01121091842651	240,625	-6,31717681884766	
243,75	1,10558116436005	243,75	-6,3825249671936	
246,875	1,2670156955719	246,875	-6,24093437194824	
250	1,28100883960724	250	-6,17277860641479	
253,125	1,14382660388947	253,125	-6,14169836044312	
256,25	1,13128805160522	256,25	-5,97033929824829	
259,375	1,25942933559418	259,375	-5,96659994125366	
262,5	1,11357295513153	262,5	-5,87324190139771	
265,625	1,00898146629333	265,625	-5,77646541595459	
268,75	1,09787535667419	268,75	-5,80315065383911	
271,875	1,07562410831451	271,875	-5,62623500823975	
275	1,00213658809662	275	-5,63559818267822	
278,125	1,05074620246887	278,125	-5,48323583602905	
281,25	1,05586588382721	281,25	-5,4843578338623	
284,375	1,0411890745163	284,375	-5,43947696685791	
287,5	0,945491790771484	287,5	-5,56732749938965	
290,625	0,943122625350952	290,625	-5,14350938796997	
293,75	0,910618782043457	293,75	-5,16866445541382	
296,875	0,940793812274933	296,875	-5,09895658493042	
300	0,955789089202881	300	-5,01487731933594	
303,125	0,920725464820862	303,125	-4,90580368041992	
306,25	0,954667508602142	306,25	-4,82967948913574	
309,375	1,00770378112793	309,375	-4,77534008026123	
312,5	1,04812586307526	312,5	-4,60288190841675	
315,625	1,27647304534912	315,625	-4,63943290710449	
318,75	1,26303565502167	318,75	-4,58110857009888	
321,875	1,26360261440277	321,875	-4,72660827636719	
325	1,29020631313324	325	-4,79426050186157	
328,125	1,34979140758514	328,125	-4,79764652252197	
331,25	1,10606324672699	331,25	-4,75147867202759	
334,375	1,07511782646179	334,375	-4,73580312728882	
337,5	1,12195181846619	337,5	-4,73055982589722	
340,625	1,03578329086304	340,625	-4,69373226165771	
343,75	1,01388108730316	343,75	-4,56470155715942	
346,875	0,989781498908997	346,875	-4,5547046661377	
350	1,01571846008301	350	-4,53797197341919	
353,125	0,987590610980988	353,125	-4,53112554550171	
356,25	0,883975207805634	356,25	-4,46511030197144	
359,375	0,849505066871643	359,375	-4,33115196228027	
362,5	0,88810122013092	362,5	-4,30918264389038	
365,625	0,980044424533844	365,625	-4,26591777801514	
368,75	0,866644442081451	368,75	-4,28496408462524	
371,875	0,710525393486023	371,875	-4,27866792678833	
375	1,02026402950287	375	-4,07700061798096	
378,125	0,936837196350098	378,125	-4,05270338058472	
381,25	0,863230764865875	381,25	-4,19524765014648	
384,375	0,981291770935059	384,375	-4,02405738830566	
387,5	0,871198058128357	387,5	-3,90363359451294	
390,625	0,795535564422607	390,625	-3,86945104598999	
393,75	0,814369857311249	393,75	-4,04737138748169	
396,875	0,82097864151001	396,875	-4,03833913803101	
400	0,842228770256042	400	-4,03082418441772	
403,125	0,841329991817474	403,125	-4,00708675384521	
406,25	0,870661973953247	406,25	-3,88976049423218	
409,375	0,904341578483582	409,375	-3,72737240791321	
412,5	0,868618845939636	412,5	-3,62948846817017	
415,625	0,765013456344604	415,625	-3,71682143211365	
418,75	0,855259597301483	418,75	-3,64090657234192	
421,875	0,780723810195923	421,875	-3,56709241867065	
425	0,806094110012054	425	-3,59565567970276	
428,125	0,873088419437408	428,125	-3,71308183670044	
431,25	0,773898661136627	431,25	-3,56694769859314	
434,375	0,804570913314819	434,375	-3,58804154396057	
437,5	0,80157333612442	437,5	-3,58065414428711	
440,625	0,828586280345917	440,625	-3,57544493675232	
443,75	0,812366485595703	443,75	-3,49133706092834	
446,875	0,838846147060394	446,875	-3,48735094070435	
450	0,763327598571777	450	-3,54891300201416	
453,125	0,758295774459839	453,125	-3,52914428710938	
456,25	0,705508530139923	456,25	-3,52412486076355	
459,375	0,730161845684052	459,375	-3,43435525894165	
462,5	0,724552035331726	462,5	-3,33727288246155	
465,625	0,707929790019989	465,625	-3,32591938972473	
468,75	0,716548144817352	468,75	-3,32797646522522	
471,875	0,69595593214035	471,875	-3,22101521492004	
475	0,716713130474091	475	-3,21209168434143	
478,125	0,767795324325562	478,125	-3,24719882011414	
481,25	0,726764678955078	481,25	-3,27671337127686	
484,375	0,734959542751312	484,375	-3,1859974861145	
487,5	0,751920163631439	487,5	-3,2034969329834	
490,625	0,742877066135406	490,625	-3,16637134552002	
493,75	0,760310053825378	493,75	-3,12993049621582	
496,875	0,755100607872009	496,875	-3,11756277084351	
500	0,696137666702271	500	-3,10066437721252	
503,125	0,69926929473877	503,125	-3,06943845748901	
506,25	0,70145457983017	506,25	-3,06846404075623	
509,375	0,676312029361725	509,375	-3,0358293056488	
512,5	0,69558584690094	512,5	-2,99245667457581	
515,625	0,716916859149933	515,625	-3,00660610198975	
518,75	0,724530160427094	518,75	-3,00351476669312	
521,875	0,68682324886322	521,875	-2,939692735672	
525	0,702036082744598	525	-2,92089700698853	
528,125	0,680577754974365	528,125	-2,93835854530334	
531,25	0,687550961971283	531,25	-2,89607238769531	
534,375	0,689834654331207	534,375	-2,88448286056519	
537,5	0,686693727970123	537,5	-2,86405825614929	
540,625	0,680127859115601	540,625	-2,84747266769409	
543,75	0,700904428958893	543,75	-2,85093522071838	
546,875	0,659682929515839	546,875	-2,8015034198761	
550	0,673479318618774	550	-2,79591679573059	
553,125	0,679879248142242	553,125	-2,76773977279663	
556,25	0,759295582771301	556,25	-2,948073387146	
559,375	0,780729532241821	559,375	-2,91522860527039	
562,5	0,776490688323975	562,5	-2,90395951271057	
565,625	0,765022158622742	565,625	-2,88302683830261	
568,75	0,773532569408417	568,75	-2,86489796638489	
571,875	0,778166770935059	571,875	-2,85315728187561	
575	0,764322459697723	575	-2,83765029907227	
578,125	0,782936334609985	578,125	-2,82603406906128	
581,25	0,761955142021179	581,25	-2,81368970870972	
584,375	0,751002967357636	584,375	-2,79249358177185	
587,5	0,750800013542175	587,5	-2,78370475769043	
590,625	0,758467793464661	590,625	-2,76378273963928	
593,75	0,75803554058075	593,75	-2,74444031715393	
596,875	0,755723118782043	596,875	-2,74106955528259	
600	0,746842622756958	600	-2,71112418174744	
603,125	0,75067538022995	603,125	-2,70825862884521	
606,25	0,750559687614441	606,25	-2,68487882614136	
609,375	0,745291173458099	609,375	-2,68410062789917	
612,5	0,74364960193634	612,5	-2,66726016998291	
615,625	0,738353073596954	615,625	-2,64469623565674	
618,75	0,739694118499756	618,75	-2,63759803771973	
621,875	0,738521635532379	621,875	-2,63502812385559	
625	0,745592474937439	625	-2,6165828704834	
628,125	0,735497057437897	628,125	-2,59271478652954	
631,25	0,746220886707306	631,25	-2,5734703540802	
634,375	0,743600785732269	634,375	-2,56083488464355	
637,5	0,736274361610413	637,5	-2,55212736129761	
640,625	0,74097204208374	640,625	-2,5533812046051	
643,75	0,728629171848297	643,75	-2,52354717254639	
646,875	0,737559735774994	646,875	-2,51140236854553	
650	0,723618268966675	650	-2,50199484825134	
653,125	0,733272910118103	653,125	-2,48981976509094	
656,25	0,738344013690948	656,25	-2,4778254032135	
659,375	0,733633279800415	659,375	-2,45693564414978	
662,5	0,726972937583923	662,5	-2,45903944969177	
665,625	0,718955397605896	665,625	-2,44660139083862	
668,75	0,726290822029114	668,75	-2,42937278747559	
671,875	0,733973860740662	671,875	-2,42557072639465	
675	0,733466982841492	675	-2,40128040313721	
678,125	0,73368513584137	678,125	-2,38520765304565	
681,25	0,731631100177765	681,25	-2,38070917129517	
684,375	0,729944348335266	684,375	-2,37427139282227	
687,5	0,719674468040466	687,5	-2,37681341171265	
690,625	0,712276875972748	690,625	-2,33625292778015	
693,75	0,72052127122879	693,75	-2,34673237800598	
696,875	0,720016658306122	696,875	-2,33824467658997	
700	0,721931755542755	700	-2,3183901309967	
703,125	0,716187417507172	703,125	-2,30979943275452	
706,25	0,718109428882599	706,25	-2,31077551841736	
709,375	0,726164221763611	709,375	-2,30020928382874	
712,5	0,716749548912048	712,5	-2,26778960227966	
715,625	0,71533215045929	715,625	-2,27855038642883	
718,75	0,708015441894531	718,75	-2,27451419830322	
721,875	0,714232206344604	721,875	-2,26211714744568	
725	0,703771889209747	725	-2,25712418556213	
728,125	0,711850106716156	728,125	-2,24276518821716	
731,25	0,704793274402618	731,25	-2,24207496643066	
734,375	0,703888416290283	734,375	-2,23424005508423	
737,5	0,697136223316193	737,5	-2,23466873168945	
740,625	0,707198679447174	740,625	-2,21294975280762	
743,75	0,710833728313446	743,75	-2,19526529312134	
746,875	0,685381770133972	746,875	-2,1866557598114	
750	0,68091756105423	750	-2,18375086784363	
753,125	0,686090230941772	753,125	-2,18723225593567	
756,25	0,68971461057663	756,25	-2,18316984176636	
759,375	0,692324757575989	759,375	-2,18462324142456	
762,5	0,6799436211586	762,5	-2,1899299621582	
765,625	0,679335474967957	765,625	-2,18049335479736	
768,75	0,657024383544922	768,75	-2,16052579879761	
771,875	0,658139646053314	771,875	-2,14380216598511	
775	0,645262360572815	775	-2,15098285675049	
778,125	0,636150598526001	778,125	-2,14567995071411	
781,25	0,617804288864136	781,25	-2,12828874588013	
784,375	0,608836591243744	784,375	-2,10765957832336	
787,5	0,593330860137939	787,5	-2,08289098739624	
790,625	0,580643475055695	790,625	-2,06645512580872	
793,75	0,580727458000183	793,75	-2,0542197227478	
796,875	0,568252265453339	796,875	-2,038649559021	
800	0,568829476833344	800	-2,01399278640747	
803,125	0,566647112369537	803,125	-2,00334405899048	
806,25	0,568167805671692	806,25	-1,97551155090332	
809,375	0,57915586233139	809,375	-1,92411506175995	
812,5	0,58473002910614	812,5	-1,94294679164886	
815,625	0,590427875518799	815,625	-1,93982899188995	
818,75	0,600291192531586	818,75	-1,90882241725922	
821,875	0,610715806484222	821,875	-1,90569067001343	
825	0,614906072616577	825	-1,92260956764221	
828,125	0,618987798690796	828,125	-1,90589094161987	
831,25	0,672462999820709	831,25	-1,901731133461	
834,375	0,642432153224945	834,375	-1,86102426052094	
837,5	0,624548614025116	837,5	-1,85857903957367	
840,625	0,622497856616974	840,625	-1,8499538898468	
843,75	0,632401287555695	843,75	-1,8348616361618	
846,875	0,624409079551697	846,875	-1,83844435214996	
850	0,619637668132782	850	-1,83299803733826	
853,125	0,627166211605072	853,125	-1,83841562271118	
856,25	0,646776437759399	856,25	-1,83953464031219	
859,375	0,659184634685516	859,375	-1,82317960262299	
862,5	0,650884747505188	862,5	-1,81314790248871	
865,625	0,648040890693665	865,625	-1,8120493888855	
868,75	0,645469188690186	868,75	-1,81279754638672	
871,875	0,641249358654022	871,875	-1,79743957519531	
875	0,656253039836884	875	-1,79330360889435	
878,125	0,64697265625	878,125	-1,7876570224762	
881,25	0,649752080440521	881,25	-1,77522277832031	
884,375	0,701461791992188	884,375	-1,86614799499512	
887,5	0,712147355079651	887,5	-1,85649371147156	
890,625	0,703534543514252	890,625	-1,84534096717834	
893,75	0,680590271949768	893,75	-1,84190893173218	
896,875	0,68010014295578	896,875	-1,82561457157135	
900	0,682593822479248	900	-1,82502818107605	
903,125	0,685498535633087	903,125	-1,80815386772156	
906,25	0,683720946311951	906,25	-1,79703056812286	
909,375	0,672038555145264	909,375	-1,79355525970459	
912,5	0,664947628974915	912,5	-1,77411794662476	
915,625	0,66952508687973	915,625	-1,76129174232483	
918,75	0,678612887859344	918,75	-1,75256979465485	
921,875	0,688148617744446	921,875	-1,74313569068909	
925	0,687751948833466	925	-1,73687016963959	
928,125	0,682112097740173	928,125	-1,73851382732391	
931,25	0,686566293239594	931,25	-1,71290147304535	
934,375	0,688373506069183	934,375	-1,70913732051849	
937,5	0,690199613571167	937,5	-1,69979679584503	
940,625	0,692034006118774	940,625	-1,69684064388275	
943,75	0,685240685939789	943,75	-1,68092584609985	
946,875	0,686130702495575	946,875	-1,67516148090363	
950	0,690974175930023	950	-1,66926169395447	
953,125	0,692848682403564	953,125	-1,66740882396698	
956,25	0,697934150695801	956,25	-1,65769743919373	
959,375	0,698154032230377	959,375	-1,64527380466461	
962,5	0,693166971206665	962,5	-1,63921010494232	
965,625	0,694881916046143	965,625	-1,63313233852386	
968,75	0,692482233047485	968,75	-1,63322496414185	
971,875	0,695889890193939	971,875	-1,61831784248352	
975	0,699075639247894	975	-1,61475002765656	
978,125	0,699543952941895	978,125	-1,60865533351898	
981,25	0,703089237213135	981,25	-1,59829568862915	
984,375	0,698810577392578	984,375	-1,5945326089859	
987,5	0,699249625205994	987,5	-1,58796632289886	
990,625	0,702009856700897	990,625	-1,58314609527588	
993,75	0,695360720157623	993,75	-1,57439661026001	
996,875	0,696669340133667	996,875	-1,56968355178833	
1000	0,694070756435394	1000	-1,56043446063995	
1003,125	0,698543787002563	1003,125	-1,55656671524048	
1006,25	0,698991656303406	1006,25	-1,54945182800293	
1009,375	0,698224365711212	1009,375	-1,54005587100983	
1012,5	0,700336635112762	1012,5	-1,53797888755798	
1015,625	0,697863101959229	1015,625	-1,53563249111176	
1018,75	0,696058988571167	1018,75	-1,52036559581757	
1021,875	0,699185788631439	1021,875	-1,51885628700256	
1025	0,699940085411072	1025	-1,5079653263092	
1028,125	0,700136482715607	1028,125	-1,50412786006927	
1031,25	0,6970055103302	1031,25	-1,50283133983612	
1034,375	0,697306394577026	1034,375	-1,49417722225189	
1037,5	0,699131488800049	1037,5	-1,48800337314606	
1040,625	0,697180211544037	1040,625	-1,4813836812973	
1043,75	0,699279367923737	1043,75	-1,47764015197754	
1046,875	0,702479541301727	1046,875	-1,47289490699768	
1050	0,697625041007996	1050	-1,46330320835114	
1053,125	0,694394946098328	1053,125	-1,46117699146271	
1056,25	0,695791244506836	1056,25	-1,4512574672699	
1059,375	0,696668803691864	1059,375	-1,45066928863525	
1062,5	0,693744838237762	1062,5	-1,44661498069763	
1065,625	0,692312359809875	1065,625	-1,43444406986237	
1068,75	0,698847830295563	1068,75	-1,43257820606232	
1071,875	0,69864809513092	1071,875	-1,42533469200134	
1075	0,697320342063904	1075	-1,42231476306915	
1078,125	0,691185355186462	1078,125	-1,41545414924622	
1081,25	0,697356522083282	1081,25	-1,40057241916656	
1084,375	0,695101797580719	1084,375	-1,40093505382538	
1087,5	0,694434106349945	1087,5	-1,39749944210052	
1090,625	0,696944892406464	1090,625	-1,39507746696472	
1093,75	0,694660067558289	1093,75	-1,39011645317078	
1096,875	0,695794343948364	1096,875	-1,37945663928986	
1100	0,695122897624969	1100	-1,37287044525146	
1103,125	0,693419337272644	1103,125	-1,3673415184021	
1106,25	0,699216306209564	1106,25	-1,36389803886414	
1109,375	0,691551685333252	1109,375	-1,3566986322403	
1112,5	0,691166460514069	1112,5	-1,35761320590973	
1115,625	0,69942831993103	1115,625	-1,348468542099	
1118,75	0,68714714050293	1118,75	-1,34474921226501	
1121,875	0,691169857978821	1121,875	-1,34199035167694	
1125	0,687060177326202	1125	-1,33636009693146	
1128,125	0,685700237751007	1128,125	-1,33316338062286	
1131,25	0,687270522117615	1131,25	-1,31783533096313	
1134,375	0,688946127891541	1134,375	-1,31814169883728	
1137,5	0,682435512542725	1137,5	-1,31731855869293	
1140,625	0,678339898586273	1140,625	-1,3021354675293	
1143,75	0,682434976100922	1143,75	-1,30194854736328	
1146,875	0,682227790355682	1146,875	-1,29463768005371	
1150	0,684975802898407	1150	-1,28019738197327	
1153,125	0,686188519001007	1153,125	-1,28106844425201	
1156,25	0,68156373500824	1156,25	-1,2835191488266	
1159,375	0,677169859409332	1159,375	-1,27082049846649	
1162,5	0,68244743347168	1162,5	-1,27432918548584	
1165,625	0,683789908885956	1165,625	-1,26235294342041	
1168,75	0,684946894645691	1168,75	-1,25928914546967	
1171,875	0,680805265903473	1171,875	-1,25565922260284	
1175	0,681025087833405	1175	-1,24384593963623	
1178,125	0,679987609386444	1178,125	-1,24128639698029	
1181,25	0,682194530963898	1181,25	-1,24133598804474	
1184,375	0,682734310626984	1184,375	-1,23001635074615	
1187,5	0,679629385471344	1187,5	-1,22198879718781	
1190,625	0,681912899017334	1190,625	-1,22044575214386	
1193,75	0,682844161987305	1193,75	-1,22457146644592	
1196,875	0,687808513641357	1196,875	-1,21613383293152	
1200	0,681811809539795	1200	-1,20235419273376	
1203,125	0,684485077857971	1203,125	-1,20063185691833	
1206,25	0,692229390144348	1206,25	-1,19851875305176	
1209,375	0,681332588195801	1209,375	-1,18544578552246	
1212,5	0,677874147891998	1212,5	-1,17585802078247	
1215,625	0,683023393154144	1215,625	-1,17995870113373	
1218,75	0,681400656700134	1218,75	-1,16922044754028	
1221,875	0,685173988342285	1221,875	-1,16784846782684	
1225	0,683311939239502	1225	-1,16982221603394	
1228,125	0,678092539310455	1228,125	-1,15292525291443	
1231,25	0,680089771747589	1231,25	-1,15414655208588	
1234,375	0,681262910366058	1234,375	-1,15701448917389	
1237,5	0,674616813659668	1237,5	-1,14740598201752	
1240,625	0,680918514728546	1240,625	-1,14268946647644	
1243,75	0,677316665649414	1243,75	-1,13765025138855	
1246,875	0,679715156555176	1246,875	-1,1333179473877	
1250	0,682938814163208	1250	-1,12481808662415	
1253,125	0,67764687538147	1253,125	-1,12087845802307	
1256,25	0,67682558298111	1256,25	-1,10995876789093	
1259,375	0,678167641162872	1259,375	-1,1093145608902	
1262,5	0,68114560842514	1262,5	-1,10952246189117	
1265,625	0,680951118469238	1265,625	-1,10566878318787	
1268,75	0,678738474845886	1268,75	-1,100217461586	
1271,875	0,682606518268585	1271,875	-1,0948314666748	
1275	0,680557370185852	1275	-1,09220099449158	
1278,125	0,680577397346497	1278,125	-1,08701550960541	
1281,25	0,6782186627388	1281,25	-1,08307063579559	
1284,375	0,680930316448212	1284,375	-1,08197033405304	
1287,5	0,678486168384552	1287,5	-1,07955539226532	
1290,625	0,675141274929047	1290,625	-1,07213616371155	
1293,75	0,679942429065704	1293,75	-1,06999731063843	
1296,875	0,679952502250671	1296,875	-1,06236302852631	
1300	0,672250866889954	1300	-1,06369757652283	
1303,125	0,670083940029144	1303,125	-1,05920326709747	
1306,25	0,675099194049835	1306,25	-1,0552567243576	
1309,375	0,675150096416473	1309,375	-1,04886388778687	
1312,5	0,673269033432007	1312,5	-1,04471731185913	
1315,625	0,671957075595856	1315,625	-1,04399788379669	
1318,75	0,674856424331665	1318,75	-1,03588390350342	
1321,875	0,676812648773193	1321,875	-1,03448235988617	
1325	0,675513744354248	1325	-1,03189313411713	
1328,125	0,672671318054199	1328,125	-1,02724826335907	
1331,25	0,674224495887756	1331,25	-1,02136790752411	
1334,375	0,668451249599457	1334,375	-1,01510119438171	
1337,5	0,671125829219818	1337,5	-1,01430487632751	
1340,625	0,673062682151794	1340,625	-1,00830638408661	
1343,75	0,671919405460358	1343,75	-1,00830209255219	
1346,875	0,672653138637543	1346,875	-1,00191032886505	
1350	0,669916927814484	1350	-0,99876880645752	
1353,125	0,669760167598724	1353,125	-0,998473584651947	
1356,25	0,662175893783569	1356,25	-0,99109673500061	
1359,375	0,667785227298737	1359,375	-0,986730992794037	
1362,5	0,667334496974945	1362,5	-0,981789231300354	
1365,625	0,665036261081696	1365,625	-0,978919565677643	
1368,75	0,666300892829895	1368,75	-0,975730955600739	
1371,875	0,663664817810059	1371,875	-0,969782710075378	
1375	0,659196496009827	1375	-0,967790901660919	
1378,125	0,659223973751068	1378,125	-0,967044711112976	
1381,25	0,65506386756897	1381,25	-0,955806970596313	
1384,375	0,655113041400909	1384,375	-0,954025447368622	
1387,5	0,658099710941315	1387,5	-0,952123701572418	
1390,625	0,660575270652771	1390,625	-0,945866167545319	
1393,75	0,660412847995758	1393,75	-0,939954519271851	
1396,875	0,658828377723694	1396,875	-0,935976326465607	
1400	0,661362767219543	1400	-0,931403398513794	
1403,125	0,658435761928558	1403,125	-0,928749799728394	
1406,25	0,655699670314789	1406,25	-0,925548434257507	
1409,375	0,655105113983154	1409,375	-0,918811917304993	
1412,5	0,657732546329498	1412,5	-0,915840327739716	
1415,625	0,655659794807434	1415,625	-0,910531640052795	
1418,75	0,654889285564423	1418,75	-0,908068597316742	
1421,875	0,656802773475647	1421,875	-0,904704213142395	
1425	0,656577050685883	1425	-0,902432084083557	
1428,125	0,652039587497711	1428,125	-0,894103765487671	
1431,25	0,65512752532959	1431,25	-0,89319235086441	
1434,375	0,655805468559265	1434,375	-0,888596951961517	
1437,5	0,658179223537445	1437,5	-0,880870878696442	
1440,625	0,658603966236115	1440,625	-0,88464367389679	
1443,75	0,652129590511322	1443,75	-0,8723104596138	
1446,875	0,656894266605377	1446,875	-0,872562289237976	
1450	0,656783044338226	1450	-0,867806196212769	
1453,125	0,657024145126343	1453,125	-0,864601135253906	
1456,25	0,655129134654999	1456,25	-0,858881056308746	
1459,375	0,656744718551636	1459,375	-0,856600046157837	
1462,5	0,659570515155792	1462,5	-0,853143274784088	
1465,625	0,656650006771088	1465,625	-0,850969970226288	
1468,75	0,656388223171234	1468,75	-0,843195140361786	
1471,875	0,654657244682312	1471,875	-0,839809596538544	
1475	0,654302418231964	1475	-0,839662611484528	
1478,125	0,654417932033539	1478,125	-0,834482252597809	
1481,25	0,657813549041748	1481,25	-0,83145546913147	
1484,375	0,655322372913361	1484,375	-0,824065744876862	
1487,5	0,650318801403046	1487,5	-0,824337899684906	
1490,625	0,651061117649078	1490,625	-0,819949209690094	
1493,75	0,649546802043915	1493,75	-0,816310048103333	
1496,875	0,650989234447479	1496,875	-0,816806733608246	
1500	0,647668302059174	1500	-0,806866705417633	
1503,125	0,650070786476135	1503,125	-0,802340030670166	
1506,25	0,653450012207031	1506,25	-0,800324738025665	
1509,375	0,647987961769104	1509,375	-0,793148756027222	
1512,5	0,648190319538116	1512,5	-0,78964775800705	
1515,625	0,645979940891266	1515,625	-0,787102878093719	
1518,75	0,651168644428253	1518,75	-0,782101333141327	
1521,875	0,652783453464508	1521,875	-0,781871676445007	
1525	0,644944787025452	1525	-0,773888051509857	
1528,125	0,652118921279907	1528,125	-0,769322216510773	
1531,25	0,651868164539337	1531,25	-0,76683235168457	
1534,375	0,654207587242126	1534,375	-0,761862277984619	
1537,5	0,64985316991806	1537,5	-0,758978664875031	
1540,625	0,652113258838654	1540,625	-0,758486270904541	
1543,75	0,649878919124603	1543,75	-0,748493015766144	
1546,875	0,653317630290985	1546,875	-0,748267471790314	
1550	0,651472270488739	1550	-0,743137538433075	
1553,125	0,651691854000092	1553,125	-0,742461562156677	
1556,25	0,653173565864563	1556,25	-0,736656963825226	
1559,375	0,653308093547821	1559,375	-0,734267830848694	
1562,5	0,65293300151825	1562,5	-0,731501460075378	
1565,625	0,655910313129425	1565,625	-0,724739551544189	
1568,75	0,651229023933411	1568,75	-0,725254595279694	
1571,875	0,653781771659851	1571,875	-0,720258593559265	
1575	0,654520750045776	1575	-0,720543682575226	
1578,125	0,655763506889343	1578,125	-0,716795146465302	
1581,25	0,652796506881714	1581,25	-0,711913108825684	
1584,375	0,657168030738831	1584,375	-0,710774660110474	
1587,5	0,654281377792358	1587,5	-0,705208837985992	
1590,625	0,649919271469116	1590,625	-0,701364278793335	
1593,75	0,650610744953156	1593,75	-0,69771134853363	
1596,875	0,652351975440979	1596,875	-0,695055902004242	
1600	0,651150405406952	1600	-0,694265425205231	
1603,125	0,650053143501282	1603,125	-0,692157089710236	
1606,25	0,649421572685242	1606,25	-0,687786042690277	
1609,375	0,656747281551361	1609,375	-0,682964086532593	
1612,5	0,6579549908638	1612,5	-0,675657629966736	
1615,625	0,654876589775085	1615,625	-0,674297749996185	
1618,75	0,651497721672058	1618,75	-0,673574030399323	
1621,875	0,653441190719604	1621,875	-0,670570433139801	
1625	0,652262449264526	1625	-0,666204869747162	
1628,125	0,654224514961243	1628,125	-0,665307402610779	
1631,25	0,651837170124054	1631,25	-0,658974468708038	
1634,375	0,64997535943985	1634,375	-0,658716261386871	
1637,5	0,648235142230988	1637,5	-0,655518710613251	
1640,625	0,657568335533142	1640,625	-0,653524339199066	
1643,75	0,650140583515167	1643,75	-0,640771627426147	
1646,875	0,650493323802948	1646,875	-0,644732117652893	
1650	0,647853136062622	1650	-0,643400609493256	
1653,125	0,649788796901703	1653,125	-0,638281226158142	
1656,25	0,649660348892212	1656,25	-0,635772347450256	
1659,375	0,650059521198273	1659,375	-0,634449660778046	
1662,5	0,650689482688904	1662,5	-0,631156384944916	
1665,625	0,646123647689819	1665,625	-0,625779807567596	
1668,75	0,646858811378479	1668,75	-0,624104201793671	
1671,875	0,64583295583725	1671,875	-0,621229946613312	
1675	0,647948443889618	1675	-0,615267753601074	
1678,125	0,646133422851563	1678,125	-0,61073899269104	
1681,25	0,647364318370819	1681,25	-0,611716210842133	
1684,375	0,649932384490967	1684,375	-0,60177606344223	
1687,5	0,648786962032318	1687,5	-0,59997695684433	
1690,625	0,649651169776917	1690,625	-0,597476601600647	
1693,75	0,653092920780182	1693,75	-0,594728648662567	
1696,875	0,647999048233032	1696,875	-0,590840458869934	
1700	0,64877450466156	1700	-0,588479399681091	
1703,125	0,647140085697174	1703,125	-0,587173104286194	
1706,25	0,647535264492035	1706,25	-0,583176016807556	
1709,375	0,648498833179474	1709,375	-0,577233552932739	
1712,5	0,64868688583374	1712,5	-0,575858652591705	
1715,625	0,648729503154755	1715,625	-0,572012484073639	
1718,75	0,646447777748108	1718,75	-0,571390390396118	
1721,875	0,645666539669037	1721,875	-0,567831516265869	
1725	0,645758807659149	1725	-0,560592234134674	
1728,125	0,645692646503448	1728,125	-0,56114000082016	
1731,25	0,64567619562149	1731,25	-0,55984103679657	
1734,375	0,642905056476593	1734,375	-0,556236028671265	
1737,5	0,64571738243103	1737,5	-0,55229663848877	
1740,625	0,646175742149353	1740,625	-0,552576243877411	
1743,75	0,646518111228943	1743,75	-0,543738007545471	
1746,875	0,648033380508423	1746,875	-0,5421102643013	
1750	0,647448718547821	1750	-0,541696488857269	
1753,125	0,645370244979858	1753,125	-0,537291765213013	
1756,25	0,644034743309021	1756,25	-0,532680153846741	
1759,375	0,645341515541077	1759,375	-0,533923745155334	
1762,5	0,644412040710449	1762,5	-0,52898234128952	
1765,625	0,643567860126495	1765,625	-0,524863183498383	
1768,75	0,64461213350296	1768,75	-0,520182073116302	
1771,875	0,644145309925079	1771,875	-0,519313931465149	
1775	0,644695281982422	1775	-0,517505884170532	
1778,125	0,64291250705719	1778,125	-0,513644993305206	
1781,25	0,644154191017151	1781,25	-0,509118974208832	
1784,375	0,64310348033905	1784,375	-0,507149934768677	
1787,5	0,639783918857574	1787,5	-0,506218194961548	
1790,625	0,642470896244049	1790,625	-0,499779552221298	
1793,75	0,638286471366882	1793,75	-0,496524333953857	
1796,875	0,64070200920105	1796,875	-0,495867848396301	
1800	0,643942713737488	1800	-0,493765980005264	
1803,125	0,639886260032654	1803,125	-0,486811488866806	
1806,25	0,642839431762695	1806,25	-0,484877020120621	
1809,375	0,643290519714355	1809,375	-0,480804175138474	
1812,5	0,644231736660004	1812,5	-0,482352077960968	
1815,625	0,640170574188232	1815,625	-0,474756419658661	
1818,75	0,64478325843811	1818,75	-0,472529470920563	
1821,875	0,64365816116333	1821,875	-0,4698106944561	
1825	0,642620325088501	1825	-0,468087941408157	
1828,125	0,642518758773804	1828,125	-0,466203659772873	
1831,25	0,645195066928864	1831,25	-0,463519841432571	
1834,375	0,644792139530182	1834,375	-0,459080934524536	
1837,5	0,64461350440979	1837,5	-0,457073122262955	
1840,625	0,640537858009338	1840,625	-0,455244839191437	
1843,75	0,641469299793243	1843,75	-0,451693683862686	
1846,875	0,640260875225067	1846,875	-0,44869127869606	
1850	0,641508400440216	1850	-0,447159975767136	
1853,125	0,640876114368439	1853,125	-0,445546329021454	
1856,25	0,644249141216278	1856,25	-0,442097306251526	
1859,375	0,642907917499542	1859,375	-0,439564764499664	
1862,5	0,641980886459351	1862,5	-0,433652013540268	
1865,625	0,642355024814606	1865,625	-0,433601438999176	
1868,75	0,643837094306946	1868,75	-0,432110130786896	
1871,875	0,642175257205963	1871,875	-0,428681045770645	
1875	0,641288578510284	1875	-0,427662819623947	
1878,125	0,642443716526031	1878,125	-0,423662394285202	
1881,25	0,640925884246826	1881,25	-0,420360624790192	
1884,375	0,64002388715744	1884,375	-0,419165730476379	
1887,5	0,640824317932129	1887,5	-0,416524946689606	
1890,625	0,643136620521545	1890,625	-0,412301778793335	
1893,75	0,643503248691559	1893,75	-0,410312473773956	
1896,875	0,644248425960541	1896,875	-0,407377302646637	
1900	0,642366647720337	1900	-0,405400961637497	
1903,125	0,643054068088531	1903,125	-0,40179842710495	
1906,25	0,641734480857849	1906,25	-0,397529900074005	
1909,375	0,640841841697693	1909,375	-0,397235125303268	
1912,5	0,641357958316803	1912,5	-0,396945774555206	
1915,625	0,641054213047028	1915,625	-0,392425030469894	
1918,75	0,640324771404266	1918,75	-0,388075321912766	
1921,875	0,639125108718872	1921,875	-0,389047503471375	
1925	0,637017488479614	1925	-0,387633681297302	
1928,125	0,638931334018707	1928,125	-0,382257997989655	
1931,25	0,639511585235596	1931,25	-0,380532830953598	
1934,375	0,63829380273819	1934,375	-0,377469182014465	
1937,5	0,63766998052597	1937,5	-0,375760704278946	
1940,625	0,637260496616364	1940,625	-0,372659385204315	
1943,75	0,636846005916595	1943,75	-0,368518501520157	
1946,875	0,63716059923172	1946,875	-0,365809410810471	
1950	0,637365400791168	1950	-0,364166140556335	
1953,125	0,63438093662262	1953,125	-0,359564006328583	
1956,25	0,635015189647675	1956,25	-0,358578830957413	
1959,375	0,634708225727081	1959,375	-0,356277257204056	
1962,5	0,632746934890747	1962,5	-0,356055468320847	
1965,625	0,634471833705902	1965,625	-0,353130280971527	
1968,75	0,633784294128418	1968,75	-0,350875943899155	
1971,875	0,63527774810791	1971,875	-0,345894306898117	
1975	0,636101961135864	1975	-0,343123972415924	
1978,125	0,632769405841827	1978,125	-0,339718341827393	
1981,25	0,635022103786469	1981,25	-0,34121561050415	
1984,375	0,635497152805328	1984,375	-0,335997194051743	
1987,5	0,635639190673828	1987,5	-0,333505362272263	
1990,625	0,633269667625427	1990,625	-0,330568194389343	
1993,75	0,633574903011322	1993,75	-0,32729184627533	
1996,875	0,632571280002594	1996,875	-0,326254338026047	
2000	0,631363987922668	2000	-0,323652565479279	
2003,125	0,631319105625153	2003,125	-0,322196781635284	
2006,25	0,630840480327606	2006,25	-0,318295836448669	
2009,375	0,632852256298065	2009,375	-0,315279930830002	
2012,5	0,633428514003754	2012,5	-0,313233435153961	
2015,625	0,632666289806366	2015,625	-0,31018391251564	
2018,75	0,634166300296783	2018,75	-0,307503491640091	
2021,875	0,631999790668488	2021,875	-0,307168692350388	
2025	0,631437122821808	2025	-0,304049223661423	
2028,125	0,633538961410522	2028,125	-0,302050203084946	
2031,25	0,636385142803192	2031,25	-0,298050671815872	
2034,375	0,631388068199158	2034,375	-0,295849531888962	
2037,5	0,632489323616028	2037,5	-0,295382499694824	
2040,625	0,635619819164276	2040,625	-0,289175033569336	
2043,75	0,635399043560028	2043,75	-0,288682907819748	
2046,875	0,634185194969177	2046,875	-0,287065297365189	
2050	0,632322013378143	2050	-0,284145802259445	
2053,125	0,631638884544373	2053,125	-0,282194465398788	
2056,25	0,632822394371033	2056,25	-0,279678672552109	
2059,375	0,632741451263428	2059,375	-0,277520507574081	
2062,5	0,632945537567139	2062,5	-0,275444895029068	
2065,625	0,632163882255554	2065,625	-0,272397130727768	
2068,75	0,631928086280823	2068,75	-0,271511971950531	
2071,875	0,631136298179626	2071,875	-0,269885718822479	
2075	0,631075859069824	2075	-0,266762793064117	
2078,125	0,632136464118958	2078,125	-0,263783246278763	
2081,25	0,633208632469177	2081,25	-0,261273860931396	
2084,375	0,631014406681061	2084,375	-0,258401781320572	
2087,5	0,630374848842621	2087,5	-0,258184641599655	
2090,625	0,629929065704346	2090,625	-0,25531542301178	
2093,75	0,630756556987762	2093,75	-0,252353310585022	
2096,875	0,631602942943573	2096,875	-0,25176665186882	
2100	0,630728840827942	2100	-0,245815917849541	
2103,125	0,63234007358551	2103,125	-0,245251223444939	
2106,25	0,631853997707367	2106,25	-0,243460610508919	
2109,375	0,630045175552368	2109,375	-0,240818411111832	
2112,5	0,629339516162872	2112,5	-0,239489689469337	
2115,625	0,630115449428558	2115,625	-0,23641249537468	
2118,75	0,629794836044312	2118,75	-0,234606042504311	
2121,875	0,630590379238129	2121,875	-0,231646806001663	
2125	0,630661964416504	2125	-0,229370951652527	
2128,125	0,629625380039215	2128,125	-0,227430015802383	
2131,25	0,629589796066284	2131,25	-0,22541244328022	
2134,375	0,628951728343964	2134,375	-0,222222551703453	
2137,5	0,628671586513519	2137,5	-0,220149785280228	
2140,625	0,629727005958557	2140,625	-0,217908665537834	
2143,75	0,63010162115097	2143,75	-0,215840116143227	
2146,875	0,629055559635162	2146,875	-0,215063750743866	
2150	0,628136813640594	2150	-0,211705714464188	
2153,125	0,629160821437836	2153,125	-0,209792599081993	
2156,25	0,628318965435028	2156,25	-0,208330899477005	
2159,375	0,62851083278656	2159,375	-0,205146297812462	
2162,5	0,629846751689911	2162,5	-0,204329967498779	
2165,625	0,629828691482544	2165,625	-0,200539737939835	
2168,75	0,628921806812286	2168,75	-0,197027593851089	
2171,875	0,628342032432556	2171,875	-0,19631090760231	
2175	0,626273393630981	2175	-0,194650486111641	
2178,125	0,627372324466705	2178,125	-0,19188030064106	
2181,25	0,628376722335815	2181,25	-0,190486460924149	
2184,375	0,628591597080231	2184,375	-0,187227562069893	
2187,5	0,628475964069366	2187,5	-0,185345575213432	
2190,625	0,628207325935364	2190,625	-0,184723615646362	
2193,75	0,626399993896484	2193,75	-0,18168517947197	
2196,875	0,627098262310028	2196,875	-0,178377047181129	
2200	0,627610146999359	2200	-0,177277147769928	
2203,125	0,626820206642151	2203,125	-0,17551888525486	
2206,25	0,627419769763947	2206,25	-0,173711434006691	
2209,375	0,627738773822784	2209,375	-0,171560913324356	
2212,5	0,624948620796204	2212,5	-0,169840127229691	
2215,625	0,623797833919525	2215,625	-0,16764560341835	
2218,75	0,625043928623199	2218,75	-0,165309816598892	
2221,875	0,626675307750702	2221,875	-0,163530483841896	
2225	0,625641405582428	2225	-0,160249143838882	
2228,125	0,624814033508301	2228,125	-0,158130154013634	
2231,25	0,62567001581192	2231,25	-0,156381890177727	
2234,375	0,625767171382904	2234,375	-0,153929889202118	
2237,5	0,624719142913818	2237,5	-0,153331995010376	
2240,625	0,622444987297058	2240,625	-0,150205254554749	
2243,75	0,62227076292038	2243,75	-0,14865331351757	
2246,875	0,622821927070618	2246,875	-0,146938413381577	
2250	0,62385755777359	2250	-0,144124582409859	
2253,125	0,623453140258789	2253,125	-0,142369344830513	
2256,25	0,624852538108826	2256,25	-0,139500841498375	
2259,375	0,624006807804108	2259,375	-0,137359365820885	
2262,5	0,623287081718445	2262,5	-0,135703176259995	
2265,625	0,62314110994339	2265,625	-0,133243709802628	
2268,75	0,624616801738739	2268,75	-0,130912303924561	
2271,875	0,62341171503067	2271,875	-0,128791585564613	
2275	0,622643411159515	2275	-0,125903740525246	
2278,125	0,622796714305878	2278,125	-0,123838201165199	
2281,25	0,622922360897064	2281,25	-0,122783489525318	
2284,375	0,622860670089722	2284,375	-0,121109358966351	
2287,5	0,621272683143616	2287,5	-0,11785900592804	
2290,625	0,62285715341568	2290,625	-0,11596605181694	
2293,75	0,624205768108368	2293,75	-0,114685453474522	
2296,875	0,621741414070129	2296,875	-0,112456806004047	
2300	0,621705591678619	2300	-0,109060756862164	
2303,125	0,622625172138214	2303,125	-0,107290558516979	
2306,25	0,622503459453583	2306,25	-0,105240821838379	
2309,375	0,621902167797089	2309,375	-0,104326948523521	
2312,5	0,622832119464874	2312,5	-0,102443747222424	
2315,625	0,623001754283905	2315,625	-0,100177645683289	
2318,75	0,622625887393951	2318,75	-0,0967908725142479	
2321,875	0,624673843383789	2321,875	-0,0950337126851082	
2325	0,622615456581116	2325	-0,0930889695882797	
2328,125	0,622414529323578	2328,125	-0,0925259813666344	
2331,25	0,622538864612579	2331,25	-0,091100201010704	
2334,375	0,621110677719116	2334,375	-0,0889953151345253	
2337,5	0,621828436851501	2337,5	-0,0866160616278648	
2340,625	0,624107241630554	2340,625	-0,0846769735217094	
2343,75	0,621500313282013	2343,75	-0,0816881880164146	
2346,875	0,6219602227211	2346,875	-0,0799639225006104	
2350	0,621296465396881	2350	-0,0789707601070404	
2353,125	0,620621204376221	2353,125	-0,0760243386030197	
2356,25	0,621047616004944	2356,25	-0,0749702975153923	
2359,375	0,622033059597015	2359,375	-0,0739697366952896	
2362,5	0,62060409784317	2362,5	-0,0708571672439575	
2365,625	0,62199479341507	2365,625	-0,0676961913704872	
2368,75	0,622186958789825	2368,75	-0,0676291882991791	
2371,875	0,62501460313797	2371,875	-0,0671835765242577	
2375	0,623837053775787	2375	-0,063872903585434	
2378,125	0,622893154621124	2378,125	-0,0607535168528557	
2381,25	0,621639430522919	2381,25	-0,0583444647490978	
2384,375	0,620619773864746	2384,375	-0,0573624297976494	
2387,5	0,623132467269897	2387,5	-0,055722389370203	
2390,625	0,622457087039948	2390,625	-0,0540635474026203	
2393,75	0,621162712574005	2393,75	-0,0529729425907135	
2396,875	0,620614349842072	2396,875	-0,0496412143111229	
2400	0,621275007724762	2400	-0,0480534322559834	
2403,125	0,620762348175049	2403,125	-0,0461600981652737	
2406,25	0,620071947574615	2406,25	-0,0443740673363209	
2409,375	0,620623826980591	2409,375	-0,0419550165534019	
2412,5	0,621602714061737	2412,5	-0,0422386042773724	
2415,625	0,622494697570801	2415,625	-0,0380566343665123	
2418,75	0,621618270874023	2418,75	-0,0369888469576836	
2421,875	0,620624244213104	2421,875	-0,0356319658458233	
2425	0,621670067310333	2425	-0,0337596572935581	
2428,125	0,621466934680939	2428,125	-0,0309514068067074	
2431,25	0,620685815811157	2431,25	-0,0298693384975195	
2434,375	0,622004866600037	2434,375	-0,0273376926779747	
2437,5	0,621079206466675	2437,5	-0,0262338258326054	
2440,625	0,621105253696442	2440,625	-0,0254355054348707	
2443,75	0,62150514125824	2443,75	-0,0219167694449425	
2446,875	0,621894061565399	2446,875	-0,0202867444604635	
2450	0,62035197019577	2450	-0,0186002552509308	
2453,125	0,62077260017395	2453,125	-0,0168544370681047	
2456,25	0,621074974536896	2456,25	-0,0151237985119224	
2459,375	0,620589375495911	2459,375	-0,0140216080471873	
2462,5	0,621435821056366	2462,5	-0,0113998129963875	
2465,625	0,621022582054138	2465,625	-0,00976495444774628	
2468,75	0,621139585971832	2468,75	-0,00933537352830172	
2471,875	0,621623933315277	2471,875	-0,00535584008321166	
2475	0,620502471923828	2475	-0,00500959437340498	
2478,125	0,6191725730896	2478,125	-0,00202185404486954	
2481,25	0,619970738887787	2481,25	-0,00215360871516168	
2484,375	0,620715022087097	2484,375	0,00107437139376998	
2487,5	0,61885792016983	2487,5	0,0049118772149086	
2490,625	0,620016634464264	2490,625	0,00490495003759861	
2493,75	0,621526658535004	2493,75	0,00606439774855971	
2496,875	0,621726214885712	2496,875	0,00710458122193813	
2500	0,61959445476532	2500	0,00896544009447098	
2503,125	0,620174944400787	2503,125	0,0126174595206976	
2506,25	0,618657469749451	2506,25	0,0140760755166411	
2509,375	0,619651973247528	2509,375	0,0153428222984076	
2512,5	0,619880080223084	2512,5	0,0168435107916594	
2515,625	0,621432721614838	2515,625	0,0184196587651968	
2518,75	0,620619833469391	2518,75	0,0203128978610039	
2521,875	0,620648860931396	2521,875	0,0217981543391943	
2525	0,620405316352844	2525	0,0256788115948439	
2528,125	0,621949732303619	2528,125	0,0245514418929815	
2531,25	0,62257182598114	2531,25	0,0268484521657228	
2534,375	0,621614396572113	2534,375	0,0277011338621378	
2537,5	0,622192621231079	2537,5	0,0318891890347004	
2540,625	0,623713195323944	2540,625	0,0307598020881414	
2543,75	0,62410980463028	2543,75	0,033436480909586	
2546,875	0,621670722961426	2546,875	0,0353393964469433	
2550	0,620857059955597	2550	0,0367970578372478	
2553,125	0,621342897415161	2553,125	0,0392752438783646	
2556,25	0,621100902557373	2556,25	0,0404639840126038	
2559,375	0,621855020523071	2559,375	0,0420955829322338	
2562,5	0,622646033763886	2562,5	0,0437656715512276	
2565,625	0,622177124023438	2565,625	0,0447429120540619	
2568,75	0,621458649635315	2568,75	0,0463937446475029	
2571,875	0,620923757553101	2571,875	0,048670407384634	
2575	0,621633887290955	2575	0,0501552596688271	
2578,125	0,625123918056488	2578,125	0,0519738458096981	
2581,25	0,622573852539063	2581,25	0,0532982349395752	
2584,375	0,623629748821259	2584,375	0,0556384883821011	
2587,5	0,623108804225922	2587,5	0,057164628058672	
2590,625	0,623864829540253	2590,625	0,058390885591507	
2593,75	0,624279320240021	2593,75	0,0606507249176502	
2596,875	0,622507929801941	2596,875	0,0620728433132172	
2600	0,623792767524719	2600	0,0638357847929001	
2603,125	0,624476432800293	2603,125	0,0666980668902397	
2606,25	0,625277519226074	2606,25	0,0666683837771416	
2609,375	0,623727381229401	2609,375	0,0694206058979034	
2612,5	0,624166071414948	2612,5	0,0713291317224503	
2615,625	0,625775218009949	2615,625	0,0735307335853577	
2618,75	0,62463390827179	2618,75	0,074295237660408	
2621,875	0,626315653324127	2621,875	0,0759451761841774	
2625	0,627715647220612	2625	0,0759965106844902	
2628,125	0,627512872219086	2628,125	0,0780041962862015	
2631,25	0,628506362438202	2631,25	0,0808187872171402	
2634,375	0,629472255706787	2634,375	0,0806133449077606	
2637,5	0,629865944385529	2637,5	0,083778902888298	
2640,625	0,628786146640778	2640,625	0,0851602181792259	
2643,75	0,627902686595917	2643,75	0,086447186768055	
2646,875	0,626471102237701	2646,875	0,0855367556214333	
2650	0,628710746765137	2650	0,0926810428500175	
2653,125	0,628632605075836	2653,125	0,0915436968207359	
2656,25	0,627807080745697	2656,25	0,093261606991291	
2659,375	0,628572940826416	2659,375	0,0948468521237373	
2662,5	0,629229784011841	2662,5	0,0953027009963989	
2665,625	0,630173444747925	2665,625	0,0976201817393303	
2668,75	0,632650017738342	2668,75	0,0983938574790955	
2671,875	0,630036592483521	2671,875	0,100568532943726	
2675	0,629068672657013	2675	0,10216873884201	
2678,125	0,630092263221741	2678,125	0,1031179651618	
2681,25	0,629726529121399	2681,25	0,10570452362299	
2684,375	0,629848539829254	2684,375	0,108363009989262	
2687,5	0,630121290683746	2687,5	0,108116805553436	
2690,625	0,630928695201874	2690,625	0,112328246235847	
2693,75	0,630366086959839	2693,75	0,112566992640495	
2696,875	0,632839798927307	2696,875	0,113823354244232	
2700	0,632968246936798	2700	0,114907905459404	
2703,125	0,633478045463562	2703,125	0,117975071072578	
2706,25	0,634707272052765	2706,25	0,118773393332958	
2709,375	0,63391238451004	2709,375	0,120610781013966	
2712,5	0,632405996322632	2712,5	0,121909715235233	
2715,625	0,633964121341705	2715,625	0,12449262291193	
2718,75	0,635744512081146	2718,75	0,125730365514755	
2721,875	0,636523246765137	2721,875	0,126485377550125	
2725	0,635636568069458	2725	0,12901259958744	
2728,125	0,636211752891541	2728,125	0,131452113389969	
2731,25	0,636388063430786	2731,25	0,131791725754738	
2734,375	0,637983024120331	2734,375	0,132616356015205	
2737,5	0,639115631580353	2737,5	0,134854093194008	
2740,625	0,638261497020721	2740,625	0,135428696870804	
2743,75	0,636458516120911	2743,75	0,137699708342552	
2746,875	0,638086974620819	2746,875	0,139136672019958	
2750	0,641928136348724	2750	0,140481635928154	
2753,125	0,640907764434814	2753,125	0,141704306006432	
2756,25	0,641253650188446	2756,25	0,145493388175964	
2759,375	0,641067266464233	2759,375	0,145208954811096	
2762,5	0,643190324306488	2762,5	0,146485894918442	
2765,625	0,642181277275085	2765,625	0,146896302700043	
2768,75	0,641014337539673	2768,75	0,149928063154221	
2771,875	0,643882393836975	2771,875	0,151011154055595	
2775	0,644727110862732	2775	0,152906015515327	
2778,125	0,645576059818268	2778,125	0,153806582093239	
2781,25	0,645484745502472	2781,25	0,155573934316635	
2784,375	0,646562576293945	2784,375	0,155424267053604	
2787,5	0,648055970668793	2787,5	0,155916914343834	
2790,625	0,647725343704224	2790,625	0,158950358629227	
2793,75	0,647593319416046	2793,75	0,159822598099709	
2796,875	0,647525250911713	2796,875	0,160903006792068	
2800	0,646743357181549	2800	0,162634655833244	
2803,125	0,645221889019012	2803,125	0,16434034705162	
2806,25	0,649195551872253	2806,25	0,165584817528725	
2809,375	0,647741258144379	2809,375	0,16610911488533	
2812,5	0,647993326187134	2812,5	0,168948471546173	
2815,625	0,649337351322174	2815,625	0,169838190078735	
2818,75	0,650532305240631	2818,75	0,170590877532959	
2821,875	0,650423467159271	2821,875	0,172452598810196	
2825	0,6518474817276	2825	0,171951547265053	
2828,125	0,65169632434845	2828,125	0,17363478243351	
2831,25	0,652602255344391	2831,25	0,177814975380898	
2834,375	0,652965724468231	2834,375	0,177674651145935	
2837,5	0,650103569030762	2837,5	0,17992340028286	
2840,625	0,650463342666626	2840,625	0,180990144610405	
2843,75	0,652956962585449	2843,75	0,180490657687187	
2846,875	0,653255164623261	2846,875	0,184242203831673	
2850	0,65379399061203	2850	0,184231117367744	
2853,125	0,655045926570892	2853,125	0,185415118932724	
2856,25	0,653501272201538	2856,25	0,187014371156693	
2859,375	0,655291855335236	2859,375	0,188679218292236	
2862,5	0,654563009738922	2862,5	0,189769610762596	
2865,625	0,656057178974152	2865,625	0,191861599683762	
2868,75	0,654943943023682	2868,75	0,192779555916786	
2871,875	0,653092622756958	2871,875	0,193983256816864	
2875	0,655205607414246	2875	0,196137085556984	
2878,125	0,655334651470184	2878,125	0,197701349854469	
2881,25	0,655170738697052	2881,25	0,199201419949532	
2884,375	0,656359672546387	2884,375	0,200723424553871	
2887,5	0,655371725559235	2887,5	0,202482983469963	
2890,625	0,65437513589859	2890,625	0,205842480063438	
2893,75	0,655007421970367	2893,75	0,206384137272835	
2896,875	0,656241059303284	2896,875	0,206789121031761	
2900	0,655842244625092	2900	0,207820370793343	
2903,125	0,655983328819275	2903,125	0,209755331277847	
2906,25	0,65837424993515	2906,25	0,211551025509834	
2909,375	0,656955122947693	2909,375	0,213034376502037	
2912,5	0,658295392990112	2912,5	0,213797211647034	
2915,625	0,658979296684265	2915,625	0,216125145554543	
2918,75	0,659047782421112	2918,75	0,218371450901031	
2921,875	0,657689154148102	2921,875	0,218236699700356	
2925	0,656309187412262	2925	0,220388978719711	
2928,125	0,65869140625	2928,125	0,221924230456352	
2931,25	0,660040497779846	2931,25	0,223635345697403	
2934,375	0,658285081386566	2934,375	0,225500360131264	
2937,5	0,658683598041534	2937,5	0,227520912885666	
2940,625	0,660437047481537	2940,625	0,22791875898838	
2943,75	0,660858154296875	2943,75	0,229953348636627	
2946,875	0,659610986709595	2946,875	0,232905879616737	
2950	0,658972859382629	2950	0,233461156487465	
2953,125	0,659250319004059	2953,125	0,235874533653259	
2956,25	0,657136976718903	2956,25	0,236661940813065	
2959,375	0,65815943479538	2959,375	0,239922448992729	
2962,5	0,660699009895325	2962,5	0,241143316030502	
2965,625	0,659731566905975	2965,625	0,242483600974083	
2968,75	0,658442914485931	2968,75	0,245123863220215	
2971,875	0,658415734767914	2971,875	0,2470832914114	
2975	0,659080386161804	2975	0,247534796595573	
2978,125	0,658713400363922	2978,125	0,249293148517609	
2981,25	0,66058349609375	2981,25	0,25126376748085	
2984,375	0,659087955951691	2984,375	0,253368347883224	
2987,5	0,658911466598511	2987,5	0,255050539970398	
2990,625	0,660335719585419	2990,625	0,257363051176071	
2993,75	0,659523129463196	2993,75	0,257700890302658	
2996,875	0,659946858882904	2996,875	0,259561419487	
3000	0,661528587341309	3000	0,264955550432205	
3003,125	0,657318949699402	3003,125	0,265944242477417	
3006,25	0,658053278923035	3006,25	0,267480283975601	
3009,375	0,65975546836853	3009,375	0,269118696451187	
3012,5	0,660664141178131	3012,5	0,271943986415863	
3015,625	0,659743905067444	3015,625	0,275966674089432	
3018,75	0,658586978912354	3018,75	0,275173097848892	
3021,875	0,659619510173798	3021,875	0,278893023729324	
3025	0,66005265712738	3025	0,281623780727386	
3028,125	0,659425973892212	3028,125	0,282952874898911	
3031,25	0,656688332557678	3031,25	0,28824320435524	
3034,375	0,660468757152557	3034,375	0,287691622972488	
3037,5	0,660970211029053	3037,5	0,295683294534683	
3040,625	0,661114037036896	3040,625	0,297284543514252	
3043,75	0,661685824394226	3043,75	0,298700600862503	
3046,875	0,660949289798737	3046,875	0,302986681461334	
3050	0,665879130363464	3050	0,304754823446274	
3053,125	0,667609691619873	3053,125	0,309091240167618	
3056,25	0,669200956821442	3056,25	0,311122387647629	
3059,375	0,668770909309387	3059,375	0,314023643732071	
3062,5	0,671651661396027	3062,5	0,314574003219604	
3065,625	0,673754572868347	3065,625	0,313590198755264	
3068,75	0,674764096736908	3068,75	0,31624710559845	
3071,875	0,675554394721985	3071,875	0,317756235599518	
3075	0,676596224308014	3075	0,319866567850113	
3078,125	0,678931355476379	3078,125	0,320484608411789	
3081,25	0,68028062582016	3081,25	0,321953892707825	
3084,375	0,679728150367737	3084,375	0,322175055742264	
3087,5	0,680469453334808	3087,5	0,321718275547028	
3090,625	0,678833544254303	3090,625	0,324289619922638	
3093,75	0,678448677062988	3093,75	0,327672719955444	
3096,875	0,680045545101166	3096,875	0,327239543199539	
3100	0,684563100337982	3100	0,33128610253334	
3103,125	0,685441195964813	3103,125	0,332854688167572	
3106,25	0,685777425765991	3106,25	0,333700507879257	
3109,375	0,686551809310913	3109,375	0,335934489965439	
3112,5	0,684681057929993	3112,5	0,337704688310623	
3115,625	0,68618506193161	3115,625	0,337181568145752	
3118,75	0,685474812984467	3118,75	0,340111255645752	
3121,875	0,683086216449738	3121,875	0,341347932815552	
3125	0,686598420143127	3125	0,343706667423248	
3128,125	0,6873779296875	3128,125	0,343547314405441	
3131,25	0,68896496295929	3131,25	0,344763576984406	
3134,375	0,690149009227753	3134,375	0,347817957401276	
3137,5	0,6933513879776	3137,5	0,347246766090393	
3140,625	0,693242847919464	3140,625	0,35027876496315	
3143,75	0,691799342632294	3143,75	0,349526673555374	
3146,875	0,694408655166626	3146,875	0,350534230470657	
3150	0,695785284042358	3150	0,351724773645401	
3153,125	0,695889055728912	3153,125	0,352564334869385	
3156,25	0,696509182453156	3156,25	0,356370031833649	
3159,375	0,696437895298004	3159,375	0,357012838125229	
3162,5	0,700437903404236	3162,5	0,355476081371307	
3165,625	0,700344979763031	3165,625	0,355009347200394	
3168,75	0,697582244873047	3168,75	0,356178015470505	
3171,875	0,701106071472168	3171,875	0,357726365327835	
3175	0,704944372177124	3175	0,362026572227478	
3178,125	0,705280721187592	3178,125	0,364712923765183	
3181,25	0,70273768901825	3181,25	0,363867610692978	
3184,375	0,700885772705078	3184,375	0,36049747467041	
3187,5	0,697750091552734	3187,5	0,359821707010269	
3190,625	0,701919436454773	3190,625	0,359176725149155	
3193,75	0,702676117420197	3193,75	0,358419686555862	
3196,875	0,704350888729095	3196,875	0,364128202199936	
3200	0,69894152879715	3200	0,363449484109879	
3203,125	0,70218825340271	3203,125	0,364401459693909	
3206,25	0,700482189655304	3206,25	0,364253461360931	
3209,375	0,698650777339935	3209,375	0,364517867565155	
3212,5	0,698138296604156	3212,5	0,366752833127975	
3215,625	0,69752025604248	3215,625	0,365106999874115	
3218,75	0,695590376853943	3218,75	0,364349246025085	
3221,875	0,696427881717682	3221,875	0,366261392831802	
3225	0,698907017707825	3225	0,370282739400864	
3228,125	0,698478162288666	3228,125	0,371431291103363	
3231,25	0,694937944412231	3231,25	0,373844683170319	
3234,375	0,6921107172966	3234,375	0,377043485641479	
3237,5	0,691897213459015	3237,5	0,376324146986008	
3240,625	0,69137567281723	3240,625	0,376452028751373	
3243,75	0,689931392669678	3243,75	0,377199411392212	
3246,875	0,689544498920441	3246,875	0,377508401870728	
3250	0,690533876419067	3250	0,377051085233688	
3253,125	0,689985275268555	3253,125	0,383474737405777	
3256,25	0,688729286193848	3256,25	0,382475286722183	
3259,375	0,687094211578369	3259,375	0,384604424238205	
3262,5	0,687277257442474	3262,5	0,387139916419983	
3265,625	0,689045011997223	3265,625	0,388548314571381	
3268,75	0,686963081359863	3268,75	0,391538888216019	
3271,875	0,685834646224976	3271,875	0,394183695316315	
3275	0,687811315059662	3275	0,395748764276505	
3278,125	0,687669932842255	3278,125	0,394022911787033	
3281,25	0,685695052146912	3281,25	0,398466885089874	
3284,375	0,686211407184601	3284,375	0,399427086114883	
3287,5	0,68498033285141	3287,5	0,400339305400848	
3290,625	0,681779742240906	3290,625	0,400482952594757	
3293,75	0,683085441589355	3293,75	0,406044125556946	
3296,875	0,686195194721222	3296,875	0,406335651874542	
3300	0,685517489910126	3300	0,406993716955185	
3303,125	0,685336768627167	3303,125	0,409246981143951	
3306,25	0,683923423290253	3306,25	0,41109636425972	
3309,375	0,683235287666321	3309,375	0,41389387845993	
3312,5	0,68243283033371	3312,5	0,414253860712051	
3315,625	0,68350875377655	3315,625	0,415432155132294	
3318,75	0,681837677955627	3318,75	0,415891349315643	
3321,875	0,682295441627502	3321,875	0,419864147901535	
3325	0,681930184364319	3325	0,421828806400299	
3328,125	0,68098771572113	3328,125	0,42281499505043	
3331,25	0,681454300880432	3331,25	0,424733012914658	
3334,375	0,68205600976944	3334,375	0,427091240882874	
3337,5	0,68163675069809	3337,5	0,429285675287247	
3340,625	0,68281877040863	3340,625	0,431247353553772	
3343,75	0,682036757469177	3343,75	0,432030975818634	
3346,875	0,682325839996338	3346,875	0,43689489364624	
3350	0,681469619274139	3350	0,437136054039001	
3353,125	0,680740237236023	3353,125	0,437345683574677	
3356,25	0,681635022163391	3356,25	0,436766386032104	
3359,375	0,680495142936707	3359,375	0,439934104681015	
3362,5	0,681808114051819	3362,5	0,442260831594467	
3365,625	0,682243525981903	3365,625	0,442523419857025	
3368,75	0,684039771556854	3368,75	0,444103181362152	
3371,875	0,682131350040436	3371,875	0,445424467325211	
3375	0,680807709693909	3375	0,446641832590103	
3378,125	0,682141244411469	3378,125	0,451554745435715	
3381,25	0,682270228862762	3381,25	0,449429303407669	
3384,375	0,682051420211792	3384,375	0,450542479753494	
3387,5	0,683826327323914	3387,5	0,45220273733139	
3390,625	0,681471824645996	3390,625	0,453490763902664	
3393,75	0,683803677558899	3393,75	0,45586222410202	
3396,875	0,682852625846863	3396,875	0,456332415342331	
3400	0,682952761650085	3400	0,458710879087448	
3403,125	0,681387484073639	3403,125	0,459814637899399	
3406,25	0,6805619597435	3406,25	0,462065428495407	
3409,375	0,681962847709656	3409,375	0,46428444981575	
3412,5	0,680682837963104	3412,5	0,46494796872139	
3415,625	0,67956155538559	3415,625	0,468042522668839	
3418,75	0,681803703308105	3418,75	0,468829035758972	
3421,875	0,68102765083313	3421,875	0,468940585851669	
3425	0,680939972400665	3425	0,470297873020172	
3428,125	0,682614982128143	3428,125	0,472564786672592	
3431,25	0,683062851428986	3431,25	0,473154932260513	
3434,375	0,682520568370819	3434,375	0,475519239902496	
3437,5	0,68310821056366	3437,5	0,478198319673538	
3440,625	0,683183670043945	3440,625	0,479240626096725	
3443,75	0,682029724121094	3443,75	0,478887289762497	
3446,875	0,684353888034821	3446,875	0,479856759309769	
3450	0,685192227363586	3450	0,481840699911118	
3453,125	0,684169352054596	3453,125	0,483755826950073	
3456,25	0,682144045829773	3456,25	0,486721932888031	
3459,375	0,682746112346649	3459,375	0,486955881118774	
3462,5	0,685786545276642	3462,5	0,488743484020233	
3465,625	0,684487104415894	3465,625	0,488546013832092	
3468,75	0,682238876819611	3468,75	0,490993589162827	
3471,875	0,682596147060394	3471,875	0,491321355104446	
3475	0,683836281299591	3475	0,493466019630432	
3478,125	0,683115601539612	3478,125	0,493457466363907	
3481,25	0,686401605606079	3481,25	0,494273960590363	
3484,375	0,686288416385651	3484,375	0,495460033416748	
3487,5	0,684769034385681	3487,5	0,497457385063171	
3490,625	0,685410499572754	3490,625	0,499688684940338	
3493,75	0,684276103973389	3493,75	0,501727759838104	
3496,875	0,685228943824768	3496,875	0,501307129859924	
3500	0,686279654502869	3500	0,505299150943756	
3503,125	0,685525238513947	3503,125	0,505120158195496	
3506,25	0,683962881565094	3506,25	0,507329881191254	
3509,375	0,684532523155212	3509,375	0,507444381713867	
3512,5	0,687858045101166	3512,5	0,508723676204681	
3515,625	0,689278662204742	3515,625	0,508655905723572	
3518,75	0,687202036380768	3518,75	0,509641945362091	
3521,875	0,687711179256439	3521,875	0,512181997299194	
3525	0,687954306602478	3525	0,514302730560303	
3528,125	0,68740051984787	3528,125	0,51566606760025	
3531,25	0,68657660484314	3531,25	0,518152832984924	
3534,375	0,687533736228943	3534,375	0,517697989940643	
3537,5	0,690015435218811	3537,5	0,517744481563568	
3540,625	0,689852654933929	3540,625	0,519667685031891	
3543,75	0,689513802528381	3543,75	0,521213591098785	
3546,875	0,689450085163116	3546,875	0,520805299282074	
3550	0,690750241279602	3550	0,523556530475616	
3553,125	0,69003564119339	3553,125	0,523937046527863	
3556,25	0,690179049968719	3556,25	0,525699198246002	
3559,375	0,691508829593658	3559,375	0,527015149593353	
3562,5	0,690792798995972	3562,5	0,528554141521454	
3565,625	0,691648840904236	3565,625	0,528632581233978	
3568,75	0,692286729812622	3568,75	0,529037237167358	
3571,875	0,692240834236145	3571,875	0,532767653465271	
3575	0,691003680229187	3575	0,533536970615387	
3578,125	0,690976202487946	3578,125	0,534017622470856	
3581,25	0,691737592220306	3581,25	0,535924673080444	
3584,375	0,692866504192352	3584,375	0,536619007587433	
3587,5	0,693266630172729	3587,5	0,536499559879303	
3590,625	0,692860305309296	3590,625	0,537996888160706	
3593,75	0,691890835762024	3593,75	0,539765477180481	
3596,875	0,691581428050995	3596,875	0,540316343307495	
3600	0,692404389381409	3600	0,543349087238312	
3603,125	0,69360613822937	3603,125	0,543847978115082	
3606,25	0,691555798053741	3606,25	0,543112277984619	
3609,375	0,694709777832031	3609,375	0,545366942882538	
3612,5	0,694495141506195	3612,5	0,546249151229858	
3615,625	0,692634880542755	3615,625	0,548048317432404	
3618,75	0,69504988193512	3618,75	0,548454523086548	
3621,875	0,694657683372498	3621,875	0,548711121082306	
3625	0,695323050022125	3625	0,550134599208832	
3628,125	0,69480687379837	3628,125	0,552894294261932	
3631,25	0,69577556848526	3631,25	0,555027186870575	
3634,375	0,695172727108002	3634,375	0,55581933259964	
3637,5	0,695330560207367	3637,5	0,554961562156677	
3640,625	0,69675225019455	3640,625	0,555409908294678	
3643,75	0,696857511997223	3643,75	0,55725234746933	
3646,875	0,696889162063599	3646,875	0,55730265378952	
3650	0,6966392993927	3650	0,560012638568878	
3653,125	0,697275340557098	3653,125	0,561016261577606	
3656,25	0,697469055652618	3656,25	0,561618149280548	
3659,375	0,696628987789154	3659,375	0,563663363456726	
3662,5	0,697151839733124	3662,5	0,565209209918976	
3665,625	0,694068729877472	3665,625	0,56605327129364	
3668,75	0,698672533035278	3668,75	0,569502770900726	
3671,875	0,69891357421875	3671,875	0,567229807376862	
3675	0,698412954807281	3675	0,569595575332642	
3678,125	0,698924362659454	3678,125	0,570910155773163	
3681,25	0,696025252342224	3681,25	0,570031523704529	
3684,375	0,70412015914917	3684,375	0,573415696620941	
3687,5	0,701115012168884	3687,5	0,572493135929108	
3690,625	0,700181841850281	3690,625	0,573614418506622	
3693,75	0,701001048088074	3693,75	0,576138079166412	
3696,875	0,699261784553528	3696,875	0,577272474765778	
3700	0,700995266437531	3700	0,577031850814819	
3703,125	0,70363461971283	3703,125	0,578340947628021	
3706,25	0,702481865882874	3706,25	0,5818772315979	
3709,375	0,701054036617279	3709,375	0,58158665895462	
3712,5	0,702678918838501	3712,5	0,580879271030426	
3715,625	0,705679416656494	3715,625	0,581504166126251	
3718,75	0,703104674816132	3718,75	0,586103677749634	
3721,875	0,704422891139984	3721,875	0,586542963981628	
3725	0,703032374382019	3725	0,587277352809906	
3728,125	0,705491781234741	3728,125	0,58823424577713	
3731,25	0,704267263412476	3731,25	0,588870763778687	
3734,375	0,706152856349945	3734,375	0,590090274810791	
3737,5	0,704532861709595	3737,5	0,590343177318573	
3740,625	0,706691861152649	3740,625	0,594437837600708	
3743,75	0,706452786922455	3743,75	0,593660771846771	
3746,875	0,704704642295837	3746,875	0,593571066856384	
3750	0,70680969953537	3750	0,596481800079346	
3753,125	0,707554519176483	3753,125	0,596181869506836	
3756,25	0,708106458187103	3756,25	0,597102463245392	
3759,375	0,709089338779449	3759,375	0,597142040729523	
3762,5	0,705480098724365	3762,5	0,597217261791229	
3765,625	0,712197721004486	3765,625	0,602142453193665	
3768,75	0,70937043428421	3768,75	0,600496709346771	
3771,875	0,710638344287872	3771,875	0,600027024745941	
3775	0,709822952747345	3775	0,601765871047974	
3778,125	0,711235642433167	3778,125	0,603382706642151	
3781,25	0,712225317955017	3781,25	0,605954825878143	
3784,375	0,710242986679077	3784,375	0,60663241147995	
3787,5	0,710834264755249	3787,5	0,609247028827667	
3790,625	0,710670709609985	3790,625	0,607763946056366	
3793,75	0,715003728866577	3793,75	0,609748184680939	
3796,875	0,713526248931885	3796,875	0,608450412750244	
3800	0,715212464332581	3800	0,607888996601105	
3803,125	0,714195013046265	3803,125	0,610813319683075	
3806,25	0,712247252464294	3806,25	0,612941145896912	
3809,375	0,714710056781769	3809,375	0,613123714923859	
3812,5	0,716405034065247	3812,5	0,613251626491547	
3815,625	0,716972172260284	3815,625	0,612663149833679	
3818,75	0,716090381145477	3818,75	0,615931153297424	
3821,875	0,716771245002747	3821,875	0,615354239940643	
3825	0,71470320224762	3825	0,615755081176758	
3828,125	0,716293513774872	3828,125	0,618587374687195	
3831,25	0,717016398906708	3831,25	0,619729518890381	
3834,375	0,717461585998535	3834,375	0,621906220912933	
3837,5	0,715914249420166	3837,5	0,622045397758484	
3840,625	0,718938231468201	3840,625	0,622314631938934	
3843,75	0,719915926456451	3843,75	0,621679604053497	
3846,875	0,720608592033386	3846,875	0,62441885471344	
3850	0,719828546047211	3850	0,62417334318161	
3853,125	0,719548761844635	3853,125	0,624860405921936	
3856,25	0,719273924827576	3856,25	0,628253757953644	
3859,375	0,720790803432465	3859,375	0,627087831497192	
3862,5	0,723448634147644	3862,5	0,628340065479279	
3865,625	0,720998048782349	3865,625	0,629670441150665	
3868,75	0,721088707447052	3868,75	0,63015615940094	
3871,875	0,723650097846985	3871,875	0,63017612695694	
3875	0,724066853523254	3875	0,63122695684433	
3878,125	0,723431050777435	3878,125	0,634314298629761	
3881,25	0,724611401557922	3881,25	0,633798956871033	
3884,375	0,7259920835495	3884,375	0,636890470981598	
3887,5	0,724768817424774	3887,5	0,636937201023102	
3890,625	0,725951075553894	3890,625	0,637929022312164	
3893,75	0,724535226821899	3893,75	0,639675140380859	
3896,875	0,726838111877441	3896,875	0,640294075012207	
3900	0,725146234035492	3900	0,641913712024689	
3903,125	0,725958049297333	3903,125	0,641562104225159	
3906,25	0,728890359401703	3906,25	0,643063366413116	
3909,375	0,727780401706696	3909,375	0,643632888793945	
3912,5	0,726836502552032	3912,5	0,644288420677185	
3915,625	0,729764878749847	3915,625	0,647447466850281	
3918,75	0,726748883724213	3918,75	0,643706858158112	
3921,875	0,733774244785309	3921,875	0,650318086147308	
3925	0,731952667236328	3925	0,646643102169037	
3928,125	0,733128845691681	3928,125	0,647145628929138	
3931,25	0,729982852935791	3931,25	0,646373271942139	
3934,375	0,731072306632996	3934,375	0,648842036724091	
3937,5	0,73282516002655	3937,5	0,65107399225235	
3940,625	0,731362283229828	3940,625	0,652135252952576	
3943,75	0,730844616889954	3943,75	0,651782929897308	
3946,875	0,734090209007263	3946,875	0,652328610420227	
3950	0,736377120018005	3950	0,652114748954773	
3953,125	0,736387193202972	3953,125	0,654203236103058	
3956,25	0,735357999801636	3956,25	0,65425843000412	
3959,375	0,738049983978271	3959,375	0,652675747871399	
3962,5	0,738566756248474	3962,5	0,656515419483185	
3965,625	0,735010325908661	3965,625	0,657886326313019	
3968,75	0,735799252986908	3968,75	0,659281492233276	
3971,875	0,737719357013702	3971,875	0,661944806575775	
3975	0,739920079708099	3975	0,664959967136383	
3978,125	0,739984750747681	3978,125	0,662273943424225	
3981,25	0,73934805393219	3981,25	0,659658014774323	
3984,375	0,741025388240814	3984,375	0,659128427505493	
3987,5	0,740163326263428	3987,5	0,661363899707794	
3990,625	0,740877032279968	3990,625	0,665033280849457	
3993,75	0,739911139011383	3993,75	0,664848327636719	
3996,875	0,739913880825043	3996,875	0,666593194007874	
4000	0,740378201007843	4000	0,672530055046082	
4003,125	0,741750359535217	4003,125	0,670671403408051	
4006,25	0,741379737854004	4006,25	0,670201361179352	
4009,375	0,742796838283539	4009,375	0,670755863189697	
4012,5	0,742502212524414	4012,5	0,671408116817474	
4015,625	0,742092907428741	4015,625	0,673027575016022	
4018,75	0,742188990116119	4018,75	0,67537260055542	
4021,875	0,744001030921936	4021,875	0,67737078666687	
4025	0,744239151477814	4025	0,678548991680145	
4028,125	0,742419183254242	4028,125	0,675797581672668	
4031,25	0,749808549880981	4031,25	0,67716258764267	
4034,375	0,749217331409454	4034,375	0,678839981555939	
4037,5	0,747822642326355	4037,5	0,681897640228271	
4040,625	0,75224244594574	4040,625	0,675560235977173	
4043,75	0,752494156360626	4043,75	0,679343461990356	
4046,875	0,753932535648346	4046,875	0,681250631809235	
4050	0,755341291427612	4050	0,681315898895264	
4053,125	0,752043128013611	4053,125	0,680310785770416	
4056,25	0,754754543304443	4056,25	0,684629321098328	
4059,375	0,752579212188721	4059,375	0,682602643966675	
4062,5	0,757690906524658	4062,5	0,681516349315643	
4065,625	0,756492495536804	4065,625	0,685691893100739	
4068,75	0,757084310054779	4068,75	0,68549120426178	
4071,875	0,757922530174255	4071,875	0,684784233570099	
4075	0,756251633167267	4075	0,690903127193451	
4078,125	0,755840837955475	4078,125	0,690917789936066	
4081,25	0,757671535015106	4081,25	0,692664861679077	
4084,375	0,760103642940521	4084,375	0,69082123041153	
4087,5	0,759152412414551	4087,5	0,694703221321106	
4090,625	0,759587943553925	4090,625	0,689590811729431	
4093,75	0,765961527824402	4093,75	0,690549910068512	
4096,875	0,761921286582947	4096,875	0,693493485450745	
4100	0,763219654560089	4100	0,695727109909058	
4103,125	0,764475703239441	4103,125	0,696449220180511	
4106,25	0,763558983802795	4106,25	0,695489466190338	
4109,375	0,762343466281891	4109,375	0,700827717781067	
4112,5	0,766191303730011	4112,5	0,699588596820831	
4115,625	0,766707599163055	4115,625	0,699272513389587	
4118,75	0,765022933483124	4118,75	0,701122462749481	
4121,875	0,763658821582794	4121,875	0,701341271400452	
4125	0,770740330219269	4125	0,703344345092773	
4128,125	0,770530760288239	4128,125	0,702848017215729	
4131,25	0,768585979938507	4131,25	0,703027963638306	
4134,375	0,770475029945374	4134,375	0,707397222518921	
4137,5	0,770385146141052	4137,5	0,707649648189545	
4140,625	0,770131170749664	4140,625	0,704318046569824	
4143,75	0,773905992507935	4143,75	0,707804620265961	
4146,875	0,772409498691559	4146,875	0,707539200782776	
4150	0,778743207454681	4150	0,710583448410034	
4153,125	0,774446129798889	4153,125	0,715329110622406	
4156,25	0,776025712490082	4156,25	0,715392708778381	
4159,375	0,774612665176392	4159,375	0,711087584495544	
4162,5	0,779069304466248	4162,5	0,713712215423584	
4165,625	0,781153321266174	4165,625	0,715482592582703	
4168,75	0,781749486923218	4168,75	0,714996695518494	
4171,875	0,781941592693329	4171,875	0,71376234292984	
4175	0,780648052692413	4175	0,717811226844788	
4178,125	0,782197594642639	4178,125	0,722367584705353	
4181,25	0,786362588405609	4181,25	0,723258972167969	
4184,375	0,785603165626526	4184,375	0,721483945846558	
4187,5	0,787677705287933	4187,5	0,722600698471069	
4190,625	0,787173748016357	4190,625	0,723139584064484	
4193,75	0,787799715995789	4193,75	0,723699808120728	
4196,875	0,790591895580292	4196,875	0,724765598773956	
4200	0,789949238300323	4200	0,723691701889038	
4203,125	0,793924033641815	4203,125	0,725292563438416	
4206,25	0,797381520271301	4206,25	0,721266329288483	
4209,375	0,796448826789856	4209,375	0,722769618034363	
4212,5	0,795338749885559	4212,5	0,725751757621765	
4215,625	0,796427428722382	4215,625	0,726694703102112	
4218,75	0,797032475471497	4218,75	0,726254642009735	
4221,875	0,797160148620605	4221,875	0,725733518600464	
4225	0,800883531570435	4225	0,727138519287109	
4228,125	0,80229127407074	4228,125	0,726165533065796	
4231,25	0,80058890581131	4231,25	0,727978110313416	
4234,375	0,802449822425842	4234,375	0,727806627750397	
4237,5	0,804725468158722	4237,5	0,726651310920715	
4240,625	0,80231100320816	4240,625	0,72764664888382	
4243,75	0,804610431194305	4243,75	0,725588500499725	
4246,875	0,802278399467468	4246,875	0,727593958377838	
4250	0,803802311420441	4250	0,730117738246918	
4253,125	0,805415511131287	4253,125	0,728038251399994	
4256,25	0,80627429485321	4256,25	0,730039596557617	
4259,375	0,802308738231659	4259,375	0,729204416275024	
4262,5	0,803763747215271	4262,5	0,73187792301178	
4265,625	0,806236326694489	4265,625	0,73241114616394	
4268,75	0,804493546485901	4268,75	0,731999278068542	
4271,875	0,803577303886414	4271,875	0,732453644275665	
4275	0,807391166687012	4275	0,737245976924896	
4278,125	0,805846273899078	4278,125	0,73621529340744	
4281,25	0,805521667003632	4281,25	0,734821557998657	
4284,375	0,807863116264343	4284,375	0,741293847560883	
4287,5	0,80623722076416	4287,5	0,74045866727829	
4290,625	0,806506752967834	4290,625	0,740540385246277	
4293,75	0,808722257614136	4293,75	0,737933814525604	
4296,875	0,809732615947723	4296,875	0,735420882701874	
4300	0,812062442302704	4300	0,738970339298248	
4303,125	0,812663614749908	4303,125	0,743611216545105	
4306,25	0,814419150352478	4306,25	0,743604302406311	
4309,375	0,814219295978546	4309,375	0,743813455104828	
4312,5	0,81471860408783	4312,5	0,749999523162842	
4315,625	0,81564873456955	4315,625	0,747950494289398	
4318,75	0,814728319644928	4318,75	0,74858295917511	
4321,875	0,818016707897186	4321,875	0,750218987464905	
4325	0,820277869701386	4325	0,749741792678833	
4328,125	0,817764461040497	4328,125	0,752073347568512	
4331,25	0,820175886154175	4331,25	0,755816876888275	
4334,375	0,822148144245148	4334,375	0,75383734703064	
4337,5	0,821679830551147	4337,5	0,757862985134125	
4340,625	0,823905646800995	4340,625	0,755179464817047	
4343,75	0,82407945394516	4343,75	0,757092833518982	
4346,875	0,826710045337677	4346,875	0,757111549377441	
4350	0,830409944057465	4350	0,757283091545105	
4353,125	0,829341411590576	4353,125	0,758091568946838	
4356,25	0,830500960350037	4356,25	0,759541273117065	
4359,375	0,835302233695984	4359,375	0,756636202335358	
4362,5	0,832652628421783	4362,5	0,762191772460938	
4365,625	0,831840574741364	4365,625	0,764067709445953	
4368,75	0,837984144687653	4368,75	0,76779705286026	
4371,875	0,84048855304718	4371,875	0,7623610496521	
4375	0,841533601284027	4375	0,760322630405426	
4378,125	0,841894865036011	4378,125	0,76898854970932	
4381,25	0,843449890613556	4381,25	0,767544388771057	
4384,375	0,844638049602509	4384,375	0,764669358730316	
4387,5	0,845741808414459	4387,5	0,761044323444366	
4390,625	0,847874999046326	4390,625	0,765288293361664	
4393,75	0,852241396903992	4393,75	0,769904494285584	
4396,875	0,850498676300049	4396,875	0,769896328449249	
4400	0,851703226566315	4400	0,769372701644897	
4403,125	0,855121076107025	4403,125	0,766237795352936	
4406,25	0,855108618736267	4406,25	0,766138970851898	
4409,375	0,857279241085052	4409,375	0,768822014331818	
4412,5	0,85807865858078	4412,5	0,768626630306244	
4415,625	0,85869175195694	4415,625	0,770480155944824	
4418,75	0,859995722770691	4418,75	0,769987225532532	
4421,875	0,860372602939606	4421,875	0,770789921283722	
4425	0,864523112773895	4425	0,769128322601318	
4428,125	0,865419745445251	4428,125	0,771316289901733	
4431,25	0,861925661563873	4431,25	0,769164085388184	
4434,375	0,86687046289444	4434,375	0,770456075668335	
4437,5	0,869055569171906	4437,5	0,768613815307617	
4440,625	0,87058824300766	4440,625	0,770924091339111	
4443,75	0,875244379043579	4443,75	0,769956350326538	
4446,875	0,874062478542328	4446,875	0,771371483802795	
4450	0,871066153049469	4450	0,771745502948761	
4453,125	0,874359250068665	4453,125	0,771362662315369	
4456,25	0,875007510185242	4456,25	0,768189251422882	
4459,375	0,878725051879883	4459,375	0,768269598484039	
4462,5	0,881128251552582	4462,5	0,772578060626984	
4465,625	0,879776298999786	4465,625	0,770199954509735	
4468,75	0,879774749279022	4468,75	0,771489202976227	
4471,875	0,884657084941864	4471,875	0,774111449718475	
4475	0,883836209774017	4475	0,771170258522034	
4478,125	0,886206090450287	4478,125	0,768979966640472	
4481,25	0,893397986888886	4481,25	0,775504589080811	
4484,375	0,89028787612915	4484,375	0,775572597980499	
4487,5	0,888779759407043	4487,5	0,770265102386475	
4490,625	0,889135181903839	4490,625	0,771675586700439	
4493,75	0,891497492790222	4493,75	0,774367988109589	
4496,875	0,895933926105499	4496,875	0,774455189704895	
4500	0,89225435256958	4500	0,775655508041382	
4503,125	0,894919753074646	4503,125	0,777344882488251	
4506,25	0,89500218629837	4506,25	0,780871033668518	
4509,375	0,897845804691315	4509,375	0,781139194965363	
4512,5	0,901023864746094	4512,5	0,775931835174561	
4515,625	0,903413414955139	4515,625	0,779105722904205	
4518,75	0,899940490722656	4518,75	0,781519532203674	
4521,875	0,904283881187439	4521,875	0,785562336444855	
4525	0,910009443759918	4525	0,783865511417389	
4528,125	0,912915945053101	4528,125	0,781495034694672	
4531,25	0,914842247962952	4531,25	0,780797004699707	
4534,375	0,913857281208038	4534,375	0,782148122787476	
4537,5	0,91773122549057	4537,5	0,783695757389069	
4540,625	0,92313426733017	4540,625	0,783931612968445	
4543,75	0,924975156784058	4543,75	0,786054730415344	
4546,875	0,927017629146576	4546,875	0,786091387271881	
4550	0,92722475528717	4550	0,786613941192627	
4553,125	0,933501839637756	4553,125	0,781749486923218	
4556,25	0,934043169021606	4556,25	0,784616887569427	
4559,375	0,926725327968597	4559,375	0,781278014183044	
4562,5	0,94125884771347	4562,5	0,79191642999649	
4565,625	0,940421581268311	4565,625	0,790902078151703	
4568,75	0,942191660404205	4568,75	0,793368339538574	
4571,875	0,94278746843338	4571,875	0,789217472076416	
4575	0,946703612804413	4575	0,789462625980377	
4578,125	0,951255023479462	4578,125	0,786912858486176	
4581,25	0,956778466701508	4581,25	0,787830591201782	
4584,375	0,957951664924622	4584,375	0,790270209312439	
4587,5	0,958141446113586	4587,5	0,79195499420166	
4590,625	0,961435616016388	4590,625	0,792398869991302	
4593,75	0,96514892578125	4593,75	0,793717086315155	
4596,875	0,968365669250488	4596,875	0,791117548942566	
4600	0,970638155937195	4600	0,793175935745239	
4603,125	0,972634017467499	4603,125	0,795686960220337	
4606,25	0,973429441452026	4606,25	0,792853116989136	
4609,375	0,973159492015839	4609,375	0,794938504695892	
4612,5	0,981131434440613	4612,5	0,796865403652191	
4615,625	0,982914626598358	4615,625	0,79316520690918	
4618,75	0,983639001846313	4618,75	0,796095550060272	
4621,875	0,984807729721069	4621,875	0,795287668704987	
4625	0,995504200458527	4625	0,79426246881485	
4628,125	0,994494318962097	4628,125	0,79676365852356	
4631,25	0,999419271945953	4631,25	0,797137379646301	
4634,375	1,00143790245056	4634,375	0,801022827625275	
4637,5	1,0003787279129	4637,5	0,799265503883362	
4640,625	1,00315260887146	4640,625	0,798135757446289	
4643,75	1,01117241382599	4643,75	0,798703014850616	
4646,875	1,01106953620911	4646,875	0,799375414848328	
4650	1,01328682899475	4650	0,798907876014709	
4653,125	1,01655030250549	4653,125	0,800633013248444	
4656,25	1,01920211315155	4656,25	0,803147614002228	
4659,375	1,01933062076569	4659,375	0,803896546363831	
4662,5	1,0206561088562	4662,5	0,811169028282166	
4665,625	1,02798676490784	4665,625	0,807598233222961	
4668,75	1,02792191505432	4668,75	0,803660929203033	
4671,875	1,04021823406219	4671,875	0,804920017719269	
4675	1,03923785686493	4675	0,80536276102066	
4678,125	1,03952300548553	4678,125	0,810294330120087	
4681,25	1,04302978515625	4681,25	0,804207742214203	
4684,375	1,04363131523132	4684,375	0,810696661472321	
4687,5	1,04962480068207	4687,5	0,812509953975677	
4690,625	1,05102145671844	4690,625	0,808623194694519	
4693,75	1,05176103115082	4693,75	0,812732398509979	
4696,875	1,05491733551025	4696,875	0,816349744796753	
4700	1,05935037136078	4700	0,816518723964691	
4703,125	1,06538319587708	4703,125	0,815641820430756	
4706,25	1,06793689727783	4706,25	0,817166566848755	
4709,375	1,0688681602478	4709,375	0,820886552333832	
4712,5	1,07210612297058	4712,5	0,823811233043671	
4715,625	1,07604694366455	4715,625	0,822508752346039	
4718,75	1,07961225509644	4718,75	0,821533858776093	
4721,875	1,08115136623383	4721,875	0,824860453605652	
4725	1,08042597770691	4725	0,827824771404266	
4728,125	1,08571588993073	4728,125	0,830475032329559	
4731,25	1,0874125957489	4731,25	0,836529850959778	
4734,375	1,09015679359436	4734,375	0,835430145263672	
4737,5	1,09439158439636	4737,5	0,837049007415771	
4740,625	1,09808039665222	4740,625	0,837136328220367	
4743,75	1,10343217849731	4743,75	0,837386071681976	
4746,875	1,10530602931976	4746,875	0,839274942874908	
4750	1,10845839977264	4750	0,845331251621246	
4753,125	1,11062979698181	4753,125	0,850517868995667	
4756,25	1,11611819267273	4756,25	0,85038161277771	
4759,375	1,121213555336	4759,375	0,848780274391174	
4762,5	1,12295734882355	4762,5	0,85207611322403	
4765,625	1,1241797208786	4765,625	0,855049729347229	
4768,75	1,12687873840332	4768,75	0,858687579631805	
4771,875	1,12944912910461	4771,875	0,860835552215576	
4775	1,13989913463593	4775	0,85974794626236	
4778,125	1,14085817337036	4778,125	0,865220248699188	
4781,25	1,14280009269714	4781,25	0,867271840572357	
4784,375	1,14351224899292	4784,375	0,868491053581238	
4787,5	1,14681267738342	4787,5	0,870257437229156	
4790,625	1,14902913570404	4790,625	0,871092617511749	
4793,75	1,15370988845825	4793,75	0,880678296089172	
4796,875	1,15685868263245	4796,875	0,884257376194	
4800	1,16024482250214	4800	0,884600818157196	
4803,125	1,16406834125519	4803,125	0,891409158706665	
4806,25	1,1664844751358	4806,25	0,891668438911438	
4809,375	1,16940581798553	4809,375	0,894232749938965	
4812,5	1,17370963096619	4812,5	0,904476583003998	
4815,625	1,17370676994324	4815,625	0,903538823127747	
4818,75	1,17519807815552	4818,75	0,906805455684662	
4821,875	1,18213498592377	4821,875	0,914474487304688	
4825	1,1826536655426	4825	0,917229354381561	
4828,125	1,18496584892273	4828,125	0,919660866260529	
4831,25	1,18991720676422	4831,25	0,922676980495453	
4834,375	1,19474983215332	4834,375	0,927692174911499	
4837,5	1,1938773393631	4837,5	0,933144748210907	
4840,625	1,20153737068176	4840,625	0,938820242881775	
4843,75	1,2052766084671	4843,75	0,942197918891907	
4846,875	1,20731163024902	4846,875	0,952539503574371	
4850	1,21610867977142	4850	0,962096691131592	
4853,125	1,22358477115631	4853,125	0,965127289295197	
4856,25	1,22756743431091	4856,25	0,962146878242493	
4859,375	1,23077166080475	4859,375	0,964271187782288	
4862,5	1,23343849182129	4862,5	0,96508514881134	
4865,625	1,23937213420868	4865,625	0,976449489593506	
4868,75	1,24303913116455	4868,75	0,981689751148224	
4871,875	1,24705219268799	4871,875	0,987630367279053	
4875	1,25151109695435	4875	0,988535404205322	
4878,125	1,26449644565582	4878,125	0,991267323493958	
4881,25	1,26641261577606	4881,25	0,996526837348938	
4884,375	1,27292227745056	4884,375	1,00080764293671	
4887,5	1,27640414237976	4887,5	1,00467503070831	
4890,625	1,28589296340942	4890,625	1,00345838069916	
4893,75	1,28948521614075	4893,75	1,00606727600098	
4896,875	1,28936696052551	4896,875	1,01008033752441	
4900	1,29409122467041	4900	1,01377737522125	
4903,125	1,29860496520996	4903,125	1,01305842399597	
4906,25	1,2988213300705	4906,25	1,01251411437988	
4909,375	1,30647969245911	4909,375	1,01267540454865	
4912,5	1,30711460113525	4912,5	1,01562333106995	
4915,625	1,30334365367889	4915,625	1,02345216274261	
4918,75	1,30715930461884	4918,75	1,02603769302368	
4921,875	1,31208550930023	4921,875	1,03156173229218	
4925	1,31310129165649	4925	1,04193389415741	
4928,125	1,31336688995361	4928,125	1,04258036613464	
4931,25	1,31573712825775	4931,25	1,04572117328644	
4934,375	1,31898164749146	4934,375	1,04943382740021	
4937,5	1,3224231004715	4937,5	1,05569982528687	
4940,625	1,32667481899261	4940,625	1,05778241157532	
4943,75	1,32430946826935	4943,75	1,06290757656097	
4946,875	1,3289110660553	4946,875	1,06725251674652	
4950	1,33479130268097	4950	1,07089829444885	
4953,125	1,33396518230438	4953,125	1,07699227333069	
4956,25	1,33528590202332	4956,25	1,08137857913971	
4959,375	1,33283638954163	4959,375	1,0865752696991	
4962,5	1,33324468135834	4962,5	1,09214234352112	
4965,625	1,34106194972992	4965,625	1,0967675447464	
4968,75	1,34239220619202	4968,75	1,10673403739929	
4971,875	1,34245955944061	4971,875	1,11212265491486	
4975	1,34171891212463	4975	1,11139762401581	
				
