Frequency in Hz	Wool_96 Sound Reflection Factor continuous Re	Frequency in Hz	Wool_96 Sound Reflection Factor continuous Im	
100	0.963897526264191	100	-0.131858766078949	
103.125	0.957250714302063	103.125	-0.122643731534481	
106.25	0.958105206489563	106.25	-0.155936777591705	
109.375	0.96980208158493	109.375	-0.141388282179832	
112.5	0.957764804363251	112.5	-0.146590664982796	
115.625	0.956398367881775	115.625	-0.158097341656685	
118.75	0.961250483989716	118.75	-0.150284752249718	
121.875	0.948410868644714	121.875	-0.158079922199249	
125	0.960141777992249	125	-0.160712271928787	
128.125	0.958773851394653	128.125	-0.172151178121567	
131.25	0.959154307842255	131.25	-0.170195415616035	
134.375	0.967567324638367	134.375	-0.170823857188225	
137.5	0.942636132240295	137.5	-0.186688393354416	
140.625	0.941690802574158	140.625	-0.175383791327477	
143.75	0.938367009162903	143.75	-0.186968743801117	
146.875	0.956107676029205	146.875	-0.176508441567421	
150	0.942980885505676	150	-0.187892690300941	
153.125	0.943132162094116	153.125	-0.201982110738754	
156.25	0.943839848041534	156.25	-0.197123751044273	
159.375	0.943393886089325	159.375	-0.202758863568306	
162.5	0.944951772689819	162.5	-0.202825784683228	
165.625	0.939905345439911	165.625	-0.20267228782177	
168.75	0.93723452091217	168.75	-0.220369845628738	
171.875	0.932578325271606	171.875	-0.210756868124008	
175	0.926140606403351	175	-0.218884199857712	
178.125	0.933830380439758	178.125	-0.223501056432724	
181.25	0.933726251125336	181.25	-0.221024289727211	
184.375	0.927430868148804	184.375	-0.221973836421967	
187.5	0.918726801872253	187.5	-0.232259914278984	
190.625	0.918701767921448	190.625	-0.227990016341209	
193.75	0.913820266723633	193.75	-0.241272121667862	
196.875	0.917619228363037	196.875	-0.236689433455467	
200	0.924901843070984	200	-0.237797141075134	
203.125	0.92892050743103	203.125	-0.237890839576721	
206.25	0.915721118450165	206.25	-0.257096737623215	
209.375	0.914816558361053	209.375	-0.251417815685272	
212.5	0.923224687576294	212.5	-0.246459439396858	
215.625	0.907917082309723	215.625	-0.261717736721039	
218.75	0.912558734416962	218.75	-0.254364460706711	
221.875	0.907655894756317	221.875	-0.26394122838974	
225	0.902862727642059	225	-0.263415694236755	
228.125	0.900235295295715	228.125	-0.266957938671112	
231.25	0.90034031867981	231.25	-0.268589854240417	
234.375	0.895870745182037	234.375	-0.272412091493607	
237.5	0.90313583612442	237.5	-0.272591173648834	
240.625	0.901191592216492	240.625	-0.289185494184494	
243.75	0.898979365825653	243.75	-0.284161478281021	
246.875	0.888854086399078	246.875	-0.285072892904282	
250	0.88666820526123	250	-0.286667495965958	
253.125	0.890297472476959	253.125	-0.291408270597458	
256.25	0.885497212409973	256.25	-0.298680543899536	
259.375	0.880333602428436	259.375	-0.294426470994949	
262.5	0.882628083229065	262.5	-0.302628308534622	
265.625	0.88360059261322	265.625	-0.309988856315613	
268.75	0.88064569234848	268.75	-0.305924415588379	
271.875	0.87519496679306	271.875	-0.313973039388657	
275	0.87846314907074	275	-0.316068410873413	
278.125	0.87055104970932	278.125	-0.320832967758179	
281.25	0.870181620121002	281.25	-0.320552319288254	
284.375	0.868986129760742	284.375	-0.323109328746796	
287.5	0.877106070518494	287.5	-0.321706414222717	
290.625	0.861182689666748	290.625	-0.341251611709595	
293.75	0.86342316865921	293.75	-0.341297477483749	
296.875	0.858646988868713	296.875	-0.342965394258499	
300	0.854378461837769	300	-0.346212714910507	
303.125	0.850154042243958	303.125	-0.353661626577377	
306.25	0.84393835067749	306.25	-0.35566183924675	
309.375	0.837755858898163	309.375	-0.355396628379822	
312.5	0.825915634632111	312.5	-0.360528141260147	
315.625	0.817274034023285	315.625	-0.345137000083923	
318.75	0.815478980541229	318.75	-0.348078638315201	
321.875	0.824760496616364	321.875	-0.341620951890945	
325	0.827705144882202	325	-0.338290303945541	
328.125	0.82429051399231	328.125	-0.33541738986969	
331.25	0.832005739212036	331.25	-0.351031541824341	
334.375	0.832229375839233	334.375	-0.353748828172684	
337.5	0.829453945159912	337.5	-0.351218611001968	
340.625	0.831289350986481	340.625	-0.357546955347061	
343.75	0.824611842632294	343.75	-0.365319460630417	
346.875	0.825555086135864	346.875	-0.366889446973801	
350	0.822927415370941	350	-0.366058260202408	
353.125	0.823737919330597	353.125	-0.368208259344101	
356.25	0.825395166873932	356.25	-0.378122121095657	
359.375	0.818583071231842	359.375	-0.387980669736862	
362.5	0.814374089241028	362.5	-0.386935532093048	
365.625	0.806532442569733	365.625	-0.383098512887955	
368.75	0.813753545284271	368.75	-0.389449536800385	
371.875	0.823009192943573	371.875	-0.399448931217194	
375	0.790001511573792	375	-0.389505803585052	
378.125	0.792981684207916	378.125	-0.398138463497162	
381.25	0.807617485523224	381.25	-0.394827634096146	
384.375	0.787895679473877	384.375	-0.396319985389709	
387.5	0.783997476100922	387.5	-0.412358105182648	
390.625	0.786262035369873	390.625	-0.420475691556931	
393.75	0.798891723155975	393.75	-0.407485604286194	
396.875	0.797533869743347	396.875	-0.407519817352295	
400	0.795087099075317	400	-0.406705439090729	
403.125	0.793160974979401	403.125	-0.4081130027771	
406.25	0.782184302806854	406.25	-0.413155764341354	
409.375	0.765511095523834	409.375	-0.420025050640106	
412.5	0.759188711643219	412.5	-0.430018454790115	
415.625	0.774019539356232	415.625	-0.433188825845718	
418.75	0.760652005672455	418.75	-0.429916888475418	
421.875	0.758175611495972	421.875	-0.442278385162354	
425	0.758760392665863	425	-0.437890857458115	
428.125	0.764978229999542	428.125	-0.423969924449921	
431.25	0.757730424404144	431.25	-0.44270595908165	
434.375	0.757396638393402	434.375	-0.438082128763199	
437.5	0.756547033786774	437.5	-0.438714981079102	
440.625	0.753806829452515	440.625	-0.436648339033127	
443.75	0.746588051319122	443.75	-0.444470196962357	
446.875	0.744084298610687	446.875	-0.441858261823654	
450	0.755247175693512	450	-0.444620221853256	
453.125	0.753150403499603	453.125	-0.446234107017517	
456.25	0.75614196062088	456.25	-0.451756626367569	
459.375	0.745051860809326	459.375	-0.45637521147728	
462.5	0.735036075115204	462.5	-0.463757514953613	
465.625	0.735066175460815	465.625	-0.466527491807938	
468.75	0.733932256698608	468.75	-0.465135872364044	
471.875	0.722937643527985	471.875	-0.475960254669189	
475	0.720080971717834	475	-0.474194765090942	
478.125	0.720035493373871	478.125	-0.465262174606323	
481.25	0.726220488548279	481.25	-0.467582017183304	
484.375	0.714729189872742	484.375	-0.473435968160629	
487.5	0.715113282203674	487.5	-0.469884604215622	
490.625	0.711097002029419	490.625	-0.473901331424713	
493.75	0.704812705516815	493.75	-0.474360525608063	
496.875	0.703036844730377	496.875	-0.475883692502975	
500	0.70529842376709	500	-0.484440684318542	
503.125	0.701099097728729	503.125	-0.486470252275467	
506.25	0.700479328632355	506.25	-0.486246138811111	
509.375	0.697770059108734	509.375	-0.492255508899689	
512.5	0.689676463603973	512.5	-0.492862582206726	
515.625	0.689775049686432	515.625	-0.48852750658989	
518.75	0.688470900058746	518.75	-0.487521708011627	
521.875	0.682450294494629	521.875	-0.497918874025345	
525	0.678327620029449	525	-0.49702924489975	
528.125	0.682344734668732	528.125	-0.498609006404877	
531.25	0.675207853317261	531.25	-0.500742614269257	
534.375	0.672386646270752	534.375	-0.50147420167923	
537.5	0.669479846954346	537.5	-0.503538310527802	
540.625	0.667284786701202	540.625	-0.505601227283478	
543.75	0.665483117103577	543.75	-0.501937568187714	
546.875	0.660869061946869	546.875	-0.512442648410797	
550	0.658468663692474	550	-0.5102698802948	
553.125	0.653125524520874	553.125	-0.511235415935516	
556.25	0.653146386146545	556.25	-0.512366056442261	
559.375	0.646313607692719	559.375	-0.511089503765106	
562.5	0.644539773464203	562.5	-0.512237310409546	
565.625	0.641778945922852	565.625	-0.515132784843445	
568.75	0.638147234916687	568.75	-0.514747321605682	
571.875	0.635813593864441	571.875	-0.514624655246735	
575	0.633916556835175	575	-0.51764041185379	
578.125	0.630586445331573	578.125	-0.515370786190033	
581.25	0.629637777805328	581.25	-0.519306182861328	
584.375	0.626605033874512	584.375	-0.522371172904968	
587.5	0.624928414821625	587.5	-0.522875070571899	
590.625	0.620946049690247	590.625	-0.522831976413727	
593.75	0.617506146430969	593.75	-0.524156212806702	
596.875	0.616747140884399	596.875	-0.524746477603912	
600	0.611943662166595	600	-0.527968406677246	
603.125	0.610854208469391	603.125	-0.527518570423126	
606.25	0.606572389602661	606.25	-0.528878271579742	
609.375	0.606444358825684	609.375	-0.529736459255219	
612.5	0.603223562240601	612.5	-0.531031787395477	
615.625	0.599241197109222	615.625	-0.533275365829468	
618.75	0.597671568393707	618.75	-0.533429384231567	
621.875	0.596960067749023	621.875	-0.533589780330658	
625	0.592797756195068	625	-0.533279359340668	
628.125	0.588792026042938	628.125	-0.536461353302002	
631.25	0.584258496761322	631.25	-0.535529434680939	
634.375	0.581792712211609	634.375	-0.536725401878357	
637.5	0.58041125535965	637.5	-0.538506031036377	
640.625	0.58009135723114	640.625	-0.537418186664581	
643.75	0.574828267097473	643.75	-0.541534781455994	
646.875	0.571744680404663	646.875	-0.540521919727325	
650	0.570479035377502	650	-0.543745219707489	
653.125	0.567151069641113	653.125	-0.542508006095886	
656.25	0.564077973365784	656.25	-0.542059361934662	
659.375	0.559893310070038	659.375	-0.544296383857727	
662.5	0.56034243106842	662.5	-0.545479655265808	
665.625	0.557999789714813	665.625	-0.547779619693756	
668.75	0.553674876689911	668.75	-0.547251582145691	
671.875	0.552106976509094	671.875	-0.545863449573517	
675	0.546723365783691	675	-0.547150909900665	
678.125	0.54280424118042	678.125	-0.547869920730591	
681.25	0.541630446910858	681.25	-0.54864627122879	
684.375	0.540006101131439	684.375	-0.549309432506561	
687.5	0.540612876415253	687.5	-0.551431477069855	
690.625	0.531427800655365	690.625	-0.554818332195282	
693.75	0.533032894134521	693.75	-0.55243593454361	
696.875	0.530770778656006	696.875	-0.552846193313599	
700	0.52601033449173	700	-0.553229510784149	
703.125	0.523962080478668	703.125	-0.554811775684357	
706.25	0.523613929748535	706.25	-0.554591476917267	
709.375	0.520379066467285	709.375	-0.553402602672577	
712.5	0.512408256530762	712.5	-0.556993842124939	
715.625	0.514244854450226	715.625	-0.556705713272095	
718.75	0.512532711029053	718.75	-0.558384835720062	
721.875	0.508791267871857	721.875	-0.557226061820984	
725	0.507226586341858	725	-0.559383571147919	
728.125	0.502765297889709	728.125	-0.557656228542328	
731.25	0.502197027206421	731.25	-0.558903217315674	
734.375	0.499816566705704	734.375	-0.558842360973358	
737.5	0.499460756778717	737.5	-0.560097992420197	
740.625	0.493510544300079	740.625	-0.557969272136688	
743.75	0.488905221223831	743.75	-0.557246148586273	
746.875	0.486519426107407	746.875	-0.563221514225006	
750	0.484932750463486	750	-0.56374192237854	
753.125	0.484397798776627	753.125	-0.562085032463074	
756.25	0.48221829533577	756.25	-0.560937762260437	
759.375	0.480778247117996	759.375	-0.55918961763382	
762.5	0.48097962141037	762.5	-0.561330556869507	
765.625	0.477930903434753	765.625	-0.560398936271667	
768.75	0.472591638565063	768.75	-0.563900589942932	
771.875	0.467704027891159	771.875	-0.562350213527679	
775	0.468986034393311	775	-0.562812268733978	
778.125	0.46728977560997	778.125	-0.561558723449707	
781.25	0.463575452566147	781.25	-0.563647329807281	
784.375	0.45959883928299	784.375	-0.563597321510315	
787.5	0.455580174922943	787.5	-0.564950823783875	
790.625	0.454120367765427	790.625	-0.565312683582306	
793.75	0.454470753669739	793.75	-0.564455509185791	
796.875	0.454323589801788	796.875	-0.565825521945953	
800	0.450919836759567	800	-0.566093981266022	
803.125	0.452303498983383	803.125	-0.567247807979584	
806.25	0.448068201541901	806.25	-0.567263603210449	
809.375	0.437914490699768	809.375	-0.567962050437927	
812.5	0.444388389587402	812.5	-0.566127419471741	
815.625	0.445374369621277	815.625	-0.56619793176651	
818.75	0.438383162021637	818.75	-0.566591262817383	
821.875	0.43896359205246	821.875	-0.565251469612122	
825	0.444722980260849	825	-0.564587950706482	
828.125	0.441661268472672	828.125	-0.566064536571503	
831.25	0.439178228378296	831.25	-0.554032325744629	
834.375	0.431328743696213	834.375	-0.564928531646729	
837.5	0.432819694280624	837.5	-0.571744501590729	
840.625	0.431730568408966	840.625	-0.574942827224731	
843.75	0.427904397249222	843.75	-0.575705170631409	
846.875	0.430406749248505	846.875	-0.580196976661682	
850	0.429363757371902	850	-0.585920572280884	
853.125	0.429782420396805	853.125	-0.587589025497437	
856.25	0.429229944944382	856.25	-0.585614204406738	
859.375	0.421578586101532	859.375	-0.586640894412994	
862.5	0.416330695152283	862.5	-0.593822181224823	
865.625	0.412818670272827	865.625	-0.598256468772888	
868.75	0.409703105688095	868.75	-0.601889550685883	
871.875	0.399446547031403	871.875	-0.606759309768677	
875	0.39286944270134	875	-0.600893080234528	
878.125	0.385406017303467	878.125	-0.604773879051209	
881.25	0.376098275184631	881.25	-0.602374732494354	
884.375	0.360670447349548	884.375	-0.609884202480316	
887.5	0.355163544416428	887.5	-0.603037893772125	
890.625	0.347347408533096	890.625	-0.60307365655899	
893.75	0.341875493526459	893.75	-0.607531666755676	
896.875	0.33463916182518	896.875	-0.603165745735168	
900	0.334196209907532	900	-0.599512457847595	
903.125	0.329145729541779	903.125	-0.594432175159454	
906.25	0.326267719268799	906.25	-0.591929316520691	
909.375	0.324148654937744	909.375	-0.593216598033905	
912.5	0.31818026304245	912.5	-0.592532813549042	
915.625	0.315357983112335	915.625	-0.588684439659119	
918.75	0.313857227563858	918.75	-0.585026919841766	
921.875	0.312133103609085	921.875	-0.580743610858917	
925	0.310265272855759	925	-0.579459249973297	
928.125	0.310743391513824	928.125	-0.580284655094147	
931.25	0.303314357995987	931.25	-0.578007698059082	
934.375	0.30256199836731	934.375	-0.576647937297821	
937.5	0.299950301647186	937.5	-0.574927151203156	
940.625	0.298988044261932	940.625	-0.573688209056854	
943.75	0.294181197881699	943.75	-0.574423432350159	
946.875	0.292097568511963	946.875	-0.573016941547394	
950	0.290680140256882	950	-0.570804119110107	
953.125	0.290210127830505	953.125	-0.569242596626282	
956.25	0.287795633077621	956.25	-0.566796004772186	
959.375	0.284344851970673	959.375	-0.565740585327148	
962.5	0.281811118125916	962.5	-0.566842377185822	
965.625	0.280307084321976	965.625	-0.565583765506744	
968.75	0.280274391174316	968.75	-0.566124558448792	
971.875	0.275802671909332	971.875	-0.564014375209808	
975	0.274880737066269	975	-0.562580764293671	
978.125	0.27300500869751	978.125	-0.561861872673035	
981.25	0.269937664270401	981.25	-0.559836208820343	
984.375	0.268217444419861	984.375	-0.560922265052795	
987.5	0.265988826751709	987.5	-0.560327351093292	
990.625	0.264403849840164	990.625	-0.558899283409119	
993.75	0.260928243398666	993.75	-0.560575902462006	
996.875	0.259203404188156	996.875	-0.55974668264389	
1000	0.255571961402893	1000	-0.559787154197693	
1003.125	0.253970474004745	1003.125	-0.557603478431702	
1006.25	0.251332253217697	1006.25	-0.556592702865601	
1009.375	0.247778132557869	1009.375	-0.555857181549072	
1012.5	0.246716618537903	1012.5	-0.554352045059204	
1015.625	0.244642183184624	1015.625	-0.554502427577972	
1018.75	0.239427238702774	1018.75	-0.553043723106384	
1021.875	0.239225402474403	1021.875	-0.551565766334534	
1025	0.235819026827812	1025	-0.54931515455246	
1028.125	0.234353497624397	1028.125	-0.548053860664368	
1031.25	0.233379900455475	1031.25	-0.548616766929626	
1034.375	0.230647370219231	1034.375	-0.547154784202576	
1037.5	0.228736937046051	1037.5	-0.545455396175385	
1040.625	0.226234897971153	1040.625	-0.54516613483429	
1043.75	0.225341901183128	1043.75	-0.543788313865662	
1046.875	0.223763689398766	1046.875	-0.542182207107544	
1050	0.220318406820297	1050	-0.542324364185333	
1053.125	0.21949890255928	1053.125	-0.542774379253387	
1056.25	0.216503471136093	1056.25	-0.541385769844055	
1059.375	0.216093763709068	1059.375	-0.541078686714172	
1062.5	0.214417174458504	1062.5	-0.540955901145935	
1065.625	0.209857106208801	1065.625	-0.539981544017792	
1068.75	0.209855958819389	1068.75	-0.537684738636017	
1071.875	0.207812160253525	1071.875	-0.536815941333771	
1075	0.205974355340004	1075	-0.536538481712341	
1078.125	0.203376427292824	1078.125	-0.537688732147217	
1081.25	0.198778256773949	1081.25	-0.533158540725708	
1084.375	0.198461279273033	1084.375	-0.533466815948486	
1087.5	0.19670581817627	1087.5	-0.532838940620422	
1090.625	0.195208936929703	1090.625	-0.531834185123444	
1093.75	0.192992761731148	1093.75	-0.531294763088226	
1096.875	0.190170362591743	1096.875	-0.528917551040649	
1100	0.188023075461388	1100	-0.527735948562622	
1103.125	0.185971468687057	1103.125	-0.527247607707977	
1106.25	0.186275139451027	1106.25	-0.524558484554291	
1109.375	0.182196468114853	1109.375	-0.525853395462036	
1112.5	0.182807594537735	1112.5	-0.525724112987518	
1115.625	0.181030198931694	1115.625	-0.522325575351715	
1118.75	0.179375067353249	1118.75	-0.52532821893692	
1121.875	0.179667189717293	1121.875	-0.522919833660126	
1125	0.177172899246216	1125	-0.523873209953308	
1128.125	0.176212936639786	1128.125	-0.524201512336731	
1131.25	0.172254979610443	1131.25	-0.521725237369537	
1134.375	0.172932699322701	1134.375	-0.521834671497345	
1137.5	0.17220763862133	1137.5	-0.524803876876831	
1140.625	0.166282370686531	1140.625	-0.525153815746307	
1143.75	0.167393952608109	1143.75	-0.524678528308868	
1146.875	0.164501056075096	1146.875	-0.524718582630157	
1150	0.15968744456768	1150	-0.523252665996552	
1153.125	0.158260688185692	1153.125	-0.52325439453125	
1156.25	0.157781586050987	1156.25	-0.527849912643433	
1159.375	0.15227173268795	1159.375	-0.529070317745209	
1162.5	0.152235344052315	1162.5	-0.527733325958252	
1165.625	0.145752891898155	1165.625	-0.526097178459167	
1168.75	0.143262654542923	1168.75	-0.525782465934753	
1171.875	0.138735055923462	1171.875	-0.525925159454346	
1175	0.132611572742462	1175	-0.523189246654511	
1178.125	0.129315808415413	1178.125	-0.521879017353058	
1181.25	0.127670660614967	1181.25	-0.520518720149994	
1184.375	0.121785342693329	1184.375	-0.517717719078064	
1187.5	0.116880051791668	1187.5	-0.516002297401428	
1190.625	0.115415968000889	1190.625	-0.512775599956512	
1193.75	0.115669883787632	1193.75	-0.511492371559143	
1196.875	0.113636761903763	1196.875	-0.507699966430664	
1200	0.107445389032364	1200	-0.504696846008301	
1203.125	0.107182659208775	1203.125	-0.502604842185974	
1206.25	0.10849517583847	1206.25	-0.498583912849426	
1209.375	0.102404788136482	1209.375	-0.498199820518494	
1212.5	0.0980900004506111	1212.5	-0.496647357940674	
1215.625	0.0993822440505028	1215.625	-0.495052069425583	
1218.75	0.094869390130043	1218.75	-0.492572635412216	
1221.875	0.0957285538315773	1221.875	-0.490649044513702	
1225	0.0962874814867973	1225	-0.490560829639435	
1228.125	0.090085357427597	1228.125	-0.487597554922104	
1231.25	0.0907527506351471	1231.25	-0.487678170204163	
1234.375	0.091030515730381	1234.375	-0.487095206975937	
1237.5	0.0866905674338341	1237.5	-0.486805886030197	
1240.625	0.0858573243021965	1240.625	-0.484952241182327	
1243.75	0.0833781138062477	1243.75	-0.483783930540085	
1246.875	0.0814484059810638	1246.875	-0.482060611248016	
1250	0.0786945894360542	1250	-0.478997439146042	
1253.125	0.0755797997117043	1253.125	-0.479978173971176	
1256.25	0.0709756687283516	1256.25	-0.477265417575836	
1259.375	0.0702898651361465	1259.375	-0.475280553102493	
1262.5	0.0697538703680038	1262.5	-0.473424673080444	
1265.625	0.0676181316375732	1265.625	-0.472018271684647	
1268.75	0.0645191073417664	1268.75	-0.470332443714142	
1271.875	0.0627434700727463	1271.875	-0.466662347316742	
1275	0.0604293271899223	1275	-0.46529957652092	
1278.125	0.0584983378648758	1278.125	-0.462380826473236	
1281.25	0.0566181987524033	1281.25	-0.461625218391418	
1284.375	0.0569098889827728	1284.375	-0.459400922060013	
1287.5	0.055378295481205	1287.5	-0.458639562129974	
1290.625	0.052071213722229	1290.625	-0.455939084291458	
1293.75	0.0522665195167065	1293.75	-0.453047096729279	
1296.875	0.0500539876520634	1296.875	-0.449952334165573	
1300	0.0485118478536606	1300	-0.451024055480957	
1303.125	0.0463381074368954	1303.125	-0.449788391590118	
1306.25	0.0465025790035725	1306.25	-0.44649150967598	
1309.375	0.0451432429254055	1309.375	-0.4433753490448	
1312.5	0.0433542653918266	1312.5	-0.442515343427658	
1315.625	0.0425102934241295	1315.625	-0.442212641239166	
1318.75	0.0410985238850117	1318.75	-0.438174843788147	
1321.875	0.0413718484342098	1321.875	-0.436562716960907	
1325	0.040860690176487	1325	-0.435584992170334	
1328.125	0.0382549464702606	1328.125	-0.434332281351089	
1331.25	0.0373169966042042	1331.25	-0.431700378656387	
1334.375	0.034140519797802	1334.375	-0.431019514799118	
1337.5	0.034657534211874	1337.5	-0.429258555173874	
1340.625	0.0337892509996891	1340.625	-0.426494270563126	
1343.75	0.0337527580559254	1343.75	-0.425948858261108	
1346.875	0.0321333594620228	1346.875	-0.423019886016846	
1350	0.030283709987998	1350	-0.422517031431198	
1353.125	0.0303376577794552	1353.125	-0.422086626291275	
1356.25	0.026349613443017	1356.25	-0.421019196510315	
1359.375	0.027163203805685	1359.375	-0.417917281389236	
1362.5	0.0257677044719458	1362.5	-0.415937870740891	
1365.625	0.0244584139436483	1365.625	-0.415516704320908	
1368.75	0.0243169330060482	1368.75	-0.414197772741318	
1371.875	0.0222560688853264	1371.875	-0.412563115358353	
1375	0.0204996038228273	1375	-0.413075029850006	
1378.125	0.0200371444225311	1378.125	-0.412645518779755	
1381.25	0.015909980982542	1381.25	-0.409813225269318	
1384.375	0.0151882814243436	1384.375	-0.409248441457748	
1387.5	0.0155327748507261	1387.5	-0.407484799623489	
1390.625	0.014422133564949	1390.625	-0.404643535614014	
1393.75	0.0126646105200052	1393.75	-0.402502000331879	
1396.875	0.0112253846600652	1396.875	-0.401681512594223	
1400	0.0108973579481244	1400	-0.399254351854324	
1403.125	0.0089693209156394	1403.125	-0.398429483175278	
1406.25	0.00723629491403699	1406.25	-0.397792488336563	
1409.375	0.00521016772836447	1409.375	-0.395454525947571	
1412.5	0.00548856472596526	1412.5	-0.393297463655472	
1415.625	0.00327603635378182	1415.625	-0.391790449619293	
1418.75	0.00234817992895842	1418.75	-0.390904754400253	
1421.875	0.0021949433721602	1421.875	-0.388558775186539	
1425	0.00156447512563318	1425	-0.387605160474777	
1428.125	-0.00245821382850409	1428.125	-0.386244028806686	
1431.25	-0.00189278332982212	1431.25	-0.384395658969879	
1434.375	-0.00263753719627857	1434.375	-0.382365882396698	
1437.5	-0.00358081329613924	1437.5	-0.378960311412811	
1440.625	-0.00214614672586322	1440.625	-0.379447788000107	
1443.75	-0.00798009894788265	1443.75	-0.377060055732727	
1446.875	-0.00623420486226678	1446.875	-0.375213235616684	
1450	-0.00707720825448632	1450	-0.373358696699142	
1453.125	-0.00794808659702539	1453.125	-0.371834456920624	
1456.25	-0.0101069649681449	1456.25	-0.370222121477127	
1459.375	-0.0102790864184499	1459.375	-0.368579208850861	
1462.5	-0.0103787612169981	1462.5	-0.366011023521423	
1465.625	-0.0120702814310789	1465.625	-0.36581215262413	
1468.75	-0.0139072276651859	1468.75	-0.363089978694916	
1471.875	-0.0148984929546714	1471.875	-0.361882656812668	
1475	-0.0147802848368883	1475	-0.361471712589264	
1478.125	-0.0162276364862919	1478.125	-0.359253942966461	
1481.25	-0.0159526281058788	1481.25	-0.356911540031433	
1484.375	-0.0183911230415106	1484.375	-0.354706108570099	
1487.5	-0.0198587905615568	1487.5	-0.3557208776474	
1490.625	-0.0203706957399845	1490.625	-0.353582829236984	
1493.75	-0.0214877761900425	1493.75	-0.352698534727097	
1496.875	-0.0207536146044731	1496.875	-0.352216601371765	
1500	-0.0236909091472626	1500	-0.34929171204567	
1503.125	-0.0240414794534445	1503.125	-0.346871167421341	
1506.25	-0.0234312936663628	1506.25	-0.345282852649689	
1509.375	-0.0269485004246235	1509.375	-0.344267457723618	
1512.5	-0.0277109127491713	1512.5	-0.342823296785355	
1515.625	-0.0286649633198977	1515.625	-0.342105269432068	
1518.75	-0.0280088391155005	1518.75	-0.339367389678955	
1521.875	-0.0280682425945997	1521.875	-0.338778764009476	
1525	-0.032515212893486	1525	-0.337893575429916	
1528.125	-0.0312691293656826	1528.125	-0.33470743894577	
1531.25	-0.0319359488785267	1531.25	-0.333960980176926	
1534.375	-0.03260263428092	1534.375	-0.331137359142303	
1537.5	-0.0352339036762714	1537.5	-0.331234663724899	
1540.625	-0.0347898378968239	1540.625	-0.330273896455765	
1543.75	-0.0383446477353573	1543.75	-0.327310562133789	
1546.875	-0.0373147949576378	1546.875	-0.325619637966156	
1550	-0.0396185144782066	1550	-0.323935568332672	
1553.125	-0.0398299694061279	1553.125	-0.32327076792717	
1556.25	-0.0410140790045261	1556.25	-0.320335984230042	
1559.375	-0.0418162867426872	1559.375	-0.319301068782806	
1562.5	-0.0427858494222164	1562.5	-0.318298250436783	
1565.625	-0.043288841843605	1565.625	-0.314384996891022	
1568.75	-0.045131828635931	1568.75	-0.315085470676422	
1571.875	-0.0460929423570633	1571.875	-0.311934322118759	
1575	-0.0457525141537189	1575	-0.31104701757431	
1578.125	-0.0464404039084911	1578.125	-0.308924406766891	
1581.25	-0.0483241081237793	1581.25	-0.307234972715378	
1584.375	-0.0468468740582466	1584.375	-0.305203467607498	
1587.5	-0.048967782407999	1587.5	-0.302876949310303	
1590.625	-0.0510675422847271	1590.625	-0.302050054073334	
1593.75	-0.051445297896862	1593.75	-0.300503343343735	
1596.875	-0.0512792654335499	1596.875	-0.298570334911346	
1600	-0.0523969642817974	1600	-0.298078447580338	
1603.125	-0.0533187910914421	1603.125	-0.296845018863678	
1606.25	-0.0537140108644962	1606.25	-0.294882029294968	
1609.375	-0.0522858016192913	1609.375	-0.290944010019302	
1612.5	-0.0537772551178932	1612.5	-0.287792295217514	
1615.625	-0.0552545189857483	1615.625	-0.287741273641586	
1618.75	-0.0563241578638554	1618.75	-0.288065791130066	
1621.875	-0.056145615875721	1621.875	-0.286365687847137	
1625	-0.0576610118150711	1625	-0.284542173147202	
1628.125	-0.0570037961006165	1628.125	-0.283387809991837	
1631.25	-0.059322077780962	1631.25	-0.280740469694138	
1634.375	-0.0601206943392754	1634.375	-0.280663549900055	
1637.5	-0.0611681379377842	1637.5	-0.279441356658936	
1640.625	-0.0585833489894867	1640.625	-0.276349991559982	
1643.75	-0.063834935426712	1643.75	-0.272779047489166	
1646.875	-0.0626734718680382	1646.875	-0.273790866136551	
1650	-0.0641822293400764	1650	-0.273392349481583	
1653.125	-0.0647647604346275	1653.125	-0.270507723093033	
1656.25	-0.0654075369238853	1656.25	-0.268804907798767	
1659.375	-0.0651232451200485	1659.375	-0.267645925283432	
1662.5	-0.0651668310165405	1662.5	-0.265891373157501	
1665.625	-0.0679435208439827	1665.625	-0.264518916606903	
1668.75	-0.0681474059820175	1668.75	-0.263491243124008	
1671.875	-0.0693885982036591	1671.875	-0.262119382619858	
1675	-0.0697146207094193	1675	-0.25893822312355	
1678.125	-0.0717862024903297	1678.125	-0.257560461759567	
1681.25	-0.0709116235375404	1681.25	-0.256736725568771	
1684.375	-0.0718692019581795	1684.375	-0.251658827066422	
1687.5	-0.0726221576333046	1687.5	-0.2507204413414	
1690.625	-0.0728806257247925	1690.625	-0.248966887593269	
1693.75	-0.0720876529812813	1693.75	-0.246659025549889	
1696.875	-0.0751331746578217	1696.875	-0.245491445064545	
1700	-0.0747775509953499	1700	-0.243892699480057	
1703.125	-0.0759043544530869	1703.125	-0.243291959166527	
1706.25	-0.0766528770327568	1706.25	-0.241258382797241	
1709.375	-0.0771964564919472	1709.375	-0.2376439422369	
1712.5	-0.0773872807621956	1712.5	-0.236379057168961	
1715.625	-0.0779902637004852	1715.625	-0.234225928783417	
1718.75	-0.078764945268631	1718.75	-0.23408554494381	
1721.875	-0.0796890333294868	1721.875	-0.232494339346886	
1725	-0.0808203592896461	1725	-0.22806453704834	
1728.125	-0.0803384929895401	1728.125	-0.227661445736885	
1731.25	-0.080450676381588	1731.25	-0.226816654205322	
1734.375	-0.0821240916848183	1734.375	-0.224940344691277	
1737.5	-0.0813610628247261	1737.5	-0.222428694367409	
1740.625	-0.0807493627071381	1740.625	-0.222081214189529	
1743.75	-0.081557422876358	1743.75	-0.217899963259697	
1746.875	-0.0810496658086777	1746.875	-0.216260775923729	
1750	-0.0810517966747284	1750	-0.215915843844414	
1753.125	-0.082350067794323	1753.125	-0.214128956198692	
1756.25	-0.0834100991487503	1756.25	-0.2119330316782	
1759.375	-0.0825426653027534	1759.375	-0.211873531341553	
1762.5	-0.0835365727543831	1762.5	-0.209380999207497	
1765.625	-0.0844823718070984	1765.625	-0.20741468667984	
1768.75	-0.0843647867441177	1768.75	-0.204818546772003	
1771.875	-0.0844589993357658	1771.875	-0.204087316989899	
1775	-0.0841994136571884	1775	-0.203148901462555	
1778.125	-0.0848593041300774	1778.125	-0.201670438051224	
1781.25	-0.0848538652062416	1781.25	-0.198936104774475	
1784.375	-0.085405670106411	1784.375	-0.197536557912827	
1787.5	-0.0867236331105232	1787.5	-0.197441682219505	
1790.625	-0.0865995436906815	1790.625	-0.194705054163933	
1793.75	-0.0884896814823151	1793.75	-0.193641841411591	
1796.875	-0.0874070227146149	1796.875	-0.192509844899178	
1800	-0.0861667320132256	1800	-0.190677523612976	
1803.125	-0.0885186046361923	1803.125	-0.188452631235123	
1806.25	-0.0872548520565033	1806.25	-0.186848402023315	
1809.375	-0.0874729827046394	1809.375	-0.184589073061943	
1812.5	-0.0867568030953407	1812.5	-0.184798762202263	
1815.625	-0.0894672721624374	1815.625	-0.181780084967613	
1818.75	-0.0878915041685104	1818.75	-0.180017948150635	
1821.875	-0.0886604934930801	1821.875	-0.178988605737686	
1825	-0.0891877487301826	1825	-0.178137078881264	
1828.125	-0.0895097628235817	1828.125	-0.176982551813126	
1831.25	-0.0885139629244804	1831.25	-0.175085291266441	
1834.375	-0.0889974683523178	1834.375	-0.173059359192848	
1837.5	-0.0892443209886551	1837.5	-0.17165070772171	
1840.625	-0.0910928919911385	1840.625	-0.170698568224907	
1843.75	-0.0912540927529335	1843.75	-0.168696314096451	
1846.875	-0.09206872433424	1846.875	-0.167339086532593	
1850	-0.0916807949542999	1850	-0.166417166590691	
1853.125	-0.0921233296394348	1853.125	-0.165442079305649	
1856.25	-0.0907828807830811	1856.25	-0.163106173276901	
1859.375	-0.0919266268610954	1859.375	-0.161930054426193	
1862.5	-0.0928950011730194	1862.5	-0.15921725332737	
1865.625	-0.0925761610269547	1865.625	-0.158775880932808	
1868.75	-0.0920806527137756	1868.75	-0.157485097646713	
1871.875	-0.0932845324277878	1871.875	-0.155656099319458	
1875	-0.0934510976076126	1875	-0.155120864510536	
1878.125	-0.0935076177120209	1878.125	-0.152837619185448	
1881.25	-0.0941862985491753	1881.25	-0.150803714990616	
1884.375	-0.0944928973913193	1884.375	-0.149820268154144	
1887.5	-0.0943297892808914	1887.5	-0.14839693903923	
1890.625	-0.0940166264772415	1890.625	-0.145742580294609	
1893.75	-0.0939358174800873	1893.75	-0.144266799092293	
1896.875	-0.0938039124011993	1896.875	-0.142386555671692	
1900	-0.0946998372673988	1900	-0.141030669212341	
1903.125	-0.0944205895066261	1903.125	-0.139277964830399	
1906.25	-0.0950350761413574	1906.25	-0.137070745229721	
1909.375	-0.0956349149346352	1909.375	-0.136516660451889	
1912.5	-0.0950802862644196	1912.5	-0.135739430785179	
1915.625	-0.0951292961835861	1915.625	-0.133020520210266	
1918.75	-0.0957144126296043	1918.75	-0.131045132875443	
1921.875	-0.0961498990654945	1921.875	-0.130912452936172	
1925	-0.0970219373703003	1925	-0.129895716905594	
1928.125	-0.096348911523819	1928.125	-0.127091497182846	
1931.25	-0.0959907472133636	1931.25	-0.125929683446884	
1934.375	-0.0964432135224342	1934.375	-0.124283507466316	
1937.5	-0.0964489430189133	1937.5	-0.123058579862118	
1940.625	-0.0967396572232246	1940.625	-0.121337890625	
1943.75	-0.096979595720768	1943.75	-0.119279585778713	
1946.875	-0.0968430936336517	1946.875	-0.11791517585516	
1950	-0.0961581692099571	1950	-0.116564072668552	
1953.125	-0.0972965508699417	1953.125	-0.114805601537228	
1956.25	-0.0970417633652687	1956.25	-0.113899648189545	
1959.375	-0.0972216054797173	1959.375	-0.112234324216843	
1962.5	-0.0973601117730141	1962.5	-0.11176922172308	
1965.625	-0.0974700972437859	1965.625	-0.109872162342072	
1968.75	-0.0971639007329941	1968.75	-0.10906608402729	
1971.875	-0.0963930264115334	1971.875	-0.106785483658314	
1975	-0.0964043512940407	1975	-0.104587018489838	
1978.125	-0.0972153469920158	1978.125	-0.103152900934219	
1981.25	-0.0965668335556984	1981.25	-0.103536665439606	
1984.375	-0.0964945629239082	1984.375	-0.100903294980526	
1987.5	-0.0963020026683807	1987.5	-0.0995299592614174	
1990.625	-0.0967499539256096	1990.625	-0.0983327031135559	
1993.75	-0.0963314399123192	1993.75	-0.0970924496650696	
1996.875	-0.0970622152090073	1996.875	-0.0960730761289597	
2000	-0.0973204225301743	2000	-0.0948083028197289	
2003.125	-0.0974016413092613	2003.125	-0.0940112099051476	
2006.25	-0.097408801317215	2006.25	-0.0919073596596718	
2009.375	-0.0967844799160957	2009.375	-0.0903872177004814	
2012.5	-0.0964425504207611	2012.5	-0.0892165377736092	
2015.625	-0.0969091951847076	2015.625	-0.087915264070034	
2018.75	-0.0965784266591072	2018.75	-0.0861888080835342	
2021.875	-0.0967178270220757	2021.875	-0.0854432806372643	
2025	-0.096857950091362	2025	-0.0842949822545052	
2028.125	-0.0962888300418854	2028.125	-0.0829346254467964	
2031.25	-0.0952153503894806	2031.25	-0.0809839516878128	
2034.375	-0.0971364602446556	2034.375	-0.0798794776201248	
2037.5	-0.0965963676571846	2037.5	-0.0792067274451256	
2040.625	-0.0957430005073547	2040.625	-0.0765779465436935	
2043.75	-0.0954780280590057	2043.75	-0.0756969302892685	
2046.875	-0.0959170907735825	2046.875	-0.0746240019798279	
2050	-0.0965564027428627	2050	-0.0731369778513908	
2053.125	-0.0967047438025475	2053.125	-0.0719279572367668	
2056.25	-0.0963383764028549	2056.25	-0.07028429210186	
2059.375	-0.0963473841547966	2059.375	-0.069076769053936	
2062.5	-0.0965170189738274	2062.5	-0.0679550990462303	
2065.625	-0.0970331430435181	2065.625	-0.0663889050483704	
2068.75	-0.0969509184360504	2068.75	-0.0655064210295677	
2071.875	-0.0969788059592247	2071.875	-0.0644611865282059	
2075	-0.0972434803843498	2075	-0.0627251192927361	
2078.125	-0.0966669395565987	2078.125	-0.0610707476735115	
2081.25	-0.0960956737399101	2081.25	-0.0595750771462917	
2084.375	-0.0969188064336777	2084.375	-0.0579845644533634	
2087.5	-0.0972355976700783	2087.5	-0.0572420693933964	
2090.625	-0.0974218845367432	2090.625	-0.0558441504836082	
2093.75	-0.0968267843127251	2093.75	-0.0540620051324368	
2096.875	-0.0967302992939949	2096.875	-0.0529749244451523	
2100	-0.0972708314657211	2100	-0.0501668117940426	
2103.125	-0.0966192483901978	2103.125	-0.0496791787445545	
2106.25	-0.09642693400383	2106.25	-0.0478910319507122	
2109.375	-0.0971351861953735	2109.375	-0.0464849285781384	
2112.5	-0.0970979258418083	2112.5	-0.0453836359083653	
2115.625	-0.0963647291064262	2115.625	-0.0434813983738422	
2118.75	-0.096002422273159	2118.75	-0.0423041060566902	
2121.875	-0.0955392941832542	2121.875	-0.0407916158437729	
2125	-0.0952067077159882	2125	-0.0392592921853065	
2128.125	-0.0953643396496773	2128.125	-0.0376396663486958	
2131.25	-0.0951278358697891	2131.25	-0.036594320088625	
2134.375	-0.0951040089130402	2134.375	-0.0350055731832981	
2137.5	-0.0947042107582092	2137.5	-0.0331216678023338	
2140.625	-0.0942399278283119	2140.625	-0.0316899679601192	
2143.75	-0.0938656330108643	2143.75	-0.030503923073411	
2146.875	-0.093985378742218	2146.875	-0.0297394711524248	
2150	-0.0936352908611298	2150	-0.0281697604805231	
2153.125	-0.0925653800368309	2153.125	-0.0268370993435383	
2156.25	-0.0929481834173203	2156.25	-0.0253922455012798	
2159.375	-0.0925934389233589	2159.375	-0.0236163623631001	
2162.5	-0.0917301028966904	2162.5	-0.0229709129780531	
2165.625	-0.0911913886666298	2165.625	-0.0212177261710167	
2168.75	-0.0910321325063705	2168.75	-0.0196966007351875	
2171.875	-0.0910191386938095	2171.875	-0.0187817960977554	
2175	-0.0913827642798424	2175	-0.0174468532204628	
2178.125	-0.0907299146056175	2178.125	-0.0161575432866812	
2181.25	-0.0901293903589249	2181.25	-0.0152878509834409	
2184.375	-0.0893034487962723	2184.375	-0.013721919618547	
2187.5	-0.0890691056847572	2187.5	-0.0124047147110105	
2190.625	-0.0889495462179184	2190.625	-0.0116209527477622	
2193.75	-0.0890796929597855	2193.75	-0.0103626977652311	
2196.875	-0.0884312093257904	2196.875	-0.00869225896894932	
2200	-0.0881670117378235	2200	-0.0078873923048377	
2203.125	-0.088032677769661	2203.125	-0.00672859186306596	
2206.25	-0.0872373580932617	2206.25	-0.00575887970626354	
2209.375	-0.0865276679396629	2209.375	-0.00467462697997689	
2212.5	-0.0866717994213104	2212.5	-0.00332284951582551	
2215.625	-0.0867845341563225	2215.625	-0.00225182832218707	
2218.75	-0.0861765891313553	2218.75	-0.00112658354919404	
2221.875	-0.0858785435557365	2221.875	0.000148885024827905	
2225	-0.0858441665768623	2225	0.00160048610996455	
2228.125	-0.0854519605636597	2228.125	0.00271815247833729	
2231.25	-0.0850416570901871	2231.25	0.00353780551813543	
2234.375	-0.0844346135854721	2234.375	0.00507175968959928	
2237.5	-0.0845281034708023	2237.5	0.00578779261559248	
2240.625	-0.0844842195510864	2240.625	0.00742230704054236	
2243.75	-0.0842821300029755	2243.75	0.00844952743500471	
2246.875	-0.0839309021830559	2246.875	0.00922186113893986	
2250	-0.0836210921406746	2250	0.0102553768083453	
2253.125	-0.0828653573989868	2253.125	0.0117055848240852	
2256.25	-0.08184003084898	2256.25	0.012959479354322	
2259.375	-0.0818537995219231	2259.375	0.0141603872179985	
2262.5	-0.0815675780177116	2262.5	0.0151788042858243	
2265.625	-0.0808813348412514	2265.625	0.0164095237851143	
2268.75	-0.0802211761474609	2268.75	0.0171226225793362	
2271.875	-0.0801960378885269	2271.875	0.018287343904376	
2275	-0.0799335092306137	2275	0.0198017880320549	
2278.125	-0.0796876549720764	2278.125	0.0209435001015663	
2281.25	-0.0793837904930115	2281.25	0.0216876920312643	
2284.375	-0.0790784135460854	2284.375	0.0226358417421579	
2287.5	-0.078978143632412	2287.5	0.0248262844979763	
2290.625	-0.0782650262117386	2290.625	0.025222884491086	
2293.75	-0.0778805240988731	2293.75	0.0258087851107121	
2296.875	-0.0779189541935921	2296.875	0.0273169316351414	
2300	-0.077835850417614	2300	0.0287547633051872	
2303.125	-0.0770634859800339	2303.125	0.0294990241527557	
2306.25	-0.0764815360307693	2306.25	0.0304460003972054	
2309.375	-0.0764628797769547	2309.375	0.0316826663911343	
2312.5	-0.0756609067320824	2312.5	0.0324924625456333	
2315.625	-0.0753185302019119	2315.625	0.0336448699235916	
2318.75	-0.0745996981859207	2318.75	0.0343484841287136	
2321.875	-0.0737285315990448	2321.875	0.0352131500840187	
2325	-0.0741670355200768	2325	0.0369124114513397	
2328.125	-0.074185810983181	2328.125	0.0377102270722389	
2331.25	-0.0738894045352936	2331.25	0.0383864790201187	
2334.375	-0.0736907348036766	2334.375	0.0396761707961559	
2337.5	-0.0733024626970291	2337.5	0.0410455316305161	
2340.625	-0.0724727734923363	2340.625	0.0416023842990398	
2343.75	-0.0723871439695358	2343.75	0.0431376732885838	
2346.875	-0.0717937126755714	2346.875	0.0440572239458561	
2350	-0.0717039182782173	2350	0.0453773066401482	
2353.125	-0.0711451545357704	2353.125	0.0464625358581543	
2356.25	-0.0711154341697693	2356.25	0.047169141471386	
2359.375	-0.0707581341266632	2359.375	0.0481406599283218	
2362.5	-0.0703785791993141	2362.5	0.0495815500617027	
2365.625	-0.06905447691679	2365.625	0.0507785119116306	
2368.75	-0.0690817832946777	2368.75	0.0513261407613754	
2371.875	-0.0677399709820747	2371.875	0.0512719489634037	
2375	-0.0674110129475594	2375	0.0529475621879101	
2378.125	-0.0673864334821701	2378.125	0.0546106100082397	
2381.25	-0.0672459453344345	2381.25	0.0557576343417168	
2384.375	-0.0669810473918915	2384.375	0.0568572469055653	
2387.5	-0.0657230839133263	2387.5	0.0572373643517494	
2390.625	-0.065761499106884	2390.625	0.0581791400909424	
2393.75	-0.065767802298069	2393.75	0.0594103373587132	
2396.875	-0.0653696954250336	2396.875	0.0612926371395588	
2400	-0.0648580268025398	2400	0.0618309490382671	
2403.125	-0.0643987655639648	2403.125	0.0628040879964828	
2406.25	-0.0640544220805168	2406.25	0.0641444101929665	
2409.375	-0.0634496808052063	2409.375	0.0651043727993965	
2412.5	-0.0639656707644463	2412.5	0.0653037056326866	
2415.625	-0.0619658790528774	2415.625	0.0661999508738518	
2418.75	-0.0615123696625233	2418.75	0.0673311203718185	
2421.875	-0.0617863163352013	2421.875	0.0687755942344666	
2425	-0.0612711533904076	2425	0.0696550533175468	
2428.125	-0.0604909434914589	2428.125	0.0705128684639931	
2431.25	-0.0603029504418373	2431.25	0.0716982036828995	
2434.375	-0.0593072883784771	2434.375	0.0726747065782547	
2437.5	-0.0593991167843342	2437.5	0.0733560994267464	
2440.625	-0.0588734820485115	2440.625	0.0742771998047829	
2443.75	-0.0581536144018173	2443.75	0.0757362544536591	
2446.875	-0.0577100403606892	2446.875	0.0764536336064339	
2450	-0.057643111795187	2450	0.0779801532626152	
2453.125	-0.056862648576498	2453.125	0.07867631316185	
2456.25	-0.0561688244342804	2456.25	0.0794603601098061	
2459.375	-0.056250274181366	2459.375	0.0809173136949539	
2462.5	-0.0550482496619225	2462.5	0.0816704034805298	
2465.625	-0.0546917133033276	2465.625	0.0826107040047646	
2468.75	-0.0547028556466103	2468.75	0.0829526707530022	
2471.875	-0.0525124110281467	2471.875	0.0845690816640854	
2475	-0.0527062304317951	2475	0.0858080163598061	
2478.125	-0.0522617734968662	2478.125	0.0872783288359642	
2481.25	-0.0522155985236168	2481.25	0.0873196125030518	
2484.375	-0.0515748709440231	2484.375	0.088431142270565	
2487.5	-0.0500571317970753	2487.5	0.0906318873167038	
2490.625	-0.0501280538737774	2490.625	0.0904701948165894	
2493.75	-0.0494357198476791	2493.75	0.0907058641314507	
2496.875	-0.0487072952091694	2496.875	0.0914902165532112	
2500	-0.0490765646100044	2500	0.093021385371685	
2503.125	-0.0471359901130199	2503.125	0.094163291156292	
2506.25	-0.0474256463348866	2506.25	0.0955433249473572	
2509.375	-0.0466971918940544	2509.375	0.0962299853563309	
2512.5	-0.0461865179240704	2512.5	0.0967670679092407	
2515.625	-0.0450667850673199	2515.625	0.0971226319670677	
2518.75	-0.0447499006986618	2518.75	0.0984963849186897	
2521.875	-0.0449004545807838	2521.875	0.0992296487092972	
2525	-0.0430449135601521	2525	0.100810587406158	
2528.125	-0.0430968515574932	2528.125	0.100343950092793	
2531.25	-0.0426586791872978	2531.25	0.100697711110115	
2534.375	-0.0425129160284996	2534.375	0.101815700531006	
2537.5	-0.0403332822024822	2537.5	0.103780880570412	
2540.625	-0.0406128466129303	2540.625	0.103163436055183	
2543.75	-0.0394592247903347	2543.75	0.10417216271162	
2546.875	-0.0394572615623474	2546.875	0.105989381670952	
2550	-0.0391915887594223	2550	0.106909699738026	
2553.125	-0.0382029041647911	2553.125	0.108224913477898	
2556.25	-0.0376852676272392	2556.25	0.109205827116966	
2559.375	-0.0367592573165894	2559.375	0.10940982401371	
2562.5	-0.0359427370131016	2562.5	0.110132128000259	
2565.625	-0.0356293246150017	2565.625	0.110632084310055	
2568.75	-0.0350744836032391	2568.75	0.111779130995274	
2571.875	-0.0343164540827274	2571.875	0.113434180617332	
2575	-0.0337266698479652	2575	0.113795660436153	
2578.125	-0.032236360013485	2578.125	0.113082498311996	
2581.25	-0.0324157811701298	2581.25	0.114929482340813	
2584.375	-0.0309963319450617	2584.375	0.115183316171169	
2587.5	-0.0303073320537806	2587.5	0.116252988576889	
2590.625	-0.0295417699962854	2590.625	0.116761311888695	
2593.75	-0.0286272671073675	2593.75	0.117497533559799	
2596.875	-0.0285577047616243	2596.875	0.11879925429821	
2600	-0.0276835225522518	2600	0.119002133607864	
2603.125	-0.0262708831578493	2603.125	0.119749888777733	
2606.25	-0.025873675942421	2606.25	0.119833372533321	
2609.375	-0.0254811011254787	2609.375	0.12137658149004	
2612.5	-0.0245121885091066	2612.5	0.121862582862377	
2615.625	-0.0233205165714026	2615.625	0.12236350029707	
2618.75	-0.023233050480485	2618.75	0.123066321015358	
2621.875	-0.0220709331333637	2621.875	0.123136073350906	
2625	-0.0219356752932072	2625	0.122756294906139	
2628.125	-0.0213218219578266	2628.125	0.123642966151237	
2631.25	-0.0196998044848442	2631.25	0.124340362846851	
2634.375	-0.0201643090695143	2634.375	0.124282971024513	
2637.5	-0.0185730643570423	2637.5	0.124962568283081	
2640.625	-0.0180756524205208	2640.625	0.126044720411301	
2643.75	-0.0176828112453222	2643.75	0.127210408449173	
2646.875	-0.0185791179537773	2646.875	0.127977296710014	
2650	-0.0153564624488354	2650	0.129302591085434	
2653.125	-0.0156943220645189	2653.125	0.129051595926285	
2656.25	-0.0151071501895785	2656.25	0.129994615912437	
2659.375	-0.0142622767016292	2659.375	0.130478382110596	
2662.5	-0.0141119156032801	2662.5	0.130817487835884	
2665.625	-0.0126594165340066	2665.625	0.131140887737274	
2668.75	-0.0115344719961286	2668.75	0.130294352769852	
2671.875	-0.0115846320986748	2671.875	0.132256984710693	
2675	-0.0112051889300346	2675	0.133390590548515	
2678.125	-0.0105575211346149	2678.125	0.133649870753288	
2681.25	-0.0104534905403852	2681.25	0.13483652472496	
2684.375	-0.00913153775036335	2684.375	0.135473966598511	
2687.5	-0.0094754621386528	2687.5	0.135850220918655	
2690.625	-0.00711403368040919	2690.625	0.136580422520638	
2693.75	-0.00749211059883237	2693.75	0.136616721749306	
2696.875	-0.00634538428857923	2696.875	0.136448383331299	
2700	-0.00547030102461576	2700	0.1372971534729	
2703.125	-0.00446555344387889	2703.125	0.138118237257004	
2706.25	-0.00392413605004549	2706.25	0.137602046132088	
2709.375	-0.0033356926869601	2709.375	0.138667151331902	
2712.5	-0.00326954713091254	2712.5	0.139906033873558	
2715.625	-0.00195155327674001	2715.625	0.140282452106476	
2718.75	-0.00107121805194765	2718.75	0.140204638242722	
2721.875	-0.000978006399236619	2721.875	0.140019580721855	
2725	-0.000191582832485437	2725	0.141276448965073	
2728.125	0.000966133549809456	2728.125	0.142427906394005	
2731.25	0.00126954226288944	2731.25	0.142304971814156	
2734.375	0.00160929572302848	2734.375	0.142122641205788	
2737.5	0.00276637799106538	2737.5	0.14260433614254	
2740.625	0.00269020907580853	2740.625	0.143593356013298	
2743.75	0.00316568650305271	2743.75	0.145429477095604	
2746.875	0.00404753722250462	2746.875	0.1452666670084	
2750	0.00543369818478823	2750	0.144535437226295	
2753.125	0.00568056339398026	2753.125	0.145447298884392	
2756.25	0.0073212175630033	2756.25	0.146535664796829	
2759.375	0.00704654073342681	2759.375	0.146844744682312	
2762.5	0.0080533204600215	2762.5	0.146894678473473	
2765.625	0.00797706842422485	2765.625	0.147570058703423	
2768.75	0.00905420538038015	2768.75	0.148807317018509	
2771.875	0.0102145308628678	2771.875	0.148301780223846	
2775	0.0107005061581731	2775	0.148690074682236	
2778.125	0.0111527964472771	2778.125	0.14875054359436	
2781.25	0.0122400233522058	2781.25	0.149773612618446	
2784.375	0.012510315515101	2784.375	0.149481073021889	
2787.5	0.013263882137835	2787.5	0.149457305669785	
2790.625	0.0142274871468544	2790.625	0.151072472333908	
2793.75	0.0143415778875351	2793.75	0.151325419545174	
2796.875	0.0147804282605648	2796.875	0.15163691341877	
2800	0.015270940028131	2800	0.152722910046577	
2803.125	0.0156069099903107	2803.125	0.154482915997505	
2806.25	0.0173332374542952	2806.25	0.15362349152565	
2809.375	0.017000388354063	2809.375	0.154280170798302	
2812.5	0.018249524757266	2812.5	0.155307397246361	
2815.625	0.0192557964473963	2815.625	0.155206590890884	
2818.75	0.0198149252682924	2818.75	0.154922783374786	
2821.875	0.0204859189689159	2821.875	0.155570909380913	
2825	0.0205955896526575	2825	0.155086815357208	
2828.125	0.0215145647525787	2828.125	0.156064733862877	
2831.25	0.0231470577418804	2831.25	0.156791940331459	
2834.375	0.0233720447868109	2834.375	0.156647309660912	
2837.5	0.0239899344742298	2837.5	0.15884692966938	
2840.625	0.0245099328458309	2840.625	0.159233182668686	
2843.75	0.0249546393752098	2843.75	0.158214434981346	
2846.875	0.0264592356979847	2846.875	0.1590286642313	
2850	0.0264484100043774	2850	0.15895776450634	
2853.125	0.0272035114467144	2853.125	0.159188285470009	
2856.25	0.0276298057287931	2856.25	0.160275146365166	
2859.375	0.0287318956106901	2859.375	0.159847185015678	
2862.5	0.0293126348406076	2862.5	0.16098926961422	
2865.625	0.0306645799428225	2865.625	0.161302253603935	
2868.75	0.0304039381444454	2868.75	0.161937966942787	
2871.875	0.0306949112564325	2871.875	0.163252115249634	
2875	0.0321853570640087	2875	0.16280172765255	
2878.125	0.032865259796381	2878.125	0.162995725870132	
2881.25	0.0336900688707829	2881.25	0.163714677095413	
2884.375	0.0346468649804592	2884.375	0.163370162248611	
2887.5	0.0349443294107914	2887.5	0.164349928498268	
2890.625	0.0359243266284466	2890.625	0.165861189365387	
2893.75	0.0362823009490967	2893.75	0.16591764986515	
2896.875	0.0370377413928509	2896.875	0.165508955717087	
2900	0.0373229570686817	2900	0.166082292795181	
2903.125	0.0387306660413742	2903.125	0.166646644473076	
2906.25	0.0401651002466679	2906.25	0.166234657168388	
2909.375	0.0401206202805042	2909.375	0.167096808552742	
2912.5	0.0404923520982265	2912.5	0.166828572750092	
2915.625	0.0417390093207359	2915.625	0.167364045977592	
2918.75	0.0426310487091541	2918.75	0.167896494269371	
2921.875	0.0422823391854763	2921.875	0.168538615107536	
2925	0.0430928058922291	2925	0.170066118240356	
2928.125	0.0441716238856316	2928.125	0.169305756688118	
2931.25	0.0449746251106262	2931.25	0.168917968869209	
2934.375	0.0454543270170689	2934.375	0.170173436403275	
2937.5	0.0463497564196587	2937.5	0.170770138502121	
2940.625	0.0469461791217327	2940.625	0.170300662517548	
2943.75	0.0480070412158966	2943.75	0.170596688985825	
2946.875	0.0491017811000347	2946.875	0.171793445944786	
2950	0.0492676198482513	2950	0.172294944524765	
2953.125	0.0501441396772861	2953.125	0.172622293233871	
2956.25	0.0498249679803848	2956.25	0.173900276422501	
2959.375	0.0512628182768822	2959.375	0.174345552921295	
2962.5	0.0528700016438961	2962.5	0.173822164535522	
2965.625	0.0528525672852993	2965.625	0.17463406920433	
2968.75	0.0537570379674435	2968.75	0.175971776247025	
2971.875	0.0544347763061523	2971.875	0.176366567611694	
2975	0.054918184876442	2975	0.1763656437397	
2978.125	0.0553750954568386	2978.125	0.177153244614601	
2981.25	0.0565992332994938	2981.25	0.176762104034424	
2984.375	0.0573453232645988	2984.375	0.177927285432816	
2987.5	0.0582554489374161	2987.5	0.178448468446732	
2990.625	0.0592660382390022	2990.625	0.17848514020443	
2993.75	0.0593604668974876	2993.75	0.1792301684618	
2996.875	0.0604943335056305	2996.875	0.179677322506905	
3000	0.0624887607991695	3000	0.179951339960098	
3003.125	0.0624473690986633	3003.125	0.181996956467628	
3006.25	0.0632311627268791	3006.25	0.182197004556656	
3009.375	0.0642864927649498	3009.375	0.181656613945961	
3012.5	0.0664402320981026	3012.5	0.181560084223747	
3015.625	0.0679224282503128	3015.625	0.183235019445419	
3018.75	0.0674069598317146	3018.75	0.183881223201752	
3021.875	0.0694465786218643	3021.875	0.184342920780182	
3025	0.0703385472297668	3025	0.184310004115105	
3028.125	0.0711255744099617	3028.125	0.184879899024963	
3031.25	0.0731239542365074	3031.25	0.187229603528976	
3034.375	0.0733371898531914	3034.375	0.185664877295494	
3037.5	0.0773052275180817	3037.5	0.185516655445099	
3040.625	0.0774791538715363	3040.625	0.185094758868217	
3043.75	0.0779483839869499	3043.75	0.184982240200043	
3046.875	0.0791953653097153	3046.875	0.186309397220612	
3050	0.0803991481661797	3050	0.184938371181488	
3053.125	0.0817443355917931	3053.125	0.184955045580864	
3056.25	0.0828869938850403	3056.25	0.185013726353645	
3059.375	0.0832445248961449	3059.375	0.185832887887955	
3062.5	0.084220714867115	3062.5	0.184981763362885	
3065.625	0.0841425731778145	3065.625	0.184659227728844	
3068.75	0.0854757279157639	3068.75	0.18476964533329	
3071.875	0.0856067389249802	3071.875	0.185168981552124	
3075	0.0859366431832314	3075	0.185485735535622	
3078.125	0.087304413318634	3078.125	0.184270039200783	
3081.25	0.0881327465176582	3081.25	0.183877557516098	
3084.375	0.0883982479572296	3084.375	0.184815376996994	
3087.5	0.0887099355459213	3087.5	0.185564786195755	
3090.625	0.0902930572628975	3090.625	0.186498209834099	
3093.75	0.0907016471028328	3093.75	0.186824634671211	
3096.875	0.0911565646529198	3096.875	0.18666610121727	
3100	0.0932280719280243	3100	0.185743510723114	
3103.125	0.093113049864769	3103.125	0.186002507805824	
3106.25	0.094080314040184	3106.25	0.186266168951988	
3109.375	0.0958759263157845	3109.375	0.18640410900116	
3112.5	0.0961161181330681	3112.5	0.187966600060463	
3115.625	0.0960656777024269	3115.625	0.187583938241005	
3118.75	0.0970795080065727	3118.75	0.187085315585136	
3121.875	0.0960337668657303	3121.875	0.189125686883926	
3125	0.0980575382709503	3125	0.189258262515068	
3128.125	0.0988659337162972	3128.125	0.188705816864967	
3131.25	0.100437998771667	3131.25	0.1877820789814	
3134.375	0.101637586951256	3134.375	0.188287615776062	
3137.5	0.100846789777279	3137.5	0.187619984149933	
3140.625	0.102552585303783	3140.625	0.188691720366478	
3143.75	0.102078460156918	3143.75	0.189876988530159	
3146.875	0.10314716398716	3146.875	0.189356818795204	
3150	0.104694366455078	3150	0.188340187072754	
3153.125	0.105261772871017	3153.125	0.189496353268623	
3156.25	0.106089748442173	3156.25	0.190394967794418	
3159.375	0.106477610766888	3159.375	0.189318209886551	
3162.5	0.106564901769161	3162.5	0.186917632818222	
3165.625	0.107304804027081	3165.625	0.189185991883278	
3168.75	0.1064587906003	3168.75	0.190599724650383	
3171.875	0.108738161623478	3171.875	0.189506053924561	
3175	0.110549941658974	3175	0.188927948474884	
3178.125	0.111378826200962	3178.125	0.189582332968712	
3181.25	0.111082531511784	3181.25	0.190772816538811	
3184.375	0.109821856021881	3184.375	0.191016510128975	
3187.5	0.11027579754591	3187.5	0.192187309265137	
3190.625	0.111897088587284	3190.625	0.191268026828766	
3193.75	0.11169021576643	3193.75	0.191623494029045	
3196.875	0.113428503274918	3196.875	0.192554891109467	
3200	0.113520108163357	3200	0.194484621286392	
3203.125	0.11513064801693	3203.125	0.193717256188393	
3206.25	0.115550190210342	3206.25	0.193273782730103	
3209.375	0.115620225667953	3209.375	0.194031924009323	
3212.5	0.116659827530384	3212.5	0.19399131834507	
3215.625	0.11772046238184	3215.625	0.193473100662231	
3218.75	0.117324694991112	3218.75	0.196167215704918	
3221.875	0.118297897279263	3221.875	0.195810198783875	
3225	0.120799072086811	3225	0.196009531617165	
3228.125	0.122058250010014	3228.125	0.196789219975471	
3231.25	0.121469311416149	3231.25	0.195981413125992	
3234.375	0.121700786054134	3234.375	0.198103293776512	
3237.5	0.12278039008379	3237.5	0.198892444372177	
3240.625	0.124010749161243	3240.625	0.199081674218178	
3243.75	0.124284371733665	3243.75	0.200174540281296	
3246.875	0.124274358153343	3246.875	0.201307222247124	
3250	0.123242408037186	3250	0.200924411416054	
3253.125	0.126134008169174	3253.125	0.202590093016624	
3256.25	0.127441763877869	3256.25	0.201665312051773	
3259.375	0.127951368689537	3259.375	0.201608553528786	
3262.5	0.128894612193108	3262.5	0.201593413949013	
3265.625	0.129965350031853	3265.625	0.200482770800591	
3268.75	0.129957914352417	3268.75	0.201574563980103	
3271.875	0.131329268217087	3271.875	0.202446758747101	
3275	0.133289948105812	3275	0.203151807188988	
3278.125	0.132170736789703	3278.125	0.202955678105354	
3281.25	0.135151654481888	3281.25	0.204828664660454	
3284.375	0.13559053838253	3284.375	0.204285100102425	
3287.5	0.134734660387039	3287.5	0.204668715596199	
3290.625	0.135097622871399	3290.625	0.205897748470306	
3293.75	0.137149408459663	3293.75	0.204838946461678	
3296.875	0.138039335608482	3296.875	0.20438688993454	
3300	0.138625860214233	3300	0.20607528090477	
3303.125	0.139475271105766	3303.125	0.206013277173042	
3306.25	0.140769138932228	3306.25	0.205748662352562	
3309.375	0.141841486096382	3309.375	0.206934824585915	
3312.5	0.142210856080055	3312.5	0.208149895071983	
3315.625	0.142918840050697	3315.625	0.207744672894478	
3318.75	0.142720922827721	3318.75	0.208385571837425	
3321.875	0.144682064652443	3321.875	0.208345159888268	
3325	0.145322531461716	3325	0.208824649453163	
3328.125	0.146217495203018	3328.125	0.208240166306496	
3331.25	0.146496802568436	3331.25	0.208131447434425	
3334.375	0.147251293063164	3334.375	0.208324328064919	
3337.5	0.149048522114754	3337.5	0.20887166261673	
3340.625	0.149125948548317	3340.625	0.208662673830986	
3343.75	0.149005621671677	3343.75	0.209216296672821	
3346.875	0.152884170413017	3346.875	0.210664808750153	
3350	0.152834564447403	3350	0.211657285690308	
3353.125	0.153664380311966	3353.125	0.210904821753502	
3356.25	0.152620583772659	3356.25	0.210258930921555	
3359.375	0.154480636119843	3359.375	0.211613431572914	
3362.5	0.155601769685745	3362.5	0.21066689491272	
3365.625	0.155892163515091	3365.625	0.209999680519104	
3368.75	0.155925899744034	3368.75	0.209187477827072	
3371.875	0.156270638108253	3371.875	0.211048871278763	
3375	0.156283020973206	3375	0.211385682225227	
3378.125	0.159495607018471	3378.125	0.211425811052322	
3381.25	0.159249573945999	3381.25	0.211823135614395	
3384.375	0.160225227475166	3384.375	0.211574241518974	
3387.5	0.161122858524323	3387.5	0.210718795657158	
3390.625	0.161710351705551	3390.625	0.212719693779945	
3393.75	0.161678954958916	3393.75	0.211652025580406	
3396.875	0.162245944142342	3396.875	0.212345436215401	
3400	0.163710653781891	3400	0.212751865386963	
3403.125	0.164229899644852	3403.125	0.213237538933754	
3406.25	0.16505178809166	3406.25	0.213595494627953	
3409.375	0.166742905974388	3409.375	0.213249862194061	
3412.5	0.167157471179962	3412.5	0.214266210794449	
3415.625	0.167783811688423	3415.625	0.214661329984665	
3418.75	0.167913287878036	3418.75	0.214065030217171	
3421.875	0.167901068925858	3421.875	0.214728280901909	
3425	0.168884545564651	3425	0.215262547135353	
3428.125	0.170200675725937	3428.125	0.214427307248116	
3431.25	0.170007765293121	3431.25	0.214053392410278	
3434.375	0.171521112322807	3434.375	0.214872643351555	
3437.5	0.173264980316162	3437.5	0.21556031703949	
3440.625	0.173948675394058	3440.625	0.215354144573212	
3443.75	0.173237636685371	3443.75	0.215484812855721	
3446.875	0.173958167433739	3446.875	0.214953348040581	
3450	0.175174653530121	3450	0.214623808860779	
3453.125	0.175346508622169	3453.125	0.215240344405174	
3456.25	0.176141113042831	3456.25	0.215798705816269	
3459.375	0.175878807902336	3459.375	0.216314882040024	
3462.5	0.176751092076302	3462.5	0.215313658118248	
3465.625	0.177551686763763	3465.625	0.216238722205162	
3468.75	0.179128959774971	3468.75	0.216655373573303	
3471.875	0.179264456033707	3471.875	0.21622471511364	
3475	0.180466547608376	3475	0.216330006718636	
3478.125	0.180246114730835	3478.125	0.21677003800869	
3481.25	0.181159690022469	3481.25	0.215322405099869	
3484.375	0.181050792336464	3484.375	0.216132879257202	
3487.5	0.181781232357025	3487.5	0.2171990275383	
3490.625	0.183356896042824	3490.625	0.216785058379173	
3493.75	0.18457818031311	3493.75	0.216519683599472	
3496.875	0.184332311153412	3496.875	0.216175973415375	
3500	0.185608863830566	3500	0.216277584433556	
3503.125	0.185678601264954	3503.125	0.216746211051941	
3506.25	0.187406286597252	3506.25	0.217727929353714	
3509.375	0.187305793166161	3509.375	0.217842146754265	
3512.5	0.187225252389908	3512.5	0.216627687215805	
3515.625	0.187766999006271	3515.625	0.215826973319054	
3518.75	0.188034608960152	3518.75	0.217193216085434	
3521.875	0.188445255160332	3521.875	0.216688573360443	
3525	0.189336881041527	3525	0.216573670506477	
3528.125	0.190539479255676	3528.125	0.217240050435066	
3531.25	0.191628575325012	3531.25	0.217993900179863	
3534.375	0.191400051116943	3534.375	0.217825874686241	
3537.5	0.191137090325356	3537.5	0.216565415263176	
3540.625	0.191927418112755	3540.625	0.216738939285278	
3543.75	0.192604824900627	3543.75	0.217043831944466	
3546.875	0.192340865731239	3546.875	0.217440903186798	
3550	0.193662822246552	3550	0.217321753501892	
3553.125	0.193374797701836	3553.125	0.217964544892311	
3556.25	0.194398999214172	3556.25	0.217547506093979	
3559.375	0.195483610033989	3559.375	0.217400565743446	
3562.5	0.196257904171944	3562.5	0.218798518180847	
3565.625	0.196494966745377	3565.625	0.218390688300133	
3568.75	0.196931749582291	3568.75	0.218212604522705	
3571.875	0.198500096797943	3571.875	0.21803542971611	
3575	0.199735566973686	3575	0.21899501979351	
3578.125	0.200146302580833	3578.125	0.219226017594337	
3581.25	0.200521409511566	3581.25	0.218701645731926	
3584.375	0.200451537966728	3584.375	0.218206390738487	
3587.5	0.20080554485321	3587.5	0.217874497175217	
3590.625	0.202154204249382	3590.625	0.21853432059288	
3593.75	0.203084990382195	3593.75	0.219223439693451	
3596.875	0.203289061784744	3596.875	0.219310611486435	
3600	0.204443618655205	3600	0.218804806470871	
3603.125	0.205025136470795	3603.125	0.217900708317757	
3606.25	0.204909101128578	3606.25	0.219055607914925	
3609.375	0.20588743686676	3609.375	0.217532485723495	
3612.5	0.206148400902748	3612.5	0.217798516154289	
3615.625	0.206862732768059	3615.625	0.218830525875092	
3618.75	0.207198023796082	3618.75	0.217895567417145	
3621.875	0.207202672958374	3621.875	0.217909619212151	
3625	0.208063945174217	3625	0.217468127608299	
3628.125	0.209392324090004	3628.125	0.217820107936859	
3631.25	0.210504353046417	3631.25	0.217296972870827	
3634.375	0.211073443293571	3634.375	0.217986032366753	
3637.5	0.210768923163414	3637.5	0.217939794063568	
3640.625	0.210698395967484	3640.625	0.216598868370056	
3643.75	0.212065145373344	3643.75	0.216768115758896	
3646.875	0.211998268961906	3646.875	0.216866537928581	
3650	0.212961912155151	3650	0.216655716300011	
3653.125	0.213457196950912	3653.125	0.216160550713539	
3656.25	0.213628560304642	3656.25	0.216416969895363	
3659.375	0.214800536632538	3659.375	0.217076569795609	
3662.5	0.215674087405205	3662.5	0.216703608632088	
3665.625	0.216059401631355	3665.625	0.218429207801819	
3668.75	0.217448264360428	3668.75	0.215785726904869	
3671.875	0.21622371673584	3671.875	0.215719699859619	
3675	0.217352613806725	3675	0.216252028942108	
3678.125	0.218145102262497	3678.125	0.215987607836723	
3681.25	0.217788442969322	3681.25	0.217856988310814	
3684.375	0.219173654913902	3684.375	0.213175520300865	
3687.5	0.218784362077713	3687.5	0.214970901608467	
3690.625	0.219279527664185	3690.625	0.215442508459091	
3693.75	0.221023097634315	3693.75	0.214991047978401	
3696.875	0.221546113491058	3696.875	0.215808138251305	
3700	0.221009105443954	3700	0.215251743793488	
3703.125	0.221446767449379	3703.125	0.213883012533188	
3706.25	0.223562240600586	3706.25	0.214394807815552	
3709.375	0.223445162177086	3709.375	0.215014830231667	
3712.5	0.222891122102737	3712.5	0.213601395487785	
3715.625	0.223370715975761	3715.625	0.212364569306374	
3718.75	0.225766479969025	3718.75	0.21391949057579	
3721.875	0.225705921649933	3721.875	0.213395476341248	
3725	0.226113095879555	3725	0.214456170797348	
3728.125	0.226743012666702	3728.125	0.212926357984543	
3731.25	0.226949840784073	3731.25	0.213249087333679	
3734.375	0.227562725543976	3734.375	0.211949020624161	
3737.5	0.227806493639946	3737.5	0.213060289621353	
3740.625	0.229755505919456	3740.625	0.21220675110817	
3743.75	0.229519858956337	3743.75	0.212275683879852	
3746.875	0.229490458965302	3746.875	0.21318019926548	
3750	0.230516642332077	3750	0.212270557880402	
3753.125	0.230464845895767	3753.125	0.211604103446007	
3756.25	0.231097310781479	3756.25	0.2109355032444	
3759.375	0.231169447302818	3759.375	0.210722178220749	
3762.5	0.231154009699821	3762.5	0.212924435734749	
3765.625	0.233447626233101	3765.625	0.209342941641808	
3768.75	0.232657819986343	3768.75	0.210842341184616	
3771.875	0.232518970966339	3771.875	0.209862619638443	
3775	0.23347219824791	3775	0.210440590977669	
3778.125	0.23385962843895	3778.125	0.20953468978405	
3781.25	0.234995618462563	3781.25	0.209094300866127	
3784.375	0.235675305128098	3784.375	0.210398986935616	
3787.5	0.237439677119255	3787.5	0.209862038493156	
3790.625	0.236659064888954	3790.625	0.209918037056923	
3793.75	0.237352848052979	3793.75	0.207851067185402	
3796.875	0.236831486225128	3796.875	0.208491563796997	
3800	0.23658812046051	3800	0.207352250814438	
3803.125	0.23797607421875	3803.125	0.207786470651627	
3806.25	0.239062935113907	3806.25	0.208742082118988	
3809.375	0.239325076341629	3809.375	0.207454651594162	
3812.5	0.239422485232353	3812.5	0.206357732415199	
3815.625	0.239175751805305	3815.625	0.206307634711266	
3818.75	0.240723893046379	3818.75	0.207055777311325	
3821.875	0.240069031715393	3821.875	0.206439465284348	
3825	0.24047863483429	3825	0.207371324300766	
3828.125	0.242336541414261	3828.125	0.206299304962158	
3831.25	0.242915511131287	3831.25	0.206228822469711	
3834.375	0.244158729910851	3834.375	0.205818563699722	
3837.5	0.244105562567711	3837.5	0.206735089421272	
3840.625	0.244150087237358	3840.625	0.205556422472	
3843.75	0.24381785094738	3843.75	0.204692378640175	
3846.875	0.245619088411331	3846.875	0.204011529684067	
3850	0.245467737317085	3850	0.204385638237	
3853.125	0.24556402862072	3853.125	0.204643875360489	
3856.25	0.24737374484539	3856.25	0.204841569066048	
3859.375	0.247262105345726	3859.375	0.203828930854797	
3862.5	0.247513771057129	3862.5	0.202361911535263	
3865.625	0.248358428478241	3865.625	0.203663125634193	
3868.75	0.248853132128716	3868.75	0.203607067465782	
3871.875	0.248816832900047	3871.875	0.202011853456497	
3875	0.249260187149048	3875	0.201917082071304	
3878.125	0.250898092985153	3878.125	0.202102959156036	
3881.25	0.250799030065537	3881.25	0.201137721538544	
3884.375	0.252758145332336	3884.375	0.199941158294678	
3887.5	0.252511233091354	3887.5	0.200713828206062	
3890.625	0.252684086561203	3890.625	0.200205653905869	
3893.75	0.253961861133575	3893.75	0.200792372226715	
3896.875	0.25424325466156	3896.875	0.199450641870499	
3900	0.254924774169922	3900	0.200524017214775	
3903.125	0.255094140768051	3903.125	0.200190007686615	
3906.25	0.256032407283783	3906.25	0.198541983962059	
3909.375	0.255940824747086	3909.375	0.198884800076485	
3912.5	0.255790621042252	3912.5	0.199113011360168	
3915.625	0.257943958044052	3915.625	0.19745597243309	
3918.75	0.256321877241135	3918.75	0.199400082230568	
3921.875	0.259998083114624	3921.875	0.195604279637337	
3925	0.257423728704453	3925	0.196193903684616	
3928.125	0.258089035749435	3928.125	0.195866629481316	
3931.25	0.257755190134048	3931.25	0.197960168123245	
3934.375	0.259231239557266	3934.375	0.197164639830589	
3937.5	0.260298579931259	3937.5	0.195636361837387	
3940.625	0.260820031166077	3940.625	0.196437954902649	
3943.75	0.261076807975769	3943.75	0.197216808795929	
3946.875	0.261337369680405	3946.875	0.195285156369209	
3950	0.260977864265442	3950	0.194148361682892	
3953.125	0.261964619159698	3953.125	0.194059550762177	
3956.25	0.262115389108658	3956.25	0.194603577256203	
3959.375	0.26140022277832	3959.375	0.192816630005836	
3962.5	0.263929665088654	3962.5	0.192396759986877	
3965.625	0.265020698308945	3965.625	0.194411903619766	
3968.75	0.265758275985718	3968.75	0.193872734904289	
3971.875	0.26683384180069	3971.875	0.19205205142498	
3975	0.268902599811554	3975	0.191303923726082	
3978.125	0.26754692196846	3978.125	0.191396102309227	
3981.25	0.2659732401371	3981.25	0.191401600837708	
3984.375	0.26662003993988	3984.375	0.190337240695953	
3987.5	0.268031597137451	3987.5	0.191344052553177	
3990.625	0.269777983427048	3990.625	0.190460845828056	
3993.75	0.269969016313553	3993.75	0.190502673387527	
3996.875	0.271003842353821	3996.875	0.190392002463341	
4000	0.273979336023331	4000	0.189831048250198	
4003.125	0.273694485425949	4003.125	0.188903719186783	
4006.25	0.273261606693268	4006.25	0.188239470124245	
4009.375	0.273470193147659	4009.375	0.187223225831985	
4012.5	0.274376034736633	4012.5	0.187516689300537	
4015.625	0.275436580181122	4015.625	0.187076136469841	
4018.75	0.275852054357529	4018.75	0.186642900109291	
4021.875	0.276504665613174	4021.875	0.185896098613739	
4025	0.277507603168488	4025	0.185461491346359	
4028.125	0.27601620554924	4028.125	0.185623094439507	
4031.25	0.276513069868088	4031.25	0.181899517774582	
4034.375	0.277645021677017	4034.375	0.182683065533638	
4037.5	0.279801458120346	4037.5	0.183392569422722	
4040.625	0.276263028383255	4040.625	0.181757479906082	
4043.75	0.278402209281921	4043.75	0.180748805403709	
4046.875	0.279087275266647	4046.875	0.179010808467865	
4050	0.279347121715546	4050	0.17870220541954	
4053.125	0.279664039611816	4053.125	0.179957762360573	
4056.25	0.281047195196152	4056.25	0.177802607417107	
4059.375	0.27984607219696	4059.375	0.178842797875404	
4062.5	0.279216051101685	4062.5	0.175889030098915	
4065.625	0.281445205211639	4065.625	0.17589995265007	
4068.75	0.281330704689026	4068.75	0.175648748874664	
4071.875	0.280395567417145	4071.875	0.174650877714157	
4075	0.283423513174057	4075	0.174450874328613	
4078.125	0.283518075942993	4078.125	0.174534633755684	
4081.25	0.28417906165123	4081.25	0.172900095582008	
4084.375	0.28287997841835	4084.375	0.17117078602314	
4087.5	0.284726172685623	4087.5	0.171119585633278	
4090.625	0.282368808984756	4090.625	0.171087175607681	
4093.75	0.282353043556213	4093.75	0.167585238814354	
4096.875	0.283563166856766	4096.875	0.169022485613823	
4100	0.284781903028488	4100	0.16796812415123	
4103.125	0.284368216991425	4103.125	0.167313560843468	
4106.25	0.283414989709854	4106.25	0.16770900785923	
4109.375	0.285350888967514	4109.375	0.166472971439362	
4112.5	0.283362507820129	4112.5	0.164404913783073	
4115.625	0.283779680728912	4115.625	0.164556190371513	
4118.75	0.284669458866119	4118.75	0.164852559566498	
4121.875	0.283778965473175	4121.875	0.165454894304276	
4125	0.283201545476913	4125	0.162536844611168	
4128.125	0.283084124326706	4128.125	0.162409782409668	
4131.25	0.282911837100983	4131.25	0.163459658622742	
4134.375	0.2837053835392	4134.375	0.161764696240425	
4137.5	0.28419217467308	4137.5	0.161403253674507	
4140.625	0.282994568347931	4140.625	0.161851808428764	
4143.75	0.283473134040833	4143.75	0.160015150904655	
4146.875	0.282519400119781	4146.875	0.160974487662315	
4150	0.282668948173523	4150	0.159143626689911	
4153.125	0.285366147756577	4153.125	0.159899145364761	
4156.25	0.284755885601044	4156.25	0.15905074775219	
4159.375	0.282406389713287	4159.375	0.160429865121841	
4162.5	0.283227950334549	4162.5	0.158404663205147	
4165.625	0.283891201019287	4165.625	0.157663226127625	
4168.75	0.2832250893116	4168.75	0.157602891325951	
4171.875	0.282393395900726	4171.875	0.158052667975426	
4175	0.283400565385818	4175	0.159320190548897	
4178.125	0.285318791866302	4178.125	0.158230066299438	
4181.25	0.28438127040863	4181.25	0.156263440847397	
4184.375	0.283783048391342	4184.375	0.157279536128044	
4187.5	0.284590244293213	4187.5	0.156828656792641	
4190.625	0.28519743680954	4190.625	0.156999826431274	
4193.75	0.28485044836998	4193.75	0.157056614756584	
4196.875	0.284879982471466	4196.875	0.156056135892868	
4200	0.284969717264175	4200	0.156346067786217	
4203.125	0.28531476855278	4203.125	0.155059650540352	
4206.25	0.283443719148636	4206.25	0.153933316469193	
4209.375	0.28451469540596	4209.375	0.154591590166092	
4212.5	0.285731852054596	4212.5	0.155083298683167	
4215.625	0.286425471305847	4215.625	0.154430285096169	
4218.75	0.286824077367783	4218.75	0.154351413249969	
4221.875	0.286813229322433	4221.875	0.154308572411537	
4225	0.287316769361496	4225	0.153013348579407	
4228.125	0.286349415779114	4228.125	0.152640521526337	
4231.25	0.287170320749283	4231.25	0.153838083148003	
4234.375	0.287004500627518	4234.375	0.152531370520592	
4237.5	0.286893248558044	4237.5	0.151249006390572	
4240.625	0.287807196378708	4240.625	0.152650773525238	
4243.75	0.286699771881104	4243.75	0.151376858353615	
4246.875	0.288129359483719	4246.875	0.152055218815804	
4250	0.288356453180313	4250	0.151433989405632	
4253.125	0.287054389715195	4253.125	0.150535076856613	
4256.25	0.287939339876175	4256.25	0.149699062108994	
4259.375	0.288091152906418	4259.375	0.151367902755737	
4262.5	0.289800971746445	4262.5	0.150567784905434	
4265.625	0.28957936167717	4265.625	0.148680776357651	
4268.75	0.289167553186417	4268.75	0.149768203496933	
4271.875	0.288036406040192	4271.875	0.149735942482948	
4275	0.29164856672287	4275	0.147627890110016	
4278.125	0.290328025817871	4278.125	0.147716954350471	
4281.25	0.289265245199203	4281.25	0.148658633232117	
4284.375	0.292184740304947	4284.375	0.146230787038803	
4287.5	0.291374802589417	4287.5	0.14664164185524	
4290.625	0.290970385074615	4290.625	0.14678493142128	
4293.75	0.289749264717102	4293.75	0.145699933171272	
4296.875	0.288608431816101	4296.875	0.145432189106941	
4300	0.289612859487534	4300	0.144372314214706	
4303.125	0.291740268468857	4303.125	0.143553599715233	
4306.25	0.290170192718506	4306.25	0.142883479595184	
4309.375	0.289402574300766	4309.375	0.144332468509674	
4312.5	0.291439414024353	4312.5	0.142954811453819	
4315.625	0.290871500968933	4315.625	0.141257002949715	
4318.75	0.290372639894485	4318.75	0.141556262969971	
4321.875	0.290511429309845	4321.875	0.140828207135201	
4325	0.289894133806229	4325	0.140646621584892	
4328.125	0.289993971586227	4328.125	0.142086297273636	
4331.25	0.291435748338699	4331.25	0.142062678933144	
4334.375	0.290439486503601	4334.375	0.141120195388794	
4337.5	0.291746586561203	4337.5	0.14093279838562	
4340.625	0.290436804294586	4340.625	0.140163347125053	
4343.75	0.290654540061951	4343.75	0.139881402254105	
4346.875	0.289610147476196	4346.875	0.138813465833664	
4350	0.290172427892685	4350	0.138208329677582	
4353.125	0.290135264396667	4353.125	0.138994067907333	
4356.25	0.28942546248436	4356.25	0.138658568263054	
4359.375	0.288652449846268	4359.375	0.137591823935509	
4362.5	0.290810078382492	4362.5	0.138485550880432	
4365.625	0.290153592824936	4365.625	0.140077620744705	
4368.75	0.290659308433533	4368.75	0.138942122459412	
4371.875	0.289143353700638	4371.875	0.138104602694511	
4375	0.288937091827393	4375	0.13832214474678	
4378.125	0.292045503854752	4378.125	0.138387516140938	
4381.25	0.291290313005447	4381.25	0.137875884771347	
4384.375	0.29118025302887	4384.375	0.137402087450027	
4387.5	0.290779829025269	4387.5	0.138128608465195	
4390.625	0.292006939649582	4390.625	0.138473078608513	
4393.75	0.29397040605545	4393.75	0.137166708707809	
4396.875	0.294699221849442	4396.875	0.138343006372452	
4400	0.294473558664322	4400	0.137661308050156	
4403.125	0.294039577245712	4403.125	0.137099593877792	
4406.25	0.294988632202148	4406.25	0.13632595539093	
4409.375	0.296805888414383	4409.375	0.135471150279045	
4412.5	0.296479552984238	4412.5	0.135277301073074	
4415.625	0.297849774360657	4415.625	0.135277912020683	
4418.75	0.29931503534317	4418.75	0.134679809212685	
4421.875	0.300137132406235	4421.875	0.134655550122261	
4425	0.299525141716003	4425	0.133682429790497	
4428.125	0.301182448863983	4428.125	0.132688894867897	
4431.25	0.301251113414764	4431.25	0.133399814367294	
4434.375	0.301032274961472	4434.375	0.130590334534645	
4437.5	0.301684975624084	4437.5	0.129772067070007	
4440.625	0.301964640617371	4440.625	0.129278123378754	
4443.75	0.301382333040237	4443.75	0.126878723502159	
4446.875	0.303219467401505	4446.875	0.127838611602783	
4450	0.303833305835724	4450	0.127326354384422	
4453.125	0.303660929203033	4453.125	0.125227585434914	
4456.25	0.302672356367111	4456.25	0.125193908810616	
4459.375	0.30205249786377	4459.375	0.124048762023449	
4462.5	0.305095821619034	4462.5	0.122455976903439	
4465.625	0.304241836071014	4465.625	0.121683292090893	
4468.75	0.304928451776505	4468.75	0.121510535478592	
4471.875	0.305125892162323	4471.875	0.118686661124229	
4475	0.303891271352768	4475	0.117574490606785	
4478.125	0.302872538566589	4478.125	0.116361543536186	
4481.25	0.30556309223175	4481.25	0.114866465330124	
4484.375	0.30488309264183	4484.375	0.114762924611568	
4487.5	0.303230881690979	4487.5	0.114140927791595	
4490.625	0.304285377264023	4490.625	0.113724917173386	
4493.75	0.304218411445618	4493.75	0.112564958631992	
4496.875	0.303977459669113	4496.875	0.109183683991432	
4500	0.304586917161942	4500	0.110474869608879	
4503.125	0.304934740066528	4503.125	0.10889333486557	
4506.25	0.305452793836594	4506.25	0.108407646417618	
4509.375	0.305837333202362	4509.375	0.107467092573643	
4512.5	0.304409742355347	4512.5	0.106659688055515	
4515.625	0.303878486156464	4515.625	0.105591654777527	
4518.75	0.304631233215332	4518.75	0.105837404727936	
4521.875	0.304842203855515	4521.875	0.104484379291534	
4525	0.304541915655136	4525	0.102679274976254	
4528.125	0.303466498851776	4528.125	0.100925423204899	
4531.25	0.303953528404236	4531.25	0.0997164845466614	
4534.375	0.304311156272888	4534.375	0.0996178239583969	
4537.5	0.304042309522629	4537.5	0.0979550257325172	
4540.625	0.303999066352844	4540.625	0.0971613079309464	
4543.75	0.304061204195023	4543.75	0.0957425162196159	
4546.875	0.303798466920853	4546.875	0.0954078584909439	
4550	0.30394658446312	4550	0.0955718532204628	
4553.125	0.303379744291306	4553.125	0.0939310938119888	
4556.25	0.303892105817795	4556.25	0.0928510874509811	
4559.375	0.302690893411636	4559.375	0.0937603190541267	
4562.5	0.306347012519836	4562.5	0.0892162173986435	
4565.625	0.304546803236008	4565.625	0.0899398475885391	
4568.75	0.304528325796127	4568.75	0.089163139462471	
4571.875	0.30380254983902	4571.875	0.0889185443520546	
4575	0.303914338350296	4575	0.0869995802640915	
4578.125	0.30251470208168	4578.125	0.0855020135641098	
4581.25	0.302711665630341	4581.25	0.0832384526729584	
4584.375	0.303845435380936	4584.375	0.0828606262803078	
4587.5	0.30413618683815	4587.5	0.0835545286536217	
4590.625	0.30461585521698	4590.625	0.0813187137246132	
4593.75	0.304583072662354	4593.75	0.0808952748775482	
4596.875	0.303138434886932	4596.875	0.0793173760175705	
4600	0.304123103618622	4600	0.0786391049623489	
4603.125	0.305516421794891	4603.125	0.0776296630501747	
4606.25	0.303866565227509	4606.25	0.0773311480879784	
4609.375	0.304134458303452	4609.375	0.0772417858242989	
4612.5	0.304467499256134	4612.5	0.0753249675035477	
4615.625	0.303275316953659	4615.625	0.0742251351475716	
4618.75	0.30417987704277	4618.75	0.072978787124157	
4621.875	0.30466490983963	4621.875	0.0725525990128517	
4625	0.303906947374344	4625	0.0696755722165108	
4628.125	0.303918868303299	4628.125	0.0692249089479446	
4631.25	0.304099321365356	4631.25	0.0676713585853577	
4634.375	0.305766224861145	4634.375	0.0667058303952217	
4637.5	0.304732978343964	4637.5	0.0671016946434975	
4640.625	0.303691327571869	4640.625	0.0657203793525696	
4643.75	0.305226981639862	4643.75	0.064045362174511	
4646.875	0.30595788359642	4646.875	0.0636711493134499	
4650	0.306087821722031	4650	0.0621502809226513	
4653.125	0.306974470615387	4653.125	0.061462290585041	
4656.25	0.307069361209869	4656.25	0.0608150586485863	
4659.375	0.307104349136353	4659.375	0.0612600073218346	
4662.5	0.310198992490768	4662.5	0.0598139725625515	
4665.625	0.309319764375687	4665.625	0.0577462650835514	
4668.75	0.307661384344101	4668.75	0.0583018511533737	
4671.875	0.30807363986969	4671.875	0.0542668774724007	
4675	0.308284133672714	4675	0.0531956255435944	
4678.125	0.309665471315384	4678.125	0.0526629276573658	
4681.25	0.30839803814888	4681.25	0.0519024953246117	
4684.375	0.311319380998611	4684.375	0.0509798415005207	
4687.5	0.312228083610535	4687.5	0.0494779236614704	
4690.625	0.311349630355835	4690.625	0.0482015274465084	
4693.75	0.311926662921906	4693.75	0.0464735813438892	
4696.875	0.313786655664444	4696.875	0.0458828061819077	
4700	0.315523594617844	4700	0.0444339215755463	
4703.125	0.314555615186691	4703.125	0.0429524891078472	
4706.25	0.314374059438705	4706.25	0.0414117760956287	
4709.375	0.315634459257126	4709.375	0.0394746065139771	
4712.5	0.316134750843048	4712.5	0.0388736538589001	
4715.625	0.315917044878006	4715.625	0.0372295677661896	
4718.75	0.31586566567421	4718.75	0.0359966345131397	
4721.875	0.316262185573578	4721.875	0.0353169217705727	
4725	0.317327886819839	4725	0.0335983037948608	
4728.125	0.318210154771805	4728.125	0.0317229889333248	
4731.25	0.318781673908234	4731.25	0.0310335997492075	
4734.375	0.318690747022629	4734.375	0.0302735064178705	
4737.5	0.319343149662018	4737.5	0.0288409665226936	
4740.625	0.319895893335342	4740.625	0.0264285914599895	
4743.75	0.320780396461487	4743.75	0.0236371736973524	
4746.875	0.321275860071182	4746.875	0.0232336614280939	
4750	0.322654843330383	4750	0.0219601802527905	
4753.125	0.324167191982269	4753.125	0.0200295764952898	
4756.25	0.323824554681778	4756.25	0.0183896590024233	
4759.375	0.322663754224777	4759.375	0.0164855513721704	
4762.5	0.32288321852684	4762.5	0.0142601625993848	
4765.625	0.323198944330215	4765.625	0.0139049952849746	
4768.75	0.323647141456604	4768.75	0.0122525235638022	
4771.875	0.323979943990707	4771.875	0.0112261064350605	
4775	0.322323799133301	4775	0.00882530864328146	
4778.125	0.324789345264435	4778.125	0.00780759612098336	
4781.25	0.323879301548004	4781.25	0.00800496619194746	
4784.375	0.323975533246994	4784.375	0.00660195108503103	
4787.5	0.324649065732956	4787.5	0.00495256623253226	
4790.625	0.325123250484467	4790.625	0.00473446445539594	
4793.75	0.325780004262924	4793.75	0.00301450211554766	
4796.875	0.32650750875473	4796.875	0.00180923438165337	
4800	0.326292514801025	4800	0.000790108577348292	
4803.125	0.327236413955688	4803.125	-0.00128279544878751	
4806.25	0.329110980033875	4806.25	-0.00184178969357163	
4809.375	0.328703969717026	4809.375	-0.0013317862758413	
4812.5	0.329747140407562	4812.5	-0.00289444997906685	
4815.625	0.329799383878708	4815.625	-0.00297571066766977	
4818.75	0.329997360706329	4818.75	-0.00408186437562108	
4821.875	0.331407517194748	4821.875	-0.00569445826113224	
4825	0.332581430673599	4825	-0.00601642765104771	
4828.125	0.332985013723373	4828.125	-0.00742003554478288	
4831.25	0.332809239625931	4831.25	-0.00810540746897459	
4834.375	0.333275347948074	4834.375	-0.00884491018950939	
4837.5	0.334145665168762	4837.5	-0.0096072256565094	
4840.625	0.335251182317734	4840.625	-0.0105703035369515	
4843.75	0.3365438580513	4843.75	-0.0112462509423494	
4846.875	0.337015241384506	4846.875	-0.0129344575107098	
4850	0.338343232870102	4850	-0.0138108236715198	
4853.125	0.339721828699112	4853.125	-0.0145355658605695	
4856.25	0.340112566947937	4856.25	-0.015050558373332	
4859.375	0.34099879860878	4859.375	-0.0166052170097828	
4862.5	0.340080410242081	4862.5	-0.0169872436672449	
4865.625	0.341860204935074	4865.625	-0.0181173887103796	
4868.75	0.342917680740356	4868.75	-0.0190522745251656	
4871.875	0.344203531742096	4871.875	-0.019355583935976	
4875	0.345783740282059	4875	-0.0198280327022076	
4878.125	0.345391541719437	4878.125	-0.0213354248553514	
4881.25	0.346127450466156	4881.25	-0.0217942837625742	
4884.375	0.347410023212433	4884.375	-0.0220396611839533	
4887.5	0.348787635564804	4887.5	-0.0222138911485672	
4890.625	0.349546521902084	4890.625	-0.0243794117122889	
4893.75	0.349312126636505	4893.75	-0.0253581330180168	
4896.875	0.351228177547455	4896.875	-0.0260266363620758	
4900	0.353178262710571	4900	-0.026230426505208	
4903.125	0.354406833648682	4903.125	-0.0260083097964525	
4906.25	0.354365736246109	4906.25	-0.0261795800179243	
4909.375	0.355359226465225	4909.375	-0.0291857533156872	
4912.5	0.35728794336319	4912.5	-0.0294781271368265	
4915.625	0.358660310506821	4915.625	-0.0299496445804834	
4918.75	0.358970403671265	4918.75	-0.0307923834770918	
4921.875	0.360162347555161	4921.875	-0.0319529734551907	
4925	0.361773818731308	4925	-0.0323079116642475	
4928.125	0.362915754318237	4928.125	-0.0328455567359924	
4931.25	0.36349830031395	4931.25	-0.0331546925008297	
4934.375	0.364196836948395	4934.375	-0.0346595831215382	
4937.5	0.364219516515732	4937.5	-0.0354781672358513	
4940.625	0.365033835172653	4940.625	-0.0354404039680958	
4943.75	0.366935610771179	4943.75	-0.035148162394762	
4946.875	0.367485821247101	4946.875	-0.0352097004652023	
4950	0.368497461080551	4950	-0.0360723957419395	
4953.125	0.370914220809937	4953.125	-0.0345612876117229	
4956.25	0.373007982969284	4956.25	-0.0346509627997875	
4959.375	0.375005960464478	4959.375	-0.0343991443514824	
4962.5	0.377578854560852	4962.5	-0.0351297147572041	
4965.625	0.379279404878616	4965.625	-0.0372192300856113	
4968.75	0.382059872150421	4968.75	-0.0384430587291718	
4971.875	0.384013772010803	4971.875	-0.0383928939700127	
4975	0.384659469127655	4975	-0.0391303785145283	
				
