Frequency in Hz	Wool_96 Normalized Surface Impedance continuous Re	Frequency in Hz	Wool_96 Normalized Surface Impedance continuous Im	
100	2,86326742172241	100	-14,1099948883057	
103,125	4,06839036941528	103,125	-14,5407333374023	
106,25	2,21384334564209	106,25	-11,9622631072998	
109,375	1,88939929008484	109,375	-13,5283212661743	
112,5	2,62959980964661	112,5	-12,5976867675781	
115,625	2,24225449562073	115,625	-11,7562532424927	
118,75	2,21746063232422	118,75	-12,4784774780273	
121,875	2,73148775100708	121,875	-11,4340629577637	
125	1,90754365921021	125	-11,7235012054443	
128,125	1,63126254081726	128,125	-10,9875707626343	
131,25	1,66661584377289	131,25	-11,1112289428711	
134,375	1,14553880691528	134,375	-11,3006134033203	
137,5	2,00781750679016	137,5	-9,78882503509521	
140,625	2,41394257545471	140,625	-10,2685422897339	
143,75	2,18057107925415	143,75	-9,64852046966553	
146,875	1,65356612205505	146,875	-10,6710405349731	
150	1,95781886577606	150	-9,74677467346191	
153,125	1,58309710025787	153,125	-9,17459964752197	
156,25	1,67354512214661	156,25	-9,38422393798828	
159,375	1,55469143390656	159,375	-9,15071678161621	
162,5	1,49264001846313	162,5	-9,18416118621826	
165,625	1,68955492973328	165,625	-9,07066345214844	
168,75	1,39095747470856	168,75	-8,39466190338135	
171,875	1,75392055511475	171,875	-8,60862159729004	
175	1,76805758476257	175	-8,20320987701416	
178,125	1,43579077720642	178,125	-8,2273645401001	
181,25	1,48943734169006	181,25	-8,30232620239258	
184,375	1,66119956970215	184,375	-8,14005374908447	
187,5	1,68449866771698	187,5	-7,67167329788208	
190,625	1,77521157264709	190,625	-7,78271007537842	
193,75	1,62586319446564	193,75	-7,35146570205688	
196,875	1,62323653697968	196,875	-7,53686285018921	
200	1,41522884368896	200	-7,64778184890747	
203,125	1,30611515045166	203,125	-7,71817255020142	
206,25	1,30264961719513	206,25	-7,02434158325195	
209,375	1,41767799854279	209,375	-7,13574695587158	
212,5	1,30429422855377	212,5	-7,39710807800293	
215,625	1,39252746105194	215,625	-6,80003213882446	
218,75	1,41726517677307	218,75	-7,03176593780518	
221,875	1,36197090148926	221,875	-6,75107097625732	
225	1,46467888355255	225	-6,68368625640869	
228,125	1,45666790008545	228,125	-6,57373666763306	
231,25	1,4285751581192	231,25	-6,54517984390259	
234,375	1,4486231803894	234,375	-6,40583467483521	
237,5	1,31487095355988	237,5	-6,51441478729248	
240,625	1,11600732803345	240,625	-6,19298267364502	
243,75	1,22138333320618	243,75	-6,24854040145874	
246,875	1,37440574169159	246,875	-6,09000205993652	
250	1,38537168502808	250	-6,03368520736694	
253,125	1,26299440860748	253,125	-6,01130437850952	
256,25	1,23811042308807	256,25	-5,83811092376709	
259,375	1,36946749687195	259,375	-5,82982349395752	
262,5	1,22801506519318	262,5	-5,74464988708496	
265,625	1,12326514720917	265,625	-5,65456819534302	
268,75	1,21364235877991	268,75	-5,67392539978027	
271,875	1,18658185005188	271,875	-5,5008020401001	
275	1,11975920200348	275	-5,51263904571533	
278,125	1,16305541992188	278,125	-5,36102867126465	
281,25	1,17075610160828	281,25	-5,36011075973511	
284,375	1,15546655654907	284,375	-5,31586027145386	
287,5	1,07244610786438	287,5	-5,42516088485718	
290,625	1,04559850692749	290,625	-5,02865171432495	
293,75	1,02130651473999	293,75	-5,05112504959106	
296,875	1,05446135997772	296,875	-4,9847469329834	
300	1,06454503536224	300	-4,9084210395813	
303,125	1,03139162063599	303,125	-4,79442501068115	
306,25	1,06908941268921	306,25	-4,71541833877563	
309,375	1,12598085403442	309,375	-4,65697145462036	
312,5	1,1721727848053	312,5	-4,49856328964233	
315,625	1,39627552032471	315,625	-4,52613925933838	
318,75	1,37774503231049	318,75	-4,48535442352295	
321,875	1,37751877307892	321,875	-4,63485860824585	
325	1,39089477062225	325	-4,6943736076355	
328,125	1,45098519325256	328,125	-4,67876386642456	
331,25	1,21854841709137	331,25	-4,63575601577759	
334,375	1,18899953365326	334,375	-4,61556339263916	
337,5	1,23754286766052	337,5	-4,60794448852539	
340,625	1,15876245498657	340,625	-4,57504606246948	
343,75	1,13602352142334	343,75	-4,44916582107544	
346,875	1,11398553848267	346,875	-4,44609642028809	
350	1,1417475938797	350	-4,42758798599243	
353,125	1,11541163921356	353,125	-4,41905689239502	
356,25	1,01316285133362	356,25	-4,35968160629272	
359,375	0,977931082248688	359,375	-4,23003005981445	
362,5	1,01574409008026	362,5	-4,20179986953735	
365,625	1,10069143772125	365,625	-4,15972471237183	
368,75	0,998795568943024	368,75	-4,17956972122192	
371,875	0,854421615600586	371,875	-4,18522691726685	
375	1,14487552642822	375	-3,97832179069519	
378,125	1,05609035491943	378,125	-3,9542818069458	
381,25	0,99463564157486	381,25	-4,0936017036438	
384,375	1,09944224357605	384,375	-3,92283844947815	
387,5	0,993596792221069	387,5	-3,80586194992065	
390,625	0,921380639076233	390,625	-3,77983331680298	
393,75	0,947883129119873	393,75	-3,94680094718933	
396,875	0,955580949783325	396,875	-3,93615484237671	
400	0,976029694080353	400	-3,92196869850159	
403,125	0,976119339466095	403,125	-3,89907050132751	
406,25	0,997014284133911	406,25	-3,78796339035034	
409,375	1,02664411067963	409,375	-3,63019895553589	
412,5	0,982753396034241	412,5	-3,54061675071716	
415,625	0,893270134925842	415,625	-3,62926697731018	
418,75	0,977134764194489	418,75	-3,55133008956909	
421,875	0,903460562229156	421,875	-3,48128437995911	
425	0,930341899394989	425	-3,50389838218689	
428,125	1,00030660629272	428,125	-3,60847401618958	
431,25	0,902517735958099	431,25	-3,47652387619019	
434,375	0,934849321842194	434,375	-3,4938633441925	
437,5	0,934160590171814	437,5	-3,48545861244202	
440,625	0,959568321704865	440,625	-3,47549176216125	
443,75	0,936131775379181	443,75	-3,39586567878723	
446,875	0,963058769702911	446,875	-3,38937282562256	
450	0,900320529937744	450	-3,45213985443115	
453,125	0,898407995700836	453,125	-3,4317831993103	
456,25	0,850558280944824	456,25	-3,42823195457459	
459,375	0,865859389305115	459,375	-3,34002065658569	
462,5	0,857591092586517	462,5	-3,25127959251404	
465,625	0,84085476398468	465,625	-3,24159955978394	
468,75	0,853204488754272	468,75	-3,23974585533142	
471,875	0,826975166797638	471,875	-3,13852667808533	
475	0,846338212490082	475	-3,1277756690979	
478,125	0,899036288261414	478,125	-3,15593528747559	
481,25	0,865058243274689	481,25	-3,18529200553894	
484,375	0,867438018321991	484,375	-3,09920358657837	
487,5	0,886967122554779	487,5	-3,11231327056885	
490,625	0,875704646110535	490,625	-3,07680797576904	
493,75	0,891296148300171	493,75	-3,03927779197693	
496,875	0,887563169002533	496,875	-3,02482175827026	
500	0,833110094070435	500	-3,01332974433899	
503,125	0,833775699138641	503,125	-2,98452544212341	
506,25	0,836716651916504	506,25	-2,98175191879272	
509,375	0,811612844467163	509,375	-2,95065546035767	
512,5	0,829661011695862	512,5	-2,90590763092041	
515,625	0,852649807929993	515,625	-2,91746473312378	
518,75	0,861387610435486	518,75	-2,91294431686401	
521,875	0,821016073226929	521,875	-2,85535860061646	
525	0,835447192192078	525	-2,83602476119995	
528,125	0,817687630653381	528,125	-2,85314130783081	
531,25	0,823481023311615	531,25	-2,81131982803345	
534,375	0,826126337051392	534,375	-2,79523181915283	
537,5	0,822079658508301	537,5	-2,77588796615601	
540,625	0,816468060016632	540,625	-2,76034426689148	
543,75	0,838798642158508	543,75	-2,75908970832825	
546,875	0,796209812164307	546,875	-2,71415686607361	
550	0,811746001243591	550	-2,70686554908752	
553,125	0,817602396011353	553,125	-2,6788444519043	
556,25	0,812067329883575	556,25	-2,67675399780273	
559,375	0,831117749214172	559,375	-2,64603090286255	
562,5	0,828785836696625	562,5	-2,63537883758545	
565,625	0,819840013980865	565,625	-2,6169855594635	
568,75	0,827990531921387	568,75	-2,60037589073181	
571,875	0,832521498203278	571,875	-2,58950018882751	
575	0,821452498435974	575	-2,57552623748779	
578,125	0,837542831897736	578,125	-2,56356549263	
581,25	0,820645809173584	581,25	-2,55283212661743	
584,375	0,811298072338104	584,375	-2,53396534919739	
587,5	0,81160295009613	587,5	-2,5254967212677	
590,625	0,817851185798645	590,625	-2,50737595558167	
593,75	0,816894769668579	593,75	-2,48980903625488	
596,875	0,81532496213913	596,875	-2,48552680015564	
600	0,807694673538208	600	-2,45945143699646	
603,125	0,811200737953186	603,125	-2,45522880554199	
606,25	0,810954570770264	606,25	-2,43443632125854	
609,375	0,807345688343048	609,375	-2,43273591995239	
612,5	0,805883944034576	612,5	-2,41693210601807	
615,625	0,801202654838562	615,625	-2,39679574966431	
618,75	0,802485883235931	618,75	-2,38983607292175	
621,875	0,802668452262878	621,875	-2,3865761756897	
625	0,808981537818909	625	-2,36907482147217	
628,125	0,800059020519257	628,125	-2,34835433959961	
631,25	0,809015989303589	631,25	-2,33024907112122	
634,375	0,806622207164764	634,375	-2,31861090660095	
637,5	0,800642192363739	637,5	-2,31096911430359	
640,625	0,80550891160965	640,625	-2,31077265739441	
643,75	0,793856561183929	643,75	-2,28480792045593	
646,875	0,80103212594986	646,875	-2,27317047119141	
650	0,789122343063354	650	-2,26491093635559	
653,125	0,797272443771362	653,125	-2,25259804725647	
656,25	0,801865458488464	656,25	-2,24057960510254	
659,375	0,796528220176697	659,375	-2,22183346748352	
662,5	0,791424691677094	662,5	-2,22260642051697	
665,625	0,784321308135986	665,625	-2,21134471893311	
668,75	0,789988815784454	668,75	-2,1947546005249	
671,875	0,796692430973053	671,875	-2,18969416618347	
675	0,79574590921402	675	-2,16764736175537	
678,125	0,795778751373291	678,125	-2,15192985534668	
681,25	0,793605029582977	681,25	-2,14685869216919	
684,375	0,792177379131317	684,375	-2,14015865325928	
687,5	0,783635556697845	687,5	-2,14101076126099	
690,625	0,776970207691193	690,625	-2,10404205322266	
693,75	0,784893214702606	693,75	-2,11158156394959	
696,875	0,784769356250763	696,875	-2,1028163433075	
700	0,78618311882019	700	-2,08479046821594	
703,125	0,781485021114349	703,125	-2,07628178596497	
706,25	0,782497107982636	706,25	-2,07511878013611	
709,375	0,7886603474617	709,375	-2,06381583213806	
712,5	0,779571354389191	712,5	-2,03286933898926	
715,625	0,77971625328064	715,625	-2,03966593742371	
718,75	0,774486124515533	718,75	-2,03264117240906	
721,875	0,780429124832153	721,875	-2,01971459388733	
725	0,7734095454216	725	-2,01312828063965	
728,125	0,781491875648499	728,125	-1,99797010421753	
731,25	0,77729457616806	731,25	-1,99543929100037	
734,375	0,778467178344727	734,375	-1,98703646659851	
737,5	0,774177610874176	737,5	-1,98528552055359	
740,625	0,783849239349365	740,625	-1,96516048908234	
743,75	0,7878537774086	743,75	-1,9492951631546	
746,875	0,767937958240509	746,875	-1,93919825553894	
750	0,766653895378113	750	-1,93360531330109	
753,125	0,772482991218567	753,125	-1,93227672576904	
756,25	0,777031362056732	756,25	-1,9251434803009	
759,375	0,783396184444427	759,375	-1,92067563533783	
762,5	0,776025116443634	762,5	-1,92080545425415	
765,625	0,779973864555359	765,625	-1,91065788269043	
768,75	0,769400835037231	768,75	-1,8918285369873	
771,875	0,775572419166565	771,875	-1,87582385540009	
775	0,773790776729584	775	-1,88000929355621	
778,125	0,778284013271332	778,125	-1,87458562850952	
781,25	0,771987438201904	781,25	-1,86191320419312	
784,375	0,772750556468964	784,375	-1,84884405136108	
787,5	0,768853485584259	787,5	-1,83555996417999	
790,625	0,767850816249847	790,625	-1,8307853937149	
793,75	0,770588934421539	793,75	-1,83201670646667	
796,875	0,766168117523193	796,875	-1,83138382434845	
800	0,765668988227844	800	-1,82037997245789	
803,125	0,761814117431641	803,125	-1,82470607757568	
806,25	0,762187361717224	806,25	-1,81113815307617	
809,375	0,760585784912109	809,375	-1,77899253368378	
812,5	0,766076326370239	812,5	-1,79950213432312	
815,625	0,765790283679962	815,625	-1,80263364315033	
818,75	0,764872133731842	818,75	-1,78050422668457	
821,875	0,769074559211731	821,875	-1,78236556053162	
825	0,770958423614502	825	-1,80065381526947	
828,125	0,766416192054749	828,125	-1,79085838794708	
831,25	0,80481493473053	831,25	-1,78296542167664	
834,375	0,770096838474274	834,375	-1,7584468126297	
837,5	0,748976826667786	837,5	-1,76305103302002	
840,625	0,73918479681015	840,625	-1,75960874557495	
843,75	0,736965894699097	843,75	-1,74792492389679	
846,875	0,723259389400482	846,875	-1,75534021854401	
850	0,706119894981384	850	-1,75181794166565	
853,125	0,701103746891022	853,125	-1,75292706489563	
856,25	0,707046210765839	856,25	-1,75144171714783	
859,375	0,704450666904449	859,375	-1,72867131233215	
862,5	0,683755397796631	862,5	-1,71304416656494	
865,625	0,671232163906097	865,625	-1,70275413990021	
868,75	0,661120295524597	868,75	-1,69374239444733	
871,875	0,64801287651062	871,875	-1,66504275798798	
875	0,664100825786591	875	-1,64700436592102	
878,125	0,653296113014221	878,125	-1,62687945365906	
881,25	0,659073352813721	881,25	-1,60182893276215	
884,375	0,637834548950195	884,375	-1,56240141391754	
887,5	0,654553711414337	887,5	-1,54730474948883	
890,625	0,653010666370392	890,625	-1,52743911743164	
893,75	0,640752851963043	893,75	-1,51462113857269	
896,875	0,649967312812805	896,875	-1,49573540687561	
900	0,658890247344971	900	-1,49372136592865	
903,125	0,670048296451569	903,125	-1,47980046272278	
906,25	0,675335228443146	906,25	-1,47192001342773	
909,375	0,671490669250488	909,375	-1,46712148189545	
912,5	0,671181499958038	912,5	-1,45233380794525	
915,625	0,67951774597168	915,625	-1,44412100315094	
918,75	0,687827587127686	918,75	-1,4390949010849	
921,875	0,697548151016235	921,875	-1,43318462371826	
925	0,699886023998261	925	-1,42810666561127	
928,125	0,69808429479599	928,125	-1,42961597442627	
931,25	0,70034521818161	931,25	-1,41069734096527	
934,375	0,703264653682709	934,375	-1,40827441215515	
937,5	0,70616739988327	937,5	-1,40121757984161	
940,625	0,708668529987335	940,625	-1,39832556247711	
943,75	0,704583048820496	943,75	-1,38725745677948	
946,875	0,706870138645172	946,875	-1,38163888454437	
950	0,711365342140198	950	-1,37717044353485	
953,125	0,714802145957947	953,125	-1,3752498626709	
956,25	0,719277203083038	956,25	-1,36825823783875	
959,375	0,719860374927521	959,375	-1,35958611965179	
962,5	0,715886116027832	962,5	-1,35429131984711	
965,625	0,717966258525848	965,625	-1,35009503364563	
968,75	0,716693937778473	968,75	-1,35032367706299	
971,875	0,719011843204498	971,875	-1,33878898620605	
975	0,721770167350769	975	-1,33582830429077	
978,125	0,72230738401413	978,125	-1,33109426498413	
981,25	0,725084543228149	981,25	-1,32285249233246	
984,375	0,721558809280396	984,375	-1,3196005821228	
987,5	0,721537411212921	987,5	-1,31418228149414	
990,625	0,723777174949646	990,625	-1,30971038341522	
993,75	0,717827916145325	993,75	-1,30294919013977	
996,875	0,718594312667847	996,875	-1,29857158660889	
1000	0,716191828250885	1000	-1,2905238866806	
1003,125	0,719989120960236	1003,125	-1,28556823730469	
1006,25	0,72048431634903	1006,25	-1,27908420562744	
1009,375	0,719727993011475	1009,375	-1,27079939842224	
1012,5	0,722298324108124	1012,5	-1,2674640417099	
1015,625	0,720557630062103	1015,625	-1,26304829120636	
1018,75	0,720114052295685	1018,75	-1,25076568126678	
1021,875	0,723153352737427	1021,875	-1,24929559230804	
1025	0,725559413433075	1025	-1,24038147926331	
1028,125	0,727195680141449	1028,125	-1,23633587360382	
1031,25	0,725287616252899	1031,25	-1,23466849327087	
1034,375	0,726395845413208	1034,375	-1,22779297828674	
1037,5	0,728575646877289	1037,5	-1,22248947620392	
1040,625	0,727311313152313	1040,625	-1,21699929237366	
1043,75	0,72953188419342	1043,75	-1,21408295631409	
1046,875	0,731695532798767	1046,875	-1,20954728126526	
1050	0,728747427463531	1050	-1,20246756076813	
1053,125	0,727181255817413	1053,125	-1,20111262798309	
1056,25	0,727731943130493	1056,25	-1,19384002685547	
1059,375	0,728045225143433	1059,375	-1,19275546073914	
1062,5	0,726985216140747	1062,5	-1,18920981884003	
1065,625	0,725380182266235	1065,625	-1,17912018299103	
1068,75	0,730054616928101	1068,75	-1,17728412151337	
1071,875	0,730172216892242	1071,875	-1,17242896556854	
1075	0,729243576526642	1075	-1,1684832572937	
1078,125	0,724819302558899	1078,125	-1,1641833782196	
1081,25	0,730100095272064	1081,25	-1,15126395225525	
1084,375	0,729222178459167	1084,375	-1,15088975429535	
1087,5	0,72900378704071	1087,5	-1,14687812328339	
1090,625	0,729736089706421	1090,625	-1,14307034015656	
1093,75	0,728928029537201	1093,75	-1,13824307918549	
1096,875	0,731186032295227	1096,875	-1,1306756734848	
1100	0,731641590595245	1100	-1,12546241283417	
1103,125	0,7308109998703	1103,125	-1,12104904651642	
1106,25	0,736298680305481	1106,25	-1,11928522586823	
1109,375	0,730207145214081	1109,375	-1,11253535747528	
1112,5	0,730992794036865	1112,5	-1,11359906196594	
1115,625	0,735959589481354	1115,625	-1,10716676712036	
1118,75	0,728732347488403	1118,75	-1,10665881633759	
1121,875	0,733602166175842	1121,875	-1,10508191585541	
1125	0,729559302330017	1125	-1,10116672515869	
1128,125	0,728081345558167	1128,125	-1,09963226318359	
1131,25	0,729225933551788	1131,25	-1,0899258852005	
1134,375	0,729629933834076	1134,375	-1,09130275249481	
1137,5	0,723383843898773	1137,5	-1,09259104728699	
1140,625	0,717462182044983	1140,625	-1,08181929588318	
1143,75	0,719336152076721	1143,75	-1,08346402645111	
1146,875	0,716682076454163	1146,875	-1,07812821865082	
1150	0,715066134929657	1150	-1,06795132160187	
1153,125	0,713777840137482	1153,125	-1,06534385681152	
1156,25	0,704969108104706	1156,25	-1,06856822967529	
1159,375	0,697903871536255	1159,375	-1,05966806411743	
1162,5	0,70027756690979	1162,5	-1,05842244625092	
1165,625	0,697433114051819	1165,625	-1,04538226127625	
1168,75	0,695760667324066	1168,75	-1,04069375991821	
1171,875	0,691450178623199	1171,875	-1,03287172317505	
1175	0,690667867660522	1175	-1,01977300643921	
1178,125	0,689912796020508	1178,125	-1,01291608810425	
1181,25	0,690727472305298	1181,25	-1,00885665416718	
1184,375	0,690023839473724	1184,375	-0,996288657188416	
1187,5	0,688308894634247	1187,5	-0,986469924449921	
1190,625	0,692291140556335	1190,625	-0,980987250804901	
1193,75	0,694664061069489	1193,75	-0,980185747146606	
1196,875	0,69899183511734	1196,875	-0,973165512084961	
1200	0,697884440422058	1200	-0,96007227897644	
1203,125	0,701034665107727	1203,125	-0,957584798336029	
1206,25	0,708900153636932	1206,25	-0,955721259117126	
1209,375	0,703410267829895	1209,375	-0,945458114147186	
1212,5	0,701556086540222	1212,5	-0,936981856822968	
1215,625	0,705410361289978	1215,625	-0,937430918216705	
1218,75	0,704755246639252	1218,75	-0,927728831768036	
1221,875	0,70868182182312	1221,875	-0,927114486694336	
1225	0,709397494792938	1225	-0,927909553050995	
1228,125	0,707643866539001	1228,125	-0,915078163146973	
1231,25	0,708211421966553	1231,25	-0,916205585002899	
1234,375	0,70941299200058	1234,375	-0,916033923625946	
1237,5	0,705344796180725	1237,5	-0,908971071243286	
1240,625	0,707344710826874	1240,625	-0,905745565891266	
1243,75	0,706545472145081	1243,75	-0,900697767734528	
1246,875	0,707155406475067	1246,875	-0,895923912525177	
1250	0,708902537822723	1250	-0,888478398323059	
1253,125	0,704107582569122	1253,125	-0,88480806350708	
1256,25	0,703274667263031	1256,25	-0,875019133090973	
1259,375	0,705494999885559	1259,375	-0,871872365474701	
1262,5	0,707674562931061	1262,5	-0,869076728820801	
1265,625	0,707444548606873	1265,625	-0,864393711090088	
1268,75	0,706557035446167	1268,75	-0,858006954193115	
1271,875	0,709973335266113	1271,875	-0,851399958133698	
1275	0,709403157234192	1275	-0,846540451049805	
1278,125	0,711476683616638	1278,125	-0,840523242950439	
1281,25	0,71047043800354	1281,25	-0,836984872817993	
1284,375	0,713979780673981	1284,375	-0,834919035434723	
1287,5	0,713350176811218	1287,5	-0,831878185272217	
1290,625	0,713460683822632	1290,625	-0,824148058891296	
1293,75	0,717763602733612	1293,75	-0,821146309375763	
1296,875	0,719585657119751	1296,875	-0,814500629901886	
1300	0,716322183609009	1300	-0,813570380210876	
1303,125	0,71555769443512	1303,125	-0,809131562709808	
1306,25	0,720319509506226	1306,25	-0,805569112300873	
1309,375	0,723050117492676	1309,375	-0,800076007843018	
1312,5	0,722148656845093	1312,5	-0,796613812446594	
1315,625	0,721579611301422	1315,625	-0,795104384422302	
1318,75	0,725435495376587	1318,75	-0,788446426391602	
1321,875	0,727950751781464	1321,875	-0,786915004253387	
1325	0,72867339849472	1325	-0,785062432289124	
1328,125	0,727275013923645	1328,125	-0,780052185058594	
1331,25	0,729696214199066	1331,25	-0,775655627250671	
1334,375	0,726811468601227	1334,375	-0,77059805393219	
1337,5	0,72977352142334	1337,5	-0,769177854061127	
1340,625	0,732397854328156	1340,625	-0,764696300029755	
1343,75	0,73307603597641	1343,75	-0,763988494873047	
1346,875	0,734976291656494	1346,875	-0,758296072483063	
1350	0,733384609222412	1350	-0,755256474018097	
1353,125	0,734013676643372	1353,125	-0,754802882671356	
1356,25	0,730545997619629	1356,25	-0,748310804367065	
1359,375	0,735556244850159	1359,375	-0,74557101726532	
1362,5	0,736393809318542	1362,5	-0,74133437871933	
1365,625	0,73532110452652	1365,625	-0,739132940769196	
1368,75	0,736836850643158	1368,75	-0,737323403358459	
1371,875	0,736372411251068	1371,875	-0,732669532299042	
1375	0,733549237251282	1375	-0,731072604656219	
1378,125	0,733521699905396	1378,125	-0,729956209659576	
1381,25	0,73197340965271	1381,25	-0,721260845661163	
1384,375	0,731783092021942	1384,375	-0,719659924507141	
1387,5	0,734408497810364	1387,5	-0,717896044254303	
1390,625	0,736547887325287	1390,625	-0,712965369224548	
1393,75	0,736983597278595	1393,75	-0,70810729265213	
1396,875	0,736179828643799	1396,875	-0,705308735370636	
1400	0,738732933998108	1400	-0,701844930648804	
1403,125	0,737297236919403	1403,125	-0,698455095291138	
1406,25	0,735876083374023	1406,25	-0,695551693439484	
1409,375	0,736121416091919	1409,375	-0,690152883529663	
1412,5	0,739057838916779	1412,5	-0,687741756439209	
1415,625	0,738029837608337	1415,625	-0,683181643486023	
1418,75	0,737894237041473	1418,75	-0,680950105190277	
1421,875	0,740469694137573	1421,875	-0,677762448787689	
1425	0,740782380104065	1425	-0,675793528556824	
1428,125	0,737201631069183	1428,125	-0,669338345527649	
1431,25	0,740078151226044	1431,25	-0,667614817619324	
1434,375	0,741467654705048	1434,375	-0,66412615776062	
1437,5	0,744166791439056	1437,5	-0,658611655235291	
1440,625	0,745477259159088	1440,625	-0,660899102687836	
1443,75	0,740600407123566	1443,75	-0,651114881038666	
1446,875	0,744976997375488	1446,875	-0,650681972503662	
1450	0,745971143245697	1450	-0,647292494773865	
1453,125	0,746543824672699	1453,125	-0,644304215908051	
1456,25	0,745505452156067	1456,25	-0,639758706092834	
1459,375	0,747110188007355	1459,375	-0,637396633625031	
1462,5	0,749832212924957	1462,5	-0,633879065513611	
1465,625	0,747804343700409	1465,625	-0,631742715835571	
1468,75	0,748353779315948	1468,75	-0,626102387905121	
1471,875	0,748350918292999	1471,875	-0,623409986495972	
1475	0,748956561088562	1475	-0,622990369796753	
1478,125	0,749429166316986	1478,125	-0,618453323841095	
1481,25	0,752328932285309	1481,25	-0,615605890750885	
1484,375	0,751412510871887	1484,375	-0,610017776489258	
1487,5	0,748355388641357	1487,5	-0,609816253185272	
1490,625	0,749941110610962	1490,625	-0,606396377086639	
1493,75	0,749372184276581	1493,75	-0,604021906852722	
1496,875	0,750872135162354	1496,875	-0,604147970676422	
1500	0,749977111816406	1500	-0,597106456756592	
1503,125	0,752024829387665	1503,125	-0,593459188938141	
1506,25	0,75450599193573	1506,25	-0,591931104660034	
1509,375	0,750763952732086	1509,375	-0,586914598941803	
1512,5	0,751206517219543	1512,5	-0,584166586399078	
1515,625	0,75063955783844	1515,625	-0,582213878631592	
1518,75	0,754322648048401	1518,75	-0,579138875007629	
1521,875	0,754838824272156	1521,875	-0,578271090984344	
1525	0,749640703201294	1525	-0,572574973106384	
1528,125	0,75453782081604	1528,125	-0,569450676441193	
1531,25	0,75436395406723	1531,25	-0,567757248878479	
1534,375	0,756246149539948	1534,375	-0,563197016716003	
1537,5	0,752516448497772	1537,5	-0,560737252235413	
1540,625	0,754073083400726	1540,625	-0,559847593307495	
1543,75	0,752048969268799	1543,75	-0,552286922931671	
1546,875	0,755111336708069	1546,875	-0,55094051361084	
1550	0,753534018993378	1550	-0,546385109424591	
1553,125	0,753876745700836	1553,125	-0,545259416103363	
1556,25	0,755022764205933	1556,25	-0,540047407150269	
1559,375	0,7548828125	1559,375	-0,537845253944397	
1562,5	0,75447416305542	1562,5	-0,535532832145691	
1565,625	0,757429540157318	1565,625	-0,529584407806396	
1568,75	0,754195868968964	1568,75	-0,528853535652161	
1571,875	0,755758821964264	1571,875	-0,523549497127533	
1575	0,757052600383759	1575	-0,522615015506744	
1578,125	0,758026361465454	1578,125	-0,518994927406311	
1581,25	0,756903827190399	1581,25	-0,514900207519531	
1584,375	0,760830640792847	1584,375	-0,513362228870392	
1587,5	0,759912848472595	1587,5	-0,508153855800629	
1590,625	0,757671475410461	1590,625	-0,505110025405884	
1593,75	0,758505761623383	1593,75	-0,502581417560577	
1596,875	0,760446786880493	1596,875	-0,499978601932526	
1600	0,759287238121033	1600	-0,49829638004303	
1603,125	0,759053230285645	1603,125	-0,495734244585037	
1606,25	0,760196447372437	1606,25	-0,492591232061386	
1609,375	0,765648603439331	1609,375	-0,488180011510849	
1612,5	0,76619952917099	1612,5	-0,48235872387886	
1615,625	0,764112830162048	1615,625	-0,481029003858566	
1618,75	0,762298703193665	1618,75	-0,480589210987091	
1621,875	0,763992786407471	1621,875	-0,478292942047119	
1625	0,763339877128601	1625	-0,474390685558319	
1628,125	0,765254020690918	1628,125	-0,473273128271103	
1631,25	0,764098346233368	1631,25	-0,467519551515579	
1634,375	0,763006985187531	1634,375	-0,46675044298172	
1637,5	0,762495756149292	1637,5	-0,464124530553818	
1640,625	0,768774628639221	1640,625	-0,461749970912933	
1643,75	0,76401299238205	1643,75	-0,452312469482422	
1646,875	0,764891862869263	1646,875	-0,454712867736816	
1650	0,76301896572113	1650	-0,452926069498062	
1653,125	0,764464616775513	1653,125	-0,448269248008728	
1656,25	0,764870464801788	1656,25	-0,445281118154526	
1659,375	0,766195118427277	1659,375	-0,443812429904938	
1662,5	0,767503082752228	1662,5	-0,441211491823196	
1665,625	0,764505207538605	1665,625	-0,437050253152847	
1668,75	0,764998257160187	1668,75	-0,435390830039978	
1671,875	0,76423305273056	1671,875	-0,432433694601059	
1675	0,766169786453247	1675	-0,4275241792202	
1678,125	0,764165580272675	1678,125	-0,423945873975754	
1681,25	0,76606547832489	1681,25	-0,423390537500381	
1684,375	0,768417060375214	1684,375	-0,415197789669037	
1687,5	0,767991900444031	1687,5	-0,413259893655777	
1690,625	0,768886923789978	1690,625	-0,410478353500366	
1693,75	0,771734416484833	1693,75	-0,407629251480103	
1696,875	0,76805317401886	1696,875	-0,403709918260574	
1700	0,769719421863556	1700	-0,401591598987579	
1703,125	0,7684725522995	1703,125	-0,399900913238525	
1706,25	0,768793106079102	1706,25	-0,39635443687439	
1709,375	0,770500779151917	1709,375	-0,390596151351929	
1712,5	0,771088659763336	1712,5	-0,388577312231064	
1715,625	0,771662890911102	1715,625	-0,384947240352631	
1718,75	0,77060079574585	1718,75	-0,384209811687469	
1721,875	0,770298302173615	1721,875	-0,38120636343956	
1725	0,771566450595856	1725	-0,373819291591644	
1728,125	0,772556304931641	1728,125	-0,373533606529236	
1731,25	0,772946238517761	1731,25	-0,372190743684769	
1734,375	0,771663904190063	1734,375	-0,368274480104446	
1737,5	0,774444758892059	1737,5	-0,364991337060928	
1740,625	0,775592684745789	1740,625	-0,364863306283951	
1743,75	0,777055203914642	1743,75	-0,35802099108696	
1746,875	0,77886563539505	1746,875	-0,355856776237488	
1750	0,779080629348755	1750	-0,355331420898438	
1753,125	0,778231918811798	1753,125	-0,351800203323364	
1756,25	0,777986824512482	1756,25	-0,347803771495819	
1759,375	0,779343247413635	1759,375	-0,348250240087509	
1762,5	0,779364049434662	1762,5	-0,343841671943665	
1765,625	0,77911901473999	1765,625	-0,340268701314926	
1768,75	0,780862033367157	1768,75	-0,33637535572052	
1771,875	0,781155288219452	1771,875	-0,335200518369675	
1775	0,782112061977386	1775	-0,333918362855911	
1778,125	0,78197705745697	1778,125	-0,331261485815048	
1781,25	0,783589959144592	1781,25	-0,327067494392395	
1784,375	0,783554911613464	1784,375	-0,324595034122467	
1787,5	0,781584978103638	1787,5	-0,323687732219696	
1790,625	0,783344566822052	1790,625	-0,319553017616272	
1793,75	0,781041502952576	1793,75	-0,316846519708633	
1796,875	0,783344805240631	1796,875	-0,315715670585632	
1800	0,786287903785706	1800	-0,313584417104721	
1803,125	0,783890604972839	1803,125	-0,308840721845627	
1806,25	0,786726653575897	1806,25	-0,307054996490479	
1809,375	0,787620961666107	1809,375	-0,30343309044838	
1812,5	0,788618981838226	1812,5	-0,304147690534592	
1815,625	0,786036908626556	1815,625	-0,298004299402237	
1818,75	0,789421260356903	1818,75	-0,296103030443192	
1821,875	0,788767457008362	1821,875	-0,294094443321228	
1825	0,788393497467041	1825	-0,2924924492836	
1828,125	0,788494110107422	1828,125	-0,29052722454071	
1831,25	0,791029691696167	1831,25	-0,288083523511887	
1834,375	0,791313052177429	1834,375	-0,284668684005737	
1837,5	0,791642308235168	1837,5	-0,282339453697205	
1840,625	0,789231657981873	1840,625	-0,279920488595963	
1843,75	0,789977073669434	1843,75	-0,276711463928223	
1846,875	0,789372444152832	1846,875	-0,274187833070755	
1850	0,790430784225464	1850	-0,272935479879379	
1853,125	0,790212869644165	1853,125	-0,271193325519562	
1856,25	0,793444752693176	1856,25	-0,268176108598709	
1859,375	0,792210340499878	1859,375	-0,265780448913574	
1862,5	0,791969537734985	1862,5	-0,261061161756516	
1865,625	0,792677164077759	1865,625	-0,260516285896301	
1868,75	0,794058263301849	1868,75	-0,258714824914932	
1871,875	0,793004751205444	1871,875	-0,255278587341309	
1875	0,792986929416656	1875	-0,254359483718872	
1878,125	0,79393196105957	1878,125	-0,250734686851501	
1881,25	0,793769478797913	1881,25	-0,247222170233727	
1884,375	0,793720126152039	1884,375	-0,245534375309944	
1887,5	0,794602036476135	1887,5	-0,243357568979263	
1890,625	0,796247720718384	1890,625	-0,239292308688164	
1893,75	0,797007262706757	1893,75	-0,236986920237541	
1896,875	0,798012793064117	1896,875	-0,234057351946831	
1900	0,797156870365143	1900	-0,231528520584106	
1903,125	0,798326075077057	1903,125	-0,228858277201653	
1906,25	0,798249244689941	1906,25	-0,22509540617466	
1909,375	0,79751855134964	1909,375	-0,223971709609032	
1912,5	0,798713684082031	1912,5	-0,222957521677017	
1915,625	0,799715578556061	1915,625	-0,218603521585464	
1918,75	0,799552917480469	1918,75	-0,215222731232643	
1921,875	0,798909485340118	1921,875	-0,214842557907104	
1925	0,797910273075104	1925	-0,212886214256287	
1928,125	0,800047695636749	1928,125	-0,208666011691093	
1931,25	0,801055252552032	1931,25	-0,206941813230515	
1934,375	0,80094039440155	1934,375	-0,204139336943626	
1937,5	0,801379442214966	1937,5	-0,202175587415695	
1940,625	0,801535844802856	1940,625	-0,199313074350357	
1943,75	0,801883935928345	1943,75	-0,195927038788795	
1946,875	0,802582144737244	1946,875	-0,193785041570663	
1950	0,804152965545654	1950	-0,19185134768486	
1953,125	0,80292546749115	1953,125	-0,188632637262344	
1956,25	0,803642332553864	1956,25	-0,187261998653412	
1959,375	0,803911209106445	1959,375	-0,184521302580833	
1962,5	0,803842663764954	1962,5	-0,183726459741592	
1965,625	0,804289102554321	1965,625	-0,180634677410126	
1968,75	0,805044591426849	1968,75	-0,179434582591057	
1971,875	0,807021617889404	1971,875	-0,175998643040657	
1975	0,80769556760788	1975	-0,172437742352486	
1978,125	0,806826591491699	1978,125	-0,169865846633911	
1981,25	0,807758212089539	1981,25	-0,170686602592468	
1984,375	0,808677971363068	1984,375	-0,166440933942795	
1987,5	0,809401214122772	1987,5	-0,164270088076591	
1990,625	0,809027671813965	1990,625	-0,162194296717644	
1993,75	0,810069262981415	1993,75	-0,160301938652992	
1996,875	0,809176027774811	1996,875	-0,158435046672821	
2000	0,809116721153259	2000	-0,156307384371758	
2003,125	0,809209287166595	2003,125	-0,154989704489708	
2006,25	0,809781193733215	2006,25	-0,15156814455986	
2009,375	0,811211287975311	2009,375	-0,149263918399811	
2012,5	0,812083303928375	2012,5	-0,147447571158409	
2015,625	0,811667323112488	2015,625	-0,145201817154884	
2018,75	0,812656998634338	2018,75	-0,142471104860306	
2021,875	0,812621116638184	2021,875	-0,141217991709709	
2025	0,812684237957001	2025	-0,1393071860075	
2028,125	0,813955545425415	2028,125	-0,137226358056068	
2031,25	0,816194653511047	2031,25	-0,134295612573624	
2034,375	0,813315093517303	2034,375	-0,132022455334663	
2037,5	0,814359366893768	2037,5	-0,13105046749115	
2040,625	0,816374123096466	2040,625	-0,126940533518791	
2043,75	0,81701123714447	2043,75	-0,125554472208023	
2046,875	0,816532969474792	2046,875	-0,123692713677883	
2050	0,815813958644867	2050	-0,121109269559383	
2053,125	0,815834164619446	2053,125	-0,119092434644699	
2056,25	0,816787540912628	2056,25	-0,116470992565155	
2059,375	0,817026138305664	2059,375	-0,114484064280987	
2062,5	0,816978633403778	2062,5	-0,112604692578316	
2065,625	0,816446661949158	2065,625	-0,109925486147404	
2068,75	0,816756904125214	2068,75	-0,108490951359272	
2071,875	0,816915452480316	2071,875	-0,106766447424889	
2075	0,81681227684021	2075	-0,103860057890415	
2078,125	0,818069756031036	2078,125	-0,101243935525417	
2081,25	0,819283783435822	2081,25	-0,0988818556070328	
2084,375	0,818208336830139	2084,375	-0,0961128696799278	
2087,5	0,817815184593201	2087,5	-0,0948342382907867	
2090,625	0,817746222019196	2090,625	-0,0924990624189377	
2093,75	0,81902277469635	2093,75	-0,0896586552262306	
2096,875	0,819357514381409	2096,875	-0,0878796949982643	
2100	0,818902015686035	2100	-0,0831595212221146	
2103,125	0,820051789283752	2103,125	-0,0824522078037262	
2106,25	0,820633411407471	2106,25	-0,0795237794518471	
2109,375	0,819662809371948	2109,375	-0,0770979672670364	
2112,5	0,819877147674561	2112,5	-0,0752828419208527	
2115,625	0,821345686912537	2115,625	-0,0722338631749153	
2118,75	0,822098791599274	2118,75	-0,070330373942852	
2121,875	0,823057413101196	2121,875	-0,0678802281618118	
2125	0,823795735836029	2125	-0,0653766319155693	
2128,125	0,823723077774048	2128,125	-0,0626680329442024	
2131,25	0,824233889579773	2131,25	-0,0609578154981136	
2134,375	0,824446380138397	2134,375	-0,0583193860948086	
2137,5	0,825306534767151	2137,5	-0,0552269667387009	
2140,625	0,826220989227295	2140,625	-0,0528886578977108	
2143,75	0,826957404613495	2143,75	-0,0509471781551838	
2146,875	0,826827943325043	2146,875	-0,0496614426374435	
2150	0,827550649642944	2150	-0,0470738857984543	
2153,125	0,829450249671936	2153,125	-0,0449374802410603	
2156,25	0,828925728797913	2156,25	-0,0424910634756088	
2159,375	0,82965224981308	2159,375	-0,0395478568971157	
2162,5	0,831143915653229	2162,5	-0,0385287962853909	
2165,625	0,832166314125061	2165,625	-0,0356256514787674	
2168,75	0,832529306411743	2168,75	-0,0330829843878746	
2171,875	0,832605302333832	2171,875	-0,0315481349825859	
2175	0,832069456577301	2175	-0,029287476092577	
2178,125	0,833232164382935	2178,125	-0,0271566100418568	
2181,25	0,834283888339996	2181,25	-0,0257237888872623	
2184,375	0,835744321346283	2184,375	-0,023124810308218	
2187,5	0,836192488670349	2187,5	-0,0209145992994308	
2190,625	0,836423218250275	2190,625	-0,0195977743715048	
2193,75	0,836246609687805	2193,75	-0,0174720622599125	
2196,875	0,837389826774597	2196,875	-0,0146734742447734	
2200	0,837856531143188	2200	-0,0133213875815272	
2203,125	0,838109731674194	2203,125	-0,0113672045990825	
2206,25	0,839473128318787	2206,25	-0,00974332261830568	
2209,375	0,840692162513733	2209,375	-0,00791930966079235	
2212,5	0,840464890003204	2212,5	-0,00562781468033791	
2215,625	0,840283334255219	2215,625	-0,00381308537907898	
2218,75	0,84131920337677	2218,75	-0,00190981815103441	
2221,875	0,841826617717743	2221,875	0,000252533238381147	
2225	0,841880917549133	2225	0,00271485070697963	
2228,125	0,842538893222809	2228,125	0,0046140244230628	
2231,25	0,843227624893188	2231,25	0,00600988976657391	
2234,375	0,844238638877869	2234,375	0,00862526427954435	
2237,5	0,844067513942719	2237,5	0,00984122045338154	
2240,625	0,844108283519745	2240,625	0,0126212416216731	
2243,75	0,844426333904266	2243,75	0,0143731320276856	
2246,875	0,84500253200531	2246,875	0,0156969036906958	
2250	0,845498263835907	2250	0,0174657721072435	
2253,125	0,846735894680023	2253,125	0,0199628919363022	
2256,25	0,848436892032623	2256,25	0,0221426263451576	
2259,375	0,848362028598785	2259,375	0,0241932161152363	
2262,5	0,848803758621216	2262,5	0,025946257635951	
2265,625	0,849915504455566	2265,625	0,0280847027897835	
2268,75	0,851007580757141	2268,75	0,0293403845280409	
2271,875	0,850985288619995	2271,875	0,0313365384936333	
2275	0,851343393325806	2275	0,0339464507997036	
2278,125	0,851690888404846	2278,125	0,0359186194837093	
2281,25	0,852161347866058	2281,25	0,0372148528695107	
2284,375	0,852618217468262	2284,375	0,0388623960316181	
2287,5	0,852624833583832	2287,5	0,0426271744072437	
2290,625	0,853817105293274	2290,625	0,0433646775782108	
2293,75	0,854430079460144	2293,75	0,0444024987518787	
2296,875	0,85423618555069	2296,875	0,0469905845820904	
2300	0,854250431060791	2300	0,0494681410491467	
2303,125	0,855508923530579	2303,125	0,0508193857967854	
2306,25	0,856419563293457	2306,25	0,0525048933923244	
2309,375	0,856328785419464	2309,375	0,0546358302235603	
2312,5	0,857626974582672	2312,5	0,0561132915318012	
2315,625	0,858094990253448	2315,625	0,0581366010010242	
2318,75	0,859258532524109	2318,75	0,0594293028116226	
2321,875	0,860666990280151	2321,875	0,0610209591686726	
2325	0,859711766242981	2325	0,0639066770672798	
2328,125	0,85958343744278	2328,125	0,0652822926640511	
2331,25	0,860012590885162	2331,25	0,0664866790175438	
2334,375	0,860193610191345	2334,375	0,0687398612499237	
2337,5	0,860686421394348	2337,5	0,07115688174963	
2340,625	0,862047255039215	2340,625	0,0722308307886124	
2343,75	0,861985266208649	2343,75	0,0748999267816544	
2346,875	0,862883031368256	2346,875	0,076575793325901	
2350	0,86284738779068	2350	0,0788753256201744	
2353,125	0,86365407705307	2353,125	0,0808387994766235	
2356,25	0,86359828710556	2356,25	0,0820680186152458	
2359,375	0,864067554473877	2359,375	0,0838073939085007	
2362,5	0,864497184753418	2362,5	0,0863663256168365	
2365,625	0,866600811481476	2365,625	0,0886607840657234	
2368,75	0,866462230682373	2368,75	0,0896080210804939	
2371,875	0,868806064128876	2371,875	0,0897384509444237	
2375	0,869093477725983	2375	0,0927139967679977	
2378,125	0,868843734264374	2378,125	0,0956155136227608	
2381,25	0,868881225585938	2381,25	0,0976385921239853	
2384,375	0,869139909744263	2384,375	0,0996026545763016	
2387,5	0,871262490749359	2387,5	0,100500904023647	
2390,625	0,871016919612885	2390,625	0,102137446403503	
2393,75	0,870768129825592	2393,75	0,104284413158894	
2396,875	0,871089458465576	2396,875	0,107647143304348	
2400	0,871873497962952	2400	0,108690269291401	
2403,125	0,872475981712341	2403,125	0,110484108328819	
2406,25	0,872797310352325	2406,25	0,112897880375385	
2409,375	0,873649775981903	2409,375	0,114704817533493	
2412,5	0,872704982757568	2412,5	0,114942222833633	
2415,625	0,876009702682495	2415,625	0,116945147514343	
2418,75	0,876554369926453	2418,75	0,119028769433498	
2421,875	0,87574827671051	2421,875	0,121498741209507	
2425	0,876449167728424	2425	0,123158119618893	
2428,125	0,877617955207825	2428,125	0,124844275414944	
2431,25	0,877667665481567	2431,25	0,126968801021576	
2434,375	0,879181385040283	2434,375	0,128922879695892	
2437,5	0,878854215145111	2437,5	0,130097731947899	
2440,625	0,879551112651825	2440,625	0,131845578551292	
2443,75	0,880451500415802	2443,75	0,134591370820999	
2446,875	0,881049394607544	2446,875	0,135966435074806	
2450	0,880772948265076	2450	0,13866962492466	
2453,125	0,881964087486267	2453,125	0,140099570155144	
2456,25	0,882978558540344	2456,25	0,141665011644363	
2459,375	0,882442891597748	2459,375	0,144210338592529	
2462,5	0,884356498718262	2462,5	0,145866468548775	
2465,625	0,884725749492645	2465,625	0,147624686360359	
2468,75	0,884610712528229	2468,75	0,148225143551826	
2471,875	0,888025879859924	2471,875	0,151702359318733	
2475	0,887325525283813	2475	0,153839364647865	
2478,125	0,887681126594543	2478,125	0,156570971012115	
2481,25	0,887750685214996	2481,25	0,156657680869102	
2484,375	0,888553857803345	2484,375	0,158816054463387	
2487,5	0,890574097633362	2487,5	0,1631780564785	
2490,625	0,890498161315918	2490,625	0,162869408726692	
2493,75	0,891654193401337	2493,75	0,16350132226944	
2496,875	0,892704546451569	2496,875	0,165121331810951	
2500	0,891566455364227	2500	0,167724773287773	
2503,125	0,894650638103485	2503,125	0,170375719666481	
2506,25	0,893686830997467	2506,25	0,172736972570419	
2509,375	0,894757151603699	2509,375	0,174197912216187	
2512,5	0,895488440990448	2512,5	0,175323277711868	
2515,625	0,897366106510162	2515,625	0,176330536603928	
2518,75	0,897468626499176	2518,75	0,178888559341431	
2521,875	0,896950364112854	2521,875	0,180145129561424	
2525	0,899717152118683	2525	0,183608204126358	
2528,125	0,899786710739136	2528,125	0,182755887508392	
2531,25	0,900447249412537	2531,25	0,18354107439518	
2534,375	0,900315880775452	2534,375	0,18559193611145	
2537,5	0,903517961502075	2537,5	0,189889892935753	
2540,625	0,903239011764526	2540,625	0,188681781291962	
2543,75	0,904944956302643	2543,75	0,19090910255909	
2546,875	0,904282033443451	2546,875	0,194172158837318	
2550	0,904416859149933	2550	0,195922136306763	
2553,125	0,905697464942932	2553,125	0,198654755949974	
2556,25	0,90625411272049	2556,25	0,200613871216774	
2559,375	0,907841086387634	2559,375	0,201335608959198	
2562,5	0,909032642841339	2562,5	0,202951192855835	
2565,625	0,909403264522552	2565,625	0,203973829746246	
2568,75	0,909953951835632	2568,75	0,206258580088615	
2571,875	0,910663425922394	2571,875	0,209543749690056	
2575	0,911582350730896	2575	0,210432574152946	
2578,125	0,914563298225403	2578,125	0,209742277860641	
2581,25	0,913491368293762	2581,25	0,213011637330055	
2584,375	0,91595721244812	2584,375	0,214051485061646	
2587,5	0,91676539182663	2587,5	0,216274991631508	
2590,625	0,917943179607391	2590,625	0,217515766620636	
2593,75	0,919296026229858	2593,75	0,219236418604851	
2596,875	0,918871819972992	2596,875	0,221631273627281	
2600	0,92037445306778	2600	0,222372606396675	
2603,125	0,922626137733459	2603,125	0,22434064745903	
2606,25	0,92331451177597	2606,25	0,224664375185966	
2609,375	0,923359274864197	2609,375	0,227650001645088	
2612,5	0,924914181232452	2612,5	0,228962644934654	
2615,625	0,926871120929718	2615,625	0,230405509471893	
2618,75	0,926718235015869	2618,75	0,231730327010155	
2621,875	0,928815186023712	2621,875	0,232377946376801	
2625	0,929233133792877	2625	0,231742084026337	
2628,125	0,929961264133453	2628,125	0,233644425868988	
2631,25	0,932625472545624	2631,25	0,235660880804062	
2634,375	0,931797444820404	2634,375	0,235343992710114	
2637,5	0,934415638446808	2637,5	0,237321764230728	
2640,625	0,934833109378815	2640,625	0,239545553922653	
2643,75	0,935014247894287	2643,75	0,241876900196075	
2646,875	0,933004796504974	2646,875	0,242868438363075	
2650	0,93831741809845	2650	0,246838912367821	
2653,125	0,93781304359436	2653,125	0,246213689446449	
2656,25	0,938446044921875	2656,25	0,248237401247025	
2659,375	0,939774811267853	2659,375	0,2495396733284	
2662,5	0,939888715744019	2662,5	0,250240027904511	
2665,625	0,942422032356262	2665,625	0,251546502113342	
2668,75	0,944924592971802	2668,75	0,250523060560226	
2671,875	0,943868398666382	2671,875	0,254145979881287	
2675	0,944010376930237	2675	0,256439238786697	
2678,125	0,945084035396576	2678,125	0,257244378328323	
2681,25	0,94468104839325	2681,25	0,259501338005066	
2684,375	0,946815609931946	2684,375	0,261356234550476	
2687,5	0,945984303951263	2687,5	0,261880964040756	
2690,625	0,950008630752563	2690,625	0,264451682567596	
2693,75	0,949284613132477	2693,75	0,264324545860291	
2696,875	0,951512396335602	2696,875	0,264601707458496	
2700	0,952708840370178	2700	0,26664274930954	
2703,125	0,954160451889038	2703,125	0,268705278635025	
2706,25	0,955446243286133	2706,25	0,268021643161774	
2709,375	0,955989539623261	2709,375	0,270329773426056	
2712,5	0,955455780029297	2712,5	0,27268847823143	
2715,625	0,95772796869278	2715,625	0,274099946022034	
2718,75	0,959425151348114	2718,75	0,274426519870758	
2721,875	0,959700107574463	2721,875	0,274128288030624	
2725	0,960502207279205	2725	0,276919722557068	
2728,125	0,962055444717407	2728,125	0,279721677303314	
2731,25	0,962695240974426	2731,25	0,279656320810318	
2734,375	0,963436722755432	2734,375	0,279498606920242	
2737,5	0,96535849571228	2737,5	0,281046122312546	
2740,625	0,964666545391083	2740,625	0,282874047756195	
2743,75	0,964537680149078	2743,75	0,286608994007111	
2746,875	0,966296434402466	2746,875	0,286798149347305	
2750	0,969335615634918	2750	0,286193877458572	
2753,125	0,969288527965546	2753,125	0,288064062595367	
2756,25	0,971784114837646	2756,25	0,291067659854889	
2759,375	0,971084415912628	2759,375	0,291497439146042	
2762,5	0,972970485687256	2762,5	0,292171806097031	
2765,625	0,972435295581818	2765,625	0,293412953615189	
2768,75	0,973765194416046	2768,75	0,296394318342209	
2771,875	0,976273119449615	2771,875	0,296109437942505	
2775	0,976973474025726	2775	0,297135829925537	
2778,125	0,977802157402039	2778,125	0,2975172996521	
2781,25	0,979276835918427	2781,25	0,300116896629334	
2784,375	0,979967951774597	2784,375	0,299717277288437	
2787,5	0,981426358222961	2787,5	0,300119400024414	
2790,625	0,982308328151703	2790,625	0,30379444360733	
2793,75	0,982374727725983	2793,75	0,304348528385162	
2796,875	0,983028650283813	2796,875	0,30521148443222	
2800	0,983310341835022	2800	0,307594180107117	
2803,125	0,982875049114227	2803,125	0,311176806688309	
2806,25	0,9867222905159	2806,25	0,310590744018555	
2809,375	0,985676050186157	2809,375	0,311648577451706	
2812,5	0,987440884113312	2812,5	0,31440195441246	
2815,625	0,98944354057312	2815,625	0,31483718752861	
2818,75	0,990700721740723	2818,75	0,314639449119568	
2821,875	0,99159038066864	2821,875	0,316313505172729	
2825	0,992107093334198	2825	0,315446346998215	
2828,125	0,993268430233002	2828,125	0,317918807268143	
2831,25	0,995969772338867	2831,25	0,32036754488945	
2834,375	0,996499001979828	2834,375	0,320230633020401	
2837,5	0,996281683444977	2837,5	0,324897468090057	
2840,625	0,997039675712585	2840,625	0,325984835624695	
2843,75	0,998565375804901	2843,75	0,324294537305832	
2846,875	1,0009640455246	2846,875	0,326859056949615	
2850	1,00098931789398	2850	0,326713860034943	
2853,125	1,00231063365936	2853,125	0,32765781879425	
2856,25	1,00242638587952	2856,25	0,330058634281158	
2859,375	1,00486159324646	2859,375	0,329951614141464	
2862,5	1,00523853302002	2862,5	0,332570403814316	
2865,625	1,00767552852631	2865,625	0,33408722281456	
2868,75	1,00673806667328	2868,75	0,335157185792923	
2871,875	1,00641989707947	2871,875	0,337924867868423	
2875	1,00964534282684	2875	0,338054150342941	
2878,125	1,01084816455841	2878,125	0,338897615671158	
2881,25	1,01197755336761	2881,25	0,340874344110489	
2884,375	1,01409697532654	2884,375	0,340852826833725	
2887,5	1,01400816440582	2887,5	0,342987567186356	
2890,625	1,01488864421844	2890,625	0,346644788980484	
2893,75	1,01555454730988	2893,75	0,347006261348724	
2896,875	1,01733076572418	2896,875	0,346728324890137	
2900	1,01749205589294	2900	0,348060339689255	
2903,125	1,01987683773041	2903,125	0,350167959928513	
2906,25	1,02301132678986	2906,25	0,35036712884903	
2909,375	1,02231061458588	2909,375	0,352045923471451	
2912,5	1,0232390165329	2912,5	0,351778417825699	
2915,625	1,02533328533173	2915,625	0,353732407093048	
2918,75	1,02672553062439	2918,75	0,355432569980621	
2921,875	1,02556872367859	2921,875	0,356458455324173	
2925	1,02607119083405	2925	0,360083043575287	
2928,125	1,02877306938171	2928,125	0,359356313943863	
2931,25	1,03065812587738	2931,25	0,359168082475662	
2934,375	1,03069663047791	2934,375	0,362026274204254	
2937,5	1,03204524517059	2937,5	0,363878339529037	
2940,625	1,03358519077301	2940,625	0,363380193710327	
2943,75	1,03549122810364	2943,75	0,364759057760239	
2946,875	1,03679430484772	2946,875	0,367976188659668	
2950	1,03675067424774	2950	0,369106858968735	
2953,125	1,03826344013214	2953,125	0,370424300432205	
2956,25	1,03665542602539	2956,25	0,37274706363678	
2959,375	1,0392017364502	2959,375	0,374735742807388	
2962,5	1,04283678531647	2962,5	0,3749118745327	
2965,625	1,04217863082886	2965,625	0,376534789800644	
2968,75	1,04296720027924	2968,75	0,379928380250931	
2971,875	1,04402613639832	2971,875	0,381251215934753	
2975	1,04500198364258	2975	0,381626307964325	
2978,125	1,04530787467957	2978,125	0,383573323488235	
2981,25	1,0480889081955	2981,25	0,383744150400162	
2984,375	1,04867935180664	2984,375	0,386690855026245	
2987,5	1,0501081943512	2987,5	0,388469099998474	
2990,625	1,05212843418121	2990,625	0,389349639415741	
2993,75	1,0517235994339	2993,75	0,390936940908432	
2996,875	1,05366563796997	2996,875	0,392756670713425	
3000	1,05750274658203	3000	0,394928991794586	
3003,125	1,05574834346771	3003,125	0,399060189723969	
3006,25	1,05717873573303	3006,25	0,400111317634583	
3009,375	1,05977511405945	3009,375	0,399878561496735	
3012,5	1,06426072120667	3012,5	0,401460468769073	
3015,625	1,06590366363525	3015,625	0,406131327152252	
3018,75	1,06430459022522	3018,75	0,407023042440414	
3021,875	1,06809878349304	3021,875	0,409690976142883	
3025	1,06996095180511	3025	0,410380035638809	
3028,125	1,07109606266022	3028,125	0,412223666906357	
3031,25	1,0731908082962	3031,25	0,418785959482193	
3034,375	1,07498502731323	3034,375	0,415741145610809	
3037,5	1,08334481716156	3037,5	0,418876498937607	
3040,625	1,08407521247864	3040,625	0,418149262666702	
3043,75	1,08515179157257	3043,75	0,418323695659637	
3046,875	1,08659100532532	3046,875	0,422186762094498	
3050	1,09031569957733	3050	0,42037758231163	
3053,125	1,09312450885773	3053,125	0,421597093343735	
3056,25	1,09547674655914	3056,25	0,42273086309433	
3059,375	1,09550225734711	3059,375	0,424773275852203	
3062,5	1,09831786155701	3062,5	0,423847228288651	
3065,625	1,09843933582306	3065,625	0,423096626996994	
3068,75	1,10116040706635	3068,75	0,424516558647156	
3071,875	1,10108125209808	3071,875	0,425478935241699	
3075	1,10149610042572	3075	0,426444798707962	
3078,125	1,10548686981201	3078,125	0,425090402364731	
3081,25	1,10760128498077	3081,25	0,424996703863144	
3084,375	1,10732460021973	3084,375	0,427232593297958	
3087,5	1,10731196403503	3087,5	0,429109156131744	
3090,625	1,10983645915985	3090,625	0,43253567814827	
3093,75	1,11040949821472	3093,75	0,433605194091797	
3096,875	1,11152541637421	3096,875	0,433683276176453	
3100	1,11680603027344	3100	0,433607369661331	
3103,125	1,11632132530212	3103,125	0,434057503938675	
3106,25	1,11815524101257	3106,25	0,435513943433762	
3109,375	1,12189161777496	3109,375	0,437472403049469	
3112,5	1,12095296382904	3112,5	0,441061437129974	
3115,625	1,12120199203491	3115,625	0,440190672874451	
3118,75	1,12385332584381	3118,75	0,44006285071373	
3121,875	1,11968898773193	3121,875	0,443476319313049	
3125	1,12391936779022	3125	0,445670664310455	
3128,125	1,12618744373322	3128,125	0,445243358612061	
3131,25	1,13046729564667	3131,25	0,444731503725052	
3134,375	1,13259267807007	3134,375	0,446969717741013	
3137,5	1,13150858879089	3137,5	0,444766938686371	
3140,625	1,13419711589813	3140,625	0,448723047971725	
3143,75	1,13202917575836	3143,75	0,450844794511795	
3146,875	1,13485300540924	3146,875	0,450741678476334	
3150	1,13920748233795	3150	0,450012505054474	
3153,125	1,13933122158051	3153,125	0,453088343143463	
3156,25	1,14026737213135	3156,25	0,455858021974564	
3159,375	1,14216506481171	3159,375	0,453878790140152	
3162,5	1,14467883110046	3162,5	0,448693215847015	
3165,625	1,14410817623138	3165,625	0,454393893480301	
3168,75	1,14087438583374	3168,75	0,456666201353073	
3171,875	1,14694583415985	3171,875	0,456497997045517	
3175	1,15150880813599	3175	0,457001626491547	
3178,125	1,15269613265991	3178,125	0,459265619516373	
3181,25	1,15086209774017	3181,25	0,461601942777634	
3184,375	1,14784264564514	3184,375	0,460889101028442	
3187,5	1,14767837524414	3187,5	0,463915139436722	
3190,625	1,15216743946075	3190,625	0,463505774736404	
3193,75	1,15135598182678	3193,75	0,46408399939537	
3196,875	1,15426099300385	3196,875	0,467884957790375	
3200	1,15250992774963	3200	0,472238659858704	
3203,125	1,15684986114502	3203,125	0,472181618213654	
3206,25	1,15823101997375	3206,25	0,471625924110413	
3209,375	1,15761339664459	3209,375	0,47337794303894	
3212,5	1,15996062755585	3212,5	0,474351346492767	
3215,625	1,16285002231598	3215,625	0,474286556243896	
3218,75	1,1591933965683	3218,75	0,479862719774246	
3221,875	1,1617226600647	3221,875	0,480079770088196	
3225	1,16708338260651	3225	0,483130753040314	
3228,125	1,16907572746277	3228,125	0,48619481921196	
3231,25	1,16860949993134	3231,25	0,483770400285721	
3234,375	1,16688930988312	3234,375	0,48874905705452	
3237,5	1,16845750808716	3237,5	0,491655439138412	
3240,625	1,17100214958191	3240,625	0,493392735719681	
3243,75	1,17043960094452	3243,75	0,496127665042877	
3246,875	1,16919481754303	3246,875	0,498643159866333	
3250	1,16730999946594	3250	0,496677190065384	
3253,125	1,17194676399231	3253,125	0,503526747226715	
3256,25	1,17588305473328	3256,25	0,502889215946198	
3259,375	1,17708778381348	3259,375	0,503320038318634	
3262,5	1,17922222614288	3262,5	0,504321098327637	
3265,625	1,18285310268402	3265,625	0,502996563911438	
3268,75	1,18163502216339	3268,75	0,505449235439301	
3271,875	1,18375968933105	3271,875	0,508932828903198	
3275	1,1873996257782	3275	0,51271378993988	
3278,125	1,18509101867676	3278,125	0,5110182762146	
3281,25	1,18971824645996	3281,25	0,51860773563385	
3284,375	1,19132947921753	3284,375	0,517874896526337	
3287,5	1,18895637989044	3287,5	0,517772793769836	
3290,625	1,18837976455688	3290,625	0,520963370800018	
3293,75	1,19423615932465	3293,75	0,52090710401535	
3296,875	1,19677722454071	3296,875	0,520896732807159	
3300	1,19617164134979	3300	0,525412440299988	
3303,125	1,19817614555359	3303,125	0,526252746582031	
3306,25	1,20143389701843	3306,25	0,527148306369781	
3309,375	1,20250141620636	3309,375	0,531107306480408	
3312,5	1,20191931724548	3312,5	0,534314632415771	
3315,625	1,20401310920715	3315,625	0,534222424030304	
3318,75	1,20280575752258	3318,75	0,535453319549561	
3321,875	1,20733904838562	3321,875	0,537681221961975	
3325	1,20823693275452	3325	0,539541840553284	
3328,125	1,21098816394806	3328,125	0,539266765117645	
3331,25	1,21176016330719	3331,25	0,539349913597107	
3334,375	1,21326637268066	3334,375	0,540695309638977	
3337,5	1,21675324440002	3337,5	0,544116735458374	
3340,625	1,21718406677246	3340,625	0,543727397918701	
3343,75	1,21623837947845	3343,75	0,544860482215881	
3346,875	1,22344529628754	3346,875	0,552936971187592	
3350	1,22210800647736	3350	0,555175364017487	
3353,125	1,22495985031128	3353,125	0,554454684257507	
3356,25	1,22333228588104	3356,25	0,551671922206879	
3359,375	1,22597873210907	3359,375	0,557109653949738	
3362,5	1,22976124286652	3362,5	0,556297779083252	
3365,625	1,23126578330994	3365,625	0,555100977420807	
3368,75	1,23234915733337	3368,75	0,553244650363922	
3371,875	1,23084628582001	3371,875	0,558019697666168	
3375	1,23045563697815	3375	0,55882054567337	
3378,125	1,23791801929474	3378,125	0,562940061092377	
3381,25	1,23684048652649	3381,25	0,563561499118805	
3384,375	1,23944318294525	3384,375	0,564208984375	
3387,5	1,24263536930084	3387,5	0,563330948352814	
3390,625	1,24147856235504	3390,625	0,568785071372986	
3393,75	1,24276316165924	3393,75	0,566233396530151	
3396,875	1,24321568012238	3396,875	0,568587601184845	
3400	1,24614775180817	3400	0,571419596672058	
3403,125	1,24674844741821	3403,125	0,573233127593994	
3406,25	1,24822676181793	3406,25	0,575138747692108	
3409,375	1,25267672538757	3409,375	0,576512336730957	
3412,5	1,25233590602875	3412,5	0,579460680484772	
3415,625	1,25330328941345	3415,625	0,581215620040894	
3418,75	1,25439059734344	3418,75	0,579971015453339	
3421,875	1,25349342823029	3421,875	0,581527888774872	
3425	1,2551234960556	3425	0,584086894989014	
3428,125	1,25935304164886	3428,125	0,583836317062378	
3431,25	1,25938618183136	3431,25	0,582691311836243	
3434,375	1,26191163063049	3434,375	0,586644947528839	
3437,5	1,26516079902649	3437,5	0,590610980987549	
3440,625	1,26707291603088	3440,625	0,591032922267914	
3443,75	1,26519632339478	3443,75	0,590393841266632	
3446,875	1,26763236522675	3446,875	0,590085327625275	
3450	1,27099418640137	3450	0,590924382209778	
3453,125	1,27057862281799	3453,125	0,592636942863464	
3456,25	1,27173483371735	3456,25	0,59505021572113	
3459,375	1,27040684223175	3459,375	0,595935165882111	
3462,5	1,27385818958282	3462,5	0,59470796585083	
3465,625	1,27453148365021	3465,625	0,598021507263184	
3468,75	1,27776515483856	3468,75	0,601178526878357	
3471,875	1,27868175506592	3471,875	0,600324094295502	
3475	1,28144466876984	3475	0,602226734161377	
3478,125	1,2803065776825	3478,125	0,602988481521606	
3481,25	1,28450930118561	3481,25	0,600735008716583	
3484,375	1,28313136100769	3484,375	0,60255229473114	
3487,5	1,28343081474304	3487,5	0,606144666671753	
3490,625	1,28783059120178	3490,625	0,607324659824371	
3493,75	1,29117512702942	3493,75	0,608377814292908	
3496,875	1,29105389118195	3496,875	0,607196807861328	
3500	1,29403078556061	3500	0,6092249751091	
3503,125	1,29354572296143	3503,125	0,610468208789825	
3506,25	1,2963901758194	3506,25	0,615299224853516	
3509,375	1,295982837677	3509,375	0,615436732769012	
3512,5	1,2974978685379	3512,5	0,612348794937134	
3515,625	1,29995381832123	3515,625	0,61114490032196	
3518,75	1,29868531227112	3518,75	0,614876985549927	
3521,875	1,30040669441223	3521,875	0,614218354225159	
3525	1,30276238918304	3525	0,615197241306305	
3528,125	1,30477774143219	3528,125	0,618547797203064	
3531,25	1,30638492107391	3531,25	0,621963918209076	
3534,375	1,3060622215271	3534,375	0,621221959590912	
3537,5	1,30721414089203	3537,5	0,617734849452972	
3540,625	1,30892050266266	3540,625	0,619292080402374	
3543,75	1,3101601600647	3543,75	0,62101686000824	
3546,875	1,30893731117249	3546,875	0,621620416641235	
3550	1,31238162517548	3550	0,623226642608643	
3553,125	1,31074130535126	3553,125	0,624403595924377	
3556,25	1,31388187408447	3556,25	0,624849319458008	
3559,375	1,31678974628448	3559,375	0,626054883003235	
3562,5	1,31667971611023	3562,5	0,630657613277435	
3565,625	1,31786489486694	3565,625	0,629989981651306	
3568,75	1,31921219825745	3568,75	0,630184710025787	
3571,875	1,32338500022888	3571,875	0,632040321826935	
3575	1,32505917549133	3575	0,636260211467743	
3578,125	1,32574439048767	3578,125	0,637446165084839	
3581,25	1,32746064662933	3581,25	0,636689305305481	
3584,375	1,32801878452301	3584,375	0,635344326496124	
3587,5	1,3293981552124	3587,5	0,63503497838974	
3590,625	1,33180809020996	3590,625	0,638695001602173	
3593,75	1,33312010765076	3593,75	0,641818284988403	
3596,875	1,3335028886795	3596,875	0,642343282699585	
3600	1,3371719121933	3600	0,64280104637146	
3603,125	1,33999979496002	3603,125	0,641388356685638	
3606,25	1,33797001838684	3606,25	0,64413446187973	
3609,375	1,34273898601532	3609,375	0,641750156879425	
3612,5	1,34300112724304	3612,5	0,642818033695221	
3615,625	1,34325468540192	3615,625	0,646515667438507	
3618,75	1,34552133083344	3618,75	0,644648611545563	
3621,875	1,34551191329956	3621,875	0,644691348075867	
3625	1,34837293624878	3625	0,644870579242706	
3628,125	1,3512282371521	3628,125	0,647786259651184	
3631,25	1,35487103462219	3631,25	0,648143351078033	
3634,375	1,35527527332306	3634,375	0,650779366493225	
3637,5	1,35456609725952	3637,5	0,650194466114044	
3640,625	1,35643339157104	3640,625	0,646648645401001	
3643,75	1,35968780517578	3643,75	0,649171829223633	
3646,875	1,35936498641968	3646,875	0,64932256937027	
3650	1,36217021942139	3650	0,65025782585144	
3653,125	1,36420929431915	3653,125	0,64974057674408	
3656,25	1,3642578125	3656,25	0,650666475296021	
3659,375	1,36626875400543	3659,375	0,654179632663727	
3662,5	1,36910808086395	3662,5	0,654567539691925	
3665,625	1,36742007732391	3665,625	0,659633755683899	
3668,75	1,37514507770538	3668,75	0,654937446117401	
3671,875	1,37205970287323	3671,875	0,652864873409271	
3675	1,37417006492615	3675	0,65600311756134	
3678,125	1,37664747238159	3678,125	0,656549394130707	
3681,25	1,37279498577118	3681,25	0,660857021808624	
3684,375	1,38371646404266	3684,375	0,650784909725189	
3687,5	1,37990343570709	3687,5	0,654889523983002	
3690,625	1,38046336174011	3690,625	0,656897068023682	
3693,75	1,38574481010437	3693,75	0,658445417881012	
3696,875	1,38583302497864	3696,875	0,661416411399841	
3700	1,385298371315	3700	0,659108579158783	
3703,125	1,38859915733337	3703,125	0,656192481517792	
3706,25	1,39338147640228	3706,25	0,66087532043457	
3709,375	1,39209043979645	3709,375	0,662329196929932	
3712,5	1,39285743236542	3712,5	0,657716989517212	
3715,625	1,39607310295105	3715,625	0,655191659927368	
3718,75	1,3999832868576	3718,75	0,663111567497253	
3721,875	1,4006552696228	3721,875	0,661620676517487	
3725	1,40004968643188	3725	0,665091335773468	
3728,125	1,4041668176651	3728,125	0,662018537521362	
3731,25	1,40420508384705	3731,25	0,663209974765778	
3734,375	1,40791547298431	3734,375	0,660707771778107	
3737,5	1,40679633617401	3737,5	0,664072811603546	
3740,625	1,41339337825775	3740,625	0,66490364074707	
3743,75	1,41264879703522	3743,75	0,664711058139801	
3746,875	1,41111707687378	3746,875	0,667094171047211	
3750	1,41534066200256	3750	0,666298687458038	
3753,125	1,4162722826004	3753,125	0,664418160915375	
3756,25	1,41905450820923	3756,25	0,663626849651337	
3759,375	1,4195921421051	3759,375	0,663165271282196	
3762,5	1,41600358486176	3762,5	0,669088780879974	
3765,625	1,42799997329712	3765,625	0,663078784942627	
3768,75	1,42343378067017	3768,75	0,665886044502258	
3771,875	1,42463457584381	3771,875	0,663000285625458	
3775	1,42629635334015	3775	0,666109263896942	
3778,125	1,42881500720978	3778,125	0,664265930652618	
3781,25	1,43263149261475	3781,25	0,664897322654724	
3784,375	1,43237352371216	3784,375	0,669570088386536	
3787,5	1,43808531761169	3787,5	0,670978486537933	
3790,625	1,43585121631622	3790,625	0,669856786727905	
3793,75	1,44112420082092	3793,75	0,665301442146301	
3796,875	1,43864738941193	3796,875	0,666219055652618	
3800	1,43982374668121	3800	0,662686765193939	
3803,125	1,44294941425323	3803,125	0,66613632440567	
3806,25	1,44439113140106	3806,25	0,670551240444183	
3809,375	1,44722294807434	3809,375	0,667417466640472	
3812,5	1,44928181171417	3812,5	0,66453218460083	
3815,625	1,44867777824402	3815,625	0,663991570472717	
3818,75	1,45175993442535	3818,75	0,668598771095276	
3821,875	1,45094621181488	3821,875	0,665813148021698	
3825	1,45056068897247	3825	0,669074058532715	
3828,125	1,45749950408936	3828,125	0,669136762619019	
3831,25	1,4592353105545	3831,25	0,669892430305481	
3834,375	1,46339857578278	3834,375	0,670793175697327	
3837,5	1,4617326259613	3837,5	0,673277258872986	
3840,625	1,46380722522736	3840,625	0,670042335987091	
3843,75	1,46429634094238	3843,75	0,66706508398056	
3846,875	1,47049939632416	3846,875	0,668111205101013	
3850	1,46945381164551	3850	0,668918907642365	
3853,125	1,46929895877838	3853,125	0,669807612895966	
3856,25	1,47409081459045	3856,25	0,673370897769928	
3859,375	1,47545778751373	3859,375	0,670312881469727	
3862,5	1,47860252857208	3862,5	0,666556715965271	
3865,625	1,47885024547577	3865,625	0,671663701534271	
3868,75	1,48035275936127	3868,75	0,672328412532806	
3871,875	1,48290157318115	3871,875	0,667714059352875	
3875	1,48432719707489	3875	0,668178379535675	
3878,125	1,4887136220932	3878,125	0,671439170837402	
3881,25	1,49003887176514	3881,25	0,668499886989594	
3884,375	1,49768793582916	3884,375	0,668311893939972	
3887,5	1,49568259716034	3887,5	0,670134484767914	
3890,625	1,49703192710876	3890,625	0,668953955173492	
3893,75	1,49974882602692	3893,75	0,672794699668884	
3896,875	1,5028178691864	3896,875	0,669371962547302	
3900	1,50299489498138	3900	0,673637509346008	
3903,125	1,50405037403107	3903,125	0,672951996326447	
3906,25	1,50956046581268	3906,25	0,669724225997925	
3909,375	1,50871634483337	3909,375	0,670572400093079	
3912,5	1,50789356231689	3912,5	0,670986294746399	
3915,625	1,51699697971344	3915,625	0,669755518436432	
3918,75	1,5089613199234	3918,75	0,672719955444336	
3921,875	1,52619063854218	3921,875	0,667746543884277	
3925	1,51758503913879	3925	0,66516375541687	
3928,125	1,52009665966034	3928,125	0,665312767028809	
3931,25	1,51559138298035	3931,25	0,670920014381409	
3934,375	1,52128434181213	3934,375	0,671070635318756	
3937,5	1,52702867984772	3937,5	0,668349027633667	
3940,625	1,527219414711	3940,625	0,671611547470093	
3943,75	1,52665662765503	3943,75	0,674358546733856	
3946,875	1,53071188926697	3946,875	0,669061183929443	
3950	1,53155958652496	3950	0,66506552696228	
3953,125	1,5346565246582	3953,125	0,666464388370514	
3956,25	1,53418695926666	3956,25	0,66834545135498	
3959,375	1,53506016731262	3959,375	0,661795139312744	
3962,5	1,54336535930634	3962,5	0,664794147014618	
3965,625	1,54322254657745	3965,625	0,672716557979584	
3968,75	1,54636669158936	3968,75	0,672354996204376	
3971,875	1,5527331829071	3971,875	0,668685555458069	
3975	1,56031036376953	3975	0,669948220252991	
3978,125	1,55602014064789	3978,125	0,667909383773804	
3981,25	1,55122923851013	3981,25	0,665247321128845	
3984,375	1,55499958992004	3984,375	0,663109958171844	
3987,5	1,55758500099182	3987,5	0,66857898235321	
3990,625	1,56443405151367	3990,625	0,66887092590332	
3993,75	1,56494784355164	3993,75	0,669326961040497	
3996,875	1,56831443309784	3996,875	0,670766949653625	
4000	1,57846474647522	4000	0,674185633659363	
4003,125	1,57919025421143	4003,125	0,670817792415619	
4006,25	1,5789942741394	4006,25	0,668009996414185	
4009,375	1,58139026165009	4009,375	0,665211856365204	
4012,5	1,58370471000671	4012,5	0,667684316635132	
4015,625	1,58777439594269	4015,625	0,668141424655914	
4018,75	1,58982288837433	4018,75	0,667504549026489	
4021,875	1,59315991401672	4021,875	0,666290819644928	
4025	1,59706604480743	4025	0,666658580303192	
4028,125	1,59209752082825	4028,125	0,664591073989868	
4031,25	1,60003578662872	4031,25	0,653702557086945	
4034,375	1,6022846698761	4034,375	0,658115923404694	
4037,5	1,60790884494781	4037,5	0,664082288742065	
4040,625	1,59948515892029	4040,625	0,65282815694809	
4043,75	1,60799551010132	4043,75	0,653261542320251	
4046,875	1,6131386756897	4046,875	0,648872017860413	
4050	1,61449480056763	4050	0,648323237895966	
4053,125	1,61337518692017	4053,125	0,652885854244232	
4056,25	1,62149047851563	4056,25	0,648314952850342	
4059,375	1,61585736274719	4059,375	0,649621188640594	
4062,5	1,61881148815155	4062,5	0,639054477214813	
4065,625	1,62600028514862	4065,625	0,642836630344391	
4068,75	1,62605273723602	4068,75	0,641829133033752	
4071,875	1,62469637393951	4071,875	0,637024343013763	
4075	1,63488411903381	4075	0,641463696956635	
4078,125	1,63505136966705	4078,125	0,641897201538086	
4081,25	1,63997340202332	4081,25	0,637661814689636	
4084,375	1,63860213756561	4084,375	0,629813134670258	
4087,5	1,64476132392883	4087,5	0,632723331451416	
4090,625	1,63706374168396	4090,625	0,628690361976624	
4093,75	1,64277064800262	4093,75	0,61714094877243	
4096,875	1,64440858364105	4096,875	0,623871505260468	
4100	1,650181889534	4100	0,622392117977142	
4103,125	1,64988601207733	4103,125	0,619539082050323	
4106,25	1,64607834815979	4106,25	0,619286119937897	
4109,375	1,65453398227692	4109,375	0,618356883525848	
4112,5	1,65127551555634	4112,5	0,608233213424683	
4115,625	1,65242087841034	4115,625	0,609410643577576	
4118,75	1,65490758419037	4118,75	0,611840665340424	
4121,875	1,65096259117126	4121,875	0,612401366233826	
4125	1,65373659133911	4125	0,601745128631592	
4128,125	1,65354704856873	4128,125	0,601133286952972	
4131,25	1,65129387378693	4131,25	0,604360282421112	
4134,375	1,65665340423584	4134,375	0,599966406822205	
4137,5	1,65886127948761	4137,5	0,599530816078186	
4140,625	1,65413653850555	4140,625	0,599126279354095	
4143,75	1,65864980220795	4143,75	0,593731045722961	
4146,875	1,65393853187561	4146,875	0,595439612865448	
4150	1,65732038021088	4150	0,589540362358093	
4153,125	1,66520524024963	4153,125	0,596338987350464	
4156,25	1,66449010372162	4156,25	0,592509806156158	
4159,375	1,65441966056824	4159,375	0,593439221382141	
4162,5	1,66035616397858	4162,5	0,587931454181671	
4165,625	1,66375088691711	4165,625	0,586468935012817	
4168,75	1,66159784793854	4168,75	0,585226237773895	
4171,875	1,65809810161591	4171,875	0,585445404052734	
4175	1,65950095653534	4175	0,591281831264496	
4178,125	1,66768658161163	4178,125	0,590624451637268	
4181,25	1,66758918762207	4181,25	0,582498252391815	
4184,375	1,66398441791534	4184,375	0,58500462770462	
4187,5	1,66741716861725	4187,5	0,584738254547119	
4190,625	1,66920733451843	4190,625	0,586266875267029	
4193,75	1,6679425239563	4193,75	0,585916578769684	
4196,875	1,66960263252258	4196,875	0,582570552825928	
4200	1,66945576667786	4200	0,583693981170654	
4203,125	1,67262732982635	4203,125	0,579859018325806	
4206,25	1,66800141334534	4206,25	0,573150098323822	
4209,375	1,67062926292419	4209,375	0,57703047990799	
4212,5	1,67401075363159	4212,5	0,580586433410645	
4215,625	1,67739045619965	4215,625	0,579435169696808	
4218,75	1,67887556552887	4218,75	0,579784333705902	
4221,875	1,6789048910141	4221,875	0,579620957374573	
4225	1,68263626098633	4225	0,575962960720062	
4228,125	1,67989325523376	4228,125	0,573194086551666	
4231,25	1,68085753917694	4231,25	0,578564584255219	
4234,375	1,68230783939362	4234,375	0,573827087879181	
4237,5	1,68389201164246	4237,5	0,569249987602234	
4240,625	1,68488144874573	4240,625	0,575475096702576	
4243,75	1,68303143978119	4243,75	0,569393992424011	
4246,875	1,68690955638885	4246,875	0,573922514915466	
4250	1,68864953517914	4250	0,572130441665649	
4253,125	1,68553555011749	4253,125	0,567038059234619	
4256,25	1,68986237049103	4256,25	0,565499365329742	
4259,375	1,68783581256866	4259,375	0,57149463891983	
4262,5	1,69497990608215	4262,5	0,571356952190399	
4265,625	1,69709932804108	4265,625	0,564463913440704	
4268,75	1,69401001930237	4268,75	0,567611992359161	
4271,875	1,69014203548431	4271,875	0,565774619579315	
4275	1,70592546463013	4275	0,563943326473236	
4278,125	1,70117330551147	4278,125	0,562244415283203	
4281,25	1,69604110717773	4281,25	0,563909113407135	
4284,375	1,70993268489838	4284,375	0,559857368469238	
4287,5	1,70646631717682	4287,5	0,560071349143982	
4290,625	1,70483231544495	4290,625	0,559960544109344	
4293,75	1,70219349861145	4293,75	0,554324567317963	
4296,875	1,69860827922821	4296,875	0,551685631275177	
4300	1,7036966085434	4300	0,549473583698273	
4303,125	1,71239447593689	4303,125	0,549761593341827	
4306,25	1,70785796642303	4306,25	0,545071721076965	
4309,375	1,70301902294159	4309,375	0,54902172088623	
4312,5	1,71222388744354	4312,5	0,547201573848724	
4315,625	1,7127228975296	4315,625	0,540369033813477	
4318,75	1,71052300930023	4318,75	0,540694296360016	
4321,875	1,71207797527313	4321,875	0,53832733631134	
4325	1,71016311645508	4325	0,536786556243896	
4328,125	1,70841109752655	4328,125	0,54200679063797	
4331,25	1,71353149414063	4331,25	0,54404604434967	
4334,375	1,7113972902298	4334,375	0,539253413677216	
4337,5	1,71629464626312	4337,5	0,540505647659302	
4340,625	1,71278285980225	4340,625	0,535868704319	
4343,75	1,71396279335022	4343,75	0,535187661647797	
4346,875	1,71181058883667	4346,875	0,529900312423706	
4350	1,71467041969299	4350	0,528565108776093	
4353,125	1,71340870857239	4353,125	0,53129518032074	
4356,25	1,71137988567352	4356,25	0,529087483882904	
4359,375	1,71016979217529	4359,375	0,52421236038208	
4362,5	1,71653342247009	4362,5	0,530465245246887	
4365,625	1,7119060754776	4365,625	0,535154283046722	
4368,75	1,71534013748169	4368,75	0,531867325305939	
4371,875	1,71117520332336	4371,875	0,526724755764008	
4375	1,71013534069061	4375	0,52719908952713	
4378,125	1,72106695175171	4378,125	0,531901001930237	
4381,25	1,71911764144897	4381,25	0,528990626335144	
4384,375	1,71940636634827	4384,375	0,527146875858307	
4387,5	1,71693992614746	4387,5	0,529154658317566	
4390,625	1,7208057641983	4390,625	0,532149791717529	
4393,75	1,72971129417419	4393,75	0,530325531959534	
4396,875	1,73061239719391	4396,875	0,535602867603302	
4400	1,73079776763916	4400	0,532829403877258	
4403,125	1,73005652427673	4403,125	0,530185043811798	
4406,25	1,73458528518677	4406,25	0,528778672218323	
4409,375	1,74238288402557	4409,375	0,528323233127594	
4412,5	1,74148213863373	4412,5	0,527149319648743	
4415,625	1,7464485168457	4415,625	0,529137194156647	
4418,75	1,75265216827393	4418,75	0,529091775417328	
4421,875	1,75569033622742	4421,875	0,530202448368073	
4425	1,75486826896667	4425	0,525754034519196	
4428,125	1,7623850107193	4428,125	0,524511456489563	
4431,25	1,76160490512848	4431,25	0,527224540710449	
4434,375	1,76485097408295	4434,375	0,516565799713135	
4437,5	1,7684291601181	4437,5	0,514473795890808	
4440,625	1,77016735076904	4440,625	0,513042807579041	
4443,75	1,77138590812683	4443,75	0,503322422504425	
4446,875	1,77687096595764	4446,875	0,50947368144989	
4450	1,77988505363464	4450	0,5084308385849	
4453,125	1,7821843624115	4453,125	0,500339925289154	
4456,25	1,77853333950043	4456,25	0,498840749263763	
4459,375	1,77779650688171	4459,375	0,493707925081253	
4462,5	1,7914115190506	4462,5	0,491902381181717	
4465,625	1,78924572467804	4465,625	0,487819790840149	
4468,75	1,79207289218903	4468,75	0,488102674484253	
4471,875	1,79663109779358	4471,875	0,477673292160034	
4475	1,79342353343964	4475	0,471816182136536	
4478,125	1,79115188121796	4478,125	0,465887188911438	
4481,25	1,80333125591278	4481,25	0,463697642087936	
4484,375	1,80086886882782	4484,375	0,462419897317886	
4487,5	1,79537677764893	4487,5	0,457923412322998	
4490,625	1,79992580413818	4490,625	0,457689613103867	
4493,75	1,80114960670471	4493,75	0,453175663948059	
4496,875	1,80445909500122	4496,875	0,439929962158203	
4500	1,80519330501556	4500	0,445639252662659	
4503,125	1,80849504470825	4503,125	0,439996659755707	
4506,25	1,81108963489532	4506,25	0,438765913248062	
4509,375	1,81373012065887	4509,375	0,435608834028244	
4512,5	1,8092052936554	4512,5	0,430754959583282	
4515,625	1,80844342708588	4515,625	0,426000624895096	
4518,75	1,81105136871338	4518,75	0,427851229906082	
4521,875	1,81348502635956	4521,875	0,4228755235672	
4525	1,81445205211639	4525	0,415533185005188	
4528,125	1,8123174905777	4528,125	0,407495588064194	
4531,25	1,815584897995	4531,25	0,403364211320877	
4534,375	1,8170862197876	4534,375	0,403387248516083	
4537,5	1,8179144859314	4537,5	0,396617323160172	
4540,625	1,81862986087799	4540,625	0,393479019403458	
4543,75	1,82043516635895	4543,75	0,388016223907471	
4546,875	1,81977570056915	4546,875	0,386423707008362	
4550	1,82017457485199	4550	0,3872250020504	
4553,125	1,81973791122437	4553,125	0,380208641290665	
4556,25	1,82289350032806	4556,25	0,376534640789032	
4559,375	1,81723427772522	4559,375	0,378805875778198	
4562,5	1,83636522293091	4562,5	0,364807456731796	
4565,625	1,82851552963257	4565,625	0,365799248218536	
4568,75	1,82924294471741	4568,75	0,362723857164383	
4571,875	1,82663881778717	4571,875	0,361019134521484	
4575	1,82901740074158	4575	0,353581935167313	
4578,125	1,82499170303345	4578,125	0,34630474448204	
4581,25	1,82795476913452	4581,25	0,337585717439651	
4584,375	1,83279252052307	4584,375	0,337176501750946	
4587,5	1,83327662944794	4587,5	0,340200304985046	
4590,625	1,83730757236481	4590,625	0,331796765327454	
4593,75	1,83757507801056	4593,75	0,330084592103958	
4596,875	1,83330452442169	4596,875	0,322489112615585	
4600	1,83783066272736	4600	0,32069531083107	
4603,125	1,84429860115051	4603,125	0,31793686747551	
4606,25	1,83799088001251	4606,25	0,315262973308563	
4609,375	1,83913695812225	4609,375	0,31514710187912	
4612,5	1,84216034412384	4612,5	0,307801067829132	
4615,625	1,83836007118225	4615,625	0,302382946014404	
4618,75	1,8430323600769	4618,75	0,298182040452957	
4621,875	1,84533321857452	4621,875	0,296887546777725	
4625	1,84467804431915	4625	0,284738600254059	
4628,125	1,84508991241455	4628,125	0,282942742109299	
4631,25	1,84705114364624	4631,25	0,27685534954071	
4634,375	1,85451972484589	4634,375	0,274278074502945	
4637,5	1,85004568099976	4637,5	0,275063961744308	
4640,625	1,84692800045013	4640,625	0,268704384565353	
4643,75	1,85438299179077	4643,75	0,263121902942657	
4646,875	1,8576192855835	4646,875	0,262156844139099	
4650	1,8592723608017	4650	0,25609090924263	
4653,125	1,86337506771088	4653,125	0,253943860530853	
4656,25	1,86422944068909	4656,25	0,251379102468491	
4659,375	1,86405038833618	4659,375	0,253215253353119	
4662,5	1,87774908542633	4662,5	0,249535158276558	
4665,625	1,87559473514557	4665,625	0,240422189235687	
4668,75	1,86841905117035	4668,75	0,241549640893936	
4671,875	1,87281012535095	4671,875	0,225310742855072	
4675	1,87436091899872	4675	0,221049472689629	
4678,125	1,88038337230682	4678,125	0,219733208417892	
4681,25	1,87564098834991	4681,25	0,215807572007179	
4684,375	1,88827681541443	4684,375	0,213805794715881	
4687,5	1,89296889305115	4687,5	0,208118543028831	
4690,625	1,89007234573364	4690,625	0,202288284897804	
4693,75	1,89346730709076	4693,75	0,195429444313049	
4696,875	1,90157330036163	4696,875	0,194010123610497	
4700	1,90967965126038	4700	0,188886687159538	
4703,125	1,90640258789063	4703,125	0,182125985622406	
4706,25	1,90643930435181	4706,25	0,175548791885376	
4709,375	1,91272389888763	4709,375	0,168007627129555	
4712,5	1,91513323783875	4712,5	0,165707901120186	
4715,625	1,91498827934265	4715,625	0,158641204237938	
4718,75	1,91533148288727	4718,75	0,153394043445587	
4721,875	1,91731441020966	4721,875	0,150687247514725	
4725	1,92258489131927	4725	0,143837556242943	
4728,125	1,9271183013916	4728,125	0,136195853352547	
4731,25	1,92983591556549	4731,25	0,133471682667732	
4734,375	1,9297399520874	4734,375	0,130180969834328	
4737,5	1,93307209014893	4737,5	0,124280884861946	
4740,625	1,93629217147827	4740,625	0,114103212952614	
4743,75	1,94099402427673	4743,75	0,102348029613495	
4746,875	1,94325649738312	4746,875	0,100751727819443	
4750	1,94960403442383	4750	0,0956289917230606	
4753,125	1,95671474933624	4753,125	0,0876278057694435	
4756,25	1,95562601089478	4756,25	0,080382913351059	
4759,375	1,95099520683289	4759,375	0,0718236863613129	
4762,5	1,95239067077637	4762,5	0,0621777065098286	
4765,625	1,95383143424988	4765,625	0,0606869831681252	
4768,75	1,95606625080109	4768,75	0,0535508506000042	
4771,875	1,95767641067505	4771,875	0,0491156838834286	
4775	1,95076155662537	4775	0,0384274683892727	
4778,125	1,96164262294769	4778,125	0,034246064722538	
4781,25	1,95763719081879	4781,25	0,0350170992314816	
4784,375	1,95819056034088	4784,375	0,0288892332464457	
4787,5	1,96126401424408	4787,5	0,0217159017920494	
4790,625	1,96335816383362	4790,625	0,0207888539880514	
4793,75	1,9663313627243	4793,75	0,0132627505809069	
4796,875	1,96957361698151	4796,875	0,00797730498015881	
4800	1,96864330768585	4800	0,00348155619576573	
4803,125	1,97280168533325	4803,125	-0,00566840497776866	
4806,25	1,98109650611877	4806,25	-0,00818399526178837	
4809,375	1,97929966449738	4809,375	-0,00591064151376486	
4812,5	1,98389279842377	4812,5	-0,012885776348412	
4815,625	1,98412215709686	4815,625	-0,013249590061605	
4818,75	1,98495209217072	4818,75	-0,018185256049037	
4821,875	1,99114191532135	4821,875	-0,0254758074879646	
4825	1,9963766336441	4825	-0,0270107593387365	
4828,125	1,99806249141693	4828,125	-0,0333511717617512	
4831,25	1,99720120429993	4831,25	-0,0364116840064526	
4834,375	1,99921131134033	4834,375	-0,0397881753742695	
4837,5	2,00303483009338	4837,5	-0,043329045176506	
4840,625	2,00789475440979	4840,625	-0,0478291362524033	
4843,75	2,0136513710022	4843,75	-0,05108442902565	
4846,875	2,01551270484924	4846,875	-0,0588309429585934	
4850	2,02139902114868	4850	-0,0630659461021423	
4853,125	2,02755928039551	4853,125	-0,0666496232151985	
4856,25	2,02924418449402	4856,25	-0,0690902918577194	
4859,375	2,03297019004822	4859,375	-0,0764234289526939	
4862,5	2,02866530418396	4862,5	-0,0779620334506035	
4865,625	2,03656673431396	4865,625	-0,0835911482572556	
4868,75	2,04120182991028	4868,75	-0,0881804451346397	
4871,875	2,0470724105835	4871,875	-0,0899331793189049	
4875	2,05428743362427	4875	-0,0925695523619652	
4878,125	2,05201935768127	4878,125	-0,0994733944535255	
4881,25	2,05530571937561	4881,25	-0,101836666464806	
4884,375	2,0612199306488	4884,375	-0,103385359048843	
4887,5	2,06762528419495	4887,5	-0,10464159399271	
4890,625	2,07046437263489	4890,625	-0,115082964301109	
4893,75	2,06900930404663	4893,75	-0,119603186845779	
4896,875	2,07779455184937	4896,875	-0,123471207916737	
4900	2,08696532249451	4900	-0,125185057520866	
4903,125	2,09290647506714	4903,125	-0,124600566923618	
4906,25	2,09264397621155	4906,25	-0,125402450561523	
4909,375	2,09615659713745	4909,375	-0,140176758170128	
4912,5	2,10528111457825	4912,5	-0,142424389719963	
4915,625	2,11168622970581	4915,625	-0,145311281085014	
4918,75	2,11279821395874	4918,75	-0,149525821208954	
4921,875	2,11801671981812	4921,875	-0,155711218714714	
4925	2,12567543983459	4925	-0,158226102590561	
4928,125	2,13098001480103	4928,125	-0,16142101585865	
4931,25	2,13367295265198	4931,25	-0,163229659199715	
4934,375	2,13630747795105	4934,375	-0,170969754457474	
4937,5	2,13597464561462	4937,5	-0,174995347857475	
4940,625	2,13999223709106	4940,625	-0,175257533788681	
4943,75	2,14952778816223	4943,75	-0,174863904714584	
4946,875	2,15221667289734	4946,875	-0,175472125411034	
4950	2,1567497253418	4950	-0,180318385362625	
4953,125	2,16964983940125	4953,125	-0,174137100577354	
4956,25	2,18012046813965	4956,25	-0,175750628113747	
4959,375	2,19036602973938	4959,375	-0,175595045089722	
4962,5	2,20305514335632	4962,5	-0,180781796574593	
4965,625	2,2105188369751	4965,625	-0,192506968975067	
4968,75	2,22408151626587	4968,75	-0,200575336813927	
4971,875	2,23426175117493	4971,875	-0,201583504676819	
4975	2,23714232444763	4975	-0,205854475498199	
				
