Frequency in Hz	Acrylic_95 Normalized Surface Impedance continuous Re	Frequency in Hz	Acrylic_95 Normalized Surface Impedance continuous Im	
100	2,08533406257629	100	-13,6020221710205	
103,125	2,14483952522278	103,125	-13,8905372619629	
106,25	1,59415090084076	106,25	-12,8246212005615	
109,375	1,72071266174316	109,375	-13,7109785079956	
112,5	1,91471672058105	112,5	-12,1469469070435	
115,625	2,39854645729065	115,625	-11,691333770752	
118,75	2,39017367362976	118,75	-11,7642469406128	
121,875	2,13206458091736	121,875	-11,6368780136108	
125	2,10333943367004	125	-11,5701513290405	
128,125	2,11878490447998	128,125	-11,3090982437134	
131,25	1,45486295223236	131,25	-10,4911804199219	
134,375	1,86222064495087	134,375	-10,7317228317261	
137,5	2,1107234954834	137,5	-10,0668382644653	
140,625	2,17563128471375	140,625	-10,474214553833	
143,75	2,01265239715576	143,75	-9,64144515991211	
146,875	1,79851365089417	146,875	-9,64898872375488	
150	1,44616687297821	150	-9,94998168945313	
153,125	2,02291989326477	153,125	-9,03669548034668	
156,25	1,73565602302551	156,25	-9,11372089385986	
159,375	1,58299005031586	159,375	-9,05959415435791	
162,5	1,54393351078033	162,5	-9,03424263000488	
165,625	1,27660167217255	165,625	-8,75299453735352	
168,75	1,99885284900665	168,75	-8,31863594055176	
171,875	1,79674756526947	171,875	-8,05008029937744	
175	1,76946699619293	175	-8,25708293914795	
178,125	1,85063099861145	178,125	-7,90062284469604	
181,25	1,76491570472717	181,25	-8,00300025939941	
184,375	1,5984560251236	184,375	-7,57191371917725	
187,5	1,62453353404999	187,5	-7,71224355697632	
190,625	1,52185034751892	190,625	-7,69282197952271	
193,75	1,60002672672272	193,75	-7,48756837844849	
196,875	1,57532048225403	196,875	-7,26144361495972	
200	1,69260621070862	200	-7,30509614944458	
203,125	1,54837691783905	203,125	-6,91708660125732	
206,25	1,54804861545563	206,25	-7,11255598068237	
209,375	1,58405470848083	209,375	-6,8539867401123	
212,5	1,42623090744019	212,5	-6,99337291717529	
215,625	1,42111754417419	215,625	-6,83256435394287	
218,75	1,55425560474396	218,75	-6,82649946212769	
221,875	1,24866986274719	221,875	-6,48565816879272	
225	1,40623819828033	225	-6,5635781288147	
228,125	1,4518655538559	228,125	-6,31720161437988	
231,25	1,46465766429901	231,25	-6,19094753265381	
234,375	1,34645283222198	234,375	-6,27434682846069	
237,5	1,39992344379425	237,5	-6,15179109573364	
240,625	1,29691278934479	240,625	-6,07224225997925	
243,75	1,41199064254761	243,75	-5,99850273132324	
246,875	1,50224590301514	246,875	-5,83535146713257	
250	1,31511092185974	250	-5,71229267120361	
253,125	1,39515137672424	253,125	-5,80759286880493	
256,25	1,46421086788177	256,25	-5,63372135162354	
259,375	1,41419804096222	259,375	-5,47106981277466	
262,5	1,24404287338257	262,5	-5,58567476272583	
265,625	1,24462485313416	265,625	-5,50649833679199	
268,75	1,22917449474335	268,75	-5,47528171539307	
271,875	1,26464998722076	271,875	-5,29641103744507	
275	1,42851877212524	275	-5,19406080245972	
278,125	1,43364822864532	278,125	-5,21198606491089	
281,25	1,21324932575226	281,25	-5,06673097610474	
284,375	1,23182547092438	284,375	-5,04746961593628	
287,5	1,33549880981445	287,5	-4,96504926681519	
290,625	1,32280242443085	290,625	-4,85715532302856	
293,75	1,260871052742	293,75	-4,80895137786865	
296,875	1,147625207901	296,875	-4,779625415802	
300	1,23254859447479	300	-4,65425205230713	
303,125	1,35265803337097	303,125	-4,65250682830811	
306,25	1,25692391395569	306,25	-4,34113597869873	
309,375	1,3031861782074	309,375	-4,44182872772217	
312,5	1,35663509368896	312,5	-4,32524490356445	
315,625	1,31642329692841	315,625	-4,32646656036377	
318,75	1,26401352882385	318,75	-4,31002569198608	
321,875	1,41616499423981	321,875	-4,29855918884277	
325	1,48067283630371	325	-4,33909225463867	
328,125	1,44639766216278	328,125	-4,46090364456177	
331,25	1,27048206329346	331,25	-4,40573120117188	
334,375	1,3548846244812	334,375	-4,34451532363892	
337,5	1,28221344947815	337,5	-4,33886194229126	
340,625	1,33332002162933	340,625	-4,38924503326416	
343,75	1,29744803905487	343,75	-4,25520372390747	
346,875	1,18111038208008	346,875	-4,13114833831787	
350	1,240837931633	350	-4,09082889556885	
353,125	1,06863462924957	353,125	-3,92445015907288	
356,25	1,08370184898376	356,25	-4,05495738983154	
359,375	1,09952306747437	359,375	-4,05424976348877	
362,5	1,10822308063507	362,5	-3,8257474899292	
365,625	1,14448654651642	365,625	-3,96384024620056	
368,75	1,16336464881897	368,75	-3,98152589797974	
371,875	1,30013704299927	371,875	-3,87772130966187	
375	1,16417872905731	375	-3,63405418395996	
378,125	1,15463662147522	378,125	-3,73413515090942	
381,25	1,04976713657379	381,25	-3,97030401229858	
384,375	1,09704649448395	384,375	-3,82104253768921	
387,5	1,14248192310333	387,5	-3,69049429893494	
390,625	1,16852259635925	390,625	-3,57106947898865	
393,75	1,04170966148376	393,75	-3,52426385879517	
396,875	1,03935766220093	396,875	-3,54716014862061	
400	0,985810458660126	400	-3,60899686813354	
403,125	1,05400454998016	403,125	-3,53690123558044	
406,25	1,11928272247314	406,25	-3,49380540847778	
409,375	0,975491523742676	409,375	-3,50566411018372	
412,5	1,0266078710556	412,5	-3,44623470306396	
415,625	1,19980454444885	415,625	-3,42394042015076	
418,75	1,28775763511658	418,75	-3,32222604751587	
421,875	1,22793698310852	421,875	-3,3555371761322	
425	1,1403124332428	425	-3,2491192817688	
428,125	1,04519402980804	428,125	-3,4367618560791	
431,25	1,12445735931396	431,25	-3,4578423500061	
434,375	1,26353144645691	434,375	-3,26703095436096	
437,5	1,24071002006531	437,5	-3,22489809989929	
440,625	1,15179491043091	440,625	-3,20060634613037	
443,75	1,17285418510437	443,75	-3,14124178886414	
446,875	1,12382423877716	446,875	-3,17895007133484	
450	1,13099980354309	450	-3,18091487884521	
453,125	1,11702489852905	453,125	-3,07703304290771	
456,25	1,15512835979462	456,25	-2,99341559410095	
459,375	1,13622653484344	459,375	-3,00735592842102	
462,5	1,09895157814026	462,5	-2,9717960357666	
465,625	1,07230651378632	465,625	-2,96150684356689	
468,75	1,10327279567719	468,75	-2,99856185913086	
471,875	1,11629045009613	471,875	-2,95686554908752	
475	1,03996646404266	475	-2,92881345748901	
478,125	1,04913759231567	478,125	-2,92422127723694	
481,25	1,1072781085968	481,25	-2,90829849243164	
484,375	1,1028972864151	484,375	-2,88483333587646	
487,5	1,10345160961151	487,5	-2,87406349182129	
490,625	1,06762874126434	490,625	-2,83516144752502	
493,75	1,06321156024933	493,75	-2,81731367111206	
496,875	1,08643794059753	496,875	-2,76054668426514	
500	1,09035217761993	500	-2,78140354156494	
503,125	1,0864245891571	503,125	-2,76481866836548	
506,25	1,06310153007507	506,25	-2,75401473045349	
509,375	1,06046557426453	509,375	-2,73124074935913	
512,5	1,07416701316833	512,5	-2,70602607727051	
515,625	1,08036017417908	515,625	-2,67558217048645	
518,75	1,03137230873108	518,75	-2,6555347442627	
521,875	1,02463662624359	521,875	-2,65008926391602	
525	1,04997158050537	525	-2,61502075195313	
528,125	1,06066536903381	528,125	-2,61475515365601	
531,25	1,05110275745392	531,25	-2,60332298278809	
534,375	1,05411577224731	534,375	-2,59763240814209	
537,5	1,06163549423218	537,5	-2,57920002937317	
540,625	1,04900014400482	540,625	-2,57111978530884	
543,75	1,0385799407959	543,75	-2,53025650978088	
546,875	1,06155776977539	546,875	-2,51025319099426	
550	1,03485238552094	550	-2,49143409729004	
553,125	1,04473543167114	553,125	-2,503084897995	
556,25	1,06234955787659	556,25	-2,44612956047058	
559,375	1,06987047195435	559,375	-2,45000910758972	
562,5	1,04789412021637	562,5	-2,43710112571716	
565,625	1,03913605213165	565,625	-2,44404721260071	
568,75	1,05655658245087	568,75	-2,40018248558044	
571,875	1,06180238723755	571,875	-2,38901996612549	
575	1,04901170730591	575	-2,37733745574951	
578,125	1,04526698589325	578,125	-2,37319087982178	
581,25	1,06630778312683	581,25	-2,3615357875824	
584,375	1,04595935344696	584,375	-2,33081889152527	
587,5	1,04848647117615	587,5	-2,33040308952332	
590,625	1,04243397712708	590,625	-2,31457853317261	
593,75	1,04033219814301	593,75	-2,29298686981201	
596,875	1,04692566394806	596,875	-2,28794980049133	
600	1,045081615448	600	-2,28854203224182	
603,125	1,03487408161163	603,125	-2,25535798072815	
606,25	1,05534684658051	606,25	-2,24497056007385	
609,375	1,04872155189514	609,375	-2,20504331588745	
612,5	1,05078947544098	612,5	-2,21034979820251	
615,625	1,05379641056061	615,625	-2,18961453437805	
618,75	1,04525744915009	618,75	-2,18442630767822	
621,875	1,04739785194397	621,875	-2,16297817230225	
625	1,05769908428192	625	-2,15854287147522	
628,125	1,04567670822144	628,125	-2,14372754096985	
631,25	1,04771077632904	631,25	-2,13860511779785	
634,375	1,05087530612946	634,375	-2,12372732162476	
637,5	1,06136536598206	637,5	-2,11022353172302	
640,625	1,05201005935669	640,625	-2,09405207633972	
643,75	1,04096055030823	643,75	-2,08754014968872	
646,875	1,04946959018707	646,875	-2,07591867446899	
650	1,05179452896118	650	-2,06479668617249	
653,125	1,04388570785522	653,125	-2,05765461921692	
656,25	1,04389560222626	656,25	-2,05270075798035	
659,375	1,03454065322876	659,375	-2,03400135040283	
662,5	1,04611909389496	662,5	-2,02325654029846	
665,625	1,03950572013855	665,625	-2,01749992370605	
668,75	1,04327189922333	668,75	-2,0051372051239	
671,875	1,04860949516296	671,875	-1,99512684345245	
675	1,05056083202362	675	-1,98558294773102	
678,125	1,0527355670929	678,125	-1,96695578098297	
681,25	1,04721593856812	681,25	-1,95444107055664	
684,375	1,04946148395538	684,375	-1,94941031932831	
687,5	1,05239582061768	687,5	-1,92963862419128	
690,625	1,05082070827484	690,625	-1,92034721374512	
693,75	1,05866241455078	693,75	-1,91780436038971	
696,875	1,06183207035065	696,875	-1,90525555610657	
700	1,04902219772339	700	-1,90319168567657	
703,125	1,0416796207428	703,125	-1,89611124992371	
706,25	1,04556012153625	706,25	-1,86967992782593	
709,375	1,04780578613281	709,375	-1,86473453044891	
712,5	1,03614592552185	712,5	-1,85639226436615	
715,625	1,04667544364929	715,625	-1,84685528278351	
718,75	1,05236065387726	718,75	-1,82919812202454	
721,875	1,04308712482452	721,875	-1,83079516887665	
725	1,05043005943298	725	-1,82331657409668	
728,125	1,05326509475708	728,125	-1,80885529518127	
731,25	1,03732979297638	731,25	-1,80446827411652	
734,375	1,04508805274963	734,375	-1,7942134141922	
737,5	1,04743337631226	737,5	-1,78785252571106	
740,625	1,0452127456665	740,625	-1,77308523654938	
743,75	1,04589867591858	743,75	-1,76561665534973	
746,875	1,04346072673798	746,875	-1,76466810703278	
750	1,04799616336823	750	-1,74298107624054	
753,125	1,05260193347931	753,125	-1,73826384544373	
756,25	1,05157589912415	756,25	-1,7323625087738	
759,375	1,04147613048553	759,375	-1,72452032566071	
762,5	1,04955458641052	762,5	-1,71084880828857	
765,625	1,05122292041779	765,625	-1,70582902431488	
768,75	1,06319773197174	768,75	-1,68922591209412	
771,875	1,05087733268738	771,875	-1,67456340789795	
775	1,05489444732666	775	-1,68024551868439	
778,125	1,06524765491486	778,125	-1,66786420345306	
781,25	1,05776751041412	781,25	-1,65940773487091	
784,375	1,05317044258118	784,375	-1,64858853816986	
787,5	1,06729793548584	787,5	-1,64000201225281	
790,625	1,05806684494019	790,625	-1,63054776191711	
793,75	1,06507623195648	793,75	-1,62849259376526	
796,875	1,05974590778351	796,875	-1,61387193202972	
800	1,06228578090668	800	-1,60927951335907	
803,125	1,06606030464172	803,125	-1,61700940132141	
806,25	1,05989730358124	806,25	-1,61566185951233	
809,375	1,06309020519257	809,375	-1,6033273935318	
812,5	1,06594717502594	812,5	-1,58937561511993	
815,625	1,07718920707703	815,625	-1,57856178283691	
818,75	1,07128429412842	818,75	-1,57010805606842	
821,875	1,07006692886353	821,875	-1,56425023078918	
825	1,06336379051208	825	-1,55339074134827	
828,125	1,07252252101898	828,125	-1,54621315002441	
831,25	1,08215177059174	831,25	-1,5407634973526	
834,375	1,0796617269516	834,375	-1,53968691825867	
837,5	1,07314467430115	837,5	-1,54046988487244	
840,625	1,08020043373108	840,625	-1,53510189056396	
843,75	1,07615435123444	843,75	-1,51950752735138	
846,875	1,07329070568085	846,875	-1,51941180229187	
850	1,07788026332855	850	-1,49273836612701	
853,125	1,07895183563232	853,125	-1,49644804000854	
856,25	1,08952176570892	856,25	-1,50128293037415	
859,375	1,0927152633667	859,375	-1,49473178386688	
862,5	1,08537042140961	862,5	-1,48454356193542	
865,625	1,08578717708588	865,625	-1,47731149196625	
868,75	1,08953714370728	868,75	-1,47745323181152	
871,875	1,08449673652649	871,875	-1,4708845615387	
875	1,08245491981506	875	-1,46466040611267	
878,125	1,09810507297516	878,125	-1,4521871805191	
881,25	1,09276556968689	881,25	-1,44929921627045	
884,375	1,07630360126495	884,375	-1,40743243694305	
887,5	1,08193933963776	887,5	-1,40296602249146	
890,625	1,07766664028168	890,625	-1,39873051643372	
893,75	1,07741057872772	893,75	-1,39438545703888	
896,875	1,07660388946533	896,875	-1,38360559940338	
900	1,07503628730774	900	-1,38127434253693	
903,125	1,07357501983643	903,125	-1,37349927425385	
906,25	1,08181512355804	906,25	-1,36529982089996	
909,375	1,0835188627243	909,375	-1,36235678195953	
912,5	1,07680082321167	912,5	-1,35266053676605	
915,625	1,0844419002533	915,625	-1,34743666648865	
918,75	1,08894836902618	918,75	-1,3398232460022	
921,875	1,07751679420471	921,875	-1,33239138126373	
925	1,08188390731812	925	-1,3265061378479	
928,125	1,08051156997681	928,125	-1,32575929164886	
931,25	1,07863092422485	931,25	-1,32470166683197	
934,375	1,08069944381714	934,375	-1,32051527500153	
937,5	1,07335233688354	937,5	-1,31584000587463	
940,625	1,0776880979538	940,625	-1,30644261837006	
943,75	1,08257830142975	943,75	-1,30077505111694	
946,875	1,0842148065567	946,875	-1,29655373096466	
950	1,08445692062378	950	-1,29556262493134	
953,125	1,08234536647797	953,125	-1,28576397895813	
956,25	1,08583331108093	956,25	-1,28005039691925	
959,375	1,08598959445953	959,375	-1,27446138858795	
962,5	1,08317160606384	962,5	-1,26980805397034	
965,625	1,0871833562851	965,625	-1,26746332645416	
968,75	1,08738076686859	968,75	-1,26874399185181	
971,875	1,08343243598938	971,875	-1,2602367401123	
975	1,08301639556885	975	-1,25224626064301	
978,125	1,08343255519867	978,125	-1,25308561325073	
981,25	1,08332288265228	981,25	-1,24383306503296	
984,375	1,08314979076385	984,375	-1,24469447135925	
987,5	1,08559775352478	987,5	-1,24358308315277	
990,625	1,08420085906982	990,625	-1,2376925945282	
993,75	1,08042800426483	993,75	-1,2386486530304	
996,875	1,0838418006897	996,875	-1,23146367073059	
1000	1,08310759067535	1000	-1,22666096687317	
1003,125	1,08388221263885	1003,125	-1,22569799423218	
1006,25	1,08484208583832	1006,25	-1,2199524641037	
1009,375	1,083331823349	1009,375	-1,21939337253571	
1012,5	1,07949900627136	1012,5	-1,21885657310486	
1015,625	1,0858097076416	1015,625	-1,21163725852966	
1018,75	1,07674694061279	1018,75	-1,20759320259094	
1021,875	1,07895052433014	1021,875	-1,20955491065979	
1025	1,07442724704742	1025	-1,2056223154068	
1028,125	1,07614719867706	1028,125	-1,20300281047821	
1031,25	1,07213616371155	1031,25	-1,20354056358337	
1034,375	1,07159507274628	1034,375	-1,20320653915405	
1037,5	1,06493091583252	1037,5	-1,19635164737701	
1040,625	1,06411123275757	1040,625	-1,19651472568512	
1043,75	1,06107294559479	1043,75	-1,19358861446381	
1046,875	1,05949211120605	1046,875	-1,1960871219635	
1050	1,05264115333557	1050	-1,19326841831207	
1053,125	1,04719007015228	1053,125	-1,19860255718231	
1056,25	1,038041472435	1056,25	-1,19378805160522	
1059,375	1,03946137428284	1059,375	-1,18658685684204	
1062,5	1,03373825550079	1062,5	-1,18806624412537	
1065,625	1,01953816413879	1065,625	-1,18456995487213	
1068,75	1,01635110378265	1068,75	-1,18071401119232	
1071,875	1,0096263885498	1071,875	-1,17962241172791	
1075	1,00052213668823	1075	-1,17196905612946	
1078,125	0,98989063501358	1078,125	-1,16812515258789	
1081,25	0,986029803752899	1081,25	-1,16227328777313	
1084,375	0,975851535797119	1084,375	-1,15318512916565	
1087,5	0,964346587657928	1087,5	-1,14302265644073	
1090,625	0,957160115242004	1090,625	-1,13573718070984	
1093,75	0,948758959770203	1093,75	-1,12633335590363	
1096,875	0,934547662734985	1096,875	-1,11461102962494	
1100	0,928655862808228	1100	-1,10540640354156	
1103,125	0,920880138874054	1103,125	-1,0888843536377	
1106,25	0,925141751766205	1106,25	-1,06876599788666	
1109,375	0,915314555168152	1109,375	-1,05326676368713	
1112,5	0,90523499250412	1112,5	-1,04798662662506	
1115,625	0,907565236091614	1115,625	-1,03197658061981	
1118,75	0,90687370300293	1118,75	-1,01199781894684	
1121,875	0,907740652561188	1121,875	-0,997197985649109	
1125	0,908356964588165	1125	-0,987005531787872	
1128,125	0,910640001296997	1128,125	-0,973580420017242	
1131,25	0,91372138261795	1131,25	-0,954607427120209	
1134,375	0,918179512023926	1134,375	-0,946467459201813	
1137,5	0,921608567237854	1137,5	-0,934156000614166	
1140,625	0,923293113708496	1140,625	-0,925727844238281	
1143,75	0,92915141582489	1143,75	-0,91268527507782	
1146,875	0,930951833724976	1146,875	-0,903069376945496	
1150	0,938270151615143	1150	-0,899553656578064	
1153,125	0,943935692310333	1153,125	-0,893765270709991	
1156,25	0,950066685676575	1156,25	-0,886675536632538	
1159,375	0,954956591129303	1159,375	-0,877654492855072	
1162,5	0,960322618484497	1162,5	-0,873036801815033	
1165,625	0,964366257190704	1165,625	-0,867151856422424	
1168,75	0,962019503116608	1168,75	-0,865737438201904	
1171,875	0,962489247322083	1171,875	-0,858118832111359	
1175	0,967640519142151	1175	-0,85634583234787	
1178,125	0,968266546726227	1178,125	-0,8523108959198	
1181,25	0,972361087799072	1181,25	-0,846880912780762	
1184,375	0,972774744033813	1184,375	-0,841091394424438	
1187,5	0,974309861660004	1187,5	-0,836676299571991	
1190,625	0,977332532405853	1190,625	-0,827537536621094	
1193,75	0,978137314319611	1193,75	-0,820552349090576	
1196,875	0,977757453918457	1196,875	-0,81395423412323	
1200	0,975600481033325	1200	-0,808919847011566	
1203,125	0,977260708808899	1203,125	-0,800330340862274	
1206,25	0,975764811038971	1206,25	-0,798409581184387	
1209,375	0,98065972328186	1209,375	-0,791039168834686	
1212,5	0,982872843742371	1212,5	-0,781004309654236	
1215,625	0,981341361999512	1215,625	-0,777485549449921	
1218,75	0,982720971107483	1218,75	-0,767731070518494	
1221,875	0,98643434047699	1221,875	-0,759552359580994	
1225	0,984890341758728	1225	-0,754766583442688	
1228,125	0,996781885623932	1228,125	-0,745108246803284	
1231,25	0,99946916103363	1231,25	-0,743510782718658	
1234,375	1,00112450122833	1234,375	-0,735884249210358	
1237,5	1,00397229194641	1237,5	-0,729082584381104	
1240,625	1,00370001792908	1240,625	-0,721606373786926	
1243,75	1,01286661624908	1243,75	-0,714365839958191	
1246,875	1,01564395427704	1246,875	-0,713120996952057	
1250	1,02053678035736	1250	-0,706124186515808	
1253,125	1,02426397800446	1253,125	-0,703655898571014	
1256,25	1,02695822715759	1256,25	-0,70168536901474	
1259,375	1,03217875957489	1259,375	-0,698525249958038	
1262,5	1,03717565536499	1262,5	-0,686410307884216	
1265,625	1,03714549541473	1265,625	-0,687324047088623	
1268,75	1,041579246521	1268,75	-0,684520423412323	
1271,875	1,04462826251984	1271,875	-0,680017709732056	
1275	1,04535222053528	1275	-0,676844537258148	
1278,125	1,04971313476563	1278,125	-0,674609661102295	
1281,25	1,05248594284058	1281,25	-0,669015169143677	
1284,375	1,05579721927643	1284,375	-0,666898429393768	
1287,5	1,05727994441986	1287,5	-0,662692070007324	
1290,625	1,05895185470581	1290,625	-0,658609867095947	
1293,75	1,06427347660065	1293,75	-0,657762348651886	
1296,875	1,06935715675354	1296,875	-0,651047170162201	
1300	1,07080471515656	1300	-0,64758288860321	
1303,125	1,07311713695526	1303,125	-0,647737443447113	
1306,25	1,07617747783661	1306,25	-0,644986927509308	
1309,375	1,07450640201569	1309,375	-0,641925871372223	
1312,5	1,07775604724884	1312,5	-0,641462028026581	
1315,625	1,08158135414124	1315,625	-0,637534618377686	
1318,75	1,0863299369812	1318,75	-0,635051667690277	
1321,875	1,08660817146301	1321,875	-0,631526231765747	
1325	1,08947992324829	1325	-0,631955087184906	
1328,125	1,09394860267639	1328,125	-0,627845466136932	
1331,25	1,09408950805664	1331,25	-0,624770700931549	
1334,375	1,09417057037354	1334,375	-0,624359130859375	
1337,5	1,09502875804901	1337,5	-0,621832728385925	
1340,625	1,09878122806549	1340,625	-0,618466079235077	
1343,75	1,10074722766876	1343,75	-0,616426467895508	
1346,875	1,10020124912262	1346,875	-0,614922702312469	
1350	1,10403382778168	1350	-0,611236870288849	
1353,125	1,10354888439178	1353,125	-0,610344648361206	
1356,25	1,10274124145508	1356,25	-0,609546601772308	
1359,375	1,1058657169342	1359,375	-0,606519997119904	
1362,5	1,10932004451752	1362,5	-0,603972434997559	
1365,625	1,10929501056671	1365,625	-0,605046510696411	
1368,75	1,11244034767151	1368,75	-0,601759135723114	
1371,875	1,11726891994476	1371,875	-0,597870290279388	
1375	1,11591291427612	1375	-0,595651984214783	
1378,125	1,11603462696075	1378,125	-0,595958113670349	
1381,25	1,11715281009674	1381,25	-0,593100905418396	
1384,375	1,11922490596771	1384,375	-0,59100604057312	
1387,5	1,12050783634186	1387,5	-0,590377926826477	
1390,625	1,12190794944763	1390,625	-0,588688433170319	
1393,75	1,12348687648773	1393,75	-0,588235855102539	
1396,875	1,12363743782043	1396,875	-0,586539387702942	
1400	1,12369668483734	1400	-0,585901200771332	
1403,125	1,12511456012726	1403,125	-0,583294451236725	
1406,25	1,12709975242615	1406,25	-0,581611335277557	
1409,375	1,12741982936859	1409,375	-0,579248487949371	
1412,5	1,12850117683411	1412,5	-0,580295562744141	
1415,625	1,12832999229431	1415,625	-0,579339623451233	
1418,75	1,12755024433136	1418,75	-0,578161656856537	
1421,875	1,12711119651794	1421,875	-0,580368280410767	
1425	1,12792503833771	1425	-0,576808571815491	
1428,125	1,12823581695557	1428,125	-0,573663055896759	
1431,25	1,12818992137909	1431,25	-0,573296368122101	
1434,375	1,12624335289001	1434,375	-0,57256543636322	
1437,5	1,12781882286072	1437,5	-0,571484208106995	
1440,625	1,12565362453461	1440,625	-0,57097852230072	
1443,75	1,12470722198486	1443,75	-0,569376528263092	
1446,875	1,12237274646759	1446,875	-0,568530380725861	
1450	1,12111032009125	1450	-0,565970599651337	
1453,125	1,12068092823029	1453,125	-0,564883232116699	
1456,25	1,11636114120483	1456,25	-0,562727749347687	
1459,375	1,11564266681671	1459,375	-0,56510329246521	
1462,5	1,1124119758606	1462,5	-0,558465838432312	
1465,625	1,11032927036285	1465,625	-0,556959807872772	
1468,75	1,10579228401184	1468,75	-0,555489718914032	
1471,875	1,10176372528076	1471,875	-0,551226437091827	
1475	1,10258769989014	1475	-0,549612462520599	
1478,125	1,10044622421265	1478,125	-0,546354711055756	
1481,25	1,09397208690643	1481,25	-0,543326437473297	
1484,375	1,09231197834015	1484,375	-0,536603808403015	
1487,5	1,09142446517944	1487,5	-0,532257080078125	
1490,625	1,08908224105835	1490,625	-0,524896383285522	
1493,75	1,08978724479675	1493,75	-0,520532310009003	
1496,875	1,08580362796783	1496,875	-0,515840768814087	
1500	1,08337998390198	1500	-0,510118424892426	
1503,125	1,08480262756348	1503,125	-0,504026532173157	
1506,25	1,08866703510284	1506,25	-0,493505954742432	
1509,375	1,08726119995117	1509,375	-0,488491296768188	
1512,5	1,08525264263153	1512,5	-0,485747307538986	
1515,625	1,08550834655762	1515,625	-0,479634433984756	
1518,75	1,08579170703888	1518,75	-0,47346755862236	
1521,875	1,08789348602295	1521,875	-0,469722032546997	
1525	1,08749973773956	1525	-0,463216722011566	
1528,125	1,09073436260223	1528,125	-0,457976639270782	
1531,25	1,09232759475708	1531,25	-0,454461216926575	
1534,375	1,0946489572525	1534,375	-0,448352485895157	
1537,5	1,09679555892944	1537,5	-0,445318520069122	
1540,625	1,09786307811737	1540,625	-0,442583113908768	
1543,75	1,10030353069305	1543,75	-0,437402546405792	
1546,875	1,10201168060303	1546,875	-0,432401716709137	
1550	1,102747797966	1550	-0,429304271936417	
1553,125	1,10592770576477	1553,125	-0,425446897745132	
1556,25	1,10637104511261	1556,25	-0,424778252840042	
1559,375	1,10795640945435	1559,375	-0,41895392537117	
1562,5	1,1109973192215	1562,5	-0,416809767484665	
1565,625	1,11237752437592	1565,625	-0,41379913687706	
1568,75	1,1138768196106	1568,75	-0,409148961305618	
1571,875	1,11509478092194	1571,875	-0,407601565122604	
1575	1,11460840702057	1575	-0,405127733945847	
1578,125	1,11585438251495	1578,125	-0,401725977659225	
1581,25	1,11516833305359	1581,25	-0,398181796073914	
1584,375	1,11712193489075	1584,375	-0,395284920930862	
1587,5	1,11856019496918	1587,5	-0,392189204692841	
1590,625	1,11820769309998	1590,625	-0,390186160802841	
1593,75	1,11931586265564	1593,75	-0,386485517024994	
1596,875	1,11772894859314	1596,875	-0,382213622331619	
1600	1,11886012554169	1600	-0,379287481307983	
1603,125	1,11940002441406	1603,125	-0,374271810054779	
1606,25	1,12057864665985	1606,25	-0,372889012098312	
1609,375	1,12022280693054	1609,375	-0,365416169166565	
1612,5	1,12213778495789	1612,5	-0,360990345478058	
1615,625	1,12397789955139	1615,625	-0,356387704610825	
1618,75	1,12357330322266	1618,75	-0,350824952125549	
1621,875	1,12703943252563	1621,875	-0,349167793989182	
1625	1,13112831115723	1625	-0,342992573976517	
1628,125	1,13316106796265	1628,125	-0,338863104581833	
1631,25	1,13582491874695	1631,25	-0,334407240152359	
1634,375	1,1379622220993	1634,375	-0,333725869655609	
1637,5	1,14074194431305	1637,5	-0,328839868307114	
1640,625	1,1418069601059	1640,625	-0,329991966485977	
1643,75	1,1421492099762	1643,75	-0,3279669880867	
1646,875	1,145663022995	1646,875	-0,326790988445282	
1650	1,1479799747467	1650	-0,324232548475266	
1653,125	1,14916563034058	1653,125	-0,322522133588791	
1656,25	1,15095269680023	1656,25	-0,322582304477692	
1659,375	1,1498429775238	1659,375	-0,319262057542801	
1662,5	1,15131723880768	1662,5	-0,316495895385742	
1665,625	1,15240573883057	1665,625	-0,314557641744614	
1668,75	1,15147316455841	1668,75	-0,310314953327179	
1671,875	1,1493216753006	1671,875	-0,305581301450729	
1675	1,15088641643524	1675	-0,305709838867188	
1678,125	1,15042674541473	1678,125	-0,301453441381454	
1681,25	1,15252006053925	1681,25	-0,299308240413666	
1684,375	1,15279984474182	1684,375	-0,295909970998764	
1687,5	1,15317833423615	1687,5	-0,290258496999741	
1690,625	1,1552506685257	1690,625	-0,287867546081543	
1693,75	1,15477049350739	1693,75	-0,283400326967239	
1696,875	1,15611505508423	1696,875	-0,281951487064362	
1700	1,15556228160858	1700	-0,278862565755844	
1703,125	1,15786194801331	1703,125	-0,275696665048599	
1706,25	1,16001904010773	1706,25	-0,272597968578339	
1709,375	1,16024649143219	1709,375	-0,270069658756256	
1712,5	1,16314101219177	1712,5	-0,266513556241989	
1715,625	1,16432535648346	1715,625	-0,262760758399963	
1718,75	1,16632258892059	1718,75	-0,25913143157959	
1721,875	1,16572725772858	1721,875	-0,257112950086594	
1725	1,16757655143738	1725	-0,255156427621841	
1728,125	1,16781067848206	1728,125	-0,25194376707077	
1731,25	1,17042315006256	1731,25	-0,247725591063499	
1734,375	1,17294371128082	1734,375	-0,245103746652603	
1737,5	1,17238748073578	1737,5	-0,242334023118019	
1740,625	1,17321562767029	1740,625	-0,242105290293694	
1743,75	1,17531943321228	1743,75	-0,23705105483532	
1746,875	1,17763042449951	1746,875	-0,233829632401466	
1750	1,17869257926941	1750	-0,232153415679932	
1753,125	1,17996048927307	1753,125	-0,229766383767128	
1756,25	1,18135321140289	1756,25	-0,226966351270676	
1759,375	1,18164706230164	1759,375	-0,223862022161484	
1762,5	1,18350124359131	1762,5	-0,222131609916687	
1765,625	1,18580758571625	1765,625	-0,218461841344833	
1768,75	1,18636524677277	1768,75	-0,217368692159653	
1771,875	1,18798136711121	1771,875	-0,214152798056602	
1775	1,19043779373169	1775	-0,211114287376404	
1778,125	1,19098556041718	1778,125	-0,209131464362144	
1781,25	1,19226217269897	1781,25	-0,207189053297043	
1784,375	1,19473838806152	1784,375	-0,204033806920052	
1787,5	1,19503355026245	1787,5	-0,201011583209038	
1790,625	1,1961852312088	1790,625	-0,198936268687248	
1793,75	1,19771766662598	1793,75	-0,197932615876198	
1796,875	1,1980265378952	1796,875	-0,19572040438652	
1800	1,19983315467834	1800	-0,193516537547112	
1803,125	1,20061230659485	1803,125	-0,19043093919754	
1806,25	1,2021484375	1806,25	-0,188207507133484	
1809,375	1,20331752300262	1809,375	-0,185919269919395	
1812,5	1,20472395420074	1812,5	-0,183289334177971	
1815,625	1,20640814304352	1815,625	-0,182025447487831	
1818,75	1,20785689353943	1818,75	-0,179957255721092	
1821,875	1,20817518234253	1821,875	-0,177727922797203	
1825	1,20845258235931	1825	-0,175867259502411	
1828,125	1,21032297611237	1828,125	-0,174606069922447	
1831,25	1,21254372596741	1831,25	-0,172002106904984	
1834,375	1,21391451358795	1834,375	-0,170890524983406	
1837,5	1,21429443359375	1837,5	-0,1670902967453	
1840,625	1,21484065055847	1840,625	-0,164987668395042	
1843,75	1,21637082099915	1843,75	-0,162765800952911	
1846,875	1,21696698665619	1846,875	-0,161089435219765	
1850	1,21844613552094	1850	-0,160286113619804	
1853,125	1,21970021724701	1853,125	-0,158037424087524	
1856,25	1,22128820419312	1856,25	-0,155975118279457	
1859,375	1,22244501113892	1859,375	-0,154447510838509	
1862,5	1,22345817089081	1862,5	-0,152987986803055	
1865,625	1,22391581535339	1865,625	-0,151770859956741	
1868,75	1,22497451305389	1868,75	-0,150123327970505	
1871,875	1,22603094577789	1871,875	-0,148278340697289	
1875	1,22726726531982	1875	-0,146369636058807	
1878,125	1,22756946086884	1878,125	-0,143949523568153	
1881,25	1,22851157188416	1881,25	-0,142943441867828	
1884,375	1,22975444793701	1884,375	-0,139722272753716	
1887,5	1,23005497455597	1887,5	-0,137860298156738	
1890,625	1,23264789581299	1890,625	-0,137901484966278	
1893,75	1,23173904418945	1893,75	-0,136090070009232	
1896,875	1,23280882835388	1896,875	-0,134015306830406	
1900	1,23330736160278	1900	-0,13209593296051	
1903,125	1,23364675045013	1903,125	-0,130559325218201	
1906,25	1,23521280288696	1906,25	-0,12913028895855	
1909,375	1,23670470714569	1909,375	-0,127225488424301	
1912,5	1,23741936683655	1912,5	-0,125541836023331	
1915,625	1,23715853691101	1915,625	-0,124315142631531	
1918,75	1,23896169662476	1918,75	-0,122268371284008	
1921,875	1,23774695396423	1921,875	-0,119720250368118	
1925	1,2381831407547	1925	-0,119216732680798	
1928,125	1,23895680904388	1928,125	-0,11725390702486	
1931,25	1,23984444141388	1931,25	-0,116205058991909	
1934,375	1,24058103561401	1934,375	-0,115657456219196	
1937,5	1,24229037761688	1937,5	-0,114315360784531	
1940,625	1,2425365447998	1940,625	-0,113359078764915	
1943,75	1,24172604084015	1943,75	-0,110669881105423	
1946,875	1,24215829372406	1946,875	-0,107484482228756	
1950	1,24223589897156	1950	-0,10673962533474	
1953,125	1,24342322349548	1953,125	-0,104970097541809	
1956,25	1,24349081516266	1956,25	-0,103379964828491	
1959,375	1,24421417713165	1959,375	-0,101859904825687	
1962,5	1,24298989772797	1962,5	-0,10004647821188	
1965,625	1,24267888069153	1965,625	-0,0971638709306717	
1968,75	1,24338865280151	1968,75	-0,0955852866172791	
1971,875	1,24380648136139	1971,875	-0,0954525023698807	
1975	1,24380922317505	1975	-0,0911530256271362	
1978,125	1,24248194694519	1978,125	-0,0892939418554306	
1981,25	1,24335718154907	1981,25	-0,0876611843705177	
1984,375	1,24358236789703	1984,375	-0,0854405015707016	
1987,5	1,24485719203949	1987,5	-0,0842421725392342	
1990,625	1,24447309970856	1990,625	-0,0837737992405891	
1993,75	1,24393880367279	1993,75	-0,0803352892398834	
1996,875	1,24443089962006	1996,875	-0,0778606757521629	
2000	1,24481308460236	2000	-0,0754936337471008	
2003,125	1,24488806724548	2003,125	-0,0735400766134262	
2006,25	1,24644780158997	2006,25	-0,0703337639570236	
2009,375	1,24450755119324	2009,375	-0,0691879540681839	
2012,5	1,24563598632813	2012,5	-0,0660380497574806	
2015,625	1,24664688110352	2015,625	-0,0639457106590271	
2018,75	1,24623763561249	2018,75	-0,062192015349865	
2021,875	1,24605512619019	2021,875	-0,0590983517467976	
2025	1,24668741226196	2025	-0,0560156553983688	
2028,125	1,24648928642273	2028,125	-0,0538659989833832	
2031,25	1,24653601646423	2031,25	-0,0510269664227962	
2034,375	1,24732029438019	2034,375	-0,0486831143498421	
2037,5	1,24785828590393	2037,5	-0,0458363369107246	
2040,625	1,2487518787384	2040,625	-0,0435960255563259	
2043,75	1,24974417686462	2043,75	-0,0410288348793983	
2046,875	1,24909770488739	2046,875	-0,0396694540977478	
2050	1,25044393539429	2050	-0,0372176468372345	
2053,125	1,25142955780029	2053,125	-0,032878540456295	
2056,25	1,25092816352844	2056,25	-0,0315593145787716	
2059,375	1,25218665599823	2059,375	-0,0289107915014029	
2062,5	1,25326061248779	2062,5	-0,0252953227609396	
2065,625	1,25435197353363	2065,625	-0,0227435138076544	
2068,75	1,2562403678894	2068,75	-0,0200932864099741	
2071,875	1,25688302516937	2071,875	-0,0197337698191404	
2075	1,25858652591705	2075	-0,0155722992494702	
2078,125	1,25808131694794	2078,125	-0,0125405360013247	
2081,25	1,25913333892822	2081,25	-0,0100801456719637	
2084,375	1,26039278507233	2084,375	-0,0085535766556859	
2087,5	1,26284801959991	2087,5	-0,00634908536449075	
2090,625	1,26376044750214	2090,625	-0,00533923879265785	
2093,75	1,26461601257324	2093,75	-0,00267033907584846	
2096,875	1,26646339893341	2096,875	-0,000825839990284294	
2100	1,26761877536774	2100	0,000335875229211524	
2103,125	1,26970410346985	2103,125	0,00324862170964479	
2106,25	1,27075719833374	2106,25	0,00570443505421281	
2109,375	1,27108824253082	2109,375	0,00873531401157379	
2112,5	1,27180457115173	2112,5	0,00759725924581289	
2115,625	1,27277159690857	2115,625	0,00972527917474508	
2118,75	1,27516114711761	2118,75	0,0132930623367429	
2121,875	1,27719938755035	2121,875	0,0152484541758895	
2125	1,27841281890869	2125	0,0156202204525471	
2128,125	1,27991557121277	2128,125	0,0171620715409517	
2131,25	1,28016722202301	2131,25	0,0194175541400909	
2134,375	1,28033602237701	2134,375	0,021398888900876	
2137,5	1,2816596031189	2137,5	0,0226832516491413	
2140,625	1,28255116939545	2140,625	0,023472061380744	
2143,75	1,2837940454483	2143,75	0,0242920648306608	
2146,875	1,28545820713043	2146,875	0,0264074448496103	
2150	1,28588211536407	2150	0,027962876483798	
2153,125	1,28738737106323	2153,125	0,0295479688793421	
2156,25	1,28676795959473	2156,25	0,0315066277980804	
2159,375	1,28802692890167	2159,375	0,0332165881991386	
2162,5	1,28890120983124	2162,5	0,0348102152347565	
2165,625	1,2882639169693	2165,625	0,0362399332225323	
2168,75	1,29173731803894	2168,75	0,0392123535275459	
2171,875	1,29067206382751	2171,875	0,0404196120798588	
2175	1,29070425033569	2175	0,0416507050395012	
2178,125	1,2931694984436	2178,125	0,0423426106572151	
2181,25	1,29218029975891	2181,25	0,0456827022135258	
2184,375	1,29440760612488	2184,375	0,0471667870879173	
2187,5	1,29536962509155	2187,5	0,0491241291165352	
2190,625	1,29651808738708	2190,625	0,0512420758605003	
2193,75	1,29632782936096	2193,75	0,0513775944709778	
2196,875	1,29708254337311	2196,875	0,0547471269965172	
2200	1,29673588275909	2200	0,0562424920499325	
2203,125	1,2979017496109	2203,125	0,0566674508154392	
2206,25	1,29863798618317	2206,25	0,0588101372122765	
2209,375	1,30115497112274	2209,375	0,0630523413419724	
2212,5	1,3029260635376	2212,5	0,0647071301937103	
2215,625	1,30283951759338	2215,625	0,0662517696619034	
2218,75	1,30448937416077	2218,75	0,0674002692103386	
2221,875	1,30602335929871	2221,875	0,071512907743454	
2225	1,30799746513367	2225	0,0728780031204224	
2228,125	1,30894112586975	2228,125	0,0735767111182213	
2231,25	1,31042623519897	2231,25	0,0755182728171349	
2234,375	1,31129503250122	2234,375	0,076700285077095	
2237,5	1,31134819984436	2237,5	0,0789011046290398	
2240,625	1,31084299087524	2240,625	0,0802357196807861	
2243,75	1,31404376029968	2243,75	0,0812253430485725	
2246,875	1,31618547439575	2246,875	0,0840496867895126	
2250	1,31658339500427	2250	0,087060809135437	
2253,125	1,32025682926178	2253,125	0,0860650837421417	
2256,25	1,32030355930328	2256,25	0,0895243138074875	
2259,375	1,32097220420837	2259,375	0,0900365263223648	
2262,5	1,32412469387054	2262,5	0,0909862145781517	
2265,625	1,32297945022583	2265,625	0,094016969203949	
2268,75	1,3262505531311	2268,75	0,0925403088331223	
2271,875	1,32582485675812	2271,875	0,0956529602408409	
2275	1,3277028799057	2275	0,098195806145668	
2278,125	1,32718241214752	2278,125	0,100089401006699	
2281,25	1,32947409152985	2281,25	0,0972365215420723	
2284,375	1,33182215690613	2284,375	0,0987967699766159	
2287,5	1,33256077766418	2287,5	0,101467087864876	
2290,625	1,33504688739777	2290,625	0,102164871990681	
2293,75	1,33438360691071	2293,75	0,105738371610641	
2296,875	1,33785009384155	2296,875	0,104063674807549	
2300	1,33821380138397	2300	0,10587016493082	
2303,125	1,34026443958282	2303,125	0,106456458568573	
2306,25	1,33995509147644	2306,25	0,108260035514832	
2309,375	1,34002614021301	2309,375	0,108825817704201	
2312,5	1,34083139896393	2312,5	0,110835522413254	
2315,625	1,34299528598785	2315,625	0,11055002361536	
2318,75	1,34289765357971	2318,75	0,111280955374241	
2321,875	1,34416401386261	2321,875	0,112552486360073	
2325	1,34716558456421	2325	0,11391232162714	
2328,125	1,34716928005219	2328,125	0,116291634738445	
2331,25	1,34847152233124	2331,25	0,117243848741055	
2334,375	1,34898912906647	2334,375	0,1188989803195	
2337,5	1,3499858379364	2337,5	0,118417367339134	
2340,625	1,34984564781189	2340,625	0,121591031551361	
2343,75	1,35320997238159	2343,75	0,125115841627121	
2346,875	1,35404133796692	2346,875	0,124207355082035	
2350	1,35451483726501	2350	0,126762807369232	
2353,125	1,35541570186615	2353,125	0,125396177172661	
2356,25	1,3553968667984	2356,25	0,126933947205544	
2359,375	1,35752165317535	2359,375	0,129940062761307	
2362,5	1,357386469841	2362,5	0,130326747894287	
2365,625	1,35768735408783	2365,625	0,128951475024223	
2368,75	1,36172413825989	2368,75	0,13327331840992	
2371,875	1,36072683334351	2371,875	0,135258287191391	
2375	1,36193656921387	2375	0,134176433086395	
2378,125	1,36298763751984	2378,125	0,136256203055382	
2381,25	1,36390101909637	2381,25	0,139372035861015	
2384,375	1,36329901218414	2384,375	0,139970436692238	
2387,5	1,36921918392181	2387,5	0,138744875788689	
2390,625	1,36912417411804	2390,625	0,140622466802597	
2393,75	1,37075698375702	2393,75	0,14395859837532	
2396,875	1,37002575397491	2396,875	0,146755918860435	
2400	1,37038171291351	2400	0,145340710878372	
2403,125	1,37201428413391	2403,125	0,146288275718689	
2406,25	1,37347018718719	2406,25	0,145961105823517	
2409,375	1,374840259552	2409,375	0,148049175739288	
2412,5	1,37460362911224	2412,5	0,151047438383102	
2415,625	1,37940418720245	2415,625	0,151115968823433	
2418,75	1,37999153137207	2418,75	0,151457980275154	
2421,875	1,38144564628601	2421,875	0,154997751116753	
2425	1,38348424434662	2425	0,157222434878349	
2428,125	1,38413572311401	2428,125	0,156055182218552	
2431,25	1,38306307792664	2431,25	0,155732989311218	
2434,375	1,38425004482269	2434,375	0,157320320606232	
2437,5	1,38733172416687	2437,5	0,158482700586319	
2440,625	1,38865876197815	2440,625	0,159401953220367	
2443,75	1,38979065418243	2443,75	0,162207394838333	
2446,875	1,3911349773407	2446,875	0,162822708487511	
2450	1,39243364334106	2450	0,165226563811302	
2453,125	1,39438021183014	2453,125	0,16674230992794	
2456,25	1,39627420902252	2456,25	0,165933579206467	
2459,375	1,39768433570862	2459,375	0,168086603283882	
2462,5	1,40002703666687	2462,5	0,170839607715607	
2465,625	1,39837801456451	2465,625	0,171094059944153	
2468,75	1,39930474758148	2468,75	0,168545797467232	
2471,875	1,40375232696533	2471,875	0,170642197132111	
2475	1,40428018569946	2475	0,171826362609863	
2478,125	1,40424513816833	2478,125	0,172743871808052	
2481,25	1,40686917304993	2481,25	0,174821376800537	
2484,375	1,40694570541382	2484,375	0,175511732697487	
2487,5	1,40867137908936	2487,5	0,174951687455177	
2490,625	1,41103565692902	2490,625	0,180186226963997	
2493,75	1,4133232831955	2493,75	0,178906366229057	
2496,875	1,41663813591003	2496,875	0,179901614785194	
2500	1,41643917560577	2500	0,180850744247437	
2503,125	1,41709935665131	2503,125	0,180284142494202	
2506,25	1,41656219959259	2506,25	0,181933701038361	
2509,375	1,41892230510712	2509,375	0,182439848780632	
2512,5	1,42053937911987	2512,5	0,182953074574471	
2515,625	1,42208218574524	2515,625	0,185605779290199	
2518,75	1,424241065979	2518,75	0,186583891510963	
2521,875	1,42782521247864	2521,875	0,184918835759163	
2525	1,42781591415405	2525	0,188801363110542	
2528,125	1,43227422237396	2528,125	0,188053518533707	
2531,25	1,43296182155609	2531,25	0,187841698527336	
2534,375	1,43007564544678	2534,375	0,187855094671249	
2537,5	1,4362964630127	2537,5	0,187037065625191	
2540,625	1,437952876091	2540,625	0,186441957950592	
2543,75	1,43526220321655	2543,75	0,191424801945686	
2546,875	1,43638122081757	2546,875	0,19230018556118	
2550	1,43899607658386	2550	0,190401285886765	
2553,125	1,44050884246826	2553,125	0,192855983972549	
2556,25	1,44215953350067	2556,25	0,193184405565262	
2559,375	1,44375598430634	2559,375	0,19224052131176	
2562,5	1,44378125667572	2562,5	0,192205786705017	
2565,625	1,44420039653778	2565,625	0,19214653968811	
2568,75	1,44994223117828	2568,75	0,192505270242691	
2571,875	1,44995391368866	2571,875	0,193376079201698	
2575	1,45063710212708	2575	0,195312574505806	
2578,125	1,45269048213959	2578,125	0,195680156350136	
2581,25	1,45538222789764	2581,25	0,196841895580292	
2584,375	1,45938193798065	2584,375	0,196169167757034	
2587,5	1,45944213867188	2587,5	0,196204707026482	
2590,625	1,45993435382843	2590,625	0,197203740477562	
2593,75	1,46514499187469	2593,75	0,196065351366997	
2596,875	1,46505129337311	2596,875	0,196204945445061	
2600	1,46519017219543	2600	0,195649772882462	
2603,125	1,46594178676605	2603,125	0,194392397999763	
2606,25	1,46542656421661	2606,25	0,194624960422516	
2609,375	1,46525156497955	2609,375	0,193018674850464	
2612,5	1,46569299697876	2612,5	0,191411077976227	
2615,625	1,46695518493652	2615,625	0,194242462515831	
2618,75	1,46593260765076	2618,75	0,197005450725555	
2621,875	1,4639527797699	2621,875	0,197161227464676	
2625	1,466592669487	2625	0,19866943359375	
2628,125	1,466841340065	2628,125	0,200726315379143	
2631,25	1,46662437915802	2631,25	0,204882740974426	
2634,375	1,46853911876678	2634,375	0,201862588524818	
2637,5	1,46999526023865	2637,5	0,203812122344971	
2640,625	1,4729175567627	2640,625	0,20727251470089	
2643,75	1,4740799665451	2643,75	0,207902014255524	
2646,875	1,47676563262939	2646,875	0,211079493165016	
2650	1,47777259349823	2650	0,211349204182625	
2653,125	1,48025715351105	2653,125	0,211903601884842	
2656,25	1,48347115516663	2656,25	0,215175494551659	
2659,375	1,48614001274109	2659,375	0,211958304047585	
2662,5	1,48801720142365	2662,5	0,210902705788612	
2665,625	1,49149096012115	2665,625	0,212685450911522	
2668,75	1,49373030662537	2668,75	0,210140138864517	
2671,875	1,49646186828613	2671,875	0,214440017938614	
2675	1,49927175045013	2675	0,217293605208397	
2678,125	1,50052130222321	2678,125	0,213981986045837	
2681,25	1,50430333614349	2681,25	0,215151488780975	
2684,375	1,50524616241455	2684,375	0,215832978487015	
2687,5	1,50803589820862	2687,5	0,214682012796402	
2690,625	1,50972759723663	2690,625	0,213806957006454	
2693,75	1,51099371910095	2693,75	0,216701537370682	
2696,875	1,51785469055176	2696,875	0,215995311737061	
2700	1,51798152923584	2700	0,209933832287788	
2703,125	1,51823806762695	2703,125	0,210206001996994	
2706,25	1,51932299137115	2706,25	0,209413528442383	
2709,375	1,52309811115265	2709,375	0,208258390426636	
2712,5	1,52303242683411	2712,5	0,207295745611191	
2715,625	1,52230501174927	2715,625	0,20842832326889	
2718,75	1,52639472484589	2718,75	0,206214055418968	
2721,875	1,52695536613464	2721,875	0,204194590449333	
2725	1,52809500694275	2725	0,204102843999863	
2728,125	1,53091895580292	2728,125	0,202761828899384	
2731,25	1,53208744525909	2731,25	0,202098697423935	
2734,375	1,53342878818512	2734,375	0,201795101165771	
2737,5	1,5322642326355	2737,5	0,199623063206673	
2740,625	1,53249680995941	2740,625	0,197966605424881	
2743,75	1,53210043907166	2743,75	0,197692438960075	
2746,875	1,53242337703705	2746,875	0,197210803627968	
2750	1,5320725440979	2750	0,200744658708572	
2753,125	1,53452754020691	2753,125	0,198424994945526	
2756,25	1,53373146057129	2756,25	0,197429567575455	
2759,375	1,53283584117889	2759,375	0,196958467364311	
2762,5	1,53329491615295	2762,5	0,196728393435478	
2765,625	1,53231680393219	2765,625	0,19870887696743	
2768,75	1,53567397594452	2768,75	0,198944061994553	
2771,875	1,53637886047363	2771,875	0,198193609714508	
2775	1,53572654724121	2775	0,199065864086151	
2778,125	1,53692698478699	2778,125	0,198401272296906	
2781,25	1,53551495075226	2781,25	0,198294937610626	
2784,375	1,53793692588806	2784,375	0,199737146496773	
2787,5	1,53927779197693	2787,5	0,201905399560928	
2790,625	1,54169583320618	2790,625	0,202346295118332	
2793,75	1,54184985160828	2793,75	0,203119903802872	
2796,875	1,54366135597229	2796,875	0,204667329788208	
2800	1,54795801639557	2800	0,205118373036385	
2803,125	1,54626071453094	2803,125	0,205587387084961	
2806,25	1,54982709884644	2806,25	0,205652207136154	
2809,375	1,54953825473785	2809,375	0,206059649586678	
2812,5	1,55092835426331	2812,5	0,204538837075233	
2815,625	1,5509295463562	2815,625	0,203471958637238	
2818,75	1,55259799957275	2818,75	0,20658965408802	
2821,875	1,55402565002441	2821,875	0,203639969229698	
2825	1,55567646026611	2825	0,202281549572945	
2828,125	1,55531525611877	2828,125	0,205643132328987	
2831,25	1,5564945936203	2831,25	0,203992173075676	
2834,375	1,56004524230957	2834,375	0,207099959254265	
2837,5	1,56241464614868	2837,5	0,204340204596519	
2840,625	1,56260597705841	2840,625	0,203920528292656	
2843,75	1,5633704662323	2843,75	0,206501796841621	
2846,875	1,56659173965454	2846,875	0,202683806419373	
2850	1,56497919559479	2850	0,205048456788063	
2853,125	1,56641280651093	2853,125	0,203733801841736	
2856,25	1,56798601150513	2856,25	0,205250158905983	
2859,375	1,56710135936737	2859,375	0,204647496342659	
2862,5	1,57075333595276	2862,5	0,204279556870461	
2865,625	1,57136368751526	2865,625	0,204738199710846	
2868,75	1,57180333137512	2868,75	0,206489086151123	
2871,875	1,57383823394775	2871,875	0,204492077231407	
2875	1,57461965084076	2875	0,205394953489304	
2878,125	1,57467925548553	2878,125	0,206270918250084	
2881,25	1,57614064216614	2881,25	0,204088032245636	
2884,375	1,57754445075989	2884,375	0,205390512943268	
2887,5	1,57821583747864	2887,5	0,20552334189415	
2890,625	1,57889246940613	2890,625	0,20639842748642	
2893,75	1,58260309696198	2893,75	0,209476411342621	
2896,875	1,58126759529114	2896,875	0,207529112696648	
2900	1,58215224742889	2900	0,208835259079933	
2903,125	1,58341383934021	2903,125	0,210123285651207	
2906,25	1,58555090427399	2906,25	0,210847467184067	
2909,375	1,58700037002563	2909,375	0,212075620889664	
2912,5	1,58890545368195	2912,5	0,211898744106293	
2915,625	1,59160673618317	2915,625	0,213296666741371	
2918,75	1,59231603145599	2918,75	0,214097991585732	
2921,875	1,59322392940521	2921,875	0,214667722582817	
2925	1,59646809101105	2925	0,215496256947517	
2928,125	1,59677958488464	2928,125	0,215357199311256	
2931,25	1,59790873527527	2931,25	0,21900986135006	
2934,375	1,59985983371735	2934,375	0,218143805861473	
2937,5	1,60339522361755	2937,5	0,219662889838219	
2940,625	1,60607647895813	2940,625	0,218591868877411	
2943,75	1,60665106773376	2943,75	0,220315799117088	
2946,875	1,61070144176483	2946,875	0,22236755490303	
2950	1,61210286617279	2950	0,221916884183884	
2953,125	1,61669647693634	2953,125	0,221684798598289	
2956,25	1,61882543563843	2956,25	0,221010148525238	
2959,375	1,61921787261963	2959,375	0,221496000885963	
2962,5	1,6222608089447	2962,5	0,220902785658836	
2965,625	1,62554323673248	2965,625	0,220642447471619	
2968,75	1,62538373470306	2968,75	0,218580365180969	
2971,875	1,62744736671448	2971,875	0,215105295181274	
2975	1,63095796108246	2975	0,216787815093994	
2978,125	1,63345384597778	2978,125	0,216171517968178	
2981,25	1,63208699226379	2981,25	0,213318273425102	
2984,375	1,63400101661682	2984,375	0,211177036166191	
2987,5	1,63482189178467	2987,5	0,210629597306252	
2990,625	1,63562703132629	2990,625	0,212244480848312	
2993,75	1,63518488407135	2993,75	0,211184710264206	
2996,875	1,63606786727905	2996,875	0,210121065378189	
3000	1,63547456264496	3000	0,207045346498489	
3003,125	1,63693106174469	3003,125	0,208165228366852	
3006,25	1,63828802108765	3006,25	0,210787773132324	
3009,375	1,63743948936462	3009,375	0,211120083928108	
3012,5	1,63702297210693	3012,5	0,212444111704826	
3015,625	1,63995492458344	3015,625	0,211512118577957	
3018,75	1,64022421836853	3018,75	0,215115025639534	
3021,875	1,6420704126358	3021,875	0,216865926980972	
3025	1,64286303520203	3025	0,205508187413216	
3028,125	1,64354860782623	3028,125	0,212955549359322	
3031,25	1,6445620059967	3031,25	0,215738117694855	
3034,375	1,64474892616272	3034,375	0,216137558221817	
3037,5	1,64671468734741	3037,5	0,21734893321991	
3040,625	1,64820921421051	3040,625	0,217069044709206	
3043,75	1,6500768661499	3043,75	0,22091580927372	
3046,875	1,6547839641571	3046,875	0,221696048974991	
3050	1,65561068058014	3050	0,222019270062447	
3053,125	1,65454804897308	3053,125	0,221081122756004	
3056,25	1,65673971176147	3056,25	0,222319796681404	
3059,375	1,65884649753571	3059,375	0,221949175000191	
3062,5	1,65991377830505	3062,5	0,221829891204834	
3065,625	1,65861451625824	3065,625	0,223466202616692	
3068,75	1,66108393669128	3068,75	0,223397627472878	
3071,875	1,66286027431488	3071,875	0,225508093833923	
3075	1,66789662837982	3075	0,2270348072052	
3078,125	1,67012214660645	3078,125	0,225375905632973	
3081,25	1,6685197353363	3081,25	0,225575953722	
3084,375	1,66958558559418	3084,375	0,226483896374702	
3087,5	1,67279195785522	3087,5	0,229612246155739	
3090,625	1,67310750484467	3090,625	0,233998239040375	
3093,75	1,67812323570251	3093,75	0,231380045413971	
3096,875	1,67803800106049	3096,875	0,228243499994278	
3100	1,67759025096893	3100	0,227206140756607	
3103,125	1,68007040023804	3103,125	0,229347169399261	
3106,25	1,68252849578857	3106,25	0,231599763035774	
3109,375	1,68388068675995	3109,375	0,233564659953117	
3112,5	1,687584400177	3112,5	0,23381732404232	
3115,625	1,69046199321747	3115,625	0,227937012910843	
3118,75	1,68932998180389	3118,75	0,229962229728699	
3121,875	1,68877804279327	3121,875	0,230086877942085	
3125	1,68943655490875	3125	0,233262419700623	
3128,125	1,69355916976929	3128,125	0,231533259153366	
3131,25	1,6984943151474	3131,25	0,232979834079742	
3134,375	1,69972407817841	3134,375	0,231805458664894	
3137,5	1,69458043575287	3137,5	0,235205516219139	
3140,625	1,69966471195221	3140,625	0,23054039478302	
3143,75	1,7028933763504	3143,75	0,231557264924049	
3146,875	1,70395636558533	3146,875	0,231637090444565	
3150	1,70400905609131	3150	0,231113955378532	
3153,125	1,70922136306763	3153,125	0,233324617147446	
3156,25	1,70308136940002	3156,25	0,233809143304825	
3159,375	1,70780694484711	3159,375	0,232722610235214	
3162,5	1,71051383018494	3162,5	0,233425989747047	
3165,625	1,71280264854431	3165,625	0,23195643723011	
3168,75	1,71654772758484	3168,75	0,229553043842316	
3171,875	1,71534419059753	3171,875	0,230501309037209	
3175	1,71323096752167	3175	0,233742728829384	
3178,125	1,72314023971558	3178,125	0,233349204063416	
3181,25	1,7217493057251	3181,25	0,232936203479767	
3184,375	1,72065198421478	3184,375	0,228151768445969	
3187,5	1,7244211435318	3187,5	0,2344601303339	
3190,625	1,72211468219757	3190,625	0,236506789922714	
3193,75	1,72469985485077	3193,75	0,236056819558144	
3196,875	1,72702240943909	3196,875	0,234122037887573	
3200	1,72478175163269	3200	0,23312783241272	
3203,125	1,72815823554993	3203,125	0,232674866914749	
3206,25	1,73332440853119	3206,25	0,231380268931389	
3209,375	1,73163998126984	3209,375	0,229711204767227	
3212,5	1,7268408536911	3212,5	0,229630693793297	
3215,625	1,72926092147827	3215,625	0,227713093161583	
3218,75	1,72923839092255	3218,75	0,225893452763557	
3221,875	1,72616744041443	3221,875	0,229768320918083	
3225	1,72841191291809	3225	0,231724232435226	
3228,125	1,73209452629089	3228,125	0,229704454541206	
3231,25	1,73488128185272	3231,25	0,234678253531456	
3234,375	1,73836386203766	3234,375	0,226564541459084	
3237,5	1,7331657409668	3237,5	0,230682015419006	
3240,625	1,73585879802704	3240,625	0,232086971402168	
3243,75	1,73831152915955	3243,75	0,235254943370819	
3246,875	1,74580645561218	3246,875	0,230159655213356	
3250	1,73309659957886	3250	0,226821541786194	
3253,125	1,73066174983978	3253,125	0,235607996582985	
3256,25	1,73746967315674	3256,25	0,229058533906937	
3259,375	1,73617172241211	3259,375	0,227698892354965	
3262,5	1,73590612411499	3262,5	0,234568700194359	
3265,625	1,73771345615387	3265,625	0,236186057329178	
3268,75	1,74297070503235	3268,75	0,234328955411911	
3271,875	1,73971951007843	3271,875	0,238332703709602	
3275	1,74359154701233	3275	0,240155160427094	
3278,125	1,74387049674988	3278,125	0,2368383705616	
3281,25	1,74475610256195	3281,25	0,235390082001686	
3284,375	1,74690866470337	3284,375	0,236325517296791	
3287,5	1,74886357784271	3287,5	0,236825168132782	
3290,625	1,74993371963501	3290,625	0,23778635263443	
3293,75	1,75074601173401	3293,75	0,235340982675552	
3296,875	1,74999380111694	3296,875	0,238485440611839	
3300	1,75121355056763	3300	0,23939211666584	
3303,125	1,75388550758362	3303,125	0,241731613874435	
3306,25	1,75412666797638	3306,25	0,241370812058449	
3309,375	1,75227212905884	3309,375	0,240857109427452	
3312,5	1,7550950050354	3312,5	0,239181011915207	
3315,625	1,75634431838989	3315,625	0,240718230605125	
3318,75	1,76101124286652	3318,75	0,242242738604546	
3321,875	1,7628983259201	3321,875	0,23948560655117	
3325	1,76166367530823	3325	0,240769430994987	
3328,125	1,76199638843536	3328,125	0,242805242538452	
3331,25	1,76009392738342	3331,25	0,236010551452637	
3334,375	1,76523327827454	3334,375	0,240777686238289	
3337,5	1,7669370174408	3337,5	0,244455963373184	
3340,625	1,76547372341156	3340,625	0,240862444043159	
3343,75	1,76510465145111	3343,75	0,241680786013603	
3346,875	1,77090752124786	3346,875	0,244725733995438	
3350	1,77380013465881	3350	0,248764365911484	
3353,125	1,77070641517639	3353,125	0,246317118406296	
3356,25	1,77263057231903	3356,25	0,245918706059456	
3359,375	1,77302420139313	3359,375	0,245259419083595	
3362,5	1,77030849456787	3362,5	0,245538219809532	
3365,625	1,77054226398468	3365,625	0,242072090506554	
3368,75	1,77379524707794	3368,75	0,244047582149506	
3371,875	1,7770562171936	3371,875	0,242299631237984	
3375	1,77732145786285	3375	0,241813406348228	
3378,125	1,77515733242035	3378,125	0,242578625679016	
3381,25	1,77856385707855	3381,25	0,239229783415794	
3384,375	1,77935218811035	3384,375	0,242275506258011	
3387,5	1,77780771255493	3387,5	0,24261437356472	
3390,625	1,77904045581818	3390,625	0,245557203888893	
3393,75	1,78071343898773	3393,75	0,243974477052689	
3396,875	1,78187620639801	3396,875	0,247338309884071	
3400	1,78862023353577	3400	0,24748732149601	
3403,125	1,78303897380829	3403,125	0,240186169743538	
3406,25	1,78055667877197	3406,25	0,243388250470161	
3409,375	1,78194749355316	3409,375	0,244458273053169	
3412,5	1,78697025775909	3412,5	0,24643686413765	
3415,625	1,78749179840088	3415,625	0,243261337280273	
3418,75	1,78555738925934	3418,75	0,243682220578194	
3421,875	1,79307436943054	3421,875	0,243006467819214	
3425	1,79086005687714	3425	0,243491768836975	
3428,125	1,78844654560089	3428,125	0,24250790476799	
3431,25	1,78963112831116	3431,25	0,243846118450165	
3434,375	1,79141175746918	3434,375	0,246049180626869	
3437,5	1,79092586040497	3437,5	0,248092979192734	
3440,625	1,79368269443512	3440,625	0,247044309973717	
3443,75	1,79148578643799	3443,75	0,243216186761856	
3446,875	1,79467582702637	3446,875	0,242508634924889	
3450	1,79558825492859	3450	0,244683474302292	
3453,125	1,79694604873657	3453,125	0,244324862957001	
3456,25	1,79869210720062	3456,25	0,241658166050911	
3459,375	1,79863083362579	3459,375	0,242736488580704	
3462,5	1,79790484905243	3462,5	0,243753150105476	
3465,625	1,79608738422394	3465,625	0,243621021509171	
3468,75	1,7990186214447	3468,75	0,244835793972015	
3471,875	1,79771518707275	3471,875	0,244659215211868	
3475	1,79668664932251	3475	0,242806881666183	
3478,125	1,79955410957336	3478,125	0,246876150369644	
3481,25	1,80097651481628	3481,25	0,247903883457184	
3484,375	1,79807829856873	3484,375	0,247313722968102	
3487,5	1,80224001407623	3487,5	0,241122022271156	
3490,625	1,80245769023895	3490,625	0,2459826618433	
3493,75	1,80386590957642	3493,75	0,245362892746925	
3496,875	1,80771398544312	3496,875	0,245606780052185	
3500	1,80639111995697	3500	0,245507523417473	
3503,125	1,80167245864868	3503,125	0,246035024523735	
3506,25	1,80573713779449	3506,25	0,248217090964317	
3509,375	1,79851162433624	3509,375	0,237816616892815	
3512,5	1,80545461177826	3512,5	0,23503090441227	
3515,625	1,80470371246338	3515,625	0,240098863840103	
3518,75	1,80810034275055	3518,75	0,242483332753181	
3521,875	1,80708658695221	3521,875	0,246911108493805	
3525	1,80731570720673	3525	0,244001746177673	
3528,125	1,80870115756989	3528,125	0,24182091653347	
3531,25	1,80635201931	3531,25	0,244563654065132	
3534,375	1,806680560112	3534,375	0,24285677075386	
3537,5	1,80755138397217	3537,5	0,24508886039257	
3540,625	1,80912792682648	3540,625	0,241647392511368	
3543,75	1,81356835365295	3543,75	0,242335245013237	
3546,875	1,81431210041046	3546,875	0,239606350660324	
3550	1,81360828876495	3550	0,239792957901955	
3553,125	1,81327760219574	3553,125	0,24393031001091	
3556,25	1,81399440765381	3556,25	0,243191674351692	
3559,375	1,8118052482605	3559,375	0,247819647192955	
3562,5	1,81797659397125	3562,5	0,240206122398376	
3565,625	1,81549441814423	3565,625	0,238453820347786	
3568,75	1,81577432155609	3568,75	0,240578278899193	
3571,875	1,81397974491119	3571,875	0,2405626475811	
3575	1,81449592113495	3575	0,24056376516819	
3578,125	1,81492066383362	3578,125	0,238934963941574	
3581,25	1,81294989585876	3581,25	0,238909050822258	
3584,375	1,81147038936615	3584,375	0,237347796559334	
3587,5	1,81564390659332	3587,5	0,239615350961685	
3590,625	1,81468760967255	3590,625	0,239571496844292	
3593,75	1,81339061260223	3593,75	0,238059043884277	
3596,875	1,8141655921936	3596,875	0,23935030400753	
3600	1,80796492099762	3600	0,239632368087769	
3603,125	1,8166731595993	3603,125	0,236807316541672	
3606,25	1,81372344493866	3606,25	0,23813384771347	
3609,375	1,81481647491455	3609,375	0,239884972572327	
3612,5	1,81688904762268	3612,5	0,237062826752663	
3615,625	1,81485617160797	3615,625	0,237549528479576	
3618,75	1,81710922718048	3618,75	0,238860994577408	
3621,875	1,82152497768402	3621,875	0,23616261780262	
3625	1,81713128089905	3625	0,236253321170807	
3628,125	1,81815052032471	3628,125	0,234225243330002	
3631,25	1,81687080860138	3631,25	0,235902085900307	
3634,375	1,81348395347595	3634,375	0,237684398889542	
3637,5	1,81955325603485	3637,5	0,238490998744965	
3640,625	1,82716333866119	3640,625	0,228034406900406	
3643,75	1,82486832141876	3643,75	0,231328785419464	
3646,875	1,81867694854736	3646,875	0,230835452675819	
3650	1,81486749649048	3650	0,232070595026016	
3653,125	1,81523883342743	3653,125	0,230539679527283	
3656,25	1,81976890563965	3656,25	0,229480534791946	
3659,375	1,82144439220428	3659,375	0,227134451270103	
3662,5	1,82162237167358	3662,5	0,229787290096283	
3665,625	1,81902611255646	3665,625	0,229095548391342	
3668,75	1,817143201828	3668,75	0,227345749735832	
3671,875	1,8169721364975	3671,875	0,222092285752296	
3675	1,82308709621429	3675	0,222088068723679	
3678,125	1,81719243526459	3678,125	0,223073020577431	
3681,25	1,81550848484039	3681,25	0,22248475253582	
3684,375	1,81558978557587	3684,375	0,22164012491703	
3687,5	1,81490111351013	3687,5	0,219445079565048	
3690,625	1,81326007843018	3690,625	0,221405580639839	
3693,75	1,81227958202362	3693,75	0,222058326005936	
3696,875	1,81645381450653	3696,875	0,2218958735466	
3700	1,81590628623962	3700	0,221956461668015	
3703,125	1,81224763393402	3703,125	0,222122505307198	
3706,25	1,81138622760773	3706,25	0,220164388418198	
3709,375	1,81647264957428	3709,375	0,219115912914276	
3712,5	1,81271708011627	3712,5	0,218396186828613	
3715,625	1,81148195266724	3715,625	0,218244150280952	
3718,75	1,81864893436432	3718,75	0,222660779953003	
3721,875	1,8174192905426	3721,875	0,216875433921814	
3725	1,81074452400208	3725	0,2156171053648	
3728,125	1,8151216506958	3728,125	0,21615943312645	
3731,25	1,81447505950928	3731,25	0,213035434484482	
3734,375	1,81558191776276	3734,375	0,217789337038994	
3737,5	1,81750404834747	3737,5	0,215102061629295	
3740,625	1,81595015525818	3740,625	0,217035159468651	
3743,75	1,81599688529968	3743,75	0,215078011155128	
3746,875	1,82135462760925	3746,875	0,213130921125412	
3750	1,81694006919861	3750	0,213892310857773	
3753,125	1,81621110439301	3753,125	0,208382070064545	
3756,25	1,81409704685211	3756,25	0,21047280728817	
3759,375	1,81406462192535	3759,375	0,206264778971672	
3762,5	1,81785929203033	3762,5	0,209485039114952	
3765,625	1,82011663913727	3765,625	0,208911836147308	
3768,75	1,81316351890564	3768,75	0,209893733263016	
3771,875	1,80888068675995	3771,875	0,206942841410637	
3775	1,8118269443512	3775	0,205030173063278	
3778,125	1,81343770027161	3778,125	0,202846243977547	
3781,25	1,81089472770691	3781,25	0,204598680138588	
3784,375	1,81113386154175	3784,375	0,202011480927467	
3787,5	1,81675922870636	3787,5	0,200933516025543	
3790,625	1,81649041175842	3790,625	0,204798310995102	
3793,75	1,81842470169067	3793,75	0,203639775514603	
3796,875	1,81676352024078	3796,875	0,199297994375229	
3800	1,81149005889893	3800	0,20206093788147	
3803,125	1,81087028980255	3803,125	0,197763279080391	
3806,25	1,81426811218262	3806,25	0,199186816811562	
3809,375	1,81745183467865	3809,375	0,196988523006439	
3812,5	1,81455111503601	3812,5	0,196822300553322	
3815,625	1,81332623958588	3815,625	0,197902828454971	
3818,75	1,81287026405334	3818,75	0,198698744177818	
3821,875	1,81439781188965	3821,875	0,190218284726143	
3825	1,81063640117645	3825	0,199076786637306	
3828,125	1,81258201599121	3828,125	0,191374257206917	
3831,25	1,81584858894348	3831,25	0,189591929316521	
3834,375	1,81032371520996	3834,375	0,192661911249161	
3837,5	1,81318855285645	3837,5	0,188512846827507	
3840,625	1,81064474582672	3840,625	0,189155623316765	
3843,75	1,81028354167938	3843,75	0,186967343091965	
3846,875	1,81028199195862	3846,875	0,187377497553825	
3850	1,81272315979004	3850	0,19314044713974	
3853,125	1,80911481380463	3853,125	0,187061369419098	
3856,25	1,81144535541534	3856,25	0,187284648418427	
3859,375	1,81199777126312	3859,375	0,186133682727814	
3862,5	1,81242454051971	3862,5	0,181886106729507	
3865,625	1,80695593357086	3865,625	0,181448414921761	
3868,75	1,81043350696564	3868,75	0,18573372066021	
3871,875	1,80271220207214	3871,875	0,179915636777878	
3875	1,80299031734467	3875	0,177632540464401	
3878,125	1,80433773994446	3878,125	0,181761488318443	
3881,25	1,80806767940521	3881,25	0,181968420743942	
3884,375	1,80867338180542	3884,375	0,179350391030312	
3887,5	1,80162799358368	3887,5	0,176308169960976	
3890,625	1,80395448207855	3890,625	0,177947908639908	
3893,75	1,81361389160156	3893,75	0,177823975682259	
3896,875	1,80761003494263	3896,875	0,175496682524681	
3900	1,80010461807251	3900	0,174165189266205	
3903,125	1,80105566978455	3903,125	0,177134722471237	
3906,25	1,80891239643097	3906,25	0,169291377067566	
3909,375	1,81221437454224	3909,375	0,171831235289574	
3912,5	1,81236815452576	3912,5	0,172042787075043	
3915,625	1,80459713935852	3915,625	0,171201288700104	
3918,75	1,80175340175629	3918,75	0,17247611284256	
3921,875	1,80001175403595	3921,875	0,176080092787743	
3925	1,80385863780975	3925	0,171766728162766	
3928,125	1,80081140995026	3928,125	0,164752602577209	
3931,25	1,79662072658539	3931,25	0,16880664229393	
3934,375	1,79806649684906	3934,375	0,167819306254387	
3937,5	1,80215227603912	3937,5	0,167565494775772	
3940,625	1,80247616767883	3940,625	0,166655883193016	
3943,75	1,79679477214813	3943,75	0,167893141508102	
3946,875	1,79983186721802	3946,875	0,165441229939461	
3950	1,79889762401581	3950	0,165059983730316	
3953,125	1,79836142063141	3953,125	0,160856693983078	
3956,25	1,79713356494904	3956,25	0,165906503796577	
3959,375	1,80246484279633	3959,375	0,162646293640137	
3962,5	1,79672074317932	3962,5	0,161616027355194	
3965,625	1,79395186901093	3965,625	0,162352427840233	
3968,75	1,79636514186859	3968,75	0,155021086335182	
3971,875	1,79356169700623	3971,875	0,163653671741486	
3975	1,7951831817627	3975	0,156544506549835	
3978,125	1,80111873149872	3978,125	0,155809462070465	
3981,25	1,79864966869354	3981,25	0,155790686607361	
3984,375	1,79185616970062	3984,375	0,154114380478859	
3987,5	1,79386115074158	3987,5	0,15043793618679	
3990,625	1,79228794574738	3990,625	0,157596588134766	
3993,75	1,78480327129364	3993,75	0,146318212151527	
3996,875	1,79364264011383	3996,875	0,148297280073166	
4000	1,79368841648102	4000	0,149964869022369	
4003,125	1,78745150566101	4003,125	0,152700558304787	
4006,25	1,7906037569046	4006,25	0,144363477826118	
4009,375	1,78306841850281	4009,375	0,136300295591354	
4012,5	1,79520833492279	4012,5	0,143173769116402	
4015,625	1,79636824131012	4015,625	0,145345717668533	
4018,75	1,78846251964569	4018,75	0,138937428593636	
4021,875	1,78725898265839	4021,875	0,142324715852737	
4025	1,79419243335724	4025	0,13775409758091	
4028,125	1,78336489200592	4028,125	0,133917659521103	
4031,25	1,78480887413025	4031,25	0,130802348256111	
4034,375	1,78845965862274	4034,375	0,134744793176651	
4037,5	1,78539538383484	4037,5	0,13160240650177	
4040,625	1,78238832950592	4040,625	0,131782382726669	
4043,75	1,78605961799622	4043,75	0,132012531161308	
4046,875	1,78743481636047	4046,875	0,132315158843994	
4050	1,78389871120453	4050	0,122107915580273	
4053,125	1,77753520011902	4053,125	0,124597564339638	
4056,25	1,77936577796936	4056,25	0,124370545148849	
4059,375	1,77793920040131	4059,375	0,124476246535778	
4062,5	1,78205871582031	4062,5	0,120949171483517	
4065,625	1,77849972248077	4065,625	0,122644849121571	
4068,75	1,77831745147705	4068,75	0,118863254785538	
4071,875	1,77581644058228	4071,875	0,118855059146881	
4075	1,77695786952972	4075	0,120167799293995	
4078,125	1,77739787101746	4078,125	0,11637882143259	
4081,25	1,77350425720215	4081,25	0,115655928850174	
4084,375	1,76841425895691	4084,375	0,107727281749249	
4087,5	1,7691433429718	4087,5	0,111874602735043	
4090,625	1,76658880710602	4090,625	0,112908244132996	
4093,75	1,76274406909943	4093,75	0,111414656043053	
4096,875	1,76524043083191	4096,875	0,102492868900299	
4100	1,76645338535309	4100	0,104694582521915	
4103,125	1,76442015171051	4103,125	0,107543282210827	
4106,25	1,75851821899414	4106,25	0,104367397725582	
4109,375	1,76097738742828	4109,375	0,0987043306231499	
4112,5	1,75952327251434	4112,5	0,100919596850872	
4115,625	1,76323175430298	4115,625	0,0958100482821465	
4118,75	1,75653076171875	4118,75	0,0971869826316834	
4121,875	1,75758862495422	4121,875	0,094926230609417	
4125	1,759446144104	4125	0,0944655016064644	
4128,125	1,75433003902435	4128,125	0,0910103246569633	
4131,25	1,75050103664398	4131,25	0,0905252322554588	
4134,375	1,75062870979309	4134,375	0,0896913558244705	
4137,5	1,75356268882751	4137,5	0,0842838510870934	
4140,625	1,7515389919281	4140,625	0,0902796313166618	
4143,75	1,74709367752075	4143,75	0,0829167291522026	
4146,875	1,74900114536285	4146,875	0,0847672075033188	
4150	1,75093650817871	4150	0,0813672915101051	
4153,125	1,74431586265564	4153,125	0,079545684158802	
4156,25	1,74105954170227	4156,25	0,080018937587738	
4159,375	1,73976814746857	4159,375	0,0826282724738121	
4162,5	1,74595165252686	4162,5	0,078043133020401	
4165,625	1,7442752122879	4165,625	0,0765329599380493	
4168,75	1,73814427852631	4168,75	0,0753895044326782	
4171,875	1,73903965950012	4171,875	0,0727097764611244	
4175	1,73598897457123	4175	0,0674230456352234	
4178,125	1,73254525661469	4178,125	0,0682704821228981	
4181,25	1,73422658443451	4181,25	0,0662765875458717	
4184,375	1,73333191871643	4184,375	0,0651777014136314	
4187,5	1,72488152980804	4187,5	0,0659791827201843	
4190,625	1,72514569759369	4190,625	0,0636651068925858	
4193,75	1,72733759880066	4193,75	0,0634406954050064	
4196,875	1,72537636756897	4196,875	0,0606576539576054	
4200	1,72837626934052	4200	0,0594208538532257	
4203,125	1,72650456428528	4203,125	0,0596811771392822	
4206,25	1,7239203453064	4206,25	0,0536371879279613	
4209,375	1,72680509090424	4209,375	0,051723774522543	
4212,5	1,72597742080688	4212,5	0,0548738464713097	
4215,625	1,72615504264832	4215,625	0,049896277487278	
4218,75	1,72269940376282	4218,75	0,0461223423480988	
4221,875	1,72049748897552	4221,875	0,0508503802120686	
4225	1,7191116809845	4225	0,0431335531175137	
4228,125	1,71499979496002	4228,125	0,0440903790295124	
4231,25	1,72176921367645	4231,25	0,0421820320188999	
4234,375	1,72155129909515	4234,375	0,041755884885788	
4237,5	1,72154569625854	4237,5	0,0403538309037685	
4240,625	1,71901559829712	4240,625	0,0392371751368046	
4243,75	1,71373689174652	4243,75	0,0356067605316639	
4246,875	1,71152365207672	4246,875	0,0312374420464039	
4250	1,71447277069092	4250	0,0348510220646858	
4253,125	1,70286631584167	4253,125	0,0199170149862766	
4256,25	1,70777380466461	4256,25	0,0224127769470215	
4259,375	1,70889103412628	4259,375	0,0242932345718145	
4262,5	1,70599544048309	4262,5	0,0258848294615746	
4265,625	1,70443189144135	4265,625	0,0224357638508081	
4268,75	1,70454919338226	4268,75	0,0224189404398203	
4271,875	1,69692897796631	4271,875	0,0221310723572969	
4275	1,69529318809509	4275	0,0187349729239941	
4278,125	1,6975702047348	4278,125	0,0145031036809087	
4281,25	1,69567573070526	4281,25	0,0148559883236885	
4284,375	1,69558918476105	4284,375	0,0128759229555726	
4287,5	1,69245719909668	4287,5	0,00762270390987396	
4290,625	1,69232964515686	4290,625	0,00786113739013672	
4293,75	1,68601715564728	4293,75	0,00762893492355943	
4296,875	1,68572294712067	4296,875	0,0044430517591536	
4300	1,68913650512695	4300	0,00980138033628464	
4303,125	1,68927562236786	4303,125	0,00495635205879807	
4306,25	1,68984341621399	4306,25	-0,000417424860643223	
4309,375	1,68547284603119	4309,375	0,00126215338241309	
4312,5	1,68542718887329	4312,5	0,000842159206513315	
4315,625	1,67933130264282	4315,625	-0,00527270324528217	
4318,75	1,6775735616684	4318,75	-0,000912529532797635	
4321,875	1,67415571212769	4321,875	-0,00748668052256107	
4325	1,67242407798767	4325	-0,00750196957960725	
4328,125	1,67485654354095	4328,125	-0,00840031914412975	
4331,25	1,67312800884247	4331,25	-0,00792791973799467	
4334,375	1,67101740837097	4334,375	-0,00687748799100518	
4337,5	1,67088973522186	4337,5	-0,0100981881842017	
4340,625	1,67396152019501	4340,625	-0,0123654007911682	
4343,75	1,66748440265656	4343,75	-0,0186600424349308	
4346,875	1,66391706466675	4346,875	-0,0136269135400653	
4350	1,66270983219147	4350	-0,0128302052617073	
4353,125	1,66186189651489	4353,125	-0,0154487062245607	
4356,25	1,66163754463196	4356,25	-0,0159913897514343	
4359,375	1,65833020210266	4359,375	-0,0140142515301704	
4362,5	1,6562397480011	4362,5	-0,0184369366616011	
4365,625	1,65478789806366	4365,625	-0,013605716638267	
4368,75	1,65711569786072	4368,75	-0,015166443772614	
4371,875	1,65653967857361	4371,875	-0,0179608389735222	
4375	1,65563380718231	4375	-0,0176322869956493	
4378,125	1,6571204662323	4378,125	-0,0171903725713491	
4381,25	1,6558552980423	4381,25	-0,0195405744016171	
4384,375	1,65190279483795	4384,375	-0,0195513162761927	
4387,5	1,65482747554779	4387,5	-0,0230253580957651	
4390,625	1,65745544433594	4390,625	-0,019904350861907	
4393,75	1,65510177612305	4393,75	-0,0223740246146917	
4396,875	1,65554821491241	4396,875	-0,0251025818288326	
4400	1,65648806095123	4400	-0,0239245723932981	
4403,125	1,66215336322784	4403,125	-0,0244859363883734	
4406,25	1,65971386432648	4406,25	-0,0287239253520966	
4409,375	1,65983927249908	4409,375	-0,0304892566055059	
4412,5	1,65392470359802	4412,5	-0,031677171587944	
4415,625	1,65450668334961	4415,625	-0,0344276204705238	
4418,75	1,64866507053375	4418,75	-0,0413854755461216	
4421,875	1,64741110801697	4421,875	-0,0415197014808655	
4425	1,64816915988922	4425	-0,0422190017998219	
4428,125	1,64723217487335	4428,125	-0,0459010526537895	
4431,25	1,64465272426605	4431,25	-0,0456212796270847	
4434,375	1,63936388492584	4434,375	-0,0456109829246998	
4437,5	1,64563739299774	4437,5	-0,0531830340623856	
4440,625	1,64071679115295	4440,625	-0,0539480298757553	
4443,75	1,63837647438049	4443,75	-0,0530417785048485	
4446,875	1,63701665401459	4446,875	-0,0521406382322311	
4450	1,63585817813873	4450	-0,0586884021759033	
4453,125	1,63545334339142	4453,125	-0,0610090233385563	
4456,25	1,63555836677551	4456,25	-0,0591433942317963	
4459,375	1,63336479663849	4459,375	-0,0576372966170311	
4462,5	1,63142132759094	4462,5	-0,0600357130169868	
4465,625	1,63217628002167	4465,625	-0,0612717233598232	
4468,75	1,62925207614899	4468,75	-0,061981663107872	
4471,875	1,6289142370224	4471,875	-0,0620987005531788	
4475	1,62969875335693	4475	-0,0614545531570911	
4478,125	1,62604200839996	4478,125	-0,0622126534581184	
4481,25	1,62378966808319	4481,25	-0,0641476884484291	
4484,375	1,62101566791534	4484,375	-0,0631290078163147	
4487,5	1,62376344203949	4487,5	-0,0666236132383347	
4490,625	1,62464272975922	4490,625	-0,0661357939243317	
4493,75	1,62304031848907	4493,75	-0,0698954686522484	
4496,875	1,62371289730072	4496,875	-0,071359783411026	
4500	1,62476813793182	4500	-0,0723743364214897	
4503,125	1,62438690662384	4503,125	-0,0714870020747185	
4506,25	1,6239253282547	4506,25	-0,0755584239959717	
4509,375	1,62430095672607	4509,375	-0,0739023983478546	
4512,5	1,62382793426514	4512,5	-0,0769221112132072	
4515,625	1,62390899658203	4515,625	-0,0786449089646339	
4518,75	1,625816822052	4518,75	-0,0793550387024879	
4521,875	1,62575209140778	4521,875	-0,083621971309185	
4525	1,62152051925659	4525	-0,0869536846876144	
4528,125	1,62051808834076	4528,125	-0,0887778028845787	
4531,25	1,61935496330261	4531,25	-0,0914304330945015	
4534,375	1,62470591068268	4534,375	-0,0927879437804222	
4537,5	1,6223292350769	4537,5	-0,0908692479133606	
4540,625	1,62247586250305	4540,625	-0,0983226075768471	
4543,75	1,61908566951752	4543,75	-0,097089059650898	
4546,875	1,61577975749969	4546,875	-0,102855175733566	
4550	1,61626696586609	4550	-0,104439131915569	
4553,125	1,61323761940002	4553,125	-0,106325477361679	
4556,25	1,61372697353363	4556,25	-0,106423906981945	
4559,375	1,61563038825989	4559,375	-0,108967266976833	
4562,5	1,61892759799957	4562,5	-0,11320486664772	
4565,625	1,61377120018005	4565,625	-0,11784403026104	
4568,75	1,61232054233551	4568,75	-0,118118353188038	
4571,875	1,6100846529007	4571,875	-0,117888025939465	
4575	1,60786914825439	4575	-0,12261325865984	
4578,125	1,60803818702698	4578,125	-0,124249801039696	
4581,25	1,60704147815704	4581,25	-0,126140713691711	
4584,375	1,60704362392426	4584,375	-0,129006817936897	
4587,5	1,60859060287476	4587,5	-0,131310015916824	
4590,625	1,60541415214539	4590,625	-0,132320910692215	
4593,75	1,60327470302582	4593,75	-0,132042765617371	
4596,875	1,60328567028046	4596,875	-0,13330240547657	
4600	1,60499584674835	4600	-0,134625717997551	
4603,125	1,60524320602417	4603,125	-0,142288282513618	
4606,25	1,59935557842255	4606,25	-0,141914814710617	
4609,375	1,59717309474945	4609,375	-0,143121689558029	
4612,5	1,5972021818161	4612,5	-0,145995199680328	
4615,625	1,59842705726624	4615,625	-0,146330967545509	
4618,75	1,59687733650208	4618,75	-0,150337547063828	
4621,875	1,59610617160797	4621,875	-0,152519568800926	
4625	1,59445595741272	4625	-0,155536293983459	
4628,125	1,5928041934967	4628,125	-0,1567312926054	
4631,25	1,59276247024536	4631,25	-0,156616792082787	
4634,375	1,59103953838348	4634,375	-0,159393429756165	
4637,5	1,59031081199646	4637,5	-0,162442401051521	
4640,625	1,58975446224213	4640,625	-0,162596926093102	
4643,75	1,59017622470856	4643,75	-0,164712280035019	
4646,875	1,58993661403656	4646,875	-0,165808364748955	
4650	1,5879989862442	4650	-0,170561835169792	
4653,125	1,5883663892746	4653,125	-0,17318207025528	
4656,25	1,58640229701996	4656,25	-0,173567965626717	
4659,375	1,58654129505157	4659,375	-0,173079758882523	
4662,5	1,58606493473053	4662,5	-0,173518106341362	
4665,625	1,58536851406097	4665,625	-0,177437990903854	
4668,75	1,58549249172211	4668,75	-0,179895386099815	
4671,875	1,58585226535797	4671,875	-0,18216660618782	
4675	1,5874195098877	4675	-0,18595926463604	
4678,125	1,58508610725403	4678,125	-0,184522390365601	
4681,25	1,58118391036987	4681,25	-0,185777574777603	
4684,375	1,58235251903534	4684,375	-0,18800351023674	
4687,5	1,58317530155182	4687,5	-0,189803391695023	
4690,625	1,58351016044617	4690,625	-0,192275404930115	
4693,75	1,58267974853516	4693,75	-0,193442970514297	
4696,875	1,57961046695709	4696,875	-0,195491701364517	
4700	1,58298480510712	4700	-0,198966458439827	
4703,125	1,58228719234467	4703,125	-0,199720174074173	
4706,25	1,58158814907074	4706,25	-0,198373943567276	
4709,375	1,58085465431213	4709,375	-0,198431894183159	
4712,5	1,58106851577759	4712,5	-0,203981697559357	
4715,625	1,58266961574554	4715,625	-0,202899321913719	
4718,75	1,58091425895691	4718,75	-0,202523767948151	
4721,875	1,58051097393036	4721,875	-0,205005392432213	
4725	1,58094763755798	4725	-0,205848708748817	
4728,125	1,5813752412796	4728,125	-0,205588415265083	
4731,25	1,58157885074615	4731,25	-0,206402704119682	
4734,375	1,58250856399536	4734,375	-0,207290694117546	
4737,5	1,58488869667053	4737,5	-0,208158895373344	
4740,625	1,58500468730927	4740,625	-0,209815934300423	
4743,75	1,58485567569733	4743,75	-0,21362766623497	
4746,875	1,58792746067047	4746,875	-0,216646447777748	
4750	1,58822548389435	4750	-0,218224912881851	
4753,125	1,58770358562469	4753,125	-0,220710515975952	
4756,25	1,58800172805786	4756,25	-0,221840381622314	
4759,375	1,58892846107483	4759,375	-0,223261266946793	
4762,5	1,58847939968109	4762,5	-0,225931689143181	
4765,625	1,59601533412933	4765,625	-0,222334370017052	
4768,75	1,58882915973663	4768,75	-0,228613972663879	
4771,875	1,59076297283173	4771,875	-0,225279197096825	
4775	1,59038686752319	4775	-0,226473391056061	
4778,125	1,59064483642578	4778,125	-0,228485912084579	
4781,25	1,59202396869659	4781,25	-0,229623258113861	
4784,375	1,59570121765137	4784,375	-0,228900223970413	
4787,5	1,59384953975677	4787,5	-0,231589987874031	
4790,625	1,59466755390167	4790,625	-0,22886298596859	
4793,75	1,5945109128952	4793,75	-0,232393309473991	
4796,875	1,59628200531006	4796,875	-0,234778195619583	
4800	1,59873175621033	4800	-0,235438317060471	
4803,125	1,60108625888824	4803,125	-0,235180303454399	
4806,25	1,60253858566284	4806,25	-0,234335944056511	
4809,375	1,60226821899414	4809,375	-0,235933735966682	
4812,5	1,60233044624329	4812,5	-0,238794088363647	
4815,625	1,60591661930084	4815,625	-0,23920863866806	
4818,75	1,60885286331177	4818,75	-0,238927841186523	
4821,875	1,60905468463898	4821,875	-0,239212587475777	
4825	1,6093076467514	4825	-0,238799184560776	
4828,125	1,6107075214386	4828,125	-0,237807899713516	
4831,25	1,61338877677917	4831,25	-0,23899519443512	
4834,375	1,6176426410675	4834,375	-0,239247858524323	
4837,5	1,62063801288605	4837,5	-0,239174321293831	
4840,625	1,62286412715912	4840,625	-0,240364134311676	
4843,75	1,6247923374176	4843,75	-0,239501878619194	
4846,875	1,62995076179504	4846,875	-0,239735245704651	
4850	1,63168179988861	4850	-0,240939438343048	
4853,125	1,63323211669922	4853,125	-0,239434495568275	
4856,25	1,63425183296204	4856,25	-0,238729000091553	
4859,375	1,6399085521698	4859,375	-0,240643694996834	
4862,5	1,64413464069366	4862,5	-0,24249529838562	
4865,625	1,64619112014771	4865,625	-0,243836030364037	
4868,75	1,64775562286377	4868,75	-0,24193400144577	
4871,875	1,6507533788681	4871,875	-0,24175401031971	
4875	1,65462362766266	4875	-0,241899788379669	
4878,125	1,66261267662048	4878,125	-0,23786760866642	
4881,25	1,6647881269455	4881,25	-0,242376670241356	
4884,375	1,67164123058319	4884,375	-0,245148718357086	
4887,5	1,67703437805176	4887,5	-0,244127988815308	
4890,625	1,68329608440399	4890,625	-0,244296357035637	
4893,75	1,68760442733765	4893,75	-0,244953647255898	
4896,875	1,69035220146179	4896,875	-0,248582392930984	
4900	1,69549262523651	4900	-0,251023143529892	
4903,125	1,6998325586319	4903,125	-0,251106262207031	
4906,25	1,70521569252014	4906,25	-0,253517419099808	
4909,375	1,71188116073608	4909,375	-0,254666477441788	
4912,5	1,71280455589294	4912,5	-0,259442806243896	
4915,625	1,71919620037079	4915,625	-0,263386458158493	
4918,75	1,7260525226593	4918,75	-0,265686005353928	
4921,875	1,72968792915344	4921,875	-0,268159359693527	
4925	1,72944605350494	4925	-0,269668191671371	
4928,125	1,73479497432709	4928,125	-0,27062326669693	
4931,25	1,7423232793808	4931,25	-0,273145645856857	
4934,375	1,74646091461182	4934,375	-0,278190165758133	
4937,5	1,7524493932724	4937,5	-0,280268102884293	
4940,625	1,7495584487915	4940,625	-0,283532291650772	
4943,75	1,75821232795715	4943,75	-0,283955335617065	
4946,875	1,76035940647125	4946,875	-0,285016536712646	
4950	1,76095521450043	4950	-0,292849540710449	
4953,125	1,76812160015106	4953,125	-0,2918980717659	
4956,25	1,77021670341492	4956,25	-0,293336123228073	
4959,375	1,77871775627136	4959,375	-0,296020478010178	
4962,5	1,78500592708588	4962,5	-0,301586806774139	
4965,625	1,78695368766785	4965,625	-0,306913524866104	
4968,75	1,78604888916016	4968,75	-0,30701419711113	
4971,875	1,79583525657654	4971,875	-0,308518797159195	
				
