Frequency in Hz	Acrylic_95 Sound Absorption Coefficient 1/3-octave	Frequency in Hz	Acrylic_95 Sound Absorption Coefficient continuous	
125	0,0615730173885822	100	0,0428784915522841	
160	0,0790433883666992	103,125	0,0422968033825367	
200	0,105970732867718	106,25	0,0372464028605236	
250	0,142069309949875	109,375	0,0352256407971762	
315	0,206992745399475	112,5	0,0490814894778252	
400	0,263468772172928	115,625	0,0647217640509037	
500	0,362330079078674	118,75	0,0637844016529805	
630	0,480149328708649	121,875	0,0587237324956419	
800	0,617120921611786	125	0,0586300368310723	
1000	0,735056638717651	128,125	0,0615825005394063	
1250	0,884631633758545	131,25	0,0501282718526146	
1600	0,960496306419373	134,375	0,0603822186515455	
2000	0,985211968421936	137,5	0,0760498941232525	
2500	0,963326930999756	140,625	0,0726458667759305	
3150	0,925705790519714	143,75	0,0789016075829992	
4000	0,921145021915436	146,875	0,0712743653192067	
		150	0,0550994883356331	
		153,125	0,0891155069609211	
		156,25	0,076677037293339	
		159,375	0,0713475718105692	
		162,5	0,0701077805582677	
		165,625	0,0624271694906871	
		168,75	0,102252503369117	
		171,875	0,0989594805023725	
		175	0,0933147996557638	
		178,125	0,104931967753082	
		181,25	0,0984710700214944	
		184,375	0,0997696686087622	
		187,5	0,0979123065767754	
		190,625	0,0928817831164026	
		193,75	0,101873902670842	
		196,875	0,106152165360638	
		200	0,111696351451385	
		203,125	0,113976300028903	
		206,25	0,10848083194497	
		209,375	0,118093033301952	
		212,5	0,104116102840174	
		215,625	0,108181358265059	
		218,75	0,117025612813661	
		221,875	0,105998520086437	
		225	0,115099056510976	
		228,125	0,126472767147291	
		231,25	0,131944103983253	
		234,375	0,12002270079345	
		237,5	0,12842108025291	
		240,625	0,123081970033419	
		243,75	0,135119590248347	
		246,875	0,149059817826297	
		250	0,138469069275566	
		253,125	0,14140687258039	
		256,25	0,154897266392691	
		259,375	0,158183443498279	
		262,5	0,137328668769925	
		265,625	0,140795202385566	
		268,75	0,140686385443828	
		271,875	0,152456503478466	
		275	0,173807023413936	
		278,125	0,173316305885868	
		281,25	0,15874909574751	
		284,375	0,161773671151018	
		287,5	0,177437972745543	
		290,625	0,182535013913046	
		293,75	0,17860912600116	
		296,875	0,167188023993646	
		300	0,185023351917891	
		303,125	0,199060679725356	
		306,25	0,210019634171297	
		309,375	0,208222351675756	
		312,5	0,223669057465626	
		315,625	0,218637453561019	
		318,75	0,213316914190584	
		321,875	0,232965305407025	
		325	0,237083489194836	
		328,125	0,223515457842244	
		331,25	0,206872115751674	
		334,375	0,221927638470211	
		337,5	0,213397977446161	
		340,625	0,215836190418336	
		343,75	0,221928032260567	
		346,875	0,216482865560495	
		350	0,22813469897924	
		353,125	0,217195987840758	
		356,25	0,208559704556329	
		359,375	0,210990901894109	
		362,5	0,232320348529005	
		365,625	0,225394105717006	
		368,75	0,226636525706117	
		371,875	0,255839927206803	
		375	0,26029679502474	
		378,125	0,248493010876728	
		381,25	0,210322972959727	
		384,375	0,230981843239009	
		387,5	0,250957374029703	
		390,625	0,267779032398495	
		393,75	0,251180609742887	
		396,875	0,248333426895519	
		400	0,232388689619328	
		403,125	0,252024470461521	
		406,25	0,268123227178483	
		409,375	0,240977423591729	
		412,5	0,256914140234962	
		415,625	0,289763964423979	
		418,75	0,316576963289918	
		421,875	0,30275824737379	
		425	0,301316948434915	
		428,125	0,26139408835168	
		431,25	0,273092394109812	
		434,375	0,31994079296398	
		437,5	0,321828735046047	
		440,625	0,309745052741335	
		443,75	0,321578891670497	
		446,875	0,307552588077029	
		450	0,308607810998234	
		453,125	0,320295550277889	
		456,25	0,339615865068079	
		459,375	0,333996335811026	
		462,5	0,332080525339968	
		465,625	0,328299540218138	
		468,75	0,328963755242416	
		471,875	0,337713639478519	
		475	0,326535145596799	
		478,125	0,329140327171237	
		481,25	0,343373446707545	
		484,375	0,346157932251757	
		487,5	0,347961639041334	
		490,625	0,34682333215651	
		493,75	0,34876267016999	
		496,875	0,36293714292273	
		500	0,360274950432688	
		503,125	0,362220317423113	
		506,25	0,359126077382722	
		509,375	0,362391424921436	
		512,5	0,36961392646224	
		515,625	0,376214573855166	
		518,75	0,369061029908188	
		521,875	0,368503843850912	
		525	0,380399790357069	
		528,125	0,382798138071452	
		531,25	0,382765022361809	
		534,375	0,38446523596417	
		537,5	0,389497619972099	
		540,625	0,38819296930938	
		543,75	0,393475792921292	
		546,875	0,402433298044056	
		550	0,400025377893831	
		553,125	0,400037419311804	
		556,25	0,415108575963978	
		559,375	0,416012440833522	
		562,5	0,413642445953593	
		565,625	0,410261819417314	
		568,75	0,423032935862794	
		571,875	0,426493224318392	
		575	0,42598672628638	
		578,125	0,425980987721326	
		581,25	0,433173198893336	
		584,375	0,434970658830779	
		587,5	0,435640662072076	
		590,625	0,43759250310468	
		593,75	0,441719715861695	
		596,875	0,444336519579826	
		600	0,443781601155764	
		603,125	0,448611531333099	
		606,25	0,455659658911684	
		609,375	0,463038464830185	
		612,5	0,462323211483687	
		615,625	0,467704788245399	
		618,75	0,466903911722965	
		621,875	0,472316112247419	
		625	0,475721383652535	
		628,125	0,476370729262542	
		631,25	0,478038341066744	
		634,375	0,482257158473991	
		637,5	0,487856762722795	
		640,625	0,489546121079199	
		643,75	0,48852212971107	
		646,875	0,493301392100654	
		650	0,496524937700373	
		653,125	0,496414047264101	
		656,25	0,497621023870953	
		659,375	0,49998842129137	
		662,5	0,50536111285103	
		665,625	0,505234333539608	
		668,75	0,509190367460922	
		671,875	0,512934775707359	
		675	0,515781059257066	
		678,125	0,520986112332224	
		681,25	0,522893367539096	
		684,375	0,524698441020803	
		687,5	0,530452567330417	
		690,625	0,532492568150673	
		693,75	0,534943832081783	
		696,875	0,538922353945608	
		700	0,536540981463682	
		703,125	0,536692780042564	
		706,25	0,544561202181216	
		709,375	0,546390718529824	
		712,5	0,545908685405338	
		715,625	0,550899572011361	
		718,75	0,55694087563602	
		721,875	0,554390077356486	
		725	0,558090207103298	
		728,125	0,562652496603833	
		731,25	0,560202612101584	
		734,375	0,564791342774202	
		737,5	0,567069122342457	
		740,625	0,570630166329841	
		743,75	0,572851661368702	
		746,875	0,572560471774707	
		750	0,579622110785518	
		753,125	0,581971181279777	
		756,25	0,583395069875412	
		759,375	0,583329713713545	
		762,5	0,589002311452306	
		765,625	0,590793071719854	
		768,75	0,598119543530172	
		771,875	0,599622414312756	
		775	0,598877085044897	
		778,125	0,604651531195031	
		781,25	0,605472936079219	
		784,375	0,607596592961228	
		787,5	0,613096506558484	
		790,625	0,61387698289401	
		793,75	0,615960045580724	
		796,875	0,619088589979101	
		800	0,620965273101896	
		803,125	0,619503146035212	
		806,25	0,618598416822652	
		809,375	0,622874040280125	
		812,5	0,62755816970654	
		815,625	0,633028864384441	
		818,75	0,634322221624498	
		821,875	0,635803954245426	
		825	0,63765229152675	
		828,125	0,641640733385871	
		831,25	0,645164461084208	
		834,375	0,644994976743492	
		837,5	0,643470859606533	
		840,625	0,646461591951917	
		843,75	0,65031108522303	
		846,875	0,649775635778322	
		850	0,658664382584478	
		853,125	0,657757317377049	
		856,25	0,658326124719675	
		859,375	0,660881838442907	
		862,5	0,662554657941147	
		865,625	0,664805903403595	
		868,75	0,66546439179888	
		871,875	0,666497925855073	
		875	0,667991482255658	
		878,125	0,674626456169214	
		881,25	0,674532465726369	
		884,375	0,684246830717802	
		887,5	0,68664205120867	
		890,625	0,68716187389577	
		893,75	0,688447273685316	
		896,875	0,691610562944981	
		900	0,692043235253447	
		903,125	0,69417261861412	
		906,25	0,698170723558856	
		909,375	0,699375320552105	
		912,5	0,701180055080871	
		915,625	0,70412775611948	
		918,75	0,707243492976313	
		921,875	0,707572593315371	
		925	0,710146970653905	
		928,125	0,710142678012543	
		931,25	0,710146408602103	
		934,375	0,711797708025629	
		937,5	0,711981654664484	
		940,625	0,715646204238627	
		943,75	0,718229720311978	
		946,875	0,719810308270123	
		950	0,720157471443795	
		953,125	0,72284645861729	
		956,25	0,725190623146722	
		959,375	0,726948769869428	
		962,5	0,727935905685849	
		965,625	0,72931089163373	
		968,75	0,728945516043166	
		971,875	0,730951612618333	
		975	0,733368627294446	
		978,125	0,733174208476384	
		981,25	0,736033675448161	
		984,375	0,735738312628257	
		987,5	0,736470699816021	
		990,625	0,738081816774524	
		993,75	0,737187663783298	
		996,875	0,739962725144059	
		1000	0,741342394943453	
		1003,125	0,741762627586925	
		1006,25	0,743698293439476	
		1009,375	0,743639061065428	
		1012,5	0,743209967796801	
		1015,625	0,746431898272066	
		1018,75	0,746295055321107	
		1021,875	0,746025685089555	
		1025	0,746548205781983	
		1028,125	0,747635554012889	
		1031,25	0,746839377511549	
		1034,375	0,746858656483634	
		1037,5	0,747950167140066	
		1040,625	0,74776766207213	
		1043,75	0,748199306699572	
		1046,875	0,747156168164879	
		1050	0,746921499675666	
		1053,125	0,744319749579006	
		1056,25	0,744283394075206	
		1059,375	0,746821168134326	
		1062,5	0,745359876207738	
		1065,625	0,743952145291586	
		1068,75	0,744612676774608	
		1071,875	0,743724831479733	
		1075	0,744491447427895	
		1078,125	0,743694216799726	
		1081,25	0,744848928109094	
		1084,375	0,745803652538033	
		1087,5	0,746808943015666	
		1090,625	0,747726617346268	
		1093,75	0,749076143304246	
		1096,875	0,749912986409476	
		1100	0,751699030107712	
		1103,125	0,755524285682517	
		1106,25	0,763250343143579	
		1109,375	0,766306203705134	
		1112,5	0,765818421173229	
		1115,625	0,771775097889709	
		1118,75	0,778381114623008	
		1121,875	0,783568856825682	
		1125	0,787136707691218	
		1128,125	0,792135700334248	
		1131,25	0,799125771440447	
		1134,375	0,802742491802087	
		1137,5	0,807502959828891	
		1140,625	0,81061224314966	
		1143,75	0,81600790935364	
		1146,875	0,819480155814372	
		1150	0,821946622477532	
		1153,125	0,824811770891859	
		1156,25	0,828133629976695	
		1159,375	0,831819690292719	
		1162,5	0,834145942513246	
		1165,625	0,836635604757775	
		1168,75	0,836716622768198	
		1171,875	0,839185250348414	
		1175	0,840524370882966	
		1178,125	0,841878120725176	
		1181,25	0,844170502083749	
		1184,375	0,846024422753468	
		1187,5	0,847608012614773	
		1190,625	0,850841664361508	
		1193,75	0,853088699850072	
		1196,875	0,85504817894664	
		1200	0,856287785774129	
		1203,125	0,859113572868393	
		1206,25	0,859495592135921	
		1209,375	0,86235422774403	
		1212,5	0,865633128390752	
		1215,625	0,866488838918089	
		1218,75	0,869550401977146	
		1221,875	0,872402373798919	
		1225	0,873621095508335	
		1228,125	0,877772564312988	
		1231,25	0,878521896505341	
		1234,375	0,88087901493333	
		1237,5	0,88310474398727	
		1240,625	0,885188839288351	
		1243,75	0,88809960841995	
		1246,875	0,888701376535879	
		1250	0,891068870969992	
		1253,125	0,892065219497678	
		1256,25	0,892828189004355	
		1259,375	0,894108706055261	
		1262,5	0,897745885612075	
		1265,625	0,897499882272346	
		1268,75	0,898568865963735	
		1271,875	0,899973536876227	
		1275	0,900858129436544	
		1278,125	0,901733658524752	
		1281,25	0,903367159538184	
		1284,375	0,904118714669324	
		1287,5	0,905290396079473	
		1290,625	0,906433204541743	
		1293,75	0,906946335446581	
		1296,875	0,908911256870261	
		1300	0,909852726966529	
		1303,125	0,909926678860989	
		1306,25	0,910756525116736	
		1309,375	0,911439477061584	
		1312,5	0,911702302477895	
		1315,625	0,912836400229879	
		1318,75	0,913637914921371	
		1321,875	0,914507264223669	
		1325	0,914512315264503	
		1328,125	0,915665989180339	
		1331,25	0,916409353289906	
		1334,375	0,916510758342683	
		1337,5	0,917143801371587	
		1340,625	0,918064206751085	
		1343,75	0,918605928156314	
		1346,875	0,918945028888619	
		1350	0,919919160072232	
		1353,125	0,920115089264615	
		1356,25	0,920280118928958	
		1359,375	0,921067951657153	
		1362,5	0,921742314317432	
		1365,625	0,921493149311415	
		1368,75	0,922322424855044	
		1371,875	0,923309987699535	
		1375	0,923790227660866	
		1378,125	0,923722795391279	
		1381,25	0,924392719904026	
		1384,375	0,924902369651242	
		1387,5	0,925064853822536	
		1390,625	0,925466679561207	
		1393,75	0,925591312564104	
		1396,875	0,925973484608562	
		1400	0,926117055997579	
		1403,125	0,926717288095192	
		1406,25	0,927115193685286	
		1409,375	0,927641951765743	
		1412,5	0,927422113167682	
		1415,625	0,927631572785257	
		1418,75	0,927883432474804	
		1421,875	0,927390783857936	
		1425	0,928185713169377	
		1428,125	0,928880227765423	
		1431,25	0,928960224069329	
		1434,375	0,929101493977545	
		1437,5	0,929353684221127	
		1440,625	0,929443508676505	
		1443,75	0,9297847365801	
		1446,875	0,929945442836203	
		1450	0,930491719284926	
		1453,125	0,930724544307299	
		1456,25	0,931145374936203	
		1459,375	0,930616241457118	
		1462,5	0,932025733626555	
		1465,625	0,932326309229696	
		1468,75	0,932581573377188	
		1471,875	0,933448621257746	
		1475	0,933812948033615	
		1478,125	0,934486588845657	
		1481,25	0,935034314821751	
		1484,375	0,936458767008982	
		1487,5	0,937377315785268	
		1490,625	0,93890835109613	
		1493,75	0,93984353178289	
		1496,875	0,940768112174349	
		1500	0,941927648278518	
		1503,125	0,943215439522498	
		1506,25	0,945417775832241	
		1509,375	0,946414996865296	
		1512,5	0,946944523675441	
		1515,625	0,948167626751845	
		1518,75	0,949388635676392	
		1521,875	0,95013817704549	
		1525	0,951396542893098	
		1528,125	0,952416614066202	
		1531,25	0,9530885630593	
		1534,375	0,954238858325616	
		1537,5	0,954802114513777	
		1540,625	0,955305402274463	
		1543,75	0,956246039366165	
		1546,875	0,957142353569942	
		1550	0,957693096901058	
		1553,125	0,958356069785514	
		1556,25	0,958470528060774	
		1559,375	0,95947675426534	
		1562,5	0,959816591394913	
		1565,625	0,960318622259112	
		1568,75	0,961092417287625	
		1571,875	0,961337300962937	
		1575	0,961761180803818	
		1578,125	0,962311867051424	
		1581,25	0,962911384324251	
		1584,375	0,963356832229677	
		1587,5	0,963837800016606	
		1590,625	0,964169742346431	
		1593,75	0,964746412046273	
		1596,875	0,965460572785696	
		1600	0,965902835068521	
		1603,125	0,966680075694129	
		1606,25	0,966870423814755	
		1609,375	0,968030562236667	
		1612,5	0,968658074195708	
		1615,625	0,969302781924104	
		1618,75	0,970136153193448	
		1621,875	0,970286102573333	
		1625	0,971060669772666	
		1628,125	0,971585368592764	
		1631,25	0,972124857620625	
		1634,375	0,972148775824265	
		1637,5	0,972725144971581	
		1640,625	0,972530336016826	
		1643,75	0,972794124640386	
		1646,875	0,9728254630828	
		1650	0,973081945078768	
		1653,125	0,973264302952937	
		1656,25	0,973186374708543	
		1659,375	0,973668987529817	
		1662,5	0,973972543384491	
		1665,625	0,974180209237132	
		1668,75	0,97476483493668	
		1671,875	0,975455594305937	
		1675	0,975374816911912	
		1678,125	0,975928456687186	
		1681,25	0,976106391014879	
		1684,375	0,976512509881326	
		1687,5	0,977181389050214	
		1690,625	0,977374982008626	
		1693,75	0,977924645925328	
		1696,875	0,978032712808852	
		1700	0,978416735859326	
		1703,125	0,978672652775826	
		1706,25	0,978920695942516	
		1709,375	0,97919307648707	
		1712,5	0,979444174759109	
		1715,625	0,979794019076062	
		1718,75	0,980081873242726	
		1721,875	0,980327349808652	
		1725	0,98043731746375	
		1728,125	0,980760360826867	
		1731,25	0,981054057855295	
		1734,375	0,981181542597702	
		1737,5	0,981489461563263	
		1740,625	0,981466280867082	
		1743,75	0,981844958790084	
		1746,875	0,982023481951336	
		1750	0,982121755994152	
		1753,125	0,982273047249731	
		1756,25	0,982451986417628	
		1759,375	0,98272035478305	
		1762,5	0,982766279642802	
		1765,625	0,982955063574796	
		1768,75	0,983017680674208	
		1771,875	0,983199596925668	
		1775	0,983307307806821	
		1778,125	0,983441596528847	
		1781,25	0,983523817081932	
		1784,375	0,983626075563449	
		1787,5	0,983854584636534	
		1790,625	0,983946654500746	
		1793,75	0,983925374888641	
		1796,875	0,984080718709424	
		1800	0,98413235839958	
		1803,125	0,984318527036536	
		1806,25	0,984383225143381	
		1809,375	0,984475088479346	
		1812,5	0,984572810096934	
		1815,625	0,984547672057611	
		1818,75	0,984595711636198	
		1821,875	0,984733115275245	
		1825	0,984845382430881	
		1828,125	0,984800081773648	
		1831,25	0,984820193228639	
		1834,375	0,984796439022885	
		1837,5	0,985025145557763	
		1840,625	0,985124409912541	
		1843,75	0,985156485907635	
		1846,875	0,985220393023259	
		1850	0,985161222062389	
		1853,125	0,985209344084777	
		1856,25	0,985217814774202	
		1859,375	0,985223840228499	
		1862,5	0,985235285535398	
		1865,625	0,985273674713061	
		1868,75	0,98529060691966	
		1871,875	0,985317755918124	
		1875	0,985332723524602	
		1878,125	0,985448034315265	
		1881,25	0,985431165544237	
		1884,375	0,98551298887686	
		1887,5	0,985591229203615	
		1890,625	0,985382547071532	
		1893,75	0,985552928566432	
		1896,875	0,98557777836743	
		1900	0,98563834402547	
		1903,125	0,985690507990532	
		1906,25	0,985636976852633	
		1909,375	0,985611683753132	
		1912,5	0,98563689698292	
		1915,625	0,985718388909345	
		1918,75	0,9856695178572	
		1921,875	0,985890333698024	
		1925	0,985878095310439	
		1928,125	0,98590543418637	
		1931,25	0,985880070645878	
		1934,375	0,985843901957958	
		1937,5	0,985762038223765	
		1940,625	0,985784050377089	
		1943,75	0,985969604269277	
		1946,875	0,986069462358626	
		1950	0,986094186352153	
		1953,125	0,986067791869794	
		1956,25	0,986126879360385	
		1959,375	0,986126860552766	
		1962,5	0,986301687309115	
		1965,625	0,986439135798779	
		1968,75	0,986438803999985	
		1971,875	0,986408445918545	
		1975	0,98656514037402	
		1978,125	0,98674312158956	
		1981,25	0,986725641397994	
		1984,375	0,986781802421688	
		1987,5	0,986713155781902	
		1990,625	0,986761270772424	
		1993,75	0,986917177463043	
		1996,875	0,986951860433521	
		2000	0,986990246911791	
		2003,125	0,987040794473471	
		2006,25	0,986997188489206	
		2009,375	0,987194917616375	
		2012,5	0,987181497816483	
		2015,625	0,98714766080216	
		2018,75	0,98722617252835	
		2021,875	0,987315278894474	
		2025	0,987330098961543	
		2028,125	0,987393395810578	
		2031,25	0,987447581457478	
		2034,375	0,987425358297025	
		2037,5	0,987431234687385	
		2040,625	0,987392600031684	
		2043,75	0,98734839430832	
		2046,875	0,987426250156496	
		2050	0,98734527987972	
		2053,125	0,987318023646865	
		2056,25	0,987378645530764	
		2059,375	0,987299102217235	
		2062,5	0,987242412385526	
		2065,625	0,987169570102606	
		2068,75	0,98702366221097	
		2071,875	0,986969086744735	
		2075	0,986845029155721	
		2078,125	0,98690683135278	
		2081,25	0,986823173574575	
		2084,375	0,986715280393385	
		2087,5	0,986499539994907	
		2090,625	0,986418926724174	
		2093,75	0,986345151391446	
		2096,875	0,986177655169138	
		2100	0,98607184131747	
		2103,125	0,985877913631465	
		2106,25	0,985776429524062	
		2109,375	0,985737434329019	
		2112,5	0,985674622761226	
		2115,625	0,985577839308445	
		2118,75	0,985339540431903	
		2121,875	0,985138068367077	
		2125	0,985021859328251	
		2128,125	0,984870603350677	
		2131,25	0,984831219338823	
		2134,375	0,984799949646663	
		2137,5	0,984663993921095	
		2140,625	0,984572558376843	
		2143,75	0,98444700555336	
		2146,875	0,984268098547384	
		2150	0,984211662865525	
		2153,125	0,984050383522583	
		2156,25	0,984087237198724	
		2159,375	0,983945736393009	
		2162,5	0,983841386023892	
		2165,625	0,983883540654737	
		2168,75	0,983506863233063	
		2171,875	0,983591713640071	
		2175	0,983569684803288	
		2178,125	0,983320479098115	
		2181,25	0,98336124515895	
		2184,375	0,983119714554066	
		2187,5	0,9829910605955	
		2190,625	0,982839644833428	
		2193,75	0,982855585952734	
		2196,875	0,98271544284256	
		2200	0,982718330258388	
		2203,125	0,982595715116848	
		2206,25	0,982477812404409	
		2209,375	0,98213536111632	
		2212,5	0,981922104421723	
		2215,625	0,981893206542819	
		2218,75	0,981702224534323	
		2221,875	0,981445236672364	
		2225	0,98121332297433	
		2228,125	0,981100752818982	
		2231,25	0,980899732602863	
		2234,375	0,980780078335998	
		2237,5	0,980711978862825	
		2240,625	0,980723387743635	
		2243,75	0,980374328423193	
		2246,875	0,98007408650372	
		2250	0,979940109839295	
		2253,125	0,979600872326583	
		2256,25	0,979485790733925	
		2259,375	0,979401423036709	
		2262,5	0,979050132185265	
		2265,625	0,979065051070195	
		2268,75	0,978781731688987	
		2271,875	0,978719397845459	
		2275	0,978438654907748	
		2278,125	0,978424132285221	
		2281,25	0,978290995277117	
		2284,375	0,977994611402741	
		2287,5	0,977822557388372	
		2290,625	0,977540418229384	
		2293,75	0,977475989604244	
		2296,875	0,977179805509928	
		2300	0,977074358455545	
		2303,125	0,976838753805514	
		2306,25	0,976802057829992	
		2309,375	0,976772788124243	
		2312,5	0,976610374461311	
		2315,625	0,976395737030551	
		2318,75	0,97637717574672	
		2321,875	0,976194198477079	
		2325	0,975824699294469	
		2328,125	0,975727521667623	
		2331,25	0,975551288557646	
		2334,375	0,975427841290048	
		2337,5	0,975342929970181	
		2340,625	0,975223534340264	
		2343,75	0,974715489673985	
		2346,875	0,974667205192666	
		2350	0,974504597970169	
		2353,125	0,974469446482493	
		2356,25	0,974403491676468	
		2359,375	0,974042784481306	
		2362,5	0,974039557861951	
		2365,625	0,974069860923068	
		2368,75	0,973441854716993	
		2371,875	0,973455551907341	
		2375	0,973377139779456	
		2378,125	0,973167011663366	
		2381,25	0,972920241134967	
		2384,375	0,97295556803372	
		2387,5	0,972379162661918	
		2390,625	0,97229885974657	
		2393,75	0,971959066173127	
		2396,875	0,971897722812381	
		2400	0,971930634160907	
		2403,125	0,971706962218846	
		2406,25	0,97156601573573	
		2409,375	0,97131226613103	
		2412,5	0,971184037149434	
		2415,625	0,970659433351759	
		2418,75	0,970577760319466	
		2421,875	0,970234252564373	
		2425	0,96989351441498	
		2428,125	0,969884420936728	
		2431,25	0,970018793139558	
		2434,375	0,969804561861953	
		2437,5	0,969404570316081	
		2440,625	0,969209288389341	
		2443,75	0,968932326495971	
		2446,875	0,968750586539343	
		2450	0,968474571614344	
		2453,125	0,968175103731261	
		2456,25	0,968010756587323	
		2459,375	0,967733886537747	
		2462,5	0,967317759032818	
		2465,625	0,967486206168993	
		2468,75	0,9675281568896	
		2471,875	0,96691407924296	
		2475	0,9667876228388	
		2478,125	0,966738944202355	
		2481,25	0,966325699293262	
		2484,375	0,966277006199565	
		2487,5	0,966116254461194	
		2490,625	0,965543519366908	
		2493,75	0,965362215878879	
		2496,875	0,96492946115816	
		2500	0,964895680876146	
		2503,125	0,964854683083794	
		2506,25	0,964817238720323	
		2509,375	0,964520135733358	
		2512,5	0,964306191836265	
		2515,625	0,963971302007554	
		2518,75	0,963666646370348	
		2521,875	0,963358639534258	
		2525	0,963123981388948	
		2528,125	0,962659533419673	
		2531,25	0,962593473818192	
		2534,375	0,962923587795947	
		2537,5	0,962258337522802	
		2540,625	0,962102853791074	
		2543,75	0,962109745184322	
		2546,875	0,961926918925297	
		2550	0,961742366719112	
		2553,125	0,961416510211097	
		2556,25	0,961205257728903	
		2559,375	0,961078434218779	
		2562,5	0,961077637093831	
		2565,625	0,961032621632852	
		2568,75	0,960341877240637	
		2571,875	0,960287086054524	
		2575	0,960087693025051	
		2578,125	0,959824882184328	
		2581,25	0,9594373804866	
		2584,375	0,959008970885796	
		2587,5	0,958999682320341	
		2590,625	0,958879792603738	
		2593,75	0,958334315354974	
		2596,875	0,958336848350427	
		2600	0,958354481254059	
		2603,125	0,958342151043487	
		2606,25	0,958389115463214	
		2609,375	0,958507472651243	
		2612,5	0,958551897343748	
		2615,625	0,958230879328377	
		2618,75	0,958183071938313	
		2621,875	0,958407955192813	
		2625	0,958001768538596	
		2628,125	0,957843799126448	
		2631,25	0,957605910789116	
		2634,375	0,957571077034469	
		2637,5	0,957274955309461	
		2640,625	0,956706616651967	
		2643,75	0,956527854743989	
		2646,875	0,956002034555158	
		2650	0,955864486911316	
		2653,125	0,955531909399834	
		2656,25	0,954932729922438	
		2659,375	0,954823858608283	
		2662,5	0,954666570444597	
		2665,625	0,954132523218875	
		2668,75	0,954025968805561	
		2671,875	0,953417544459038	
		2675	0,952890246537287	
		2678,125	0,952954711252363	
		2681,25	0,952418428355133	
		2684,375	0,952259203129245	
		2687,5	0,951992912287163	
		2690,625	0,951842035658494	
		2693,75	0,951500031118669	
		2696,875	0,950702273015696	
		2700	0,951071072479271	
		2703,125	0,951022313847866	
		2706,25	0,950937559675109	
		2709,375	0,950540847406763	
		2712,5	0,95060835520962	
		2715,625	0,950628899044584	
		2718,75	0,950255878610012	
		2721,875	0,950308464795926	
		2725	0,95017158173663	
		2728,125	0,949898527628834	
		2731,25	0,949791491369224	
		2734,375	0,949641056360635	
		2737,5	0,949915683663266	
		2740,625	0,949983398045439	
		2743,75	0,950049235755323	
		2746,875	0,950036614259936	
		2750	0,949873662620906	
		2753,125	0,949701077110433	
		2756,25	0,949859251724272	
		2759,375	0,949999350017497	
		2762,5	0,949954885785944	
		2765,625	0,949962702754121	
		2768,75	0,949526326959398	
		2771,875	0,94948118523373	
		2775	0,949512584384667	
		2778,125	0,949399946130657	
		2781,25	0,949584212586667	
		2784,375	0,949194539018939	
		2787,5	0,948897859729899	
		2790,625	0,948566368716757	
		2793,75	0,948501130322213	
		2796,875	0,948180114281537	
		2800	0,947608980020307	
		2803,125	0,947796183911076	
		2806,25	0,947339951796568	
		2809,375	0,947352353982967	
		2812,5	0,947266078629427	
		2815,625	0,947328894048456	
		2818,75	0,946931885174826	
		2821,875	0,946924713907947	
		2825	0,946793539637868	
		2828,125	0,946642113829631	
		2831,25	0,946588986106105	
		2834,375	0,945951777050315	
		2837,5	0,945811112400672	
		2840,625	0,945811106476929	
		2843,75	0,945561556933932	
		2846,875	0,94537098904904	
		2850	0,945440655191196	
		2853,125	0,945333141676917	
		2856,25	0,945042435712673	
		2859,375	0,945191396345639	
		2862,5	0,944742584219402	
		2865,625	0,944637260871559	
		2868,75	0,944478388429295	
		2871,875	0,944332171854723	
		2875	0,944178833355952	
		2878,125	0,944120097334636	
		2881,25	0,944057894108192	
		2884,375	0,943800890362949	
		2887,5	0,943706259718808	
		2890,625	0,943567807213895	
		2893,75	0,942906939759738	
		2896,875	0,943194191982387	
		2900	0,943003058301428	
		2903,125	0,942763733112777	
		2906,25	0,942443736173926	
		2909,375	0,942182900767701	
		2912,5	0,941945842657878	
		2915,625	0,941511579676542	
		2918,75	0,941371607146061	
		2921,875	0,941219445779561	
		2925	0,940747233033035	
		2928,125	0,940714898040909	
		2931,25	0,940348026273621	
		2934,375	0,940145884126264	
		2937,5	0,939592364329226	
		2940,625	0,939306064166916	
		2943,75	0,939126960241728	
		2946,875	0,93847185438205	
		2950	0,938315367246217	
		2953,125	0,937725718167828	
		2956,25	0,937485946418525	
		2959,375	0,93740504154248	
		2962,5	0,937039222908911	
		2965,625	0,936620954781001	
		2968,75	0,93676429004768	
		2971,875	0,936694047661748	
		2975	0,936130155680062	
		2978,125	0,935834133473494	
		2981,25	0,936180418698777	
		2984,375	0,9360473408268	
		2987,5	0,935968793951182	
		2990,625	0,93576995317821	
		2993,75	0,935889005669899	
		2996,875	0,935831131913649	
		3000	0,936082171493892	
		3003,125	0,935825251338072	
		3006,25	0,935497023172467	
		3009,375	0,935591661980956	
		3012,5	0,935572318590638	
		3015,625	0,935233357471645	
		3018,75	0,934992480940123	
		3021,875	0,934645203927366	
		3025	0,935177302164346	
		3028,125	0,93467094812573	
		3031,25	0,93437688241986	
		3034,375	0,93432898834977	
		3037,5	0,93399629331875	
		3040,625	0,93381224083987	
		3043,75	0,933339513096254	
		3046,875	0,932663192591386	
		3050	0,932533439422757	
		3053,125	0,932730624732343	
		3056,25	0,932364389934219	
		3059,375	0,932102992009657	
		3062,5	0,931966474505779	
		3065,625	0,932045689967993	
		3068,75	0,931717892737915	
		3071,875	0,931355391545289	
		3075	0,930587868068319	
		3078,125	0,930385254883333	
		3081,25	0,930589607699902	
		3084,375	0,930392731164635	
		3087,5	0,929775852762883	
		3090,625	0,929470738840071	
		3093,75	0,928951518647422	
		3096,875	0,929148415158658	
		3100	0,929269734117463	
		3103,125	0,928808714779507	
		3106,25	0,928343106250474	
		3109,375	0,928043259295005	
		3112,5	0,927526975804959	
		3115,625	0,927482328379243	
		3118,75	0,927518051227703	
		3121,875	0,927585636195244	
		3125	0,927309027444912	
		3128,125	0,926851610896379	
		3131,25	0,926095595252787	
		3134,375	0,925997059456841	
		3137,5	0,926495716841682	
		3140,625	0,926078918834237	
		3143,75	0,925579669768059	
		3146,875	0,925430049335292	
		3150	0,925453279737581	
		3153,125	0,924613047144604	
		3156,25	0,925422286760453	
		3159,375	0,924841301574294	
		3162,5	0,924430555035252	
		3165,625	0,924202935600022	
		3168,75	0,923827983874705	
		3171,875	0,923938718430837	
		3175	0,924040664406095	
		3178,125	0,922705753134438	
		3181,25	0,922920442347782	
		3184,375	0,923344171828304	
		3187,5	0,92246579465986	
		3190,625	0,922663117851691	
		3193,75	0,922334874011029	
		3196,875	0,922128088613068	
		3200	0,922493114844721	
		3203,125	0,922055076406376	
		3206,25	0,92141754178996	
		3209,375	0,921744028284963	
		3212,5	0,92240951629292	
		3215,625	0,922184146007264	
		3218,75	0,922288749253618	
		3221,875	0,92249438540379	
		3225	0,922074455545031	
		3228,125	0,921681755783072	
		3231,25	0,921014980221943	
		3234,375	0,92099137658198	
		3237,5	0,921478915848191	
		3240,625	0,921028089160156	
		3243,75	0,920509269177268	
		3246,875	0,919762056826911	
		3250	0,921704838837074	
		3253,125	0,921542088306976	
		3256,25	0,920976300469274	
		3259,375	0,92123140875695	
		3262,5	0,92088009893077	
		3265,625	0,920538171760414	
		3268,75	0,919919297750239	
		3271,875	0,920137756197546	
		3275	0,919498304007089	
		3278,125	0,919651622348255	
		3281,25	0,919612261157681	
		3284,375	0,919261481283965	
		3287,5	0,918962748055193	
		3290,625	0,918759800731277	
		3293,75	0,918786954814594	
		3296,875	0,918711354544249	
		3300	0,918490575533066	
		3303,125	0,917985952192206	
		3306,25	0,917973571902641	
		3309,375	0,918259620528829	
		3312,5	0,917965989094438	
		3315,625	0,917704656927112	
		3318,75	0,916970722786452	
		3321,875	0,916867689820481	
		3325	0,916965301698525	
		3328,125	0,916801778074939	
		3331,25	0,917453917972538	
		3334,375	0,916470004139966	
		3337,5	0,916021737015505	
		3340,625	0,916431808123684	
		3343,75	0,916436021862788	
		3346,875	0,915455636111623	
		3350	0,91481910198806	
		3353,125	0,915391068798497	
		3356,25	0,915147423672948	
		3359,375	0,915131066043601	
		3362,5	0,915491554521369	
		3365,625	0,91565917979991	
		3368,75	0,91509404539467	
		3371,875	0,914741122191916	
		3375	0,914731934468263	
		3378,125	0,914989162779184	
		3381,25	0,914705241034798	
		3384,375	0,914423116087945	
		3387,5	0,914618649892685	
		3390,625	0,914278424847704	
		3393,75	0,914136754767583	
		3396,875	0,91378132854411	
		3400	0,912834631547039	
		3403,125	0,914027953357774	
		3406,25	0,91419207275189	
		3409,375	0,913937363186459	
		3412,5	0,913124791272507	
		3415,625	0,913233559738963	
		3418,75	0,913479172045155	
		3421,875	0,912469281025432	
		3425	0,912750831508544	
		3428,125	0,913143120953172	
		3431,25	0,9129021224993	
		3434,375	0,912528355754004	
		3437,5	0,912478689995826	
		3440,625	0,912154837345649	
		3443,75	0,912679134123333	
		3446,875	0,912273708473175	
		3450	0,912023539360049	
		3453,125	0,91185427863096	
		3456,25	0,911760092123835	
		3459,375	0,9117083227293	
		3462,5	0,911752625801173	
		3465,625	0,912013940782213	
		3468,75	0,911535901459467	
		3471,875	0,911727968187139	
		3475	0,911976073909548	
		3478,125	0,911345327521405	
		3481,25	0,911088116584323	
		3484,375	0,911526360539617	
		3487,5	0,911293584742073	
		3490,625	0,910990491874982	
		3493,75	0,910828677312356	
		3496,875	0,910276652564472	
		3500	0,910467335460214	
		3503,125	0,911097265974108	
		3506,25	0,910405283570303	
		3509,375	0,911998254615138	
		3512,5	0,911176753725402	
		3515,625	0,911005215433298	
		3518,75	0,91039725998516	
		3521,875	0,910290810692515	
		3525	0,910422491263723	
		3528,125	0,910349839194541	
		3531,25	0,910525881716592	
		3534,375	0,910575347472584	
		3537,5	0,910328548601542	
		3540,625	0,910299616557826	
		3543,75	0,909638929279323	
		3546,875	0,909684542196812	
		3550	0,909773160294953	
		3553,125	0,909591225240192	
		3556,25	0,909531770256108	
		3559,375	0,90957921373391	
		3562,5	0,909137043053039	
		3565,625	0,90958126505687	
		3568,75	0,909426031351075	
		3571,875	0,909678836607777	
		3575	0,909606324278979	
		3578,125	0,90963569756333	
		3581,25	0,909913898182491	
		3584,375	0,910206631352969	
		3587,5	0,90949699619012	
		3590,625	0,909633726303324	
		3593,75	0,909898281830191	
		3596,875	0,909719090795882	
		3600	0,91057380103461	
		3603,125	0,909504675855939	
		3606,25	0,909847458934379	
		3609,375	0,909598480822848	
		3612,5	0,909460548914125	
		3615,625	0,909719997073421	
		3618,75	0,909332217075326	
		3621,875	0,90885662985717	
		3625	0,90947006813322	
		3628,125	0,90943519764583	
		3631,25	0,90952559705194	
		3634,375	0,909905517774353	
		3637,5	0,90900869691805	
		3640,625	0,908488211407219	
		3643,75	0,908641270229468	
		3646,875	0,90954032058575	
		3650	0,910011823945458	
		3653,125	0,910040337521426	
		3656,25	0,909457237760655	
		3659,375	0,909342435878272	
		3662,5	0,909179777262157	
		3665,625	0,90958207678167	
		3668,75	0,909938570331678	
		3671,875	0,910231787327554	
		3675	0,90936743364513	
		3678,125	0,9101509042829	
		3681,25	0,910418635661608	
		3684,375	0,910449974785637	
		3687,5	0,910657857121848	
		3690,625	0,910790911851674	
		3693,75	0,910896224905177	
		3696,875	0,910314952993078	
		3700	0,910389232887133	
		3703,125	0,910897470428674	
		3706,25	0,911118273881583	
		3709,375	0,910452142930873	
		3712,5	0,911019054517179	
		3715,625	0,911201208334609	
		3718,75	0,909966030644592	
		3721,875	0,9104296309831	
		3725	0,911436098232149	
		3728,125	0,910790159341575	
		3731,25	0,911034949569312	
		3734,375	0,910644263983971	
		3737,5	0,910504978718297	
		3740,625	0,910629612492992	
		3743,75	0,910719571045921	
		3746,875	0,910055424103884	
		3750	0,910644050790352	
		3753,125	0,911013039532979	
		3756,25	0,911212650581126	
		3759,375	0,911417952346704	
		3762,5	0,910726631629699	
		3765,625	0,910433638513915	
		3768,75	0,911372813603385	
		3771,875	0,912120850939286	
		3775	0,911793610838732	
		3778,125	0,911667111433602	
		3781,25	0,91194612765232	
		3784,375	0,912033000441187	
		3787,5	0,911283546639703	
		3790,625	0,911142561991502	
		3793,75	0,910921814607176	
		3796,875	0,911357756843256	
		3800	0,911980124695256	
		3803,125	0,912265498769001	
		3806,25	0,911717676699054	
		3809,375	0,911364392293589	
		3812,5	0,911784679838069	
		3815,625	0,911910007742316	
		3818,75	0,91193863172891	
		3821,875	0,912099383436521	
		3825	0,912238829383072	
		3828,125	0,912307491835853	
		3831,25	0,911919841602042	
		3834,375	0,912572164363139	
		3837,5	0,912345829096318	
		3840,625	0,912680422622766	
		3843,75	0,912826588220333	
		3846,875	0,91280914259499	
		3850	0,912209424650719	
		3853,125	0,912989091074738	
		3856,25	0,912647316860774	
		3859,375	0,912617968608195	
		3862,5	0,912736702718106	
		3865,625	0,91353540172104	
		3868,75	0,912858125338935	
		3871,875	0,914204646806881	
		3875	0,914259599460233	
		3878,125	0,913895579974501	
		3881,25	0,913355023878854	
		3884,375	0,913377671935505	
		3887,5	0,914508290713226	
		3890,625	0,914109051828537	
		3893,75	0,912734648568763	
		3896,875	0,913687317730706	
		3900	0,914812875533521	
		3903,125	0,914556038064817	
		3906,25	0,913748045773737	
		3909,375	0,913175653845896	
		3912,5	0,913145270410916	
		3915,625	0,914290050727872	
		3918,75	0,914645539323858	
		3921,875	0,914748180614869	
		3925	0,914373131095205	
		3928,125	0,915082722827931	
		3931,25	0,915524156932001	
		3934,375	0,915356407180783	
		3937,5	0,914782364883618	
		3940,625	0,914771336228234	
		3943,75	0,915535162910796	
		3946,875	0,915196355071156	
		3950	0,915344608048194	
		3953,125	0,915580885661273	
		3956,25	0,915564103731951	
		3959,375	0,914926244291	
		3962,5	0,915787049845294	
		3965,625	0,916155031678996	
		3968,75	0,916081718424631	
		3971,875	0,916161148235498	
		3975	0,916195491840863	
		3978,125	0,915372060487865	
		3981,25	0,915726562662312	
		3984,375	0,916760079078925	
		3987,5	0,916604126106964	
		3990,625	0,916571043016792	
		3993,75	0,918045126405073	
		3996,875	0,916710350243596	
		4000	0,916645534975302	
		4003,125	0,917441221993721	
		4006,25	0,917281059623321	
		4009,375	0,918628285465424	
		4012,5	0,916660586323282	
		4015,625	0,916420822292297	
		4018,75	0,917768963455313	
		4021,875	0,917829341634639	
		4025	0,91698474234854	
		4028,125	0,918661924425954	
		4031,25	0,918552214346819	
		4034,375	0,91790449521517	
		4037,5	0,918443179525662	
		4040,625	0,918869204938461	
		4043,75	0,918335040234316	
		4046,875	0,918128126573512	
		4050	0,918943018100608	
		4053,125	0,919784306602187	
		4056,25	0,919528214719304	
		4059,375	0,919729913357071	
		4062,5	0,919240930625373	
		4065,625	0,919703251436345	
		4068,75	0,919838056448987	
		4071,875	0,920197553800593	
		4075	0,91999625614366	
		4078,125	0,920039742902586	
		4081,25	0,920619165768957	
		4084,375	0,92156235353942	
		4087,5	0,921348359032918	
		4090,625	0,921687070518997	
		4093,75	0,922278782314005	
		4096,875	0,922150569856834	
		4100	0,921921424389555	
		4103,125	0,922140564363058	
		4106,25	0,923068470875782	
		4109,375	0,922854802368285	
		4112,5	0,923010036573621	
		4115,625	0,922598957501136	
		4118,75	0,923529013348304	
		4121,875	0,923429898073019	
		4125	0,923173783676939	
		4128,125	0,923986059210187	
		4131,25	0,92454606780785	
		4134,375	0,924546091130764	
		4137,5	0,924239756060538	
		4140,625	0,924402633290314	
		4143,75	0,925196034166987	
		4146,875	0,924884490799218	
		4150	0,9246757722115	
		4153,125	0,925661514031695	
		4156,25	0,926118831452975	
		4159,375	0,926251445256142	
		4162,5	0,925455984474039	
		4165,625	0,925725098233124	
		4168,75	0,926625080116897	
		4171,875	0,926545830364977	
		4175	0,927074458847331	
		4178,125	0,927553249674957	
		4181,25	0,927345842433318	
		4184,375	0,927491855203881	
		4187,5	0,928687212794219	
		4190,625	0,928686955651115	
		4193,75	0,928377263983761	
		4196,875	0,928700744186623	
		4200	0,928290317718877	
		4203,125	0,928554121156815	
		4206,25	0,92900921352608	
		4209,375	0,928621815819668	
		4212,5	0,928698299051184	
		4215,625	0,928738039492621	
		4218,75	0,929277638365777	
		4221,875	0,929534834147493	
		4225	0,929823940642768	
		4228,125	0,930400521492875	
		4231,25	0,92945428550141	
		4234,375	0,929489926779985	
		4237,5	0,929505172027534	
		4240,625	0,92987800542069	
		4243,75	0,93066611538288	
		4246,875	0,931018837781715	
		4250	0,930567810659937	
		4253,125	0,932326078091789	
		4256,25	0,931613609397514	
		4259,375	0,931443163144454	
		4262,5	0,931845691410019	
		4265,625	0,932089596614658	
		4268,75	0,932072992750583	
		4271,875	0,933158463467768	
		4275	0,933408605570132	
		4278,125	0,93310317541614	
		4281,25	0,933371008259282	
		4284,375	0,933390359546407	
		4287,5	0,933848852605687	
		4290,625	0,933866480553712	
		4293,75	0,93476171218282	
		4296,875	0,934808332884711	
		4300	0,93431490634583	
		4303,125	0,934304398049643	
		4306,25	0,934227069361797	
		4309,375	0,934846114006779	
		4312,5	0,934852693721918	
		4315,625	0,935711260149315	
		4318,75	0,93596301216621	
		4321,875	0,936438050777723	
		4325	0,936682115893252	
		4328,125	0,936337333498605	
		4331,25	0,936582036830696	
		4334,375	0,936881479819548	
		4337,5	0,936892286287302	
		4340,625	0,936452742089014	
		4343,75	0,937339105515368	
		4346,875	0,937861923328895	
		4350	0,938034238401792	
		4353,125	0,938143460012023	
		4356,25	0,938172690537391	
		4359,375	0,93864437947822	
		4362,5	0,93891813641292	
		4365,625	0,939141997408726	
		4368,75	0,938810085545677	
		4371,875	0,938878455780505	
		4375	0,93900683066295	
		4378,125	0,938800691476257	
		4381,25	0,938966394944249	
		4384,375	0,939519227401575	
		4387,5	0,939090494654527	
		4390,625	0,938740396031884	
		4393,75	0,939056044245727	
		4396,875	0,938976301223897	
		4400	0,938852447107628	
		4403,125	0,938054784258696	
		4406,25	0,938367007271422	
		4409,375	0,938335557785896	
		4412,5	0,939153678265618	
		4415,625	0,939048059953583	
		4418,75	0,939793253236321	
		4421,875	0,939966558963214	
		4425	0,939853050723322	
		4428,125	0,939940115999947	
		4431,25	0,940302694879586	
		4434,375	0,941037961837943	
		4437,5	0,940065324575253	
		4440,625	0,940738127500574	
		4443,75	0,941075935764681	
		4446,875	0,94127730352613	
		4450	0,941339574368084	
		4453,125	0,941357989573717	
		4456,25	0,941373828856704	
		4459,375	0,941701213460681	
		4462,5	0,94193155511693	
		4465,625	0,941806856675387	
		4468,75	0,942198793574097	
		4471,875	0,942243431202004	
		4475	0,942145994431466	
		4478,125	0,942637547813452	
		4481,25	0,942914292083048	
		4484,375	0,943313615616329	
		4487,5	0,942873582971887	
		4490,625	0,942761437080427	
		4493,75	0,942911886060751	
		4496,875	0,942791086286646	
		4500	0,942626020061381	
		4503,125	0,942695911652942	
		4506,25	0,942677473402916	
		4509,375	0,942659702700414	
		4512,5	0,942662422373618	
		4515,625	0,942614628310985	
		4518,75	0,94233708162349	
		4521,875	0,94225103088951	
		4525	0,942753966316829	
		4528,125	0,942847368784501	
		4531,25	0,942940979785538	
		4534,375	0,942173829698933	
		4537,5	0,942547779746108	
		4540,625	0,942334706188919	
		4543,75	0,942831371347145	
		4546,875	0,943124110891847	
		4550	0,943012518091331	
		4553,125	0,943370229175253	
		4556,25	0,943300768020723	
		4559,375	0,942966288322079	
		4562,5	0,942387964347552	
		4565,625	0,942941842875107	
		4568,75	0,943129770203994	
		4571,875	0,943440373508771	
		4575	0,943583038037578	
		4578,125	0,943504260232269	
		4581,25	0,943573351881672	
		4584,375	0,943471786380192	
		4587,5	0,943180068191747	
		4590,625	0,943571483337669	
		4593,75	0,943869736162382	
		4596,875	0,943821829247021	
		4600	0,9435425006789	
		4603,125	0,943215113398712	
		4606,25	0,944019664387327	
		4609,375	0,944263809952756	
		4612,5	0,944143985787164	
		4615,625	0,943966549391165	
		4618,75	0,944007831270154	
		4621,875	0,944018457082455	
		4625	0,944108443238993	
		4628,125	0,944275906146001	
		4631,25	0,94428647598358	
		4634,375	0,94439233861789	
		4637,5	0,944351395652309	
		4640,625	0,944418047644035	
		4643,75	0,944265127405701	
		4646,875	0,944246057864627	
		4650	0,944277747847595	
		4653,125	0,944102878236219	
		4656,25	0,94434292770027	
		4659,375	0,944348386158888	
		4662,5	0,944389781306395	
		4665,625	0,944287960225243	
		4668,75	0,944148233212786	
		4671,875	0,943985444246835	
		4675	0,943583837389965	
		4678,125	0,943964559885039	
		4681,25	0,944409923834066	
		4684,375	0,944139932084919	
		4687,5	0,943936683974812	
		4690,625	0,943760073633732	
		4693,75	0,943805129300476	
		4696,875	0,944092747115679	
		4700	0,943460515181191	
		4703,125	0,943509069577604	
		4706,25	0,94367543335851	
		4709,375	0,943767619813506	
		4712,5	0,943425398115965	
		4715,625	0,94327937079384	
		4718,75	0,943528834147057	
		4721,875	0,943438807230717	
		4725	0,943333402844326	
		4728,125	0,943292999228338	
		4731,25	0,943219403536793	
		4734,375	0,943047166020416	
		4737,5	0,942687562096114	
		4740,625	0,942575435660096	
		4743,75	0,942368621413422	
		4746,875	0,941788753502871	
		4750	0,941654295518166	
		4753,125	0,941569592377969	
		4756,25	0,941461212967882	
		4759,375	0,941253094831075	
		4762,5	0,941143940923271	
		4765,625	0,940391351741476	
		4768,75	0,940928885932531	
		4771,875	0,940889658391769	
		4775	0,940863257508504	
		4778,125	0,940702525670323	
		4781,25	0,940451858930588	
		4784,375	0,940021850741914	
		4787,5	0,940089972605244	
		4790,625	0,940158135982079	
		4793,75	0,939952799356949	
		4796,875	0,939569593068684	
		4800	0,939209763684629	
		4803,125	0,938921428791252	
		4806,25	0,938787526050696	
		4809,375	0,938719322345985	
		4812,5	0,938524594814524	
		4815,625	0,938032376053448	
		4818,75	0,937669272758035	
		4821,875	0,937624424742321	
		4825	0,937618513002336	
		4828,125	0,937500774856544	
		4831,25	0,937074253369877	
		4834,375	0,936502616869458	
		4837,5	0,936115626443752	
		4840,625	0,935747102054376	
		4843,75	0,935550122527981	
		4846,875	0,934857529991252	
		4850	0,934552300871068	
		4853,125	0,93444485412505	
		4856,25	0,934355490545607	
		4859,375	0,93348646030759	
		4862,5	0,932809013003835	
		4865,625	0,93245063150953	
		4868,75	0,932365270098665	
		4871,875	0,931978943019622	
		4875	0,931455243450065	
		4878,125	0,930642254854355	
		4881,25	0,930069740715654	
		4884,375	0,928977969797934	
		4887,5	0,928319136505455	
		4890,625	0,927466692127573	
		4893,75	0,926845245625069	
		4896,875	0,926247248721133	
		4900	0,92539970333362	
		4903,125	0,924808404660304	
		4906,25	0,923927788890274	
		4909,375	0,92295215995757	
		4912,5	0,922521813093025	
		4915,625	0,92140102742997	
		4918,75	0,920321890062859	
		4921,875	0,919666963594139	
		4925	0,919600585555993	
		4928,125	0,918811843744119	
		4931,25	0,917622525646086	
		4934,375	0,916724775228194	
		4937,5	0,915771386968702	
		4940,625	0,915943774517008	
		4943,75	0,914739157202918	
		4946,875	0,914375221794982	
		4950	0,913757259472242	
		4953,125	0,912849603838617	
		4956,25	0,912465579672033	
		4959,375	0,911123279885129	
		4962,5	0,909880244258735	
		4965,625	0,909240014148993	
		4968,75	0,909355770476419	
		4971,875	0,907918498609971	
				
