Frequency in Hz	Silk_99 Sound Reflection Factor continuous Re	Frequency in Hz	Silk_99 Sound Reflection Factor continuous Im	
100	0,965836822986603	100	-0,128668457269669	
103,125	0,958930253982544	103,125	-0,118806548416615	
106,25	0,95965451002121	106,25	-0,153056547045708	
109,375	0,971364259719849	109,375	-0,138772994279861	
112,5	0,958936214447021	112,5	-0,143783703446388	
115,625	0,957908511161804	115,625	-0,155773565173149	
118,75	0,962628722190857	118,75	-0,147852018475533	
121,875	0,949326276779175	121,875	-0,156155034899712	
125	0,961223006248474	125	-0,158968314528465	
128,125	0,960382223129272	128,125	-0,170385196805	
131,25	0,961095869541168	131,25	-0,168606549501419	
134,375	0,969810605049133	134,375	-0,169707387685776	
137,5	0,94441819190979	137,5	-0,18562950193882	
140,625	0,943401992321014	140,625	-0,174591779708862	
143,75	0,940230965614319	143,75	-0,186413675546646	
146,875	0,958183825016022	146,875	-0,175983786582947	
150	0,944831252098084	150	-0,187447533011436	
153,125	0,94477516412735	153,125	-0,20162445306778	
156,25	0,945728600025177	156,25	-0,196912929415703	
159,375	0,94549822807312	159,375	-0,20276290178299	
162,5	0,947093546390533	162,5	-0,202869474887848	
165,625	0,941940724849701	165,625	-0,202795088291168	
168,75	0,939454078674316	168,75	-0,22076652944088	
171,875	0,934754610061646	171,875	-0,211191147565842	
175	0,928367018699646	175	-0,219555720686913	
178,125	0,93615198135376	178,125	-0,224287942051888	
181,25	0,936069369316101	181,25	-0,221925467252731	
184,375	0,929798603057861	184,375	-0,222942903637886	
187,5	0,921113789081573	187,5	-0,233452886343002	
190,625	0,921126306056976	190,625	-0,229283049702644	
193,75	0,916303515434265	193,75	-0,242730230093002	
196,875	0,920164883136749	196,875	-0,238209813833237	
200	0,927534162998199	200	-0,239390328526497	
203,125	0,931734025478363	203,125	-0,239602044224739	
206,25	0,918560743331909	206,25	-0,259018093347549	
209,375	0,917670071125031	209,375	-0,25337091088295	
212,5	0,926138341426849	212,5	-0,248446404933929	
215,625	0,910868346691132	215,625	-0,263862252235413	
218,75	0,91553521156311	218,75	-0,256577014923096	
221,875	0,910715699195862	221,875	-0,26623609662056	
225	0,905997395515442	225	-0,26574581861496	
228,125	0,903464674949646	228,125	-0,269385159015656	
231,25	0,903656661510468	231,25	-0,27108371257782	
234,375	0,899247348308563	234,375	-0,275036215782166	
237,5	0,906688034534454	237,5	-0,275249153375626	
240,625	0,90481698513031	240,625	-0,291948646306992	
243,75	0,902697622776031	243,75	-0,286971896886826	
246,875	0,892624855041504	246,875	-0,287975460290909	
250	0,89055323600769	250	-0,289656490087509	
253,125	0,894371271133423	253,125	-0,294495403766632	
256,25	0,889575183391571	256,25	-0,301911622285843	
259,375	0,884488105773926	259,375	-0,29774072766304	
262,5	0,887074112892151	262,5	-0,306041747331619	
265,625	0,888155460357666	265,625	-0,313547492027283	
268,75	0,885228991508484	268,75	-0,309460490942001	
271,875	0,879822552204132	271,875	-0,317612648010254	
275	0,883315861225128	275	-0,319768309593201	
278,125	0,875559747219086	278,125	-0,324621975421906	
281,25	0,875341057777405	281,25	-0,324289917945862	
284,375	0,874261736869812	284,375	-0,326913356781006	
287,5	0,882871925830841	287,5	-0,32509446144104	
290,625	0,866221487522125	290,625	-0,345294058322906	
293,75	0,868643403053284	293,75	-0,345542281866074	
296,875	0,864174067974091	296,875	-0,347253799438477	
300	0,859810471534729	300	-0,350828379392624	
303,125	0,855644106864929	303,125	-0,357638627290726	
306,25	0,850066423416138	306,25	-0,359206348657608	
309,375	0,844772756099701	309,375	-0,358813464641571	
312,5	0,833877682685852	312,5	-0,36484032869339	
315,625	0,825296938419342	315,625	-0,350805282592773	
318,75	0,822887361049652	318,75	-0,355789572000504	
321,875	0,830254733562469	321,875	-0,349077552556992	
325	0,832531034946442	325	-0,343996226787567	
328,125	0,830189824104309	328,125	-0,340318828821182	
331,25	0,838916599750519	331,25	-0,355698972940445	
334,375	0,839493036270142	334,375	-0,358530074357986	
337,5	0,836896240711212	337,5	-0,356121122837067	
340,625	0,838963866233826	340,625	-0,36253222823143	
343,75	0,832434594631195	343,75	-0,370553970336914	
346,875	0,833669126033783	346,875	-0,372198313474655	
350	0,83122307062149	350	-0,371467351913452	
353,125	0,83216792345047	353,125	-0,373625963926315	
356,25	0,834071636199951	356,25	-0,38353443145752	
359,375	0,82764345407486	359,375	-0,393559247255325	
362,5	0,823587596416473	362,5	-0,392587661743164	
365,625	0,815677464008331	365,625	-0,388931334018707	
368,75	0,823343217372894	368,75	-0,395313560962677	
371,875	0,833107829093933	371,875	-0,405295878648758	
375	0,799815535545349	375	-0,395440548658371	
378,125	0,803077757358551	378,125	-0,403838932514191	
381,25	0,818272769451141	381,25	-0,400695592164993	
384,375	0,798741102218628	384,375	-0,402037918567657	
387,5	0,7949378490448	387,5	-0,418492615222931	
390,625	0,797460675239563	390,625	-0,426937133073807	
393,75	0,810635983943939	393,75	-0,413489580154419	
396,875	0,809522151947021	396,875	-0,413608878850937	
400	0,807395696640015	400	-0,412963598966599	
403,125	0,805970072746277	403,125	-0,414364129304886	
406,25	0,795354962348938	406,25	-0,418876886367798	
409,375	0,778570175170898	409,375	-0,425707906484604	
412,5	0,772648811340332	412,5	-0,436262518167496	
415,625	0,78806346654892	415,625	-0,439509898424149	
418,75	0,774694323539734	418,75	-0,436168879270554	
421,875	0,772442102432251	421,875	-0,448500841856003	
425	0,773522436618805	425	-0,443987369537354	
428,125	0,780649900436401	428,125	-0,429391413927078	
431,25	0,773841202259064	431,25	-0,448582917451859	
434,375	0,773954689502716	434,375	-0,443915724754334	
437,5	0,773940920829773	437,5	-0,444656044244766	
440,625	0,77173376083374	440,625	-0,442480653524399	
443,75	0,764788448810577	443,75	-0,450649052858353	
446,875	0,763194262981415	446,875	-0,4477778673172	
450	0,775386393070221	450	-0,450410604476929	
453,125	0,774383842945099	453,125	-0,452396303415298	
456,25	0,778566241264343	456,25	-0,457896381616592	
459,375	0,768256604671478	459,375	-0,462624788284302	
462,5	0,758909285068512	462,5	-0,470465302467346	
465,625	0,759877800941467	465,625	-0,473237276077271	
468,75	0,760063409805298	468,75	-0,472087502479553	
471,875	0,750342190265656	471,875	-0,484511077404022	
475	0,748334944248199	475	-0,483167558908463	
478,125	0,749501645565033	478,125	-0,475061655044556	
481,25	0,757936358451843	481,25	-0,478140085935593	
484,375	0,74699205160141	484,375	-0,48630028963089	
487,5	0,748674213886261	487,5	-0,48349991440773	
490,625	0,745484888553619	490,625	-0,489276945590973	
493,75	0,739185631275177	493,75	-0,49146768450737	
496,875	0,737557590007782	496,875	-0,494889676570892	
500	0,740500509738922	500	-0,505650341510773	
503,125	0,735454797744751	503,125	-0,509270966053009	
506,25	0,734668254852295	506,25	-0,510202646255493	
509,375	0,731283247470856	509,375	-0,517817676067352	
512,5	0,722192168235779	512,5	-0,519692480564117	
515,625	0,721922338008881	515,625	-0,515777349472046	
518,75	0,720441162586212	518,75	-0,515429258346558	
521,875	0,713073134422302	521,875	-0,526827573776245	
525	0,708382844924927	525	-0,526105344295502	
528,125	0,712438941001892	528,125	-0,528402328491211	
531,25	0,704405128955841	531,25	-0,530411541461945	
534,375	0,701699137687683	534,375	-0,53137743473053	
537,5	0,698884904384613	537,5	-0,533561885356903	
540,625	0,696569263935089	540,625	-0,53586882352829	
543,75	0,69524484872818	543,75	-0,53240442276001	
546,875	0,690246045589447	546,875	-0,543456614017487	
550	0,687868118286133	550	-0,541405081748962	
553,125	0,682684004306793	553,125	-0,542673826217651	
556,25	0,683266222476959	556,25	-0,543910980224609	
559,375	0,676746726036072	559,375	-0,542910933494568	
562,5	0,675432324409485	562,5	-0,54435008764267	
565,625	0,673474609851837	565,625	-0,54768180847168	
568,75	0,670687437057495	568,75	-0,547880172729492	
571,875	0,669084548950195	571,875	-0,548415005207062	
575	0,668444395065308	575	-0,552692234516144	
578,125	0,665569245815277	578,125	-0,551648557186127	
581,25	0,665837049484253	581,25	-0,557579636573792	
584,375	0,663191914558411	584,375	-0,563066899776459	
587,5	0,661644041538239	587,5	-0,565355598926544	
590,625	0,656859278678894	590,625	-0,567282915115356	
593,75	0,652522623538971	593,75	-0,570699453353882	
596,875	0,651063442230225	596,875	-0,572701394557953	
600	0,644487321376801	600	-0,578162491321564	
603,125	0,64267909526825	603,125	-0,578349947929382	
606,25	0,636463701725006	606,25	-0,58070981502533	
609,375	0,635601937770844	609,375	-0,582401275634766	
612,5	0,631100058555603	612,5	-0,584260821342468	
615,625	0,625716686248779	615,625	-0,586896419525146	
618,75	0,623194813728333	618,75	-0,587249934673309	
621,875	0,621628761291504	621,875	-0,587712228298187	
625	0,616514086723328	625	-0,587329864501953	
628,125	0,611492991447449	628,125	-0,590677082538605	
631,25	0,606263637542725	631,25	-0,589591503143311	
634,375	0,603288173675537	634,375	-0,590826332569122	
637,5	0,601335048675537	637,5	-0,592763066291809	
640,625	0,600769102573395	640,625	-0,591730117797852	
643,75	0,594718635082245	643,75	-0,596143484115601	
646,875	0,59132993221283	646,875	-0,595038115978241	
650	0,589702427387238	650	-0,598633646965027	
653,125	0,58612072467804	653,125	-0,597304403781891	
656,25	0,582871079444885	656,25	-0,596866071224213	
659,375	0,578028678894043	659,375	-0,599265515804291	
662,5	0,578523337841034	662,5	-0,60084480047226	
665,625	0,575864911079407	665,625	-0,603474617004395	
668,75	0,571016311645508	668,75	-0,60298478603363	
671,875	0,569294035434723	671,875	-0,601644515991211	
675	0,563448667526245	675	-0,603182196617126	
678,125	0,559202015399933	678,125	-0,604153692722321	
681,25	0,55794632434845	681,25	-0,605015933513641	
684,375	0,556317448616028	684,375	-0,605840146541595	
687,5	0,557122051715851	687,5	-0,608281791210175	
690,625	0,5472491979599	690,625	-0,612444877624512	
693,75	0,549018085002899	693,75	-0,610230982303619	
696,875	0,54645961523056	696,875	-0,61109870672226	
700	0,541081786155701	700	-0,611861824989319	
703,125	0,538760840892792	703,125	-0,614094793796539	
706,25	0,538336277008057	706,25	-0,614152014255524	
709,375	0,534660160541534	709,375	-0,612922728061676	
712,5	0,525533854961395	712,5	-0,617155790328979	
715,625	0,527661561965942	715,625	-0,617170214653015	
718,75	0,525938749313354	718,75	-0,61918979883194	
721,875	0,521746277809143	721,875	-0,61800354719162	
725	0,519950270652771	725	-0,620927810668945	
728,125	0,514962911605835	728,125	-0,619284927845001	
731,25	0,51423192024231	731,25	-0,621026575565338	
734,375	0,511614143848419	734,375	-0,621309399604797	
737,5	0,511190474033356	737,5	-0,622965097427368	
740,625	0,504313290119171	740,625	-0,621005654335022	
743,75	0,498630791902542	743,75	-0,620247185230255	
746,875	0,4957634806633	746,875	-0,627384305000305	
750	0,494119107723236	750	-0,628629088401794	
753,125	0,493256956338882	753,125	-0,62664520740509	
756,25	0,490424990653992	756,25	-0,625508308410645	
759,375	0,489170104265213	759,375	-0,623494565486908	
762,5	0,489445835351944	762,5	-0,626429557800293	
765,625	0,485334396362305	765,625	-0,625655293464661	
768,75	0,478825002908707	768,75	-0,629969835281372	
771,875	0,472962379455566	771,875	-0,628304839134216	
775	0,473892122507095	775	-0,629146456718445	
778,125	0,471884399652481	778,125	-0,628022372722626	
781,25	0,467357397079468	781,25	-0,630085945129395	
784,375	0,46242019534111	784,375	-0,629491746425629	
787,5	0,456994324922562	787,5	-0,630690634250641	
790,625	0,455358535051346	790,625	-0,631355583667755	
793,75	0,455899715423584	793,75	-0,630373060703278	
796,875	0,455891847610474	796,875	-0,632450342178345	
800	0,451697707176209	800	-0,632410943508148	
803,125	0,452374547719955	803,125	-0,63407701253891	
806,25	0,447308033704758	806,25	-0,633470356464386	
809,375	0,435335129499435	809,375	-0,634455859661102	
812,5	0,442357867956162	812,5	-0,632980108261108	
815,625	0,443373441696167	815,625	-0,633391261100769	
818,75	0,434389919042587	818,75	-0,633141100406647	
821,875	0,434337228536606	821,875	-0,631651341915131	
825	0,439879029989243	825	-0,631619513034821	
828,125	0,434948712587357	828,125	-0,632142186164856	
831,25	0,432139068841934	831,25	-0,61744087934494	
834,375	0,421142965555191	834,375	-0,627894818782806	
837,5	0,421334952116013	837,5	-0,634749233722687	
840,625	0,418738037347794	840,625	-0,636882483959198	
843,75	0,413428068161011	843,75	-0,634719133377075	
846,875	0,414541482925415	846,875	-0,637977600097656	
850	0,412401527166367	850	-0,641053378582001	
853,125	0,413723587989807	853,125	-0,639854848384857	
856,25	0,414378255605698	856,25	-0,634101092815399	
859,375	0,40851417183876	859,375	-0,630804836750031	
862,5	0,404842555522919	862,5	-0,634607493877411	
865,625	0,404273986816406	865,625	-0,63632208108902	
868,75	0,404176533222198	868,75	-0,637660622596741	
871,875	0,398887813091278	871,875	-0,639995336532593	
875	0,396617352962494	875	-0,635237216949463	
878,125	0,394019216299057	878,125	-0,638730943202972	
881,25	0,389322280883789	881,25	-0,637973666191101	
884,375	0,375922948122025	884,375	-0,647280871868134	
887,5	0,372579455375671	887,5	-0,643893361091614	
890,625	0,368734508752823	890,625	-0,646202504634857	
893,75	0,367157727479935	893,75	-0,652340590953827	
896,875	0,362452834844589	896,875	-0,652092099189758	
900	0,362244039773941	900	-0,65099436044693	
903,125	0,357692003250122	903,125	-0,649492621421814	
906,25	0,354556918144226	906,25	-0,650285363197327	
909,375	0,353783011436462	909,375	-0,654199182987213	
912,5	0,347765773534775	912,5	-0,656413853168488	
915,625	0,34380105137825	915,625	-0,655870378017426	
918,75	0,34057480096817	918,75	-0,653636813163757	
921,875	0,337311059236526	921,875	-0,651740729808807	
925	0,335491687059402	925	-0,65215140581131	
928,125	0,336378216743469	928,125	-0,654562890529633	
931,25	0,326888740062714	931,25	-0,654258728027344	
934,375	0,325086265802383	934,375	-0,653874695301056	
937,5	0,321610003709793	937,5	-0,653471708297729	
940,625	0,320154815912247	940,625	-0,653023421764374	
943,75	0,314095556735992	943,75	-0,655776739120483	
946,875	0,312160283327103	946,875	-0,655526041984558	
950	0,3097123503685	950	-0,654122531414032	
953,125	0,308322310447693	953,125	-0,653976321220398	
956,25	0,304444760084152	956,25	-0,652047991752625	
959,375	0,29962083697319	959,375	-0,651702463626862	
962,5	0,29634040594101	962,5	-0,653911054134369	
965,625	0,293816059827805	965,625	-0,653042256832123	
968,75	0,29336416721344	968,75	-0,654081583023071	
971,875	0,287367880344391	971,875	-0,652355909347534	
975	0,285727173089981	975	-0,651003420352936	
978,125	0,282997310161591	978,125	-0,650650084018707	
981,25	0,278917729854584	981,25	-0,648729264736176	
984,375	0,276652872562408	984,375	-0,650156497955322	
987,5	0,273951053619385	987,5	-0,649664163589478	
990,625	0,27213579416275	990,625	-0,648241877555847	
993,75	0,267969369888306	993,75	-0,650207698345184	
996,875	0,266079366207123	996,875	-0,649698436260223	
1000	0,261983007192612	1000	-0,649805068969727	
1003,125	0,26067265868187	1003,125	-0,648029029369354	
1006,25	0,257979899644852	1006,25	-0,647419393062592	
1009,375	0,254137217998505	1009,375	-0,647168099880219	
1012,5	0,253233015537262	1012,5	-0,646475553512573	
1015,625	0,251710623502731	1015,625	-0,647411346435547	
1018,75	0,245487615466118	1018,75	-0,646949708461761	
1021,875	0,245086282491684	1021,875	-0,646041512489319	
1025	0,240998491644859	1025	-0,644812524318695	
1028,125	0,239283487200737	1028,125	-0,64462411403656	
1031,25	0,238143786787987	1031,25	-0,645917236804962	
1034,375	0,234261587262154	1034,375	-0,645346283912659	
1037,5	0,231617674231529	1037,5	-0,644448101520538	
1040,625	0,2288978099823	1040,625	-0,644987821578979	
1043,75	0,227492988109589	1043,75	-0,644244849681854	
1046,875	0,225520700216293	1046,875	-0,643139243125916	
1050	0,22053225338459	1050	-0,64445573091507	
1053,125	0,218707174062729	1053,125	-0,645824134349823	
1056,25	0,214464619755745	1056,25	-0,644384324550629	
1059,375	0,213641688227654	1059,375	-0,64433079957962	
1062,5	0,210945188999176	1062,5	-0,645130276679993	
1065,625	0,205162912607193	1065,625	-0,644947171211243	
1068,75	0,204671159386635	1068,75	-0,641931354999542	
1071,875	0,201275542378426	1071,875	-0,640954315662384	
1075	0,198950424790382	1075	-0,641043484210968	
1078,125	0,196349427103996	1078,125	-0,643038094043732	
1081,25	0,190075933933258	1081,25	-0,637876808643341	
1084,375	0,189040422439575	1084,375	-0,638941824436188	
1087,5	0,186889439821243	1087,5	-0,638517022132874	
1090,625	0,185112342238426	1090,625	-0,637568175792694	
1093,75	0,182330593466759	1093,75	-0,63741809129715	
1096,875	0,178159773349762	1096,875	-0,635479807853699	
1100	0,175110399723053	1100	-0,634273529052734	
1103,125	0,17197722196579	1103,125	-0,63369482755661	
1106,25	0,171070724725723	1106,25	-0,631089389324188	
1109,375	0,16580867767334	1109,375	-0,633914887905121	
1112,5	0,165811210870743	1112,5	-0,63377982378006	
1115,625	0,163288727402687	1115,625	-0,628476321697235	
1118,75	0,160218670964241	1118,75	-0,632639944553375	
1121,875	0,160055592656136	1121,875	-0,630429863929749	
1125	0,157034173607826	1125	-0,631988167762756	
1128,125	0,154365241527557	1128,125	-0,631715059280396	
1131,25	0,147748932242393	1131,25	-0,62791907787323	
1134,375	0,149070873856544	1134,375	-0,627115428447723	
1137,5	0,148189261555672	1137,5	-0,631168365478516	
1140,625	0,14034079015255	1140,625	-0,630257248878479	
1143,75	0,140892684459686	1143,75	-0,627538561820984	
1146,875	0,137040659785271	1146,875	-0,626298844814301	
1150	0,132272318005562	1150	-0,623354196548462	
1153,125	0,132148548960686	1153,125	-0,622365713119507	
1156,25	0,132411971688271	1156,25	-0,625125825405121	
1159,375	0,127005621790886	1159,375	-0,625084280967712	
1162,5	0,129079684615135	1162,5	-0,623833358287811	
1165,625	0,123794361948967	1165,625	-0,622182250022888	
1168,75	0,121508806943893	1168,75	-0,621350228786469	
1171,875	0,119191877543926	1171,875	-0,622802197933197	
1175	0,114318586885929	1175	-0,620885968208313	
1178,125	0,113038718700409	1178,125	-0,620530724525452	
1181,25	0,112697765231133	1181,25	-0,61939948797226	
1184,375	0,107435718178749	1184,375	-0,618385195732117	
1187,5	0,102980613708496	1187,5	-0,617919862270355	
1190,625	0,10166397690773	1190,625	-0,616339087486267	
1193,75	0,102959133684635	1193,75	-0,616852045059204	
1196,875	0,100536309182644	1196,875	-0,614066362380981	
1200	0,0933083817362785	1200	-0,613084197044373	
1203,125	0,0919232219457626	1203,125	-0,611846745014191	
1206,25	0,0921249911189079	1206,25	-0,607391595840454	
1209,375	0,0831137299537659	1209,375	-0,608026325702667	
1212,5	0,0777909010648727	1212,5	-0,607975661754608	
1215,625	0,0802589729428291	1215,625	-0,607072293758392	
1218,75	0,0749056413769722	1218,75	-0,606897711753845	
1221,875	0,0747961550951004	1221,875	-0,603852927684784	
1225	0,0745515450835228	1225	-0,604852020740509	
1228,125	0,0658184811472893	1228,125	-0,602434754371643	
1231,25	0,066056527197361	1231,25	-0,602228343486786	
1234,375	0,0660106688737869	1234,375	-0,602179884910584	
1237,5	0,0598615780472755	1237,5	-0,602469682693481	
1240,625	0,0587877668440342	1240,625	-0,598681569099426	
1243,75	0,0556789711117744	1243,75	-0,597842991352081	
1246,875	0,054672047495842	1246,875	-0,59597373008728	
1250	0,0515829175710678	1250	-0,592367768287659	
1253,125	0,047764141112566	1253,125	-0,593844473361969	
1256,25	0,04292156919837	1256,25	-0,590829968452454	
1259,375	0,0421181581914425	1259,375	-0,589433670043945	
1262,5	0,0420568026602268	1262,5	-0,587867677211761	
1265,625	0,039586529135704	1265,625	-0,58672297000885	
1268,75	0,0360845811665058	1268,75	-0,586393713951111	
1271,875	0,0343820229172707	1271,875	-0,583294630050659	
1275	0,0318344086408615	1275	-0,582815825939178	
1278,125	0,0294528752565384	1278,125	-0,580425024032593	
1281,25	0,0271761417388916	1281,25	-0,58069783449173	
1284,375	0,0273528378456831	1284,375	-0,57936692237854	
1287,5	0,0249985363334417	1287,5	-0,580026865005493	
1290,625	0,0207335539162159	1290,625	-0,578415155410767	
1293,75	0,0205376446247101	1293,75	-0,575602769851685	
1296,875	0,0165609885007143	1296,875	-0,573065042495728	
1300	0,0146867008879781	1300	-0,576100051403046	
1303,125	0,0117635484784842	1303,125	-0,575399279594421	
1306,25	0,0114079508930445	1306,25	-0,572537958621979	
1309,375	0,00838917028158903	1309,375	-0,569786846637726	
1312,5	0,00556045677512884	1312,5	-0,569520175457001	
1315,625	0,00436381809413433	1315,625	-0,569809019565582	
1318,75	0,00199629087001085	1318,75	-0,566161751747131	
1321,875	0,00125906942412257	1321,875	-0,564574420452118	
1325	-0,000456260895589367	1325	-0,564184069633484	
1328,125	-0,00417297333478928	1328,125	-0,563282310962677	
1331,25	-0,00613398244604468	1331,25	-0,560042381286621	
1334,375	-0,0109586417675018	1334,375	-0,559751808643341	
1337,5	-0,0109606320038438	1337,5	-0,558208584785461	
1340,625	-0,0127638382837176	1340,625	-0,554989159107208	
1343,75	-0,0137976054102182	1343,75	-0,555081367492676	
1346,875	-0,0169001743197441	1346,875	-0,551759898662567	
1350	-0,0196547619998455	1350	-0,551368653774261	
1353,125	-0,0200690105557442	1353,125	-0,550949335098267	
1356,25	-0,0260496269911528	1356,25	-0,55083554983139	
1359,375	-0,0258913487195969	1359,375	-0,546438753604889	
1362,5	-0,0281262099742889	1362,5	-0,54434722661972	
1365,625	-0,0296847112476826	1365,625	-0,543679475784302	
1368,75	-0,0305214133113623	1368,75	-0,541666328907013	
1371,875	-0,0339751988649368	1371,875	-0,540071249008179	
1375	-0,0363494344055653	1375	-0,54112184047699	
1378,125	-0,0366748496890068	1378,125	-0,540874540805817	
1381,25	-0,0424609258770943	1381,25	-0,537496984004974	
1384,375	-0,0431434996426106	1384,375	-0,536673367023468	
1387,5	-0,0425325445830822	1387,5	-0,534826159477234	
1390,625	-0,043842688202858	1390,625	-0,531571388244629	
1393,75	-0,046173207461834	1393,75	-0,529128611087799	
1396,875	-0,0483827069401741	1396,875	-0,528458118438721	
1400	-0,0492795072495937	1400	-0,525712370872498	
1403,125	-0,0518902949988842	1403,125	-0,525414168834686	
1406,25	-0,0542617663741112	1406,25	-0,525092303752899	
1409,375	-0,05668118968606	1409,375	-0,522527158260345	
1412,5	-0,0567102693021297	1412,5	-0,520499229431152	
1415,625	-0,0600322745740414	1415,625	-0,519081711769104	
1418,75	-0,0612589530646801	1418,75	-0,518519103527069	
1421,875	-0,0616589970886707	1421,875	-0,516276955604553	
1425	-0,0629975944757462	1425	-0,515529632568359	
1428,125	-0,0684028267860413	1428,125	-0,514053344726563	
1431,25	-0,0675689205527306	1431,25	-0,512121140956879	
1434,375	-0,0689930841326714	1434,375	-0,50990355014801	
1437,5	-0,0707155615091324	1437,5	-0,505702495574951	
1440,625	-0,0689891576766968	1440,625	-0,507135510444641	
1443,75	-0,0771592929959297	1443,75	-0,504653632640839	
1446,875	-0,0749939158558846	1446,875	-0,502503097057343	
1450	-0,0767417475581169	1450	-0,500286221504211	
1453,125	-0,0778516456484795	1453,125	-0,499092221260071	
1456,25	-0,0807320922613144	1456,25	-0,497468948364258	
1459,375	-0,0811408087611198	1459,375	-0,495495587587357	
1462,5	-0,0815771594643593	1462,5	-0,492742538452148	
1465,625	-0,0838214755058289	1465,625	-0,49272695183754	
1468,75	-0,0864630490541458	1468,75	-0,489841490983963	
1471,875	-0,0882273986935616	1471,875	-0,488715261220932	
1475	-0,0884046703577042	1475	-0,48841404914856	
1478,125	-0,0903184786438942	1478,125	-0,486186593770981	
1481,25	-0,0902492851018906	1481,25	-0,48381096124649	
1484,375	-0,0937855094671249	1484,375	-0,481150954961777	
1487,5	-0,0958415195345879	1487,5	-0,483201116323471	
1490,625	-0,0968799889087677	1490,625	-0,481221884489059	
1493,75	-0,098821759223938	1493,75	-0,48044952750206	
1496,875	-0,0977637842297554	1496,875	-0,480296343564987	
1500	-0,102413050830364	1500	-0,477334439754486	
1503,125	-0,103344924747944	1503,125	-0,474506825208664	
1506,25	-0,102455362677574	1506,25	-0,472536146640778	
1509,375	-0,107816405594349	1509,375	-0,471665918827057	
1512,5	-0,109278790652752	1512,5	-0,470334649085999	
1515,625	-0,111413590610027	1515,625	-0,470290690660477	
1518,75	-0,110866338014603	1518,75	-0,46676704287529	
1521,875	-0,110323369503021	1521,875	-0,46616929769516	
1525	-0,11748131364584	1525	-0,465454190969467	
1528,125	-0,115612648427486	1528,125	-0,46137410402298	
1531,25	-0,116890430450439	1531,25	-0,460538148880005	
1534,375	-0,118060357868671	1534,375	-0,457796961069107	
1537,5	-0,121954768896103	1537,5	-0,45806023478508	
1540,625	-0,121295392513275	1540,625	-0,456814110279083	
1543,75	-0,12652000784874	1543,75	-0,452861040830612	
1546,875	-0,125309228897095	1546,875	-0,451392501592636	
1550	-0,128444939851761	1550	-0,450093895196915	
1553,125	-0,128862425684929	1553,125	-0,4498091340065	
1556,25	-0,130934432148933	1556,25	-0,445929080247879	
1559,375	-0,131760016083717	1559,375	-0,444898515939713	
1562,5	-0,133080184459686	1562,5	-0,443372935056686	
1565,625	-0,134508371353149	1565,625	-0,438934713602066	
1568,75	-0,137165248394012	1568,75	-0,440940767526627	
1571,875	-0,138145908713341	1571,875	-0,438008278608322	
1575	-0,137944400310516	1575	-0,43748939037323	
1578,125	-0,138972833752632	1578,125	-0,434907734394073	
1581,25	-0,142529308795929	1581,25	-0,433437287807465	
1584,375	-0,140783607959747	1584,375	-0,431177824735641	
1587,5	-0,144709795713425	1587,5	-0,428884476423264	
1590,625	-0,148953557014465	1590,625	-0,428365051746368	
1593,75	-0,149887770414352	1593,75	-0,426003843545914	
1596,875	-0,149687498807907	1596,875	-0,423980385065079	
1600	-0,151631817221642	1600	-0,423682242631912	
1603,125	-0,153265118598938	1603,125	-0,422552675008774	
1606,25	-0,154667466878891	1606,25	-0,420094907283783	
1609,375	-0,152819126844406	1609,375	-0,41505441069603	
1612,5	-0,154901131987572	1612,5	-0,41081964969635	
1615,625	-0,157560274004936	1615,625	-0,410799205303192	
1618,75	-0,159730866551399	1618,75	-0,411356121301651	
1621,875	-0,159645810723305	1621,875	-0,409265547990799	
1625	-0,162016302347183	1625	-0,40719547867775	
1628,125	-0,161276832222939	1628,125	-0,405827701091766	
1631,25	-0,164525479078293	1631,25	-0,402616143226624	
1634,375	-0,165781185030937	1634,375	-0,402814388275146	
1637,5	-0,167857274413109	1637,5	-0,401451706886292	
1640,625	-0,163166657090187	1640,625	-0,397386133670807	
1643,75	-0,171006321907043	1643,75	-0,391600430011749	
1646,875	-0,169770881533623	1646,875	-0,393861085176468	
1650	-0,17198221385479	1650	-0,393951565027237	
1653,125	-0,172215893864632	1653,125	-0,390533417463303	
1656,25	-0,173151507973671	1656,25	-0,389027237892151	
1659,375	-0,173126026988029	1659,375	-0,387740314006805	
1662,5	-0,173754438757896	1662,5	-0,38581719994545	
1665,625	-0,178289487957954	1665,625	-0,384094685316086	
1668,75	-0,178129583597183	1668,75	-0,383099377155304	
1671,875	-0,179458737373352	1671,875	-0,381503641605377	
1675	-0,180170774459839	1675	-0,377162545919418	
1678,125	-0,183147609233856	1678,125	-0,375602066516876	
1681,25	-0,182080611586571	1681,25	-0,375792294740677	
1684,375	-0,183475777506828	1684,375	-0,369177252054214	
1687,5	-0,184705480933189	1687,5	-0,36849370598793	
1690,625	-0,184747725725174	1690,625	-0,366834402084351	
1693,75	-0,183509185910225	1693,75	-0,364199966192245	
1696,875	-0,188105434179306	1696,875	-0,363025844097137	
1700	-0,188086554408073	1700	-0,361751645803452	
1703,125	-0,189765527844429	1703,125	-0,36128506064415	
1706,25	-0,191185936331749	1706,25	-0,358749657869339	
1709,375	-0,192307531833649	1709,375	-0,355037361383438	
1712,5	-0,192554742097855	1712,5	-0,354286640882492	
1715,625	-0,193590313196182	1715,625	-0,35206350684166	
1718,75	-0,195137470960617	1718,75	-0,35233861207962	
1721,875	-0,196676999330521	1721,875	-0,350205987691879	
1725	-0,199001416563988	1725	-0,34531581401825	
1728,125	-0,19888311624527	1728,125	-0,346070438623428	
1731,25	-0,199426800012589	1731,25	-0,345624536275864	
1734,375	-0,202536925673485	1734,375	-0,343747675418854	
1737,5	-0,201891213655472	1737,5	-0,340452551841736	
1740,625	-0,201708525419235	1740,625	-0,340748369693756	
1743,75	-0,203664422035217	1743,75	-0,335207521915436	
1746,875	-0,203340545296669	1746,875	-0,333526998758316	
1750	-0,20368355512619	1750	-0,333421796560287	
1753,125	-0,20614005625248	1753,125	-0,330809831619263	
1756,25	-0,208418726921082	1756,25	-0,328485131263733	
1759,375	-0,207737818360329	1759,375	-0,32914873957634	
1762,5	-0,209597036242485	1762,5	-0,326397895812988	
1765,625	-0,21092264354229	1765,625	-0,323889434337616	
1768,75	-0,211565434932709	1768,75	-0,320620447397232	
1771,875	-0,212325632572174	1771,875	-0,320431590080261	
1775	-0,2125633507967	1775	-0,319158971309662	
1778,125	-0,214741185307503	1778,125	-0,316927880048752	
1781,25	-0,215400844812393	1781,25	-0,313849568367004	
1784,375	-0,216762453317642	1784,375	-0,312694609165192	
1787,5	-0,218895420432091	1787,5	-0,312583088874817	
1790,625	-0,218628078699112	1790,625	-0,308218210935593	
1793,75	-0,222624033689499	1793,75	-0,307002753019333	
1796,875	-0,221563369035721	1796,875	-0,306036651134491	
1800	-0,220244601368904	1800	-0,303819000720978	
1803,125	-0,224444299936295	1803,125	-0,300032377243042	
1806,25	-0,222935184836388	1806,25	-0,298134416341782	
1809,375	-0,223773419857025	1809,375	-0,295112103223801	
1812,5	-0,222942546010017	1812,5	-0,296062350273132	
1815,625	-0,227539911866188	1815,625	-0,291483134031296	
1818,75	-0,225342035293579	1818,75	-0,289152055978775	
1821,875	-0,226762980222702	1821,875	-0,287885040044785	
1825	-0,227762535214424	1825	-0,28691554069519	
1828,125	-0,228458687663078	1828,125	-0,28562918305397	
1831,25	-0,227447673678398	1831,25	-0,283217370510101	
1834,375	-0,228863790631294	1834,375	-0,280197262763977	
1837,5	-0,229532301425934	1837,5	-0,279056072235107	
1840,625	-0,233047142624855	1840,625	-0,278331786394119	
1843,75	-0,233356103301048	1843,75	-0,275514960289001	
1846,875	-0,234898030757904	1846,875	-0,273646533489227	
1850	-0,234686642885208	1850	-0,27209335565567	
1853,125	-0,23559881746769	1853,125	-0,270841330289841	
1856,25	-0,233736112713814	1856,25	-0,267902255058289	
1859,375	-0,23553030192852	1859,375	-0,266551464796066	
1862,5	-0,237295240163803	1862,5	-0,262482047080994	
1865,625	-0,237008914351463	1865,625	-0,262202322483063	
1868,75	-0,236393615603447	1868,75	-0,260778576135635	
1871,875	-0,237922132015228	1871,875	-0,2582788169384	
1875	-0,23889684677124	1875	-0,257948517799377	
1878,125	-0,239246532320976	1878,125	-0,254844576120377	
1881,25	-0,240920811891556	1881,25	-0,252212136983871	
1884,375	-0,241923868656158	1884,375	-0,251603603363037	
1887,5	-0,242078050971031	1887,5	-0,249446883797646	
1890,625	-0,241185292601585	1890,625	-0,245885699987411	
1893,75	-0,241379946470261	1893,75	-0,244470089673996	
1896,875	-0,241594955325127	1896,875	-0,241991892457008	
1900	-0,243493646383286	1900	-0,240833550691605	
1903,125	-0,2435642182827	1903,125	-0,238468676805496	
1906,25	-0,244399935007095	1906,25	-0,235162392258644	
1909,375	-0,245066866278648	1909,375	-0,234880417585373	
1912,5	-0,244973421096802	1912,5	-0,234206035733223	
1915,625	-0,24591638147831	1915,625	-0,230947837233543	
1918,75	-0,246438547968864	1918,75	-0,227592349052429	
1921,875	-0,247736841440201	1921,875	-0,228130415081978	
1925	-0,249840945005417	1925	-0,22734247148037	
1928,125	-0,24876743555069	1928,125	-0,223337188363075	
1931,25	-0,248861461877823	1931,25	-0,222217231988907	
1934,375	-0,250186532735825	1934,375	-0,220302000641823	
1937,5	-0,250533550977707	1937,5	-0,218976989388466	
1940,625	-0,251485615968704	1940,625	-0,216758981347084	
1943,75	-0,251868158578873	1943,75	-0,213621273636818	
1946,875	-0,25185626745224	1946,875	-0,211655363440514	
1950	-0,252118855714798	1950	-0,210675284266472	
1953,125	-0,254408776760101	1953,125	-0,207822680473328	
1956,25	-0,253943771123886	1956,25	-0,206650882959366	
1959,375	-0,254763782024384	1959,375	-0,205031707882881	
1962,5	-0,256587326526642	1962,5	-0,204923570156097	
1965,625	-0,256057441234589	1965,625	-0,202603608369827	
1968,75	-0,256085842847824	1968,75	-0,201368078589439	
1971,875	-0,255357533693314	1971,875	-0,197473794221878	
1975	-0,25566303730011	1975	-0,195462495088577	
1978,125	-0,258510619401932	1978,125	-0,193511083722115	
1981,25	-0,256714075803757	1981,25	-0,194483429193497	
1984,375	-0,257157295942307	1984,375	-0,190584570169449	
1987,5	-0,257665187120438	1987,5	-0,188726380467415	
1990,625	-0,259237736463547	1990,625	-0,187086001038551	
1993,75	-0,259667694568634	1993,75	-0,184155002236366	
1996,875	-0,26087611913681	1996,875	-0,182967975735664	
2000	-0,261848300695419	2000	-0,181472092866898	
2003,125	-0,262373626232147	2003,125	-0,181220799684525	
2006,25	-0,26307675242424	2006,25	-0,17771677672863	
2009,375	-0,262050598859787	2009,375	-0,174893692135811	
2012,5	-0,261610716581345	2012,5	-0,173536315560341	
2015,625	-0,263108760118485	2015,625	-0,171306729316711	
2018,75	-0,262695521116257	2018,75	-0,169330224394798	
2021,875	-0,264128983020782	2021,875	-0,168627083301544	
2025	-0,264715969562531	2025	-0,166212201118469	
2028,125	-0,263427317142487	2028,125	-0,164856970310211	
2031,25	-0,261474758386612	2031,25	-0,161291167140007	
2034,375	-0,265910565853119	2034,375	-0,159672901034355	
2037,5	-0,26521697640419	2037,5	-0,159674271941185	
2040,625	-0,263468474149704	2040,625	-0,154392972588539	
2043,75	-0,263630270957947	2043,75	-0,153802275657654	
2046,875	-0,264480888843536	2046,875	-0,152506068348885	
2050	-0,265972375869751	2050	-0,150244429707527	
2053,125	-0,267280012369156	2053,125	-0,148653566837311	
2056,25	-0,266316950321198	2056,25	-0,14631462097168	
2059,375	-0,266548454761505	2059,375	-0,144214928150177	
2062,5	-0,266710370779037	2062,5	-0,142592072486877	
2065,625	-0,267554700374603	2065,625	-0,140208423137665	
2068,75	-0,267655044794083	2068,75	-0,139365166425705	
2071,875	-0,268182903528214	2071,875	-0,13756936788559	
2075	-0,268225073814392	2075	-0,134930148720741	
2078,125	-0,267232477664948	2078,125	-0,132909327745438	
2081,25	-0,266232311725616	2081,25	-0,13132806122303	
2084,375	-0,268055945634842	2084,375	-0,128578469157219	
2087,5	-0,268216162919998	2087,5	-0,12781810760498	
2090,625	-0,268519699573517	2090,625	-0,126090228557587	
2093,75	-0,268431156873703	2093,75	-0,123108252882957	
2096,875	-0,267695784568787	2096,875	-0,122171431779861	
2100	-0,268519639968872	2100	-0,117638193070889	
2103,125	-0,26723837852478	2103,125	-0,117463111877441	
2106,25	-0,267504781484604	2106,25	-0,11604531109333	
2109,375	-0,268601596355438	2109,375	-0,113803453743458	
2112,5	-0,268809616565704	2112,5	-0,112756371498108	
2115,625	-0,268007636070251	2115,625	-0,110344022512436	
2118,75	-0,268263161182404	2118,75	-0,108760200440884	
2121,875	-0,267695963382721	2121,875	-0,106587313115597	
2125	-0,267226725816727	2125	-0,105032742023468	
2128,125	-0,26798078417778	2128,125	-0,103054247796535	
2131,25	-0,267935365438461	2131,25	-0,101680234074593	
2134,375	-0,268228769302368	2134,375	-0,0991706028580666	
2137,5	-0,268502473831177	2137,5	-0,0975212156772614	
2140,625	-0,267523914575577	2140,625	-0,0953326895833015	
2143,75	-0,267682135105133	2143,75	-0,0936774462461472	
2146,875	-0,268678963184357	2146,875	-0,0933797135949135	
2150	-0,26912447810173	2150	-0,0906694680452347	
2153,125	-0,268002957105637	2153,125	-0,0888409838080406	
2156,25	-0,26884600520134	2156,25	-0,0876483172178268	
2159,375	-0,268447816371918	2159,375	-0,0849115550518036	
2162,5	-0,26746141910553	2162,5	-0,0847214832901955	
2165,625	-0,267345607280731	2165,625	-0,0823862925171852	
2168,75	-0,267827749252319	2168,75	-0,0791305676102638	
2171,875	-0,268146008253098	2171,875	-0,0784717053174973	
2175	-0,269260406494141	2175	-0,0768050849437714	
2178,125	-0,268413335084915	2178,125	-0,074795313179493	
2181,25	-0,267740547657013	2181,25	-0,0737201124429703	
2184,375	-0,267122685909271	2184,375	-0,0712931826710701	
2187,5	-0,267036825418472	2187,5	-0,0694063529372215	
2190,625	-0,267314523458481	2190,625	-0,0688138157129288	
2193,75	-0,268575638532639	2193,75	-0,0666792690753937	
2196,875	-0,268167972564697	2196,875	-0,0637220069766045	
2200	-0,267377585172653	2200	-0,0627757981419563	
2203,125	-0,267552822828293	2203,125	-0,061276026070118	
2206,25	-0,26682522892952	2206,25	-0,0598476640880108	
2209,375	-0,266192018985748	2209,375	-0,0580420829355717	
2212,5	-0,268047124147415	2212,5	-0,0562080517411232	
2215,625	-0,268805742263794	2215,625	-0,05489382147789	
2218,75	-0,267800569534302	2218,75	-0,0530387535691261	
2221,875	-0,266702204942703	2221,875	-0,0512693226337433	
2225	-0,266666859388351	2225	-0,0484284870326519	
2228,125	-0,267198204994202	2228,125	-0,0471947826445103	
2231,25	-0,265970319509506	2231,25	-0,0458435118198395	
2234,375	-0,265626519918442	2234,375	-0,0434935986995697	
2237,5	-0,266273200511932	2237,5	-0,0427168421447277	
2240,625	-0,267259627580643	2240,625	-0,04026760160923	
2243,75	-0,26710656285286	2243,75	-0,0389307886362076	
2246,875	-0,266493856906891	2246,875	-0,0377306677401066	
2250	-0,265248596668243	2250	-0,035915520042181	
2253,125	-0,265505224466324	2253,125	-0,0339164771139622	
2256,25	-0,264236330986023	2256,25	-0,0321566797792912	
2259,375	-0,264165967702866	2259,375	-0,0306043736636639	
2262,5	-0,264214217662811	2262,5	-0,0291953813284636	
2265,625	-0,264087319374084	2265,625	-0,0273695420473814	
2268,75	-0,262628346681595	2268,75	-0,0257456507533789	
2271,875	-0,263215690851212	2271,875	-0,0239532571285963	
2275	-0,263869524002075	2275	-0,0217171385884285	
2278,125	-0,263088315725327	2278,125	-0,0200866814702749	
2281,25	-0,262524962425232	2281,25	-0,0193133875727654	
2284,375	-0,262290328741074	2284,375	-0,0182715244591236	
2287,5	-0,263403296470642	2287,5	-0,0155650181695819	
2290,625	-0,261965483427048	2290,625	-0,0142202703282237	
2293,75	-0,260648190975189	2293,75	-0,0132002988830209	
2296,875	-0,261823326349258	2296,875	-0,0106822699308395	
2300	-0,261455714702606	2300	-0,00870770309120417	
2303,125	-0,260443121194839	2303,125	-0,00744079751893878	
2306,25	-0,260148465633392	2306,25	-0,0059110764414072	
2309,375	-0,260375916957855	2309,375	-0,005090466234833	
2312,5	-0,259684354066849	2312,5	-0,00323528307490051	
2315,625	-0,259573519229889	2315,625	-0,00220097089186311	
2318,75	-0,258562356233597	2318,75	5,83098917559255E-05	
2321,875	-0,256546020507813	2321,875	0,00218558264896274	
2325	-0,257855355739594	2325	0,00375202740542591	
2328,125	-0,257744014263153	2328,125	0,00411376962438226	
2331,25	-0,257465720176697	2331,25	0,0051794876344502	
2334,375	-0,258460015058517	2334,375	0,00716684898361564	
2337,5	-0,25740984082222	2337,5	0,00901143625378609	
2340,625	-0,255510568618774	2340,625	0,0101297497749329	
2343,75	-0,256850332021713	2343,75	0,0126635441556573	
2346,875	-0,255808860063553	2346,875	0,0140392519533634	
2350	-0,25617390871048	2350	0,0149886468425393	
2353,125	-0,256525844335556	2353,125	0,0171628259122372	
2356,25	-0,255309730768204	2356,25	0,0181327555328608	
2359,375	-0,254224896430969	2359,375	0,0189289078116417	
2362,5	-0,254248589277267	2362,5	0,0205818526446819	
2365,625	-0,253622084856033	2365,625	0,0238033290952444	
2368,75	-0,253306776285172	2368,75	0,0239171888679266	
2371,875	-0,251034677028656	2371,875	0,024578545242548	
2375	-0,251876473426819	2375	0,0265368353575468	
2378,125	-0,251649230718613	2378,125	0,0290527809411287	
2381,25	-0,251603543758392	2381,25	0,030860023573041	
2384,375	-0,251815885305405	2384,375	0,0308978017419577	
2387,5	-0,25000074505806	2387,5	0,0322920083999634	
2390,625	-0,249951243400574	2390,625	0,0337577499449253	
2393,75	-0,249977096915245	2393,75	0,0354314632713795	
2396,875	-0,250236362218857	2396,875	0,0381177887320518	
2400	-0,249223873019218	2400	0,0390245467424393	
2403,125	-0,248652294278145	2403,125	0,0404796674847603	
2406,25	-0,248754322528839	2406,25	0,0423990823328495	
2409,375	-0,247783958911896	2409,375	0,0439049676060677	
2412,5	-0,24730472266674	2412,5	0,0432220064103603	
2415,625	-0,244865253567696	2415,625	0,0461121201515198	
2418,75	-0,245283916592598	2418,75	0,0477873720228672	
2421,875	-0,246192649006844	2421,875	0,0490163415670395	
2425	-0,244921937584877	2425	0,050263337790966	
2428,125	-0,244127303361893	2428,125	0,0519813187420368	
2431,25	-0,244394853711128	2431,25	0,0530659668147564	
2434,375	-0,243097990751266	2434,375	0,0547403395175934	
2437,5	-0,243320062756538	2437,5	0,0559481717646122	
2440,625	-0,243107035756111	2440,625	0,0573393143713474	
2443,75	-0,241866305470467	2443,75	0,0593173950910568	
2446,875	-0,241226181387901	2446,875	0,060179490596056	
2450	-0,24183814227581	2450	0,0618399567902088	
2453,125	-0,241358637809753	2453,125	0,0631274729967117	
2456,25	-0,239977613091469	2456,25	0,0643349066376686	
2459,375	-0,239864617586136	2459,375	0,0657479017972946	
2462,5	-0,23851977288723	2462,5	0,0677108392119408	
2465,625	-0,238332316279411	2465,625	0,0687561184167862	
2468,75	-0,238211885094643	2468,75	0,0689636617898941	
2471,875	-0,236993804574013	2471,875	0,071717344224453	
2475	-0,237613782286644	2475	0,0722786784172058	
2478,125	-0,237410053610802	2478,125	0,0743854567408562	
2481,25	-0,236823722720146	2481,25	0,0744715183973312	
2484,375	-0,235906898975372	2484,375	0,0764862596988678	
2487,5	-0,235993340611458	2487,5	0,079476423561573	
2490,625	-0,234536066651344	2490,625	0,079308956861496	
2493,75	-0,233178064227104	2493,75	0,0804296061396599	
2496,875	-0,232955381274223	2496,875	0,0815256908535957	
2500	-0,234355300664902	2500	0,0833540856838226	
2503,125	-0,232293725013733	2503,125	0,0855092108249664	
2506,25	-0,232723504304886	2506,25	0,0866932645440102	
2509,375	-0,231719374656677	2509,375	0,0876135677099228	
2512,5	-0,230966970324516	2512,5	0,0884342640638351	
2515,625	-0,229443550109863	2515,625	0,0895169153809547	
2518,75	-0,229441687464714	2518,75	0,0908297300338745	
2521,875	-0,229409158229828	2521,875	0,0916098430752754	
2525	-0,228506177663803	2525	0,095071904361248	
2528,125	-0,227489963173866	2528,125	0,0942886248230934	
2531,25	-0,226548582315445	2531,25	0,0951463431119919	
2534,375	-0,226712599396706	2534,375	0,0964130684733391	
2537,5	-0,225338146090508	2537,5	0,0997795015573502	
2540,625	-0,224684238433838	2540,625	0,0983395874500275	
2543,75	-0,223260387778282	2543,75	0,100277408957481	
2546,875	-0,224205106496811	2546,875	0,102462328970432	
2550	-0,224427863955498	2550	0,103563711047173	
2553,125	-0,223303452134132	2553,125	0,105728730559349	
2556,25	-0,22275784611702	2556,25	0,106813378632069	
2559,375	-0,221700966358185	2559,375	0,107465855777264	
2562,5	-0,22063210606575	2562,5	0,108309015631676	
2565,625	-0,220513075590134	2565,625	0,108994252979755	
2568,75	-0,22025266289711	2568,75	0,110326759517193	
2571,875	-0,220153078436852	2571,875	0,112549304962158	
2575	-0,218989700078964	2575	0,113340757787228	
2578,125	-0,215590998530388	2578,125	0,113658048212528	
2581,25	-0,217397689819336	2581,25	0,11527631431818	
2584,375	-0,215660467743874	2584,375	0,116495214402676	
2587,5	-0,215180993080139	2587,5	0,11781533062458	
2590,625	-0,214452102780342	2590,625	0,118378467857838	
2593,75	-0,213782995939255	2593,75	0,119850642979145	
2596,875	-0,21428370475769	2596,875	0,121446631848812	
2600	-0,213120803236961	2600	0,122222863137722	
2603,125	-0,211916863918304	2603,125	0,123976901173592	
2606,25	-0,211040854454041	2606,25	0,123739242553711	
2609,375	-0,211549922823906	2609,375	0,126078024506569	
2612,5	-0,21087110042572	2612,5	0,127422630786896	
2615,625	-0,209441602230072	2615,625	0,128358274698257	
2618,75	-0,209838673472404	2618,75	0,12942798435688	
2621,875	-0,207722663879395	2621,875	0,130684867501259	
2625	-0,20658315718174	2625	0,130447193980217	
2628,125	-0,205922052264214	2628,125	0,132278338074684	
2631,25	-0,204752072691917	2631,25	0,134264588356018	
2634,375	-0,203947752714157	2634,375	0,133522376418114	
2637,5	-0,202174454927444	2637,5	0,135090261697769	
2640,625	-0,202177166938782	2640,625	0,136770904064178	
2643,75	-0,202322542667389	2643,75	0,138233304023743	
2646,875	-0,203533440828323	2646,875	0,138155460357666	
2650	-0,199883595108986	2650	0,141753688454628	
2653,125	-0,200106412172318	2653,125	0,141391187906265	
2656,25	-0,200383603572845	2656,25	0,14288604259491	
2659,375	-0,198868677020073	2659,375	0,143764436244965	
2662,5	-0,198408409953117	2662,5	0,143938884139061	
2665,625	-0,19717738032341	2665,625	0,145189449191093	
2668,75	-0,194858551025391	2668,75	0,144841521978378	
2671,875	-0,195895135402679	2671,875	0,147088050842285	
2675	-0,19586543738842	2675	0,148411273956299	
2678,125	-0,195021361112595	2678,125	0,148972511291504	
2681,25	-0,194721668958664	2681,25	0,151112049818039	
2684,375	-0,193656131625175	2684,375	0,153209879994392	
2687,5	-0,193643897771835	2687,5	0,153134703636169	
2690,625	-0,191196992993355	2690,625	0,155263990163803	
2693,75	-0,191456407308578	2693,75	0,155340567231178	
2696,875	-0,189570307731628	2696,875	0,155592411756516	
2700	-0,189265877008438	2700	0,1559818983078	
2703,125	-0,188290148973465	2703,125	0,158474370837212	
2706,25	-0,187085181474686	2706,25	0,158798947930336	
2709,375	-0,186943531036377	2709,375	0,160043194890022	
2712,5	-0,187691509723663	2712,5	0,161305010318756	
2715,625	-0,185853898525238	2715,625	0,162602603435516	
2718,75	-0,184004604816437	2718,75	0,162866666913033	
2721,875	-0,183182075619698	2721,875	0,163327440619469	
2725	-0,183243244886398	2725	0,165262520313263	
2728,125	-0,182075083255768	2728,125	0,166977107524872	
2731,25	-0,181321337819099	2731,25	0,167132496833801	
2734,375	-0,180069446563721	2734,375	0,167344689369202	
2737,5	-0,178972214460373	2737,5	0,168372571468353	
2740,625	-0,179400682449341	2740,625	0,169160693883896	
2743,75	-0,179521456360817	2743,75	0,172047078609467	
2746,875	-0,177457392215729	2746,875	0,172085970640182	
2750	-0,174753949046135	2750	0,171542406082153	
2753,125	-0,175751239061356	2753,125	0,173131108283997	
2756,25	-0,173555374145508	2756,25	0,175878584384918	
2759,375	-0,173772811889648	2759,375	0,1756901293993	
2762,5	-0,172429889440536	2762,5	0,175981819629669	
2765,625	-0,172624453902245	2765,625	0,176905900239944	
2768,75	-0,171696722507477	2768,75	0,179717510938644	
2771,875	-0,16955578327179	2771,875	0,17931917309761	
2775	-0,168473109602928	2775	0,180465310811996	
2778,125	-0,167535364627838	2778,125	0,180533960461617	
2781,25	-0,166917607188225	2781,25	0,182295083999634	
2784,375	-0,166091442108154	2784,375	0,181792244315147	
2787,5	-0,164907410740852	2787,5	0,182044669985771	
2790,625	-0,163942232728004	2790,625	0,18438608944416	
2793,75	-0,163490682840347	2793,75	0,184960275888443	
2796,875	-0,162817537784576	2796,875	0,185652256011963	
2800	-0,162478297948837	2800	0,186995610594749	
2803,125	-0,163019120693207	2803,125	0,188930913805962	
2806,25	-0,159917443990707	2806,25	0,188433587551117	
2809,375	-0,160303205251694	2809,375	0,188945353031158	
2812,5	-0,158741474151611	2812,5	0,190968498587608	
2815,625	-0,15722344815731	2815,625	0,1912821829319	
2818,75	-0,156138941645622	2818,75	0,190992593765259	
2821,875	-0,155505895614624	2821,875	0,191987782716751	
2825	-0,155058458447456	2825	0,191277101635933	
2828,125	-0,154222920536995	2828,125	0,192345142364502	
2831,25	-0,15191125869751	2831,25	0,194478943943977	
2834,375	-0,151481553912163	2834,375	0,194038227200508	
2837,5	-0,152267605066299	2837,5	0,196983620524406	
2840,625	-0,151414468884468	2840,625	0,197383970022202	
2843,75	-0,149923995137215	2843,75	0,195860639214516	
2846,875	-0,147917658090591	2846,875	0,197725653648376	
2850	-0,147691041231155	2850	0,197472169995308	
2853,125	-0,146855741739273	2853,125	0,197920307517052	
2856,25	-0,14728257060051	2856,25	0,199327021837234	
2859,375	-0,145193189382553	2859,375	0,199447572231293	
2862,5	-0,144889965653419	2862,5	0,20052932202816	
2865,625	-0,143228083848953	2865,625	0,201574221253395	
2868,75	-0,143704563379288	2868,75	0,202271655201912	
2871,875	-0,143781244754791	2871,875	0,203861698508263	
2875	-0,142082661390305	2875	0,203932732343674	
2878,125	-0,140979304909706	2878,125	0,204422414302826	
2881,25	-0,140514507889748	2881,25	0,20522665977478	
2884,375	-0,139117702841759	2884,375	0,205619528889656	
2887,5	-0,138963401317596	2887,5	0,207123562693596	
2890,625	-0,138263761997223	2890,625	0,209360241889954	
2893,75	-0,137839496135712	2893,75	0,209581419825554	
2896,875	-0,13673560321331	2896,875	0,209318742156029	
2900	-0,136491015553474	2900	0,209777802228928	
2903,125	-0,135552674531937	2903,125	0,211122885346413	
2906,25	-0,133348524570465	2906,25	0,211306184530258	
2909,375	-0,13355527818203	2909,375	0,212479993700981	
2912,5	-0,132286980748177	2912,5	0,212284803390503	
2915,625	-0,130861848592758	2915,625	0,213505104184151	
2918,75	-0,129860237240791	2918,75	0,21470482647419	
2921,875	-0,13073655962944	2921,875	0,21530719101429	
2925	-0,130537360906601	2925	0,217330157756805	
2928,125	-0,128634929656982	2928,125	0,216925367712975	
2931,25	-0,126565605401993	2931,25	0,217292204499245	
2934,375	-0,126797139644623	2934,375	0,219153001904488	
2937,5	-0,125812515616417	2937,5	0,219868659973145	
2940,625	-0,124429285526276	2940,625	0,219487190246582	
2943,75	-0,123475156724453	2943,75	0,219961553812027	
2946,875	-0,122780472040176	2946,875	0,222712248563766	
2950	-0,122812017798424	2950	0,222906857728958	
2953,125	-0,121273331344128	2953,125	0,223883599042892	
2956,25	-0,121650777757168	2956,25	0,22544763982296	
2959,375	-0,120089650154114	2959,375	0,226863265037537	
2962,5	-0,118171490728855	2962,5	0,226406052708626	
2965,625	-0,117680497467518	2965,625	0,227273240685463	
2968,75	-0,117392182350159	2968,75	0,229099199175835	
2971,875	-0,116365231573582	2971,875	0,23038786649704	
2975	-0,115468218922615	2975	0,230070158839226	
2978,125	-0,114678576588631	2978,125	0,231185108423233	
2981,25	-0,112776562571526	2981,25	0,230893954634666	
2984,375	-0,112459324300289	2984,375	0,232749730348587	
2987,5	-0,111922100186348	2987,5	0,233442097902298	
2990,625	-0,110071435570717	2990,625	0,233745947480202	
2993,75	-0,110123887658119	2993,75	0,234702989459038	
2996,875	-0,10926815867424	2996,875	0,235347136855125	
3000	-0,105921871960163	3000	0,237110286951065	
3003,125	-0,107748821377754	3003,125	0,239404201507568	
3006,25	-0,106356881558895	3006,25	0,239514276385307	
3009,375	-0,104461558163166	3009,375	0,239372000098228	
3012,5	-0,102736704051495	3012,5	0,240419715642929	
3015,625	-0,101902529597282	3015,625	0,242981106042862	
3018,75	-0,102449379861355	3018,75	0,24344040453434	
3021,875	-0,0999594479799271	3021,875	0,244256094098091	
3025	-0,0989210903644562	3025	0,245137512683868	
3028,125	-0,0982847735285759	3028,125	0,245858862996101	
3031,25	-0,0973738729953766	3031,25	0,249620750546455	
3034,375	-0,0954027399420738	3034,375	0,247678011655807	
3037,5	-0,0912556201219559	3037,5	0,250808596611023	
3040,625	-0,0903935432434082	3040,625	0,250775098800659	
3043,75	-0,0891216769814491	3043,75	0,251262933015823	
3046,875	-0,0868339091539383	3046,875	0,253567695617676	
3050	-0,0843174904584885	3050	0,251773804426193	
3053,125	-0,0823271945118904	3053,125	0,252152293920517	
3056,25	-0,0802673920989037	3056,25	0,25228163599968	
3059,375	-0,0799972042441368	3059,375	0,253803223371506	
3062,5	-0,0788996368646622	3062,5	0,253485202789307	
3065,625	-0,0784618705511093	3065,625	0,252384811639786	
3068,75	-0,0767671316862106	3068,75	0,252750188112259	
3071,875	-0,0762921497225761	3071,875	0,25228825211525	
3075	-0,0751041695475578	3075	0,25349372625351	
3078,125	-0,0728947818279266	3078,125	0,253541350364685	
3081,25	-0,0720331519842148	3081,25	0,253586977720261	
3084,375	-0,0724081099033356	3084,375	0,253958255052567	
3087,5	-0,0720935016870499	3087,5	0,254066288471222	
3090,625	-0,0708181113004684	3090,625	0,25668802857399	
3093,75	-0,0700364261865616	3093,75	0,257444947957993	
3096,875	-0,0697038397192955	3096,875	0,256753593683243	
3100	-0,0661427229642868	3100	0,256656736135483	
3103,125	-0,0658101141452789	3103,125	0,256520569324493	
3106,25	-0,0640984922647476	3106,25	0,257980138063431	
3109,375	-0,0622792281210423	3109,375	0,25806650519371	
3112,5	-0,062020905315876	3112,5	0,259276539087296	
3115,625	-0,0621347278356552	3115,625	0,258788824081421	
3118,75	-0,0602909661829472	3118,75	0,260141968727112	
3121,875	-0,0603325068950653	3121,875	0,261310309171677	
3125	-0,0583395808935165	3125	0,261349886655808	
3128,125	-0,0582145676016808	3128,125	0,2611985206604	
3131,25	-0,0569257959723473	3131,25	0,262122958898544	
3134,375	-0,0550369806587696	3134,375	0,262965440750122	
3137,5	-0,0538696236908436	3137,5	0,261183887720108	
3140,625	-0,0532598234713078	3140,625	0,26220914721489	
3143,75	-0,053547278046608	3143,75	0,262463718652725	
3146,875	-0,0512461140751839	3146,875	0,263311713933945	
3150	-0,0493016950786114	3150	0,263892322778702	
3153,125	-0,0482919961214066	3153,125	0,26489919424057	
3156,25	-0,0468224138021469	3156,25	0,264435678720474	
3159,375	-0,0456041730940342	3159,375	0,264432460069656	
3162,5	-0,0435714572668076	3162,5	0,263004511594772	
3165,625	-0,0431636273860931	3165,625	0,265268832445145	
3168,75	-0,0448689162731171	3168,75	0,265999019145966	
3171,875	-0,0425506755709648	3171,875	0,264889031648636	
3175	-0,0399860702455044	3175	0,265254586935043	
3178,125	-0,0373828001320362	3178,125	0,266708791255951	
3181,25	-0,0384167060256004	3181,25	0,266782611608505	
3184,375	-0,0402740240097046	3184,375	0,267465859651566	
3187,5	-0,039771132171154	3187,5	0,267571985721588	
3190,625	-0,0392814353108406	3190,625	0,26724636554718	
3193,75	-0,0392920337617397	3193,75	0,267850041389465	
3196,875	-0,036238819360733	3196,875	0,270052433013916	
3200	-0,036098774522543	3200	0,271360337734222	
3203,125	-0,0327609367668629	3203,125	0,268849730491638	
3206,25	-0,0325625687837601	3206,25	0,268950194120407	
3209,375	-0,0315892659127712	3209,375	0,269326537847519	
3212,5	-0,0323049053549767	3212,5	0,27005797624588	
3215,625	-0,0329266376793385	3215,625	0,271025568246841	
3218,75	-0,0325327143073082	3218,75	0,271981656551361	
3221,875	-0,0311499927192926	3221,875	0,271040052175522	
3225	-0,0284611452370882	3225	0,273363441228867	
3228,125	-0,0282226949930191	3228,125	0,275668829679489	
3231,25	-0,0284317992627621	3231,25	0,276127219200134	
3234,375	-0,0286446157842875	3234,375	0,277373403310776	
3237,5	-0,0281454399228096	3237,5	0,277165979146957	
3240,625	-0,0267659611999989	3240,625	0,277706801891327	
3243,75	-0,0242910832166672	3243,75	0,278743505477905	
3246,875	-0,023423945531249	3246,875	0,279955565929413	
3250	-0,0245287138968706	3250	0,279556065797806	
3253,125	-0,0227080285549164	3253,125	0,280758261680603	
3256,25	-0,0211625043302774	3256,25	0,282090336084366	
3259,375	-0,0208252053707838	3259,375	0,284495145082474	
3262,5	-0,0198440793901682	3262,5	0,284317225217819	
3265,625	-0,0188668835908175	3265,625	0,282915413379669	
3268,75	-0,0169425122439861	3268,75	0,284434616565704	
3271,875	-0,0154235456138849	3271,875	0,286643415689468	
3275	-0,0135315153747797	3275	0,286710739135742	
3278,125	-0,0137182148173451	3278,125	0,285829216241837	
3281,25	-0,0129852760583162	3281,25	0,289065003395081	
3284,375	-0,012357734143734	3284,375	0,289681404829025	
3287,5	-0,0122203752398491	3287,5	0,28969594836235	
3290,625	-0,011850549839437	3290,625	0,291390985250473	
3293,75	-0,00964803900569677	3293,75	0,291124850511551	
3296,875	-0,00706495856866241	3296,875	0,291148334741592	
3300	-0,00566185405477881	3300	0,29243278503418	
3303,125	-0,00593564379960299	3303,125	0,291770607233047	
3306,25	-0,00490132300183177	3306,25	0,293205797672272	
3309,375	-0,00336142303422093	3309,375	0,29509499669075	
3312,5	-0,00319323432631791	3312,5	0,295720905065537	
3315,625	-0,0015800001565367	3315,625	0,294292122125626	
3318,75	-0,000378643395379186	3318,75	0,295415103435516	
3321,875	0,00120343593880534	3321,875	0,297155946493149	
3325	0,00158787844702601	3325	0,297976732254028	
3328,125	0,0024638248141855	3328,125	0,298201531171799	
3331,25	0,00291100167669356	3331,25	0,298602640628815	
3334,375	0,00339032895863056	3334,375	0,29926735162735	
3337,5	0,00674944603815675	3337,5	0,299818366765976	
3340,625	0,00799922831356525	3340,625	0,299530327320099	
3343,75	0,00818638037890196	3343,75	0,300770938396454	
3346,875	0,0124385813251138	3346,875	0,302720248699188	
3350	0,0119361067190766	3350	0,301415085792542	
3353,125	0,0118815433233976	3353,125	0,303239792585373	
3356,25	0,012368799187243	3356,25	0,302251189947128	
3359,375	0,0145444618538022	3359,375	0,304221510887146	
3362,5	0,0157564859837294	3362,5	0,304235428571701	
3365,625	0,0162896551191807	3365,625	0,303502231836319	
3368,75	0,0182566028088331	3368,75	0,303793907165527	
3371,875	0,0177480205893517	3371,875	0,304627418518066	
3375	0,0176028273999691	3375	0,305124223232269	
3378,125	0,0222530607134104	3378,125	0,30695778131485	
3381,25	0,0215492825955153	3381,25	0,30620077252388	
3384,375	0,0224547293037176	3384,375	0,306788206100464	
3387,5	0,0242344234138727	3387,5	0,305643200874329	
3390,625	0,0243814494460821	3390,625	0,307410538196564	
3393,75	0,0257264822721481	3393,75	0,306807905435562	
3396,875	0,0271000750362873	3396,875	0,307158917188644	
3400	0,0287288930267096	3400	0,308286100625992	
3403,125	0,0284477658569813	3403,125	0,309540450572968	
3406,25	0,0296295247972012	3406,25	0,310394287109375	
3409,375	0,031627681106329	3409,375	0,310069799423218	
3412,5	0,0312737450003624	3412,5	0,311398476362228	
3415,625	0,032574363052845	3415,625	0,312673777341843	
3418,75	0,0345653183758259	3418,75	0,311353296041489	
3421,875	0,0341408513486385	3421,875	0,311440646648407	
3425	0,0345424078404903	3425	0,312622517347336	
3428,125	0,0368702225387096	3428,125	0,313096404075623	
3431,25	0,0372644700109959	3431,25	0,312632709741592	
3434,375	0,0382001847028732	3434,375	0,314301550388336	
3437,5	0,0402300357818604	3437,5	0,314694821834564	
3440,625	0,0410085879266262	3440,625	0,314849227666855	
3443,75	0,0414737276732922	3443,75	0,315100878477097	
3446,875	0,0435238778591156	3446,875	0,313823312520981	
3450	0,0445322766900063	3450	0,314007252454758	
3453,125	0,0453342571854591	3453,125	0,314618468284607	
3456,25	0,0466482490301132	3456,25	0,316071301698685	
3459,375	0,0469282492995262	3459,375	0,316365599632263	
3462,5	0,0479168072342873	3462,5	0,316356986761093	
3465,625	0,0479668267071247	3465,625	0,31649261713028	
3468,75	0,0489929020404816	3468,75	0,31796008348465	
3471,875	0,0500490330159664	3471,875	0,317621648311615	
3475	0,0519753135740757	3475	0,317562460899353	
3478,125	0,0519637651741505	3478,125	0,318071633577347	
3481,25	0,0541029796004295	3481,25	0,316594570875168	
3484,375	0,0543946549296379	3484,375	0,316943526268005	
3487,5	0,0547430254518986	3487,5	0,318744838237762	
3490,625	0,056419912725687	3490,625	0,318883776664734	
3493,75	0,0571474134922028	3493,75	0,319683879613876	
3496,875	0,0575790628790855	3496,875	0,318836033344269	
3500	0,059450089931488	3500	0,319920271635056	
3503,125	0,0601417198777199	3503,125	0,320135593414307	
3506,25	0,0612425357103348	3506,25	0,321164518594742	
3509,375	0,0612607374787331	3509,375	0,321162223815918	
3512,5	0,0625714436173439	3512,5	0,319093614816666	
3515,625	0,06434615701437	3515,625	0,318594962358475	
3518,75	0,0643155872821808	3518,75	0,320834428071976	
3521,875	0,065514475107193	3521,875	0,320613622665405	
3525	0,0671584010124207	3525	0,320717453956604	
3528,125	0,0677752271294594	3528,125	0,3219855427742	
3531,25	0,0686253756284714	3531,25	0,323130279779434	
3534,375	0,0690985321998596	3534,375	0,322561115026474	
3537,5	0,0706407800316811	3537,5	0,321112781763077	
3540,625	0,0718219801783562	3540,625	0,321591526269913	
3543,75	0,0717871487140656	3543,75	0,322413086891174	
3546,875	0,0713599696755409	3546,875	0,322737783193588	
3550	0,0737365186214447	3550	0,322307348251343	
3553,125	0,0743762627243996	3553,125	0,322343945503235	
3556,25	0,0755182430148125	3556,25	0,322813659906387	
3559,375	0,0765371695160866	3559,375	0,322649300098419	
3562,5	0,0775254219770432	3562,5	0,324131935834885	
3565,625	0,078548975288868	3565,625	0,32376766204834	
3568,75	0,0793653056025505	3568,75	0,323615610599518	
3571,875	0,081208273768425	3571,875	0,324102252721787	
3575	0,0820656940340996	3575	0,324603348970413	
3578,125	0,0824977979063988	3578,125	0,32480251789093	
3581,25	0,0833351537585258	3581,25	0,324742615222931	
3584,375	0,0838101357221603	3584,375	0,324033141136169	
3587,5	0,0843895226716995	3587,5	0,323762267827988	
3590,625	0,0853486508131027	3590,625	0,324675887823105	
3593,75	0,0858129635453224	3593,75	0,325457066297531	
3596,875	0,0863281264901161	3596,875	0,325699388980865	
3600	0,0880813524127007	3600	0,325910687446594	
3603,125	0,0892376452684402	3603,125	0,324872612953186	
3606,25	0,0886398777365685	3606,25	0,325632065534592	
3609,375	0,0909076929092407	3609,375	0,324975311756134	
3612,5	0,0909489840269089	3612,5	0,324995070695877	
3615,625	0,0913314670324326	3615,625	0,325991302728653	
3618,75	0,0925686657428741	3618,75	0,325525552034378	
3621,875	0,0929445326328278	3621,875	0,326021879911423	
3625	0,0936839058995247	3625	0,325676023960114	
3628,125	0,0952630341053009	3628,125	0,326141327619553	
3631,25	0,0968270376324654	3631,25	0,326195240020752	
3634,375	0,0971814468502998	3634,375	0,326955050230026	
3637,5	0,097028374671936	3637,5	0,326568782329559	
3640,625	0,0980929881334305	3640,625	0,325403541326523	
3643,75	0,0988808870315552	3643,75	0,326222389936447	
3646,875	0,0992096811532974	3646,875	0,326168209314346	
3650	0,100738786160946	3650	0,327012896537781	
3653,125	0,101750604808331	3653,125	0,326892763376236	
3656,25	0,102318875491619	3656,25	0,32685649394989	
3659,375	0,103461623191833	3659,375	0,327768355607986	
3662,5	0,104926995933056	3662,5	0,32782855629921	
3665,625	0,104808405041695	3665,625	0,32954540848732	
3668,75	0,107718653976917	3668,75	0,328167647123337	
3671,875	0,107288330793381	3671,875	0,327273994684219	
3675	0,108655519783497	3675	0,3279889523983	
3678,125	0,109489358961582	3678,125	0,327793449163437	
3681,25	0,108658231794834	3681,25	0,329295784235001	
3684,375	0,112134613096714	3684,375	0,325789988040924	
3687,5	0,11115674674511	3687,5	0,326829582452774	
3690,625	0,111577257514	3690,625	0,327445536851883	
3693,75	0,11344163864851	3693,75	0,327628493309021	
3696,875	0,113996848464012	3696,875	0,328671962022781	
3700	0,114402681589127	3700	0,327857196331024	
3703,125	0,115658298134804	3703,125	0,326688557863235	
3706,25	0,117499358952045	3706,25	0,327842801809311	
3709,375	0,117337547242641	3709,375	0,328341633081436	
3712,5	0,117828346788883	3712,5	0,327234536409378	
3715,625	0,119157217442989	3715,625	0,325955718755722	
3718,75	0,120965376496315	3718,75	0,32860255241394	
3721,875	0,121477164328098	3721,875	0,327813655138016	
3725	0,121706508100033	3725	0,328340888023376	
3728,125	0,123150028288364	3728,125	0,327127456665039	
3731,25	0,123112335801125	3731,25	0,327743977308273	
3734,375	0,12457187473774	3734,375	0,327169954776764	
3737,5	0,124716445803642	3737,5	0,327780485153198	
3740,625	0,127339005470276	3740,625	0,327693909406662	
3743,75	0,127264484763145	3743,75	0,327433079481125	
3746,875	0,127123862504959	3746,875	0,32807657122612	
3750	0,129250109195709	3750	0,327673107385635	
3753,125	0,129614353179932	3753,125	0,327325999736786	
3756,25	0,13043949007988	3756,25	0,327157139778137	
3759,375	0,130816623568535	3759,375	0,326610565185547	
3762,5	0,13053834438324	3762,5	0,328442871570587	
3765,625	0,134926185011864	3765,625	0,32588142156601	
3768,75	0,133185893297195	3768,75	0,326813250780106	
3771,875	0,133607104420662	3771,875	0,325785040855408	
3775	0,134658560156822	3775	0,326550602912903	
3778,125	0,1358273178339	3778,125	0,325750976800919	
3781,25	0,13748387992382	3781,25	0,325985133647919	
3784,375	0,137445315718651	3784,375	0,327656209468842	
3787,5	0,139672219753265	3787,5	0,327961713075638	
3790,625	0,139072105288506	3790,625	0,327463895082474	
3793,75	0,141185462474823	3793,75	0,324951767921448	
3796,875	0,140574529767036	3796,875	0,325213879346848	
3800	0,141053602099419	3800	0,324176162481308	
3803,125	0,142390325665474	3803,125	0,325353980064392	
3806,25	0,143418341875076	3806,25	0,326742440462112	
3809,375	0,144278228282928	3809,375	0,325476557016373	
3812,5	0,14501266181469	3812,5	0,324735045433044	
3815,625	0,145117849111557	3815,625	0,324221909046173	
3818,75	0,146708220243454	3818,75	0,325005710124969	
3821,875	0,146704122424126	3821,875	0,324224919080734	
3825	0,146864846348763	3825	0,325072765350342	
3828,125	0,149321302771568	3828,125	0,324817597866058	
3831,25	0,14996050298214	3831,25	0,324945241212845	
3834,375	0,15135370194912	3834,375	0,324890822172165	
3837,5	0,151247695088387	3837,5	0,325670719146729	
3840,625	0,152229979634285	3840,625	0,324370443820953	
3843,75	0,152250900864601	3843,75	0,323539048433304	
3846,875	0,154422789812088	3846,875	0,323349744081497	
3850	0,154376998543739	3850	0,323709547519684	
3853,125	0,154761552810669	3853,125	0,323923707008362	
3856,25	0,156589433550835	3856,25	0,324713796377182	
3859,375	0,15627658367157	3859,375	0,323205649852753	
3862,5	0,1577338129282	3862,5	0,321699768304825	
3865,625	0,158757418394089	3865,625	0,323523461818695	
3868,75	0,159164875745773	3868,75	0,323456794023514	
3871,875	0,15983609855175	3871,875	0,321959316730499	
3875	0,160180270671844	3875	0,322069585323334	
3878,125	0,162311062216759	3878,125	0,323034435510635	
3881,25	0,162751048803329	3881,25	0,322293937206268	
3884,375	0,16477544605732	3884,375	0,321277797222137	
3887,5	0,164381995797157	3887,5	0,322236925363541	
3890,625	0,165060043334961	3890,625	0,32149663567543	
3893,75	0,166743651032448	3893,75	0,322425127029419	
3896,875	0,167576164007187	3896,875	0,321012020111084	
3900	0,168163850903511	3900	0,322174042463303	
3903,125	0,168718338012695	3903,125	0,321853190660477	
3906,25	0,170135706663132	3906,25	0,320748716592789	
3909,375	0,170206859707832	3909,375	0,321104556322098	
3912,5	0,170164451003075	3912,5	0,321210324764252	
3915,625	0,17322538793087	3915,625	0,319997429847717	
3918,75	0,170979082584381	3918,75	0,321353316307068	
3921,875	0,175282925367355	3921,875	0,319163292646408	
3925	0,173207461833954	3925	0,318867802619934	
3928,125	0,174244090914726	3928,125	0,318170189857483	
3931,25	0,173492446541786	3931,25	0,319945603609085	
3934,375	0,175149366259575	3934,375	0,32009482383728	
3937,5	0,176387593150139	3937,5	0,318497240543365	
3940,625	0,17721526324749	3940,625	0,318902164697647	
3943,75	0,177113622426987	3943,75	0,319488644599915	
3946,875	0,178389221429825	3946,875	0,317986637353897	
3950	0,178656280040741	3950	0,316542446613312	
3953,125	0,179220259189606	3953,125	0,317180246114731	
3956,25	0,179309651255608	3956,25	0,317328870296478	
3959,375	0,179367110133171	3959,375	0,315314769744873	
3962,5	0,182103306055069	3962,5	0,315826386213303	
3965,625	0,18249785900116	3965,625	0,318112730979919	
3968,75	0,183005586266518	3968,75	0,317924410104752	
3971,875	0,184796780347824	3971,875	0,317405134439468	
3975	0,187492311000824	3975	0,316951215267181	
3978,125	0,185938686132431	3978,125	0,316264897584915	
3981,25	0,184437781572342	3981,25	0,315354108810425	
3984,375	0,185854211449623	3984,375	0,314509958028793	
3987,5	0,186570286750793	3987,5	0,316549003124237	
3990,625	0,188468888401985	3990,625	0,315663009881973	
3993,75	0,188801139593124	3993,75	0,315990895032883	
3996,875	0,189878553152084	3996,875	0,316358596086502	
4000	0,192754969000816	4000	0,316930025815964	
4003,125	0,192461922764778	4003,125	0,316342383623123	
4006,25	0,192623168230057	4006,25	0,315412312746048	
4009,375	0,192932918667793	4009,375	0,314664155244827	
4012,5	0,193475916981697	4012,5	0,315560817718506	
4015,625	0,194907873868942	4015,625	0,315829217433929	
4018,75	0,195838093757629	4018,75	0,315617203712463	
4021,875	0,197188779711723	4021,875	0,314845114946365	
4025	0,19805833697319	4025	0,314591497182846	
4028,125	0,195793434977531	4028,125	0,314682215452194	
4031,25	0,197579428553581	4031,25	0,311231315135956	
4034,375	0,198969185352325	4034,375	0,311960458755493	
4037,5	0,200935542583466	4037,5	0,313471227884293	
4040,625	0,19805034995079	4040,625	0,310215085744858	
4043,75	0,200571984052658	4043,75	0,310557901859283	
4046,875	0,201465830206871	4046,875	0,310387253761292	
4050	0,201956793665886	4050	0,309740364551544	
4053,125	0,201562821865082	4053,125	0,311180800199509	
4056,25	0,204102858901024	4056,25	0,310275107622147	
4059,375	0,20294089615345	4059,375	0,31096550822258	
4062,5	0,202961251139641	4062,5	0,307812392711639	
4065,625	0,205372333526611	4065,625	0,3087138235569	
4068,75	0,205357685685158	4068,75	0,308675020933151	
4071,875	0,205571949481964	4071,875	0,307661920785904	
4075	0,209157630801201	4075	0,308584272861481	
4078,125	0,208963081240654	4078,125	0,309172660112381	
4081,25	0,210256218910217	4081,25	0,308732628822327	
4084,375	0,209549531340599	4084,375	0,306837916374207	
4087,5	0,211750343441963	4087,5	0,307745933532715	
4090,625	0,209405601024628	4090,625	0,307006120681763	
4093,75	0,210261106491089	4093,75	0,303576290607452	
4096,875	0,211648389697075	4096,875	0,305758535861969	
4100	0,213845938444138	4100	0,305695921182632	
4103,125	0,213990464806557	4103,125	0,305596351623535	
4106,25	0,212890714406967	4106,25	0,306167781352997	
4109,375	0,215848371386528	4109,375	0,305682748556137	
4112,5	0,215191677212715	4112,5	0,302456676959991	
4115,625	0,215817153453827	4115,625	0,302614778280258	
4118,75	0,217267885804176	4118,75	0,304005086421967	
4121,875	0,216796398162842	4121,875	0,304491430521011	
4125	0,217990338802338	4125	0,301110506057739	
4128,125	0,218702048063278	4128,125	0,301036149263382	
4131,25	0,219033271074295	4131,25	0,301859885454178	
4134,375	0,221548154950142	4134,375	0,300906628370285	
4137,5	0,221875876188278	4137,5	0,300655692815781	
4140,625	0,220892012119293	4140,625	0,300088584423065	
4143,75	0,222753435373306	4143,75	0,298140197992325	
4146,875	0,222170501947403	4146,875	0,299214720726013	
4150	0,224000588059425	4150	0,296692728996277	
4153,125	0,226929411292076	4153,125	0,297968417406082	
4156,25	0,227420136332512	4156,25	0,296778351068497	
4159,375	0,22531533241272	4159,375	0,297120630741119	
4162,5	0,22649422287941	4162,5	0,295317113399506	
4165,625	0,227312251925468	4165,625	0,294264823198318	
4168,75	0,227125346660614	4168,75	0,293451428413391	
4171,875	0,226571276783943	4171,875	0,293105274438858	
4175	0,227909848093987	4175	0,29417085647583	
4178,125	0,230218946933746	4178,125	0,293900161981583	
4181,25	0,230727449059486	4181,25	0,291468560695648	
4184,375	0,230020001530647	4184,375	0,291247099637985	
4187,5	0,23071151971817	4187,5	0,290747046470642	
4190,625	0,231110230088234	4190,625	0,291186422109604	
4193,75	0,231237173080444	4193,75	0,291033565998077	
4196,875	0,231946036219597	4196,875	0,289561748504639	
4200	0,231831267476082	4200	0,289542853832245	
4203,125	0,232495814561844	4203,125	0,288085043430328	
4206,25	0,231331422924995	4206,25	0,286154329776764	
4209,375	0,233036860823631	4209,375	0,287286788225174	
4212,5	0,233741521835327	4212,5	0,288521826267242	
4215,625	0,234776377677917	4215,625	0,287942320108414	
4218,75	0,235524147748947	4218,75	0,28753587603569	
4221,875	0,235124170780182	4221,875	0,287252366542816	
4225	0,235795512795448	4225	0,286038488149643	
4228,125	0,236488565802574	4228,125	0,285130649805069	
4231,25	0,237139388918877	4231,25	0,286785989999771	
4234,375	0,237765699625015	4234,375	0,285519868135452	
4237,5	0,238276466727257	4237,5	0,283717095851898	
4240,625	0,239184752106667	4240,625	0,284787774085999	
4243,75	0,238409027457237	4243,75	0,282759964466095	
4246,875	0,240255266427994	4246,875	0,284681856632233	
4250	0,241927713155746	4250	0,282924264669418	
4253,125	0,240817815065384	4253,125	0,28161284327507	
4256,25	0,242557913064957	4256,25	0,28131040930748	
4259,375	0,242173373699188	4259,375	0,282398223876953	
4262,5	0,244540318846703	4262,5	0,280973255634308	
4265,625	0,245405182242393	4265,625	0,28030189871788	
4268,75	0,244908094406128	4268,75	0,281234502792358	
4271,875	0,245194092392921	4271,875	0,280169188976288	
4275	0,248176485300064	4275	0,278668105602264	
4278,125	0,24704185128212	4278,125	0,278730392456055	
4281,25	0,246807262301445	4281,25	0,278834939002991	
4284,375	0,250175446271896	4284,375	0,277851819992065	
4287,5	0,250208526849747	4287,5	0,277667909860611	
4290,625	0,250686228275299	4290,625	0,27719858288765	
4293,75	0,249334022402763	4293,75	0,275417268276215	
4296,875	0,248785719275475	4296,875	0,274164319038391	
4300	0,249965950846672	4300	0,272300899028778	
4303,125	0,252529233694077	4303,125	0,272502601146698	
4306,25	0,252450615167618	4306,25	0,27111080288887	
4309,375	0,251362293958664	4309,375	0,271917760372162	
4312,5	0,255389541387558	4312,5	0,270593911409378	
4315,625	0,254649043083191	4315,625	0,269213140010834	
4318,75	0,254201233386993	4318,75	0,269833505153656	
4321,875	0,254596173763275	4321,875	0,267393112182617	
4325	0,254449605941772	4325	0,266487598419189	
4328,125	0,255229324102402	4328,125	0,268128544092178	
4331,25	0,256801396608353	4331,25	0,268383383750916	
4334,375	0,257279604673386	4334,375	0,266498357057571	
4337,5	0,258940428495407	4337,5	0,266855686903	
4340,625	0,257847934961319	4340,625	0,265051931142807	
4343,75	0,258733987808228	4343,75	0,264346212148666	
4346,875	0,259338587522507	4346,875	0,263842672109604	
4350	0,260253220796585	4350	0,262519538402557	
4353,125	0,260322391986847	4353,125	0,262941718101501	
4356,25	0,260687083005905	4356,25	0,261857867240906	
4359,375	0,259252667427063	4359,375	0,259248584508896	
4362,5	0,262830317020416	4362,5	0,261013329029083	
4365,625	0,262177258729935	4365,625	0,262105852365494	
4368,75	0,263727158308029	4368,75	0,259709537029266	
4371,875	0,262769520282745	4371,875	0,25794592499733	
4375	0,263518542051315	4375	0,256694197654724	
4378,125	0,267227798700333	4378,125	0,257065236568451	
4381,25	0,266413360834122	4381,25	0,25557541847229	
4384,375	0,265504658222198	4384,375	0,254984050989151	
4387,5	0,263655662536621	4387,5	0,254002094268799	
4390,625	0,265543580055237	4390,625	0,253390371799469	
4393,75	0,268414586782455	4393,75	0,252168774604797	
4396,875	0,269474148750305	4396,875	0,252597600221634	
4400	0,269251435995102	4400	0,251630961894989	
4403,125	0,267929583787918	4403,125	0,249576985836029	
4406,25	0,268489807844162	4406,25	0,249008268117905	
4409,375	0,270958334207535	4409,375	0,248164311051369	
4412,5	0,270346224308014	4412,5	0,247220516204834	
4415,625	0,270931214094162	4415,625	0,245989322662354	
4418,75	0,271978378295898	4418,75	0,245694652199745	
4421,875	0,271785050630569	4421,875	0,245703488588333	
4425	0,271785944700241	4425	0,244297370314598	
4428,125	0,273132592439651	4428,125	0,243261933326721	
4431,25	0,272123485803604	4431,25	0,244374200701714	
4434,375	0,273410499095917	4434,375	0,241885989904404	
4437,5	0,273212134838104	4437,5	0,240686029195786	
4440,625	0,272659361362457	4440,625	0,241091504693031	
4443,75	0,271173596382141	4443,75	0,238461464643478	
4446,875	0,272842884063721	4446,875	0,23930948972702	
4450	0,273602902889252	4450	0,240084528923035	
4453,125	0,274048119783401	4453,125	0,238887414336205	
4456,25	0,272530138492584	4456,25	0,238234177231789	
4459,375	0,273500561714172	4459,375	0,235905528068542	
4462,5	0,276344537734985	4462,5	0,236345201730728	
4465,625	0,274309724569321	4465,625	0,236287534236908	
4468,75	0,274320662021637	4468,75	0,237185522913933	
4471,875	0,276368618011475	4471,875	0,233673498034477	
4475	0,27670818567276	4475	0,234685987234116	
4478,125	0,276092082262039	4478,125	0,234154164791107	
4481,25	0,279535353183746	4481,25	0,231807738542557	
4484,375	0,279634892940521	4484,375	0,232509166002274	
4487,5	0,277949541807175	4487,5	0,232725068926811	
4490,625	0,278750628232956	4490,625	0,230623826384544	
4493,75	0,281080305576324	4493,75	0,229524210095406	
4496,875	0,2818683385849	4496,875	0,228827893733978	
4500	0,282664686441422	4500	0,230578303337097	
4503,125	0,283389240503311	4503,125	0,228841081261635	
4506,25	0,284350484609604	4506,25	0,228813171386719	
4509,375	0,285743087530136	4509,375	0,228899911046028	
4512,5	0,28442856669426	4512,5	0,226535797119141	
4515,625	0,285892099142075	4515,625	0,224724099040031	
4518,75	0,287492603063583	4518,75	0,224842935800552	
4521,875	0,288693189620972	4521,875	0,22365902364254	
4525	0,287409275770187	4525	0,221772626042366	
4528,125	0,287321448326111	4528,125	0,218776404857635	
4531,25	0,288719177246094	4531,25	0,217208698391914	
4534,375	0,289064437150955	4534,375	0,217726469039917	
4537,5	0,289835661649704	4537,5	0,216292291879654	
4540,625	0,290282398462296	4540,625	0,214186117053032	
4543,75	0,291399359703064	4543,75	0,213575974106789	
4546,875	0,291254729032516	4546,875	0,212496012449265	
4550	0,291494101285934	4550	0,212973400950432	
4553,125	0,291609853506088	4553,125	0,210966825485229	
4556,25	0,293110758066177	4556,25	0,209784939885139	
4559,375	0,290740221738815	4559,375	0,212371647357941	
4562,5	0,295816093683243	4562,5	0,207469686865807	
4565,625	0,295511037111282	4565,625	0,207593873143196	
4568,75	0,296873092651367	4568,75	0,206804245710373	
4571,875	0,295933842658997	4571,875	0,205779165029526	
4575	0,296346873044968	4575	0,203196033835411	
4578,125	0,295958161354065	4578,125	0,201821386814117	
4581,25	0,296016961336136	4581,25	0,200130581855774	
4584,375	0,29746875166893	4584,375	0,199022114276886	
4587,5	0,298494011163712	4587,5	0,199808090925217	
4590,625	0,29925599694252	4590,625	0,197615727782249	
4593,75	0,299279510974884	4593,75	0,196637287735939	
4596,875	0,298586845397949	4596,875	0,195301115512848	
4600	0,299920231103897	4600	0,19395923614502	
4603,125	0,301775097846985	4603,125	0,193962693214417	
4606,25	0,300674647092819	4606,25	0,192620202898979	
4609,375	0,301779419183731	4609,375	0,191946417093277	
4612,5	0,302106559276581	4612,5	0,188557028770447	
4615,625	0,301495879888535	4615,625	0,188176438212395	
4618,75	0,303115665912628	4618,75	0,188107252120972	
4621,875	0,302316933870316	4621,875	0,187267377972603	
4625	0,303103476762772	4625	0,183189868927002	
4628,125	0,304548323154449	4628,125	0,183774501085281	
4631,25	0,304057389497757	4631,25	0,182684734463692	
4634,375	0,305187851190567	4634,375	0,181591391563416	
4637,5	0,305516958236694	4637,5	0,181730285286903	
4640,625	0,305772721767426	4640,625	0,181139394640923	
4643,75	0,3060083091259	4643,75	0,177512094378471	
4646,875	0,30685019493103	4646,875	0,176880314946175	
4650	0,308294266462326	4650	0,175991520285606	
4653,125	0,309908896684647	4653,125	0,175172179937363	
4656,25	0,31067743897438	4656,25	0,173548027873039	
4659,375	0,31096613407135	4659,375	0,173519238829613	
4662,5	0,313701331615448	4662,5	0,173196330666542	
4665,625	0,313325375318527	4665,625	0,169896841049194	
4668,75	0,312090456485748	4668,75	0,169979929924011	
4671,875	0,31359013915062	4671,875	0,166634738445282	
4675	0,31352436542511	4675	0,165423065423965	
4678,125	0,316058844327927	4678,125	0,165881931781769	
4681,25	0,314234703779221	4681,25	0,162757605314255	
4684,375	0,316565722227097	4684,375	0,162155598402023	
4687,5	0,317603588104248	4687,5	0,161674022674561	
4690,625	0,317558735609055	4690,625	0,160150051116943	
4693,75	0,319354444742203	4693,75	0,158780440688133	
4696,875	0,320878654718399	4696,875	0,157741636037827	
4700	0,322274327278137	4700	0,158008947968483	
4703,125	0,322798103094101	4703,125	0,155446827411652	
4706,25	0,323029845952988	4706,25	0,153342634439468	
4709,375	0,324095696210861	4709,375	0,152059137821198	
4712,5	0,325199037790298	4712,5	0,150697827339172	
4715,625	0,325649946928024	4715,625	0,148375988006592	
4718,75	0,325661331415176	4718,75	0,146689012646675	
4721,875	0,327621877193451	4721,875	0,145549431443214	
4725	0,328801691532135	4725	0,144873335957527	
4728,125	0,329272776842117	4728,125	0,143017336726189	
4731,25	0,330963253974915	4731,25	0,143241047859192	
4734,375	0,331705719232559	4734,375	0,142487809062004	
4737,5	0,332840174436569	4737,5	0,140277966856956	
4740,625	0,333127468824387	4740,625	0,138329803943634	
4743,75	0,334195792675018	4743,75	0,135272085666656	
4746,875	0,334191739559174	4746,875	0,134185552597046	
4750	0,335009515285492	4750	0,132482513785362	
4753,125	0,337099969387054	4753,125	0,131208762526512	
4756,25	0,338728249073029	4756,25	0,130554899573326	
4759,375	0,339076608419418	4759,375	0,127820730209351	
4762,5	0,340052336454391	4762,5	0,126031994819641	
4765,625	0,341423600912094	4765,625	0,12522728741169	
4768,75	0,341929256916046	4768,75	0,124177388846874	
4771,875	0,342903345823288	4771,875	0,123635247349739	
4775	0,344680845737457	4775	0,118314549326897	
4778,125	0,345764547586441	4778,125	0,117456562817097	
4781,25	0,345393061637878	4781,25	0,116309344768524	
4784,375	0,347707957029343	4784,375	0,11441095918417	
4787,5	0,349526166915894	4787,5	0,112381845712662	
4790,625	0,349728733301163	4790,625	0,110738128423691	
4793,75	0,353050142526627	4793,75	0,108053378760815	
4796,875	0,354135423898697	4796,875	0,107377573847771	
4800	0,352650701999664	4800	0,105876378715038	
4803,125	0,354370176792145	4803,125	0,102744825184345	
4806,25	0,355362713336945	4806,25	0,100745230913162	
4809,375	0,356512010097504	4809,375	0,0990352779626846	
4812,5	0,358528107404709	4812,5	0,0960444062948227	
4815,625	0,358090758323669	4815,625	0,0954344943165779	
4818,75	0,357791930437088	4818,75	0,0938467308878899	
4821,875	0,359091430902481	4821,875	0,0904180556535721	
4825	0,359448134899139	4825	0,089301735162735	
4828,125	0,359533458948135	4828,125	0,0880415439605713	
4831,25	0,358742594718933	4831,25	0,0868091508746147	
4834,375	0,360695213079453	4834,375	0,0843941569328308	
4837,5	0,361473023891449	4837,5	0,0833450481295586	
4840,625	0,36212632060051	4840,625	0,0814971551299095	
4843,75	0,362151980400085	4843,75	0,0803712978959084	
4846,875	0,362588882446289	4846,875	0,0782333686947823	
4850	0,365026891231537	4850	0,0761234760284424	
4853,125	0,366278350353241	4853,125	0,0747655183076859	
4856,25	0,365653961896896	4856,25	0,0744791403412819	
4859,375	0,365156084299088	4859,375	0,0736646726727486	
4862,5	0,364962458610535	4862,5	0,0716033354401588	
4865,625	0,366513341665268	4865,625	0,0694088712334633	
4868,75	0,36614266037941	4868,75	0,0673564821481705	
4871,875	0,367520093917847	4871,875	0,067391462624073	
4875	0,369079113006592	4875	0,0660450607538223	
4878,125	0,369554132223129	4878,125	0,0643130466341972	
4881,25	0,370270609855652	4881,25	0,0645508095622063	
4884,375	0,370577186346054	4884,375	0,0630724877119064	
4887,5	0,371678858995438	4887,5	0,0625964999198914	
4890,625	0,372041702270508	4890,625	0,0599085576832294	
4893,75	0,372749119997025	4893,75	0,0568985752761364	
4896,875	0,373820722103119	4896,875	0,0573877170681953	
4900	0,375288873910904	4900	0,0582932867109776	
4903,125	0,376450300216675	4903,125	0,0567021295428276	
4906,25	0,375616788864136	4906,25	0,0552028529345989	
4909,375	0,377034723758698	4909,375	0,0532824955880642	
4912,5	0,377696096897125	4912,5	0,0532674081623554	
4915,625	0,380331873893738	4915,625	0,0530509054660797	
4918,75	0,380504637956619	4918,75	0,0514570102095604	
4921,875	0,380485713481903	4921,875	0,0491500608623028	
4925	0,383180856704712	4925	0,0481762439012527	
4928,125	0,384735614061356	4928,125	0,046594176441431	
4931,25	0,385380566120148	4931,25	0,0448361858725548	
4934,375	0,386611074209213	4934,375	0,0433450974524021	
4937,5	0,386543124914169	4937,5	0,0423009470105171	
4940,625	0,387787073850632	4940,625	0,0410539470613003	
4943,75	0,389016956090927	4943,75	0,03967060521245	
4946,875	0,388726890087128	4946,875	0,0381735153496265	
4950	0,390262305736542	4950	0,0347447246313095	
4953,125	0,392011016607285	4953,125	0,0343698263168335	
4956,25	0,393046528100967	4956,25	0,0329843685030937	
4959,375	0,393893092870712	4959,375	0,0328559391200542	
4962,5	0,395441025495529	4962,5	0,0309696160256863	
4965,625	0,394850045442581	4965,625	0,028039300814271	
4968,75	0,396579384803772	4968,75	0,0249566752463579	
4971,875	0,39724138379097	4971,875	0,0250872895121574	
4975	0,397095859050751	4975	0,0243631694465876	
				
