Frequency in Hz	Wool_93 Normalized Surface Impedance continuous Re	Frequency in Hz	Wool_93 Normalized Surface Impedance continuous Im	
100	3,37092185020447	100	-14,847020149231	
103,125	4,82605934143066	103,125	-15,2886190414429	
106,25	2,50685453414917	106,25	-12,4892320632935	
109,375	2,1932065486908	109,375	-14,2665367126465	
112,5	3,06656575202942	112,5	-13,2085494995117	
115,625	2,58506274223328	115,625	-12,3221111297607	
118,75	2,59308791160584	118,75	-13,1599140167236	
121,875	3,18772220611572	121,875	-11,9176950454712	
125	2,26880049705505	125	-12,2973279953003	
128,125	1,90604186058044	128,125	-11,4771690368652	
131,25	1,94597995281219	131,25	-11,610650062561	
134,375	1,38485312461853	134,375	-11,833046913147	
137,5	2,28839731216431	137,5	-10,1448822021484	
140,625	2,74956583976746	140,625	-10,6500110626221	
143,75	2,47820949554443	143,75	-9,98882484436035	
146,875	1,94455981254578	146,875	-11,1176061630249	
150	2,26056575775146	150	-10,1009035110474	
153,125	1,85488343238831	153,125	-9,49613285064697	
156,25	1,96284472942352	156,25	-9,7182731628418	
159,375	1,83336687088013	159,375	-9,46123027801514	
162,5	1,77681648731232	162,5	-9,50417709350586	
165,625	1,99200057983398	165,625	-9,37133121490479	
168,75	1,6430641412735	168,75	-8,66091442108154	
171,875	2,0494441986084	171,875	-8,86809349060059	
175	2,055748462677	175	-8,42984867095947	
178,125	1,71382689476013	178,125	-8,47095394134521	
181,25	1,78334867954254	181,25	-8,54682731628418	
184,375	1,96548020839691	184,375	-8,36034870147705	
187,5	1,97374641895294	187,5	-7,85714721679688	
190,625	2,08296942710876	190,625	-7,96396064758301	
193,75	1,9097146987915	193,75	-7,51317310333252	
196,875	1,92523860931396	196,875	-7,70484161376953	
200	1,71784496307373	200	-7,83164215087891	
203,125	1,61589980125427	203,125	-7,90914011001587	
206,25	1,58136701583862	206,25	-7,17387056350708	
209,375	1,71740388870239	209,375	-7,28240823745728	
212,5	1,62543904781342	212,5	-7,56276416778564	
215,625	1,68905699253082	215,625	-6,92442464828491	
218,75	1,73859667778015	218,75	-7,16500091552734	
221,875	1,6705584526062	221,875	-6,87253379821777	
225	1,7828962802887	225	-6,79245090484619	
228,125	1,7760226726532	228,125	-6,67531251907349	
231,25	1,75435519218445	231,25	-6,64624977111816	
234,375	1,77136659622192	234,375	-6,49456167221069	
237,5	1,64936685562134	237,5	-6,61674690246582	
240,625	1,42512094974518	240,625	-6,29672288894653	
243,75	1,54821336269379	243,75	-6,34535455703735	
246,875	1,70242393016815	246,875	-6,16371297836304	
250	1,71674251556396	250	-6,10245084762573	
253,125	1,59588861465454	253,125	-6,08718109130859	
256,25	1,56504201889038	256,25	-5,90733051300049	
259,375	1,70774102210999	259,375	-5,8838267326355	
262,5	1,55940532684326	262,5	-5,80569744110107	
265,625	1,45001530647278	265,625	-5,71973562240601	
268,75	1,55637836456299	268,75	-5,73036193847656	
271,875	1,52043163776398	271,875	-5,54993724822998	
275	1,45890641212463	275	-5,56607103347778	
278,125	1,4958301782608	278,125	-5,40378093719482	
281,25	1,5105654001236	281,25	-5,40029907226563	
284,375	1,4962100982666	284,375	-5,35425233840942	
287,5	1,40972554683685	287,5	-5,46082496643066	
290,625	1,35924828052521	290,625	-5,07319307327271	
293,75	1,34978187084198	293,75	-5,10285902023315	
296,875	1,38980197906494	296,875	-5,02653026580811	
300	1,40634536743164	300	-4,95321416854858	
303,125	1,36044228076935	303,125	-4,82945585250854	
306,25	1,39449262619019	306,25	-4,74434995651245	
309,375	1,44651174545288	309,375	-4,67554044723511	
312,5	1,47328400611877	312,5	-4,50036334991455	
315,625	1,7107572555542	315,625	-4,48892545700073	
318,75	1,69927835464478	318,75	-4,43420839309692	
321,875	1,73226058483124	321,875	-4,5751805305481	
325	1,77167141437531	325	-4,63387489318848	
328,125	1,83897686004639	328,125	-4,61922788619995	
331,25	1,60391736030579	331,25	-4,61221218109131	
334,375	1,57825291156769	334,375	-4,59700632095337	
337,5	1,63304078578949	337,5	-4,57989835739136	
340,625	1,5536847114563	340,625	-4,55736923217773	
343,75	1,51924324035645	343,75	-4,43128490447998	
346,875	1,50372791290283	346,875	-4,42535591125488	
350	1,53557991981506	350	-4,39983224868774	
353,125	1,51218485832214	353,125	-4,39250516891479	
356,25	1,40961599349976	356,25	-4,34507417678833	
359,375	1,36195504665375	359,375	-4,2201247215271	
362,5	1,40336644649506	362,5	-4,1861891746521	
365,625	1,48863565921783	365,625	-4,12544059753418	
368,75	1,40025746822357	368,75	-4,15961503982544	
371,875	1,26158547401428	371,875	-4,18949794769287	
375	1,51856029033661	375	-3,93524384498596	
378,125	1,43497002124786	378,125	-3,91936802864075	
381,25	1,40888822078705	381,25	-4,06358957290649	
384,375	1,48800575733185	384,375	-3,87159466743469	
387,5	1,36945021152496	387,5	-3,77680039405823	
390,625	1,29913544654846	390,625	-3,76363134384155	
393,75	1,36452794075012	393,75	-3,91735863685608	
396,875	1,37981247901917	396,875	-3,90251851081848	
400	1,40742206573486	400	-3,88511371612549	
403,125	1,41140329837799	403,125	-3,86147236824036	
406,25	1,41488826274872	406,25	-3,73654651641846	
409,375	1,41674828529358	409,375	-3,58116817474365	
412,5	1,36099302768707	412,5	-3,49755787849426	
415,625	1,2974271774292	415,625	-3,60317730903625	
418,75	1,36836075782776	418,75	-3,50513195991516	
421,875	1,28631031513214	421,875	-3,45198678970337	
425	1,32702100276947	425	-3,46447420120239	
428,125	1,43051826953888	428,125	-3,54491972923279	
431,25	1,30913066864014	431,25	-3,43826794624329	
434,375	1,35027599334717	434,375	-3,44682836532593	
437,5	1,35634732246399	437,5	-3,43837881088257	
440,625	1,38592791557312	440,625	-3,42150259017944	
443,75	1,35256659984589	443,75	-3,34747076034546	
446,875	1,3860319852829	446,875	-3,32779431343079	
450	1,34710776805878	450	-3,40431189537048	
453,125	1,34909737110138	453,125	-3,38610339164734	
456,25	1,30835247039795	456,25	-3,39344644546509	
459,375	1,30712509155273	459,375	-3,3008873462677	
462,5	1,27944266796112	462,5	-3,21285557746887	
465,625	1,26668894290924	465,625	-3,20503902435303	
468,75	1,2849063873291	468,75	-3,20040941238403	
471,875	1,24081003665924	471,875	-3,10175037384033	
475	1,26531338691711	475	-3,08478403091431	
478,125	1,33371305465698	478,125	-3,09641766548157	
481,25	1,31087553501129	481,25	-3,13328504562378	
484,375	1,29722011089325	484,375	-3,04643249511719	
487,5	1,32716453075409	487,5	-3,05322098731995	
490,625	1,31429898738861	490,625	-3,01940774917603	
493,75	1,32529830932617	493,75	-2,97683525085449	
496,875	1,32484292984009	496,875	-2,96349763870239	
500	1,27194929122925	500	-2,96783876419067	
503,125	1,27228975296021	503,125	-2,93920230865479	
506,25	1,28047907352448	506,25	-2,93224167823792	
509,375	1,2539826631546	509,375	-2,90917181968689	
512,5	1,26560723781586	512,5	-2,85831427574158	
515,625	1,30105113983154	515,625	-2,86181640625	
518,75	1,31400191783905	518,75	-2,85195684432983	
521,875	1,26192879676819	521,875	-2,80500769615173	
525	1,27631807327271	525	-2,78065180778503	
528,125	1,27052426338196	528,125	-2,80138278007507	
531,25	1,27238631248474	531,25	-2,7589795589447	
534,375	1,27752888202667	534,375	-2,74106001853943	
537,5	1,27207958698273	537,5	-2,72136449813843	
540,625	1,26832211017609	540,625	-2,71064162254334	
543,75	1,29742479324341	543,75	-2,70398712158203	
546,875	1,24908542633057	546,875	-2,66935014724731	
550	1,26629412174225	550	-2,65780091285706	
553,125	1,26770424842834	553,125	-2,62871122360229	
556,25	1,42618656158447	556,25	-2,76693940162659	
559,375	1,44154047966003	559,375	-2,72650194168091	
562,5	1,4398455619812	562,5	-2,71774435043335	
565,625	1,42685234546661	565,625	-2,70123982429504	
568,75	1,43473434448242	568,75	-2,67849278450012	
571,875	1,43912672996521	571,875	-2,66336894035339	
575	1,42689168453217	575	-2,65141940116882	
578,125	1,44642961025238	578,125	-2,63072514533997	
581,25	1,42975854873657	581,25	-2,62421274185181	
584,375	1,41740560531616	584,375	-2,605464220047	
587,5	1,41995978355408	587,5	-2,59425902366638	
590,625	1,42581105232239	590,625	-2,57155728340149	
593,75	1,42477095127106	593,75	-2,55091238021851	
596,875	1,42652094364166	596,875	-2,5453667640686	
600	1,41490864753723	600	-2,51880311965942	
603,125	1,42279231548309	603,125	-2,51093435287476	
606,25	1,42091381549835	606,25	-2,48810338973999	
609,375	1,42159807682037	609,375	-2,48600816726685	
612,5	1,42012095451355	612,5	-2,46766877174377	
615,625	1,4128897190094	615,625	-2,44610071182251	
618,75	1,41697418689728	618,75	-2,43698501586914	
621,875	1,42177081108093	621,875	-2,43188714981079	
625	1,42783463001251	625	-2,40973329544067	
628,125	1,41657948493958	628,125	-2,38939380645752	
631,25	1,42570531368256	631,25	-2,36453533172607	
634,375	1,42480742931366	634,375	-2,35102915763855	
637,5	1,42149782180786	637,5	-2,34381723403931	
640,625	1,43288266658783	640,625	-2,34056377410889	
643,75	1,41823840141296	643,75	-2,31655812263489	
646,875	1,4268844127655	646,875	-2,3009774684906	
650	1,41771590709686	650	-2,29518461227417	
653,125	1,42751312255859	653,125	-2,27858805656433	
656,25	1,43295192718506	656,25	-2,26490712165833	
659,375	1,426793217659	659,375	-2,24700808525085	
662,5	1,42689514160156	662,5	-2,24784016609192	
665,625	1,42100346088409	665,625	-2,23724699020386	
668,75	1,42599654197693	668,75	-2,2176239490509	
671,875	1,43623697757721	671,875	-2,20954060554504	
675	1,4324027299881	675	-2,18648529052734	
678,125	1,43169748783112	678,125	-2,16972851753235	
681,25	1,43268644809723	681,25	-2,16443681716919	
684,375	1,4335914850235	684,375	-2,15743780136108	
687,5	1,43060839176178	687,5	-2,16097497940063	
690,625	1,41531145572662	690,625	-2,12602639198303	
693,75	1,42969954013824	693,75	-2,12917804718018	
696,875	1,43067026138306	696,875	-2,11938166618347	
700	1,4286698102951	700	-2,09997510910034	
703,125	1,42586374282837	703,125	-2,09228253364563	
706,25	1,43166887760162	706,25	-2,08896517753601	
709,375	1,43873715400696	709,375	-2,07384276390076	
712,5	1,42281985282898	712,5	-2,04765844345093	
715,625	1,43032217025757	715,625	-2,05375456809998	
718,75	1,42661118507385	718,75	-2,04776501655579	
721,875	1,4307461977005	721,875	-2,03238749504089	
725	1,42543816566467	725	-2,02854824066162	
728,125	1,43072831630707	728,125	-2,00982618331909	
731,25	1,42841553688049	731,25	-2,00834727287292	
734,375	1,43027067184448	734,375	-1,99747347831726	
737,5	1,42726254463196	737,5	-1,9945193529129	
740,625	1,43149161338806	740,625	-1,97036051750183	
743,75	1,43259286880493	743,75	-1,95105171203613	
746,875	1,41401553153992	746,875	-1,94707858562469	
750	1,41442632675171	750	-1,93996334075928	
753,125	1,42310404777527	753,125	-1,93426394462585	
756,25	1,42651665210724	756,25	-1,92286705970764	
759,375	1,43710315227509	759,375	-1,90925800800323	
762,5	1,43346953392029	762,5	-1,91186821460724	
765,625	1,43608152866364	765,625	-1,8992338180542	
768,75	1,4218407869339	768,75	-1,88198757171631	
771,875	1,42432117462158	771,875	-1,86536121368408	
775	1,4306515455246	775	-1,86742329597473	
778,125	1,43658399581909	778,125	-1,8533775806427	
781,25	1,42896020412445	781,25	-1,84149265289307	
784,375	1,42770791053772	784,375	-1,82569229602814	
787,5	1,42238616943359	787,5	-1,81338453292847	
790,625	1,42408502101898	790,625	-1,8071346282959	
793,75	1,43388032913208	793,75	-1,80529403686523	
796,875	1,43493068218231	796,875	-1,80303525924683	
800	1,433180809021	800	-1,79215180873871	
803,125	1,4382072687149	803,125	-1,791459441185	
806,25	1,43024516105652	806,25	-1,77746260166168	
809,375	1,41923069953918	809,375	-1,74791622161865	
812,5	1,43609249591827	812,5	-1,75973618030548	
815,625	1,44293928146362	815,625	-1,75405216217041	
818,75	1,43466699123383	818,75	-1,73101210594177	
821,875	1,44417703151703	821,875	-1,72597086429596	
825	1,463219165802	825	-1,73705792427063	
828,125	1,45970547199249	828,125	-1,72255349159241	
831,25	1,49891924858093	831,25	-1,69038438796997	
834,375	1,45333647727966	834,375	-1,67867457866669	
837,5	1,44247221946716	837,5	-1,68624317646027	
840,625	1,4424923658371	840,625	-1,67992544174194	
843,75	1,44523894786835	843,75	-1,66329836845398	
846,875	1,44244599342346	846,875	-1,67279767990112	
850	1,443030834198	850	-1,67050075531006	
853,125	1,45916330814362	853,125	-1,66869533061981	
856,25	1,47364246845245	856,25	-1,65251863002777	
859,375	1,47739887237549	859,375	-1,63295316696167	
862,5	1,47070837020874	862,5	-1,62969565391541	
865,625	1,47108316421509	865,625	-1,62969422340393	
868,75	1,47265875339508	868,75	-1,63189578056335	
871,875	1,46419715881348	871,875	-1,61985051631927	
875	1,48042476177216	875	-1,60881268978119	
878,125	1,47471106052399	878,125	-1,60158550739288	
881,25	1,47626316547394	881,25	-1,58906090259552	
884,375	1,60816419124603	884,375	-1,58747708797455	
887,5	1,6162713766098	887,5	-1,56949377059937	
890,625	1,6082671880722	890,625	-1,56230854988098	
893,75	1,59929025173187	893,75	-1,57184195518494	
896,875	1,59825730323792	896,875	-1,55780923366547	
900	1,60908317565918	900	-1,55296492576599	
903,125	1,60896956920624	903,125	-1,53695118427277	
906,25	1,6100447177887	906,25	-1,53301358222961	
909,375	1,61066818237305	909,375	-1,53793084621429	
912,5	1,5990047454834	912,5	-1,53020370006561	
915,625	1,59845793247223	915,625	-1,52046692371368	
918,75	1,60435473918915	918,75	-1,50966572761536	
921,875	1,61342632770538	921,875	-1,49560034275055	
925	1,61449551582336	925	-1,48959517478943	
928,125	1,61801040172577	928,125	-1,49551129341125	
931,25	1,60664343833923	931,25	-1,47540533542633	
934,375	1,61069405078888	934,375	-1,47317659854889	
937,5	1,60891163349152	937,5	-1,46525621414185	
940,625	1,61281049251556	940,625	-1,46085178852081	
943,75	1,60458564758301	943,75	-1,45398962497711	
946,875	1,60578525066376	946,875	-1,44722151756287	
950	1,61058485507965	950	-1,43892931938171	
953,125	1,61689388751984	953,125	-1,43404138088226	
956,25	1,61687731742859	956,25	-1,42493939399719	
959,375	1,61339020729065	959,375	-1,41683280467987	
962,5	1,61094200611115	962,5	-1,41392457485199	
965,625	1,61324179172516	965,625	-1,40885770320892	
968,75	1,61694025993347	968,75	-1,40960502624512	
971,875	1,61306524276733	971,875	-1,39783012866974	
975	1,61686182022095	975	-1,3921138048172	
978,125	1,61816370487213	978,125	-1,38681674003601	
981,25	1,61699092388153	981,25	-1,37690675258636	
984,375	1,61682164669037	984,375	-1,37675046920776	
987,5	1,61864566802979	987,5	-1,37047839164734	
990,625	1,62053787708282	990,625	-1,36489415168762	
993,75	1,61397433280945	993,75	-1,36451888084412	
996,875	1,61734974384308	996,875	-1,35910940170288	
1000	1,61408054828644	1000	-1,35531663894653	
1003,125	1,61910104751587	1003,125	-1,3496253490448	
1006,25	1,61972224712372	1006,25	-1,34363913536072	
1009,375	1,61685454845428	1009,375	-1,3381415605545	
1012,5	1,62080693244934	1012,5	-1,33528780937195	
1015,625	1,62237131595612	1015,625	-1,33524680137634	
1018,75	1,61407518386841	1018,75	-1,32732927799225	
1021,875	1,61986136436462	1021,875	-1,32562828063965	
1025	1,61656785011292	1025	-1,31975519657135	
1028,125	1,61987161636353	1028,125	-1,31753063201904	
1031,25	1,62205052375793	1031,25	-1,3184632062912	
1034,375	1,6193962097168	1034,375	-1,31459927558899	
1037,5	1,61957967281342	1037,5	-1,31066405773163	
1040,625	1,61788392066956	1040,625	-1,30924963951111	
1043,75	1,6205792427063	1043,75	-1,30720734596252	
1046,875	1,62207758426666	1046,875	-1,30455529689789	
1050	1,61688530445099	1050	-1,30447578430176	
1053,125	1,61699688434601	1053,125	-1,30902981758118	
1056,25	1,61335825920105	1056,25	-1,30487525463104	
1059,375	1,61658871173859	1059,375	-1,30641794204712	
1062,5	1,61430597305298	1062,5	-1,30724382400513	
1065,625	1,60738670825958	1065,625	-1,30665254592896	
1068,75	1,61055147647858	1068,75	-1,30341792106628	
1071,875	1,60903036594391	1071,875	-1,3042403459549	
1075	1,60836255550385	1075	-1,30957686901093	
1078,125	1,6010754108429	1078,125	-1,31626725196838	
1081,25	1,5875084400177	1081,25	-1,30950033664703	
1084,375	1,58758914470673	1084,375	-1,31464338302612	
1087,5	1,58182728290558	1087,5	-1,31843781471252	
1090,625	1,5784215927124	1090,625	-1,32019901275635	
1093,75	1,56759250164032	1093,75	-1,32757842540741	
1096,875	1,55505478382111	1096,875	-1,32700276374817	
1100	1,54369843006134	1100	-1,32894730567932	
1103,125	1,5278856754303	1103,125	-1,33169484138489	
1106,25	1,52250254154205	1106,25	-1,3294837474823	
1109,375	1,49054324626923	1109,375	-1,33799946308136	
1112,5	1,47877991199493	1112,5	-1,34376204013824	
1115,625	1,45867943763733	1115,625	-1,32657325267792	
1118,75	1,42605602741241	1118,75	-1,34230375289917	
1121,875	1,41774749755859	1121,875	-1,32883405685425	
1125	1,37983357906342	1125	-1,32799053192139	
1128,125	1,36058044433594	1128,125	-1,32464075088501	
1131,25	1,31517386436462	1131,25	-1,28511381149292	
1134,375	1,30493688583374	1134,375	-1,27140533924103	
1137,5	1,27453994750977	1137,5	-1,25622999668121	
1140,625	1,24473929405212	1140,625	-1,20827805995941	
1143,75	1,24413132667542	1143,75	-1,18351542949677	
1146,875	1,23750078678131	1146,875	-1,14821374416351	
1150	1,23361027240753	1150	-1,10394537448883	
1153,125	1,24464273452759	1153,125	-1,07490170001984	
1156,25	1,2344845533371	1156,25	-1,04957091808319	
1159,375	1,23175799846649	1159,375	-1,00883150100708	
1162,5	1,24938309192657	1162,5	-0,993800044059753	
1165,625	1,26442468166351	1165,625	-0,957293212413788	
1168,75	1,27533757686615	1168,75	-0,941358923912048	
1171,875	1,29249036312103	1171,875	-0,925544083118439	
1175	1,30666601657867	1175	-0,90429961681366	
1178,125	1,31530952453613	1178,125	-0,891992926597595	
1181,25	1,32797706127167	1181,25	-0,881834626197815	
1184,375	1,34297633171082	1184,375	-0,87008535861969	
1187,5	1,34949946403503	1187,5	-0,860598266124725	
1190,625	1,36582767963409	1190,625	-0,853760361671448	
1193,75	1,38115358352661	1193,75	-0,850486695766449	
1196,875	1,3919529914856	1196,875	-0,841704785823822	
1200	1,39700126647949	1200	-0,835634171962738	
1203,125	1,40586984157562	1203,125	-0,833982110023499	
1206,25	1,41735219955444	1206,25	-0,829658448696136	
1209,375	1,42077255249023	1209,375	-0,829886138439178	
1212,5	1,42198193073273	1212,5	-0,828326523303986	
1215,625	1,43048894405365	1215,625	-0,825998544692993	
1218,75	1,43402683734894	1218,75	-0,822019934654236	
1221,875	1,44197249412537	1221,875	-0,822612822055817	
1225	1,44619393348694	1225	-0,825660347938538	
1228,125	1,43899750709534	1228,125	-0,824947774410248	
1231,25	1,44340550899506	1231,25	-0,823516726493835	
1234,375	1,44907665252686	1234,375	-0,823780179023743	
1237,5	1,44293260574341	1237,5	-0,828095674514771	
1240,625	1,44056797027588	1240,625	-0,825718522071838	
1243,75	1,43493461608887	1243,75	-0,826873004436493	
1246,875	1,4296201467514	1246,875	-0,821772694587708	
1250	1,42402637004852	1250	-0,814717650413513	
1253,125	1,41739857196808	1253,125	-0,814116477966309	
1256,25	1,40410363674164	1256,25	-0,80449378490448	
1259,375	1,40354514122009	1259,375	-0,798142790794373	
1262,5	1,40314698219299	1262,5	-0,788234770298004	
1265,625	1,39945268630981	1265,625	-0,779070317745209	
1268,75	1,39363980293274	1268,75	-0,766477346420288	
1271,875	1,39339423179626	1271,875	-0,753977417945862	
1275	1,38982355594635	1275	-0,743569493293762	
1278,125	1,39430737495422	1278,125	-0,729751348495483	
1281,25	1,3945038318634	1281,25	-0,72032231092453	
1284,375	1,39958322048187	1284,375	-0,711416304111481	
1287,5	1,40224206447601	1287,5	-0,703812718391418	
1290,625	1,40282535552979	1290,625	-0,692684412002563	
1293,75	1,40768110752106	1293,75	-0,684016585350037	
1296,875	1,41168320178986	1296,875	-0,676044106483459	
1300	1,41192889213562	1300	-0,672162890434265	
1303,125	1,41378653049469	1303,125	-0,66327840089798	
1306,25	1,42019951343536	1306,25	-0,65753847360611	
1309,375	1,42321181297302	1309,375	-0,65092533826828	
1312,5	1,423708319664	1312,5	-0,645226240158081	
1315,625	1,42464458942413	1315,625	-0,640275537967682	
1318,75	1,42765760421753	1318,75	-0,629290282726288	
1321,875	1,42974615097046	1321,875	-0,623859286308289	
1325	1,43321561813354	1325	-0,618109583854675	
1328,125	1,43474435806274	1328,125	-0,610072731971741	
1331,25	1,43728530406952	1331,25	-0,601210176944733	
1334,375	1,43641328811646	1334,375	-0,592987298965454	
1337,5	1,44385802745819	1337,5	-0,586008727550507	
1340,625	1,45004057884216	1340,625	-0,578407168388367	
1343,75	1,45694434642792	1343,75	-0,573667705059052	
1346,875	1,46189200878143	1346,875	-0,565861523151398	
1350	1,46548318862915	1350	-0,562476634979248	
1353,125	1,47175145149231	1353,125	-0,560262858867645	
1356,25	1,47540402412415	1356,25	-0,558063983917236	
1359,375	1,47877204418182	1359,375	-0,553714752197266	
1362,5	1,48150074481964	1362,5	-0,549287676811218	
1365,625	1,48456573486328	1365,625	-0,546416223049164	
1368,75	1,4892166852951	1368,75	-0,543727874755859	
1371,875	1,49098861217499	1371,875	-0,540530502796173	
1375	1,49283051490784	1375	-0,539395809173584	
1378,125	1,49578893184662	1378,125	-0,537503063678741	
1381,25	1,49414122104645	1381,25	-0,533750534057617	
1384,375	1,49861752986908	1384,375	-0,530936121940613	
1387,5	1,50202906131744	1387,5	-0,526434481143951	
1390,625	1,50376927852631	1390,625	-0,5221146941185	
1393,75	1,50468373298645	1393,75	-0,518738746643066	
1396,875	1,5058456659317	1396,875	-0,516306340694427	
1400	1,50991427898407	1400	-0,512166321277618	
1403,125	1,51141703128815	1403,125	-0,510170757770538	
1406,25	1,51162445545197	1406,25	-0,507993519306183	
1409,375	1,5121021270752	1409,375	-0,505029022693634	
1412,5	1,51459789276123	1412,5	-0,501541972160339	
1415,625	1,51476001739502	1415,625	-0,498088419437408	
1418,75	1,5174388885498	1418,75	-0,495874792337418	
1421,875	1,52057564258575	1421,875	-0,492036759853363	
1425	1,52331757545471	1425	-0,489338368177414	
1428,125	1,52298951148987	1428,125	-0,487784743309021	
1431,25	1,52641236782074	1431,25	-0,484322935342789	
1434,375	1,52747297286987	1434,375	-0,482388287782669	
1437,5	1,52759289741516	1437,5	-0,478225111961365	
1440,625	1,53345382213593	1440,625	-0,478921860456467	
1443,75	1,52740216255188	1443,75	-0,476803064346313	
1446,875	1,53164958953857	1446,875	-0,472158282995224	
1450	1,53197479248047	1450	-0,469828486442566	
1453,125	1,53287196159363	1453,125	-0,467862606048584	
1456,25	1,53294062614441	1456,25	-0,466600835323334	
1459,375	1,53411412239075	1459,375	-0,464366465806961	
1462,5	1,5343976020813	1462,5	-0,460166096687317	
1465,625	1,53403687477112	1465,625	-0,460849165916443	
1468,75	1,53180742263794	1468,75	-0,459732502698898	
1471,875	1,53059577941895	1471,875	-0,457586735486984	
1475	1,5320520401001	1475	-0,456484913825989	
1478,125	1,52966022491455	1478,125	-0,45388600230217	
1481,25	1,52972626686096	1481,25	-0,450179398059845	
1484,375	1,52541053295135	1484,375	-0,447373747825623	
1487,5	1,525235414505	1487,5	-0,448037475347519	
1490,625	1,52309286594391	1490,625	-0,443842083215714	
1493,75	1,52052295207977	1493,75	-0,442674368619919	
1496,875	1,5219521522522	1496,875	-0,440023571252823	
1500	1,51528012752533	1500	-0,43454122543335	
1503,125	1,51445853710175	1503,125	-0,427893817424774	
1506,25	1,51652240753174	1506,25	-0,422733277082443	
1509,375	1,51033794879913	1509,375	-0,419924706220627	
1512,5	1,5098249912262	1512,5	-0,414220809936523	
1515,625	1,50949692726135	1515,625	-0,41066300868988	
1518,75	1,50911390781403	1518,75	-0,403797954320908	
1521,875	1,51112604141235	1521,875	-0,400040179491043	
1525	1,50684094429016	1525	-0,396501332521439	
1528,125	1,5086567401886	1528,125	-0,388754934072495	
1531,25	1,5084056854248	1531,25	-0,383874803781509	
1534,375	1,50954854488373	1534,375	-0,376516789197922	
1537,5	1,50825989246368	1537,5	-0,374161571264267	
1540,625	1,5104888677597	1540,625	-0,36933046579361	
1543,75	1,50760126113892	1543,75	-0,364469915628433	
1546,875	1,51055097579956	1546,875	-0,358989328145981	
1550	1,51025390625	1550	-0,355017334222794	
1553,125	1,51152396202087	1553,125	-0,351207703351974	
1556,25	1,51151382923126	1556,25	-0,345669001340866	
1559,375	1,51229918003082	1559,375	-0,342046141624451	
1562,5	1,51325047016144	1562,5	-0,33811229467392	
1565,625	1,5131493806839	1565,625	-0,331543922424316	
1568,75	1,51424777507782	1568,75	-0,330122351646423	
1571,875	1,51409590244293	1571,875	-0,324594587087631	
1575	1,51681447029114	1575	-0,320698857307434	
1578,125	1,51660823822021	1578,125	-0,316809356212616	
1581,25	1,51714050769806	1581,25	-0,313211798667908	
1584,375	1,51972353458405	1584,375	-0,306389898061752	
1587,5	1,51919806003571	1587,5	-0,3033786714077	
1590,625	1,5194137096405	1590,625	-0,30011311173439	
1593,75	1,51992356777191	1593,75	-0,296259850263596	
1596,875	1,52199244499207	1596,875	-0,290740817785263	
1600	1,52338135242462	1600	-0,288954108953476	
1603,125	1,52427744865417	1603,125	-0,285473555326462	
1606,25	1,52635371685028	1606,25	-0,282033354043961	
1609,375	1,52699947357178	1609,375	-0,274186939001083	
1612,5	1,52544260025024	1612,5	-0,270844101905823	
1615,625	1,5276243686676	1615,625	-0,268253684043884	
1618,75	1,52986323833466	1618,75	-0,266936510801315	
1621,875	1,53096401691437	1621,875	-0,262379050254822	
1625	1,52994048595428	1625	-0,260071814060211	
1628,125	1,53268980979919	1628,125	-0,256523430347443	
1631,25	1,532390832901	1631,25	-0,253962337970734	
1634,375	1,5346531867981	1634,375	-0,252155095338821	
1637,5	1,53501629829407	1637,5	-0,248545661568642	
1640,625	1,53676223754883	1640,625	-0,240248188376427	
1643,75	1,53064787387848	1643,75	-0,242942377924919	
1646,875	1,53578734397888	1646,875	-0,23922398686409	
1650	1,53805828094482	1650	-0,237993285059929	
1653,125	1,53679096698761	1653,125	-0,233180701732635	
1656,25	1,53606021404266	1656,25	-0,230700045824051	
1659,375	1,538010597229	1659,375	-0,226830437779427	
1662,5	1,53837597370148	1662,5	-0,223553046584129	
1665,625	1,53726959228516	1665,625	-0,222947329282761	
1668,75	1,53884518146515	1668,75	-0,21861369907856	
1671,875	1,5390841960907	1671,875	-0,216012254357338	
1675	1,53714919090271	1675	-0,212257638573647	
1678,125	1,53754734992981	1678,125	-0,213317036628723	
1681,25	1,54054188728333	1681,25	-0,208150520920753	
1684,375	1,53631734848022	1684,375	-0,201843753457069	
1687,5	1,53591895103455	1687,5	-0,199441894888878	
1690,625	1,53599524497986	1690,625	-0,196607366204262	
1693,75	1,53696167469025	1693,75	-0,190618261694908	
1696,875	1,53725862503052	1696,875	-0,189466685056686	
1700	1,53785979747772	1700	-0,186277508735657	
1703,125	1,53803491592407	1703,125	-0,183491870760918	
1706,25	1,53860247135162	1706,25	-0,180596023797989	
1709,375	1,5362446308136	1709,375	-0,176124945282936	
1712,5	1,5375908613205	1712,5	-0,171877682209015	
1715,625	1,53759241104126	1715,625	-0,168287262320518	
1718,75	1,53924667835236	1718,75	-0,168193593621254	
1721,875	1,53843593597412	1721,875	-0,166601553559303	
1725	1,53641819953918	1725	-0,161741271615028	
1728,125	1,53950905799866	1728,125	-0,156638368964195	
1731,25	1,54200565814972	1731,25	-0,153343945741653	
1734,375	1,54169070720673	1734,375	-0,154613077640533	
1737,5	1,54033505916595	1737,5	-0,149239867925644	
1740,625	1,54378235340118	1740,625	-0,144311249256134	
1743,75	1,54048836231232	1743,75	-0,140753164887428	
1746,875	1,54067385196686	1746,875	-0,136823952198029	
1750	1,54351484775543	1750	-0,133153453469276	
1753,125	1,54292142391205	1753,125	-0,129882782697678	
1756,25	1,54330730438232	1756,25	-0,12892410159111	
1759,375	1,54740571975708	1759,375	-0,125045046210289	
1762,5	1,54570078849792	1762,5	-0,12344765663147	
1765,625	1,54620337486267	1765,625	-0,122367985546589	
1768,75	1,54503548145294	1768,75	-0,118619933724403	
1771,875	1,5471898317337	1771,875	-0,115572281181812	
1775	1,54840993881226	1775	-0,112912476062775	
1778,125	1,54914951324463	1778,125	-0,1109823808074	
1781,25	1,54825520515442	1781,25	-0,107365250587463	
1784,375	1,54908335208893	1784,375	-0,105915389955044	
1787,5	1,55162179470062	1787,5	-0,106789737939835	
1790,625	1,54882407188416	1790,625	-0,102030232548714	
1793,75	1,54992210865021	1793,75	-0,103998653590679	
1796,875	1,55075061321259	1796,875	-0,0986799374222755	
1800	1,54859483242035	1800	-0,0915681347250938	
1803,125	1,54664278030396	1803,125	-0,0947150960564613	
1806,25	1,54902958869934	1806,25	-0,0892694592475891	
1809,375	1,54800248146057	1809,375	-0,0861453413963318	
1812,5	1,54994678497314	1812,5	-0,0816718339920044	
1815,625	1,54833340644836	1815,625	-0,0835079625248909	
1818,75	1,54720366001129	1818,75	-0,07770124822855	
1821,875	1,54842901229858	1821,875	-0,0770677402615547	
1825	1,54970216751099	1825	-0,0760098770260811	
1828,125	1,5491988658905	1828,125	-0,0723699554800987	
1831,25	1,54880750179291	1831,25	-0,0684154108166695	
1834,375	1,54810881614685	1834,375	-0,0671457275748253	
1837,5	1,54817092418671	1837,5	-0,0627047568559647	
1840,625	1,54862010478973	1840,625	-0,0615696050226688	
1843,75	1,54713129997253	1843,75	-0,0601480938494205	
1846,875	1,5475047826767	1846,875	-0,0601108595728874	
1850	1,54869115352631	1850	-0,0572629272937775	
1853,125	1,54913985729218	1853,125	-0,0538737997412682	
1856,25	1,54660391807556	1856,25	-0,0474078580737114	
1859,375	1,5481413602829	1859,375	-0,047153364866972	
1862,5	1,54585444927216	1862,5	-0,0457501523196697	
1865,625	1,54766726493835	1865,625	-0,0420639775693417	
1868,75	1,54780101776123	1868,75	-0,0382323451340199	
1871,875	1,54685962200165	1871,875	-0,037253201007843	
1875	1,54974806308746	1875	-0,0349139720201492	
1878,125	1,54689919948578	1878,125	-0,0326394215226173	
1881,25	1,54667806625366	1881,25	-0,0303007904440165	
1884,375	1,54815721511841	1884,375	-0,028100673109293	
1887,5	1,54855406284332	1887,5	-0,0249167364090681	
1890,625	1,54599583148956	1890,625	-0,0210607498884201	
1893,75	1,54535794258118	1893,75	-0,0185017436742783	
1896,875	1,5452493429184	1896,875	-0,0161500852555037	
1900	1,54571485519409	1900	-0,0140273384749889	
1903,125	1,54410088062286	1903,125	-0,0101526221260428	
1906,25	1,54251718521118	1906,25	-0,0089216735213995	
1909,375	1,54427969455719	1909,375	-0,00658203987404704	
1912,5	1,54537951946259	1912,5	-0,0022131644655019	
1915,625	1,54381322860718	1915,625	-0,000898817263077945	
1918,75	1,54305279254913	1918,75	-0,00166843994520605	
1921,875	1,54543495178223	1921,875	0,00269947201013565	
1925	1,54689264297485	1925	0,00455357832834125	
1928,125	1,54417872428894	1928,125	0,00769902067258954	
1931,25	1,54433488845825	1931,25	0,0109027465805411	
1934,375	1,54535019397736	1934,375	0,0125585915520787	
1937,5	1,54548060894012	1937,5	0,0145843951031566	
1940,625	1,54550671577454	1940,625	0,0164589174091816	
1943,75	1,54600441455841	1943,75	0,0186690483242273	
1946,875	1,54438757896423	1946,875	0,0210461728274822	
1950	1,54428064823151	1950	0,0254589430987835	
1953,125	1,54494082927704	1953,125	0,0247811190783978	
1956,25	1,54545068740845	1956,25	0,0286048296838999	
1959,375	1,54682433605194	1959,375	0,029206657782197	
1962,5	1,54879796504974	1962,5	0,0330075174570084	
1965,625	1,54657471179962	1965,625	0,0354370810091496	
1968,75	1,5471625328064	1968,75	0,0350185073912144	
1971,875	1,54449284076691	1971,875	0,0383999682962894	
1975	1,54194891452789	1975	0,0412490926682949	
1978,125	1,54627740383148	1978,125	0,0425459071993828	
1981,25	1,54595875740051	1981,25	0,0457924343645573	
1984,375	1,54467940330505	1984,375	0,0464896000921726	
1987,5	1,54449927806854	1987,5	0,0508144050836563	
1990,625	1,54467344284058	1990,625	0,0526418350636959	
1993,75	1,54450845718384	1993,75	0,0507736094295979	
1996,875	1,54619872570038	1996,875	0,0539132133126259	
2000	1,54745483398438	2000	0,0569794923067093	
2003,125	1,54837310314178	2003,125	0,0583966262638569	
2006,25	1,54725670814514	2006,25	0,0596425868570805	
2009,375	1,54722940921783	2009,375	0,0607135035097599	
2012,5	1,54423666000366	2012,5	0,0635884031653404	
2015,625	1,54372227191925	2015,625	0,0665298998355865	
2018,75	1,54260468482971	2018,75	0,0663644224405289	
2021,875	1,54491651058197	2021,875	0,0703486576676369	
2025	1,54533469676971	2025	0,0723865628242493	
2028,125	1,54307079315186	2028,125	0,0746895372867584	
2031,25	1,5377584695816	2031,25	0,077286384999752	
2034,375	1,54164886474609	2034,375	0,076394684612751	
2037,5	1,5412061214447	2037,5	0,0819682329893112	
2040,625	1,53470349311829	2040,625	0,078848697245121	
2043,75	1,53791618347168	2043,75	0,0842180773615837	
2046,875	1,53877758979797	2046,875	0,0885355919599533	
2050	1,539226770401	2050	0,0871581956744194	
2053,125	1,54107213020325	2053,125	0,0905497819185257	
2056,25	1,5385354757309	2056,25	0,0933434292674065	
2059,375	1,5363734960556	2059,375	0,0945176035165787	
2062,5	1,53564417362213	2062,5	0,0961936861276627	
2065,625	1,53733789920807	2065,625	0,0971352159976959	
2068,75	1,53826630115509	2068,75	0,101718008518219	
2071,875	1,53932154178619	2071,875	0,104957029223442	
2075	1,53808188438416	2075	0,106093786656857	
2078,125	1,53622877597809	2078,125	0,107517518103123	
2081,25	1,53515112400055	2081,25	0,110557921230793	
2084,375	1,53650522232056	2084,375	0,110904939472675	
2087,5	1,53610706329346	2087,5	0,115785546600819	
2090,625	1,53651905059814	2090,625	0,11834954470396	
2093,75	1,53766882419586	2093,75	0,118874862790108	
2096,875	1,53621888160706	2096,875	0,122828163206577	
2100	1,53492391109467	2100	0,120198994874954	
2103,125	1,53301727771759	2103,125	0,125218659639359	
2106,25	1,53300869464874	2106,25	0,127010837197304	
2109,375	1,53418874740601	2109,375	0,126437246799469	
2112,5	1,53649997711182	2112,5	0,129081547260284	
2115,625	1,53556561470032	2115,625	0,130000501871109	
2118,75	1,53609573841095	2118,75	0,133869081735611	
2121,875	1,53354465961456	2121,875	0,134666234254837	
2125	1,53322350978851	2125	0,136948555707932	
2128,125	1,5359308719635	2128,125	0,138073995709419	
2131,25	1,53456878662109	2131,25	0,13955645263195	
2134,375	1,53446805477142	2134,375	0,13932192325592	
2137,5	1,53498411178589	2137,5	0,142856255173683	
2140,625	1,53248190879822	2140,625	0,144839957356453	
2143,75	1,53074979782104	2143,75	0,147216945886612	
2146,875	1,53326594829559	2146,875	0,150900423526764	
2150	1,53583383560181	2150	0,150544464588165	
2153,125	1,53179156780243	2153,125	0,152432709932327	
2156,25	1,53370046615601	2156,25	0,153258994221687	
2159,375	1,53117799758911	2159,375	0,153677746653557	
2162,5	1,52854752540588	2162,5	0,159470766782761	
2165,625	1,52825951576233	2165,625	0,15979029238224	
2168,75	1,53099167346954	2168,75	0,158110961318016	
2171,875	1,52945399284363	2171,875	0,162959069013596	
2175	1,53099048137665	2175	0,166256576776505	
2178,125	1,52804231643677	2178,125	0,165890485048294	
2181,25	1,52561140060425	2181,25	0,169021666049957	
2184,375	1,52509152889252	2184,375	0,170830339193344	
2187,5	1,52470409870148	2187,5	0,173002049326897	
2190,625	1,52567660808563	2190,625	0,176596075296402	
2193,75	1,52818596363068	2193,75	0,179925113916397	
2196,875	1,527871966362	2196,875	0,180008545517921	
2200	1,52512013912201	2200	0,182142928242683	
2203,125	1,52489125728607	2203,125	0,184259697794914	
2206,25	1,52463257312775	2206,25	0,188441231846809	
2209,375	1,5233428478241	2209,375	0,191522404551506	
2212,5	1,52746474742889	2212,5	0,192658722400665	
2215,625	1,52833259105682	2215,625	0,195212662220001	
2218,75	1,52745926380157	2218,75	0,198354661464691	
2221,875	1,52574455738068	2221,875	0,199556097388268	
2225	1,52646172046661	2225	0,198957502841949	
2228,125	1,52743220329285	2228,125	0,20132777094841	
2231,25	1,52527058124542	2231,25	0,202978178858757	
2234,375	1,5255434513092	2234,375	0,203559920191765	
2237,5	1,52574622631073	2237,5	0,208360344171524	
2240,625	1,53088748455048	2240,625	0,210540100932121	
2243,75	1,53079390525818	2243,75	0,213491395115852	
2246,875	1,52925395965576	2246,875	0,215410113334656	
2250	1,52666091918945	2250	0,215712159872055	
2253,125	1,52700769901276	2253,125	0,217572391033173	
2256,25	1,52792131900787	2256,25	0,217289850115776	
2259,375	1,52976548671722	2259,375	0,219415262341499	
2262,5	1,5294326543808	2262,5	0,221707656979561	
2265,625	1,52889442443848	2265,625	0,222827821969986	
2268,75	1,52711629867554	2268,75	0,223304063081741	
2271,875	1,52891373634338	2271,875	0,224941477179527	
2275	1,53118693828583	2275	0,22491517663002	
2278,125	1,53167676925659	2278,125	0,228361517190933	
2281,25	1,53048467636108	2281,25	0,231016129255295	
2284,375	1,52912390232086	2284,375	0,23297056555748	
2287,5	1,53271698951721	2287,5	0,234275832772255	
2290,625	1,53049457073212	2290,625	0,234091192483902	
2293,75	1,52883470058441	2293,75	0,236372217535973	
2296,875	1,53117632865906	2296,875	0,236575320363045	
2300	1,53101241588593	2300	0,238847181200981	
2303,125	1,53059196472168	2303,125	0,239531621336937	
2306,25	1,53136348724365	2306,25	0,239942759275436	
2309,375	1,53097021579742	2309,375	0,242911353707314	
2312,5	1,52945649623871	2312,5	0,242923766374588	
2315,625	1,52846467494965	2315,625	0,242694213986397	
2318,75	1,53194141387939	2318,75	0,242361679673195	
2321,875	1,52752149105072	2321,875	0,24307744204998	
2325	1,53123188018799	2325	0,246162906289101	
2328,125	1,53035259246826	2328,125	0,24922126531601	
2331,25	1,53102421760559	2331,25	0,250110357999802	
2334,375	1,53227436542511	2334,375	0,251647621393204	
2337,5	1,5304000377655	2337,5	0,252849519252777	
2340,625	1,52700233459473	2340,625	0,25244602560997	
2343,75	1,53164339065552	2343,75	0,254738748073578	
2346,875	1,53080427646637	2346,875	0,254316300153732	
2350	1,53098571300507	2350	0,258732855319977	
2353,125	1,53171122074127	2353,125	0,257845044136047	
2356,25	1,52927255630493	2356,25	0,259004026651382	
2359,375	1,52891373634338	2359,375	0,260323405265808	
2362,5	1,53010547161102	2362,5	0,261792927980423	
2365,625	1,53266859054565	2365,625	0,259467422962189	
2368,75	1,52909255027771	2368,75	0,263651132583618	
2371,875	1,52512657642365	2371,875	0,259888499975204	
2375	1,52822136878967	2375	0,263938635587692	
2378,125	1,52983069419861	2378,125	0,262309730052948	
2381,25	1,53044188022614	2381,25	0,264275312423706	
2384,375	1,53044521808624	2384,375	0,269183218479156	
2387,5	1,52876210212708	2387,5	0,265807449817657	
2390,625	1,52780115604401	2390,625	0,268439769744873	
2393,75	1,52654528617859	2393,75	0,270729243755341	
2396,875	1,52925825119019	2396,875	0,271881997585297	
2400	1,52746653556824	2400	0,272295206785202	
2403,125	1,52668392658234	2403,125	0,273635357618332	
2406,25	1,52750062942505	2406,25	0,273988157510757	
2409,375	1,52773725986481	2409,375	0,273468852043152	
2412,5	1,52382481098175	2412,5	0,27591735124588	
2415,625	1,52590429782867	2415,625	0,27104064822197	
2418,75	1,52488327026367	2418,75	0,274245113134384	
2421,875	1,52466297149658	2421,875	0,279157698154449	
2425	1,52328455448151	2425	0,280061572790146	
2428,125	1,5236337184906	2428,125	0,277006536722183	
2431,25	1,52316999435425	2431,25	0,2796910405159	
2434,375	1,52113997936249	2434,375	0,279865592718124	
2437,5	1,52032935619354	2437,5	0,280836045742035	
2440,625	1,5196248292923	2440,625	0,281504601240158	
2443,75	1,52106750011444	2443,75	0,281319290399551	
2446,875	1,51887154579163	2446,875	0,282752156257629	
2450	1,5178884267807	2450	0,285775989294052	
2453,125	1,51606583595276	2453,125	0,285444706678391	
2456,25	1,51710820198059	2456,25	0,286243826150894	
2459,375	1,51629233360291	2459,375	0,288632988929749	
2462,5	1,51549518108368	2462,5	0,287959158420563	
2465,625	1,51486670970917	2465,625	0,290152966976166	
2468,75	1,51186263561249	2468,75	0,2918501496315	
2471,875	1,51748764514923	2471,875	0,290508270263672	
2475	1,51272630691528	2475	0,294876337051392	
2478,125	1,51330769062042	2478,125	0,297117859125137	
2481,25	1,50917494297028	2481,25	0,299684464931488	
2484,375	1,51214182376862	2484,375	0,298862487077713	
2487,5	1,51469445228577	2487,5	0,300723552703857	
2490,625	1,51049292087555	2490,625	0,302457183599472	
2493,75	1,50924301147461	2493,75	0,301267236471176	
2496,875	1,50779616832733	2496,875	0,302748262882233	
2500	1,50652015209198	2500	0,307784140110016	
2503,125	1,50785970687866	2503,125	0,305821090936661	
2506,25	1,50916349887848	2506,25	0,312129765748978	
2509,375	1,50765240192413	2509,375	0,311111509799957	
2512,5	1,50599825382233	2512,5	0,311541527509689	
2515,625	1,50444877147675	2515,625	0,310819000005722	
2518,75	1,50256383419037	2518,75	0,314147740602493	
2521,875	1,50112450122833	2521,875	0,315902769565582	
2525	1,50436615943909	2525	0,317229092121124	
2528,125	1,49748039245605	2528,125	0,318687260150909	
2531,25	1,49650073051453	2531,25	0,32043069601059	
2534,375	1,4965934753418	2534,375	0,326851576566696	
2537,5	1,50200486183167	2537,5	0,33201676607132	
2540,625	1,4986652135849	2540,625	0,331275045871735	
2543,75	1,50244510173798	2543,75	0,331444084644318	
2546,875	1,50723969936371	2546,875	0,336423546075821	
2550	1,50829386711121	2550	0,338819205760956	
2553,125	1,50865137577057	2553,125	0,337244182825089	
2556,25	1,50894236564636	2556,25	0,339076280593872	
2559,375	1,50840818881989	2559,375	0,339140653610229	
2562,5	1,50688409805298	2562,5	0,337689846754074	
2565,625	1,50593328475952	2565,625	0,339582502841949	
2568,75	1,50592756271362	2568,75	0,342879801988602	
2571,875	1,50738930702209	2571,875	0,346027076244354	
2575	1,50652325153351	2575	0,345630645751953	
2578,125	1,50603926181793	2578,125	0,341884136199951	
2581,25	1,50647115707397	2581,25	0,348122745752335	
2584,375	1,50687563419342	2584,375	0,348501265048981	
2587,5	1,50794756412506	2587,5	0,350819259881973	
2590,625	1,50811970233917	2590,625	0,351597905158997	
2593,75	1,50906085968018	2593,75	0,352979928255081	
2596,875	1,50881242752075	2596,875	0,357558816671371	
2600	1,50870716571808	2600	0,357970505952835	
2603,125	1,51058232784271	2603,125	0,357975542545319	
2606,25	1,50770556926727	2606,25	0,359136790037155	
2609,375	1,51087069511414	2609,375	0,363547563552856	
2612,5	1,51211845874786	2612,5	0,363214135169983	
2615,625	1,5150488615036	2615,625	0,36374032497406	
2618,75	1,51636791229248	2618,75	0,366601973772049	
2621,875	1,51564121246338	2621,875	0,365094929933548	
2625	1,51271998882294	2625	0,365528404712677	
2628,125	1,51630914211273	2628,125	0,367032140493393	
2631,25	1,51819908618927	2631,25	0,366755783557892	
2634,375	1,51486051082611	2634,375	0,366669476032257	
2637,5	1,51935911178589	2637,5	0,366778552532196	
2640,625	1,5195996761322	2640,625	0,368435144424438	
2643,75	1,52132833003998	2643,75	0,371422499418259	
2646,875	1,51888132095337	2646,875	0,375980138778687	
2650	1,52668595314026	2650	0,373028367757797	
2653,125	1,52265775203705	2653,125	0,373920172452927	
2656,25	1,52482390403748	2656,25	0,377483069896698	
2659,375	1,52564120292664	2659,375	0,377465903759003	
2662,5	1,5237500667572	2662,5	0,378181993961334	
2665,625	1,52489328384399	2665,625	0,378882825374603	
2668,75	1,52301681041718	2668,75	0,376473188400269	
2671,875	1,52558434009552	2671,875	0,380901724100113	
2675	1,52611470222473	2675	0,382886320352554	
2678,125	1,52518010139465	2678,125	0,382754474878311	
2681,25	1,52662599086761	2681,25	0,385919213294983	
2684,375	1,53087830543518	2684,375	0,386457175016403	
2687,5	1,52961444854736	2687,5	0,387222766876221	
2690,625	1,53292083740234	2690,625	0,385920077562332	
2693,75	1,53008675575256	2693,75	0,388737499713898	
2696,875	1,5293288230896	2696,875	0,387991100549698	
2700	1,52978956699371	2700	0,389433950185776	
2703,125	1,53074514865875	2703,125	0,390094071626663	
2706,25	1,5312237739563	2706,25	0,388934314250946	
2709,375	1,53276371955872	2709,375	0,392203748226166	
2712,5	1,53289115428925	2712,5	0,396088182926178	
2715,625	1,5352498292923	2715,625	0,395006746053696	
2718,75	1,53528165817261	2718,75	0,394260704517365	
2721,875	1,53424227237701	2721,875	0,394672930240631	
2725	1,53599548339844	2725	0,397931843996048	
2728,125	1,53935265541077	2728,125	0,400764167308807	
2731,25	1,53965079784393	2731,25	0,400974214076996	
2734,375	1,53806579113007	2734,375	0,399565368890762	
2737,5	1,53865301609039	2737,5	0,400467753410339	
2740,625	1,53764390945435	2740,625	0,404429733753204	
2743,75	1,54000973701477	2743,75	0,408902436494827	
2746,875	1,5388514995575	2746,875	0,407884746789932	
2750	1,53932225704193	2750	0,405541896820068	
2753,125	1,5401428937912	2753,125	0,410123586654663	
2756,25	1,54382181167603	2756,25	0,410473793745041	
2759,375	1,54210519790649	2759,375	0,413431763648987	
2762,5	1,5432116985321	2762,5	0,412631034851074	
2765,625	1,5428581237793	2765,625	0,416608572006226	
2768,75	1,54660093784332	2768,75	0,421603947877884	
2771,875	1,54757392406464	2771,875	0,419333189725876	
2775	1,54960322380066	2775	0,421440362930298	
2778,125	1,55073297023773	2778,125	0,422832131385803	
2781,25	1,5527845621109	2781,25	0,426403254270554	
2784,375	1,55182492733002	2784,375	0,426676720380783	
2787,5	1,55348575115204	2787,5	0,426130950450897	
2790,625	1,55693006515503	2790,625	0,428359061479568	
2793,75	1,55795240402222	2793,75	0,431172072887421	
2796,875	1,55982291698456	2796,875	0,433681547641754	
2800	1,56337261199951	2800	0,435421407222748	
2803,125	1,56641602516174	2803,125	0,43999370932579	
2806,25	1,56957864761353	2806,25	0,435761123895645	
2809,375	1,56958711147308	2809,375	0,438415795564651	
2812,5	1,57367718219757	2812,5	0,439392060041428	
2815,625	1,57525289058685	2815,625	0,439157128334045	
2818,75	1,5769636631012	2818,75	0,437769174575806	
2821,875	1,58032405376434	2821,875	0,437297105789185	
2825	1,57951092720032	2825	0,436043351888657	
2828,125	1,58150589466095	2828,125	0,438844114542007	
2831,25	1,58791899681091	2831,25	0,437727689743042	
2834,375	1,58588945865631	2834,375	0,434967696666718	
2837,5	1,59090566635132	2837,5	0,439613223075867	
2840,625	1,59200096130371	2840,625	0,439602702856064	
2843,75	1,5887199640274	2843,75	0,435481160879135	
2846,875	1,59505701065063	2846,875	0,433578580617905	
2850	1,59358203411102	2850	0,43467390537262	
2853,125	1,59253752231598	2853,125	0,433912336826324	
2856,25	1,59435105323792	2856,25	0,435178965330124	
2859,375	1,59627830982208	2859,375	0,43268233537674	
2862,5	1,59727072715759	2862,5	0,433030158281326	
2865,625	1,59779036045074	2865,625	0,430849850177765	
2868,75	1,59761476516724	2868,75	0,432926505804062	
2871,875	1,59912967681885	2871,875	0,435369253158569	
2875	1,59931921958923	2875	0,432033330202103	
2878,125	1,59884071350098	2878,125	0,432512909173965	
2881,25	1,6004045009613	2881,25	0,432678639888763	
2884,375	1,60100436210632	2884,375	0,431325763463974	
2887,5	1,60084295272827	2887,5	0,432573318481445	
2890,625	1,60367500782013	2890,625	0,433438152074814	
2893,75	1,60234761238098	2893,75	0,432741463184357	
2896,875	1,60117125511169	2896,875	0,431748896837235	
2900	1,60013568401337	2900	0,43181511759758	
2903,125	1,60075104236603	2903,125	0,432388663291931	
2906,25	1,59900796413422	2906,25	0,429576307535172	
2909,375	1,60073006153107	2909,375	0,431509494781494	
2912,5	1,59903109073639	2912,5	0,430861383676529	
2915,625	1,59803521633148	2915,625	0,429151266813278	
2918,75	1,59927332401276	2918,75	0,42988258600235	
2921,875	1,59799945354462	2921,875	0,433647334575653	
2925	1,59812533855438	2925	0,436952859163284	
2928,125	1,5971759557724	2928,125	0,432698011398315	
2931,25	1,59825611114502	2931,25	0,432447463274002	
2934,375	1,5980122089386	2934,375	0,437219232320786	
2937,5	1,59757614135742	2937,5	0,438192754983902	
2940,625	1,59581398963928	2940,625	0,437367171049118	
2943,75	1,59509253501892	2943,75	0,436845541000366	
2946,875	1,59652018547058	2946,875	0,438619494438171	
2950	1,59548044204712	2950	0,441108465194702	
2953,125	1,59487867355347	2953,125	0,441508293151855	
2956,25	1,59482395648956	2956,25	0,44608348608017	
2959,375	1,59697532653809	2959,375	0,448023498058319	
2962,5	1,59314608573914	2962,5	0,442795127630234	
2965,625	1,59338200092316	2965,625	0,446897506713867	
2968,75	1,59426701068878	2968,75	0,451198011636734	
2971,875	1,5949387550354	2971,875	0,452200770378113	
2975	1,59413278102875	2975	0,452901691198349	
2978,125	1,59320211410522	2978,125	0,454826414585114	
2981,25	1,59195017814636	2981,25	0,455391108989716	
2984,375	1,59299850463867	2984,375	0,459031969308853	
2987,5	1,59274792671204	2987,5	0,460385471582413	
2990,625	1,59277153015137	2990,625	0,458319276571274	
2993,75	1,59221267700195	2993,75	0,459877282381058	
2996,875	1,5910758972168	2996,875	0,462315171957016	
3000	1,59567701816559	3000	0,460963577032089	
3003,125	1,59548223018646	3003,125	0,46766471862793	
3006,25	1,5949455499649	3006,25	0,467874437570572	
3009,375	1,59435331821442	3009,375	0,467441916465759	
3012,5	1,59651339054108	3012,5	0,468273639678955	
3015,625	1,5981365442276	3015,625	0,47199809551239	
3018,75	1,59473145008087	3018,75	0,474323719739914	
3021,875	1,59691298007965	3021,875	0,475482165813446	
3025	1,59629285335541	3025	0,476907730102539	
3028,125	1,59538042545319	3028,125	0,479738146066666	
3031,25	1,60002660751343	3031,25	0,483061045408249	
3034,375	1,59582531452179	3034,375	0,481517404317856	
3037,5	1,60150742530823	3037,5	0,480788439512253	
3040,625	1,60032117366791	3040,625	0,481879472732544	
3043,75	1,59748756885529	3043,75	0,484344631433487	
3046,875	1,60047280788422	3046,875	0,488750427961349	
3050	1,59970605373383	3050	0,485093981027603	
3053,125	1,60113477706909	3053,125	0,487433731555939	
3056,25	1,60236191749573	3056,25	0,48973885178566	
3059,375	1,60266745090485	3059,375	0,492446094751358	
3062,5	1,60427212715149	3062,5	0,492329925298691	
3065,625	1,60205388069153	3065,625	0,493314385414124	
3068,75	1,60303282737732	3068,75	0,494690477848053	
3071,875	1,60155820846558	3071,875	0,496827661991119	
3075	1,60483407974243	3075	0,496257841587067	
3078,125	1,60577428340912	3078,125	0,495044708251953	
3081,25	1,60631823539734	3081,25	0,494735538959503	
3084,375	1,60578978061676	3084,375	0,497105151414871	
3087,5	1,60676229000092	3087,5	0,501131057739258	
3090,625	1,60743761062622	3090,625	0,503812551498413	
3093,75	1,61091017723083	3093,75	0,502953886985779	
3096,875	1,60703706741333	3096,875	0,503148019313812	
3100	1,60764074325562	3100	0,501040458679199	
3103,125	1,6082409620285	3103,125	0,503206253051758	
3106,25	1,60963106155396	3106,25	0,502413272857666	
3109,375	1,61039936542511	3109,375	0,500974714756012	
3112,5	1,60790777206421	3112,5	0,506714999675751	
3115,625	1,60685002803802	3115,625	0,507183790206909	
3118,75	1,6096932888031	3118,75	0,505454123020172	
3121,875	1,61041522026062	3121,875	0,507725179195404	
3125	1,61189949512482	3125	0,505526483058929	
3128,125	1,61040866374969	3128,125	0,511213064193726	
3131,25	1,61173951625824	3131,25	0,511775195598602	
3134,375	1,60978102684021	3134,375	0,512668788433075	
3137,5	1,61026537418365	3137,5	0,50895494222641	
3140,625	1,6121711730957	3140,625	0,507380187511444	
3143,75	1,61021864414215	3143,75	0,510313510894775	
3146,875	1,61437654495239	3146,875	0,510084331035614	
3150	1,60985422134399	3150	0,507294178009033	
3153,125	1,60877275466919	3153,125	0,509687662124634	
3156,25	1,61067998409271	3156,25	0,509764850139618	
3159,375	1,61150336265564	3159,375	0,508325457572937	
3162,5	1,61025011539459	3162,5	0,507012069225311	
3165,625	1,60552585124969	3165,625	0,507203161716461	
3168,75	1,60196042060852	3168,75	0,511936008930206	
3171,875	1,60650646686554	3171,875	0,503084897994995	
3175	1,60714995861053	3175	0,504294812679291	
3178,125	1,60805928707123	3178,125	0,502966821193695	
3181,25	1,60662114620209	3181,25	0,509078145027161	
3184,375	1,60678255558014	3184,375	0,504952013492584	
3187,5	1,60370135307312	3187,5	0,506087601184845	
3190,625	1,60032868385315	3190,625	0,503724813461304	
3193,75	1,59107375144958	3193,75	0,506451845169067	
3196,875	1,5967755317688	3196,875	0,504552900791168	
3200	1,5974897146225	3200	0,511557877063751	
3203,125	1,5949604511261	3203,125	0,511294901371002	
3206,25	1,5903205871582	3206,25	0,510299742221832	
3209,375	1,58465659618378	3209,375	0,508515000343323	
3212,5	1,58388090133667	3212,5	0,512182533740997	
3215,625	1,57779896259308	3215,625	0,513467848300934	
3218,75	1,58022749423981	3218,75	0,516816079616547	
3221,875	1,58179903030396	3221,875	0,51505446434021	
3225	1,58130884170532	3225	0,516960978507996	
3228,125	1,5807911157608	3228,125	0,519975960254669	
3231,25	1,58105278015137	3231,25	0,519970834255219	
3234,375	1,5757999420166	3234,375	0,525122702121735	
3237,5	1,57278144359589	3237,5	0,528662502765656	
3240,625	1,5726912021637	3240,625	0,528012633323669	
3243,75	1,5716096162796	3243,75	0,530808806419373	
3246,875	1,57135033607483	3246,875	0,531908750534058	
3250	1,56765162944794	3250	0,53235936164856	
3253,125	1,56914234161377	3253,125	0,535525321960449	
3256,25	1,56565916538239	3256,25	0,536118865013123	
3259,375	1,56731975078583	3259,375	0,539054572582245	
3262,5	1,56770277023315	3262,5	0,539416253566742	
3265,625	1,56528997421265	3265,625	0,535746157169342	
3268,75	1,56348729133606	3268,75	0,542844414710999	
3271,875	1,56589198112488	3271,875	0,54631108045578	
3275	1,56890451908112	3275	0,54523491859436	
3278,125	1,56399965286255	3278,125	0,544961869716644	
3281,25	1,56431043148041	3281,25	0,546851515769959	
3284,375	1,56369936466217	3284,375	0,550967037677765	
3287,5	1,56193840503693	3287,5	0,552674531936646	
3290,625	1,56290340423584	3290,625	0,554817795753479	
3293,75	1,56570911407471	3293,75	0,551935076713562	
3296,875	1,56021368503571	3296,875	0,550088942050934	
3300	1,56131768226624	3300	0,553201973438263	
3303,125	1,56028580665588	3303,125	0,554093360900879	
3306,25	1,55898702144623	3306,25	0,555692374706268	
3309,375	1,56214439868927	3309,375	0,557027280330658	
3312,5	1,560422539711	3312,5	0,5618816614151	
3315,625	1,55967009067535	3315,625	0,563250124454498	
3318,75	1,55735492706299	3318,75	0,562847137451172	
3321,875	1,55978643894196	3321,875	0,563769698143005	
3325	1,56231486797333	3325	0,567631661891937	
3328,125	1,56376194953918	3328,125	0,567599177360535	
3331,25	1,5592268705368	3331,25	0,566283464431763	
3334,375	1,55889678001404	3334,375	0,571096003055573	
3337,5	1,56009542942047	3337,5	0,56762683391571	
3340,625	1,55896294116974	3340,625	0,56748241186142	
3343,75	1,55868625640869	3343,75	0,571311235427856	
3346,875	1,56490063667297	3346,875	0,571502447128296	
3350	1,56391954421997	3350	0,574781596660614	
3353,125	1,56101357936859	3353,125	0,574693560600281	
3356,25	1,55500388145447	3356,25	0,576344430446625	
3359,375	1,5618222951889	3359,375	0,57824695110321	
3362,5	1,56132209300995	3362,5	0,573794305324554	
3365,625	1,55778384208679	3365,625	0,57586807012558	
3368,75	1,55713427066803	3368,75	0,574919521808624	
3371,875	1,55423057079315	3371,875	0,577507078647614	
3375	1,55339932441711	3375	0,579423189163208	
3378,125	1,56118071079254	3378,125	0,577140867710114	
3381,25	1,55415320396423	3381,25	0,581396698951721	
3384,375	1,55599927902222	3384,375	0,579331457614899	
3387,5	1,55582618713379	3387,5	0,574271619319916	
3390,625	1,55409967899323	3390,625	0,582527339458466	
3393,75	1,55289459228516	3393,75	0,578442215919495	
3396,875	1,55207431316376	3396,875	0,579751491546631	
3400	1,55317378044128	3400	0,581230998039246	
3403,125	1,55181121826172	3403,125	0,585045516490936	
3406,25	1,55266451835632	3406,25	0,585322797298431	
3409,375	1,55271375179291	3409,375	0,582176327705383	
3412,5	1,55158245563507	3412,5	0,587492704391479	
3415,625	1,55339932441711	3415,625	0,591078698635101	
3418,75	1,55205357074738	3418,75	0,584887564182281	
3421,875	1,5485508441925	3421,875	0,588185727596283	
3425	1,54623997211456	3425	0,589012861251831	
3428,125	1,55106925964355	3428,125	0,5833500623703	
3431,25	1,5480762720108	3431,25	0,585189819335938	
3434,375	1,54726052284241	3434,375	0,588239848613739	
3437,5	1,55208516120911	3437,5	0,58979320526123	
3440,625	1,55310535430908	3440,625	0,590649545192719	
3443,75	1,54801368713379	3443,75	0,591259598731995	
3446,875	1,54734981060028	3446,875	0,587587594985962	
3450	1,54881286621094	3450	0,585766971111298	
3453,125	1,54741203784943	3453,125	0,588346064090729	
3456,25	1,54859602451324	3456,25	0,588758766651154	
3459,375	1,54656004905701	3459,375	0,591293394565582	
3462,5	1,545490026474	3462,5	0,589907288551331	
3465,625	1,54359841346741	3465,625	0,591693937778473	
3468,75	1,54781854152679	3468,75	0,595631062984467	
3471,875	1,54352402687073	3471,875	0,5943803191185	
3475	1,54554069042206	3475	0,591964721679688	
3478,125	1,54164576530457	3478,125	0,593956589698792	
3481,25	1,5419704914093	3481,25	0,587463319301605	
3484,375	1,54005241394043	3484,375	0,590860307216644	
3487,5	1,54003250598907	3487,5	0,594601035118103	
3490,625	1,54007065296173	3490,625	0,593546152114868	
3493,75	1,54278695583344	3493,75	0,595693111419678	
3496,875	1,54049134254456	3496,875	0,594136774539948	
3500	1,54366040229797	3500	0,592182099819183	
3503,125	1,5423389673233	3503,125	0,593307256698608	
3506,25	1,54220187664032	3506,25	0,597140431404114	
3509,375	1,53959035873413	3509,375	0,599156856536865	
3512,5	1,53751027584076	3512,5	0,591824233531952	
3515,625	1,53646576404572	3515,625	0,588440120220184	
3518,75	1,53505086898804	3518,75	0,594485342502594	
3521,875	1,53584897518158	3521,875	0,593529164791107	
3525	1,53494191169739	3525	0,594214379787445	
3528,125	1,53771114349365	3528,125	0,593875110149384	
3531,25	1,5388571023941	3531,25	0,595137059688568	
3534,375	1,53403782844543	3534,375	0,596020221710205	
3537,5	1,53133010864258	3537,5	0,592502415180206	
3540,625	1,53252160549164	3540,625	0,593083024024963	
3543,75	1,53285610675812	3543,75	0,594274282455444	
3546,875	1,52871596813202	3546,875	0,593526124954224	
3550	1,53105103969574	3550	0,591429352760315	
3553,125	1,52747595310211	3553,125	0,593340992927551	
3556,25	1,52906692028046	3556,25	0,593065917491913	
3559,375	1,52849090099335	3559,375	0,593336343765259	
3562,5	1,52955687046051	3562,5	0,595285952091217	
3565,625	1,52866458892822	3565,625	0,592410624027252	
3568,75	1,52594649791718	3568,75	0,593065559864044	
3571,875	1,5281708240509	3571,875	0,594620764255524	
3575	1,52864122390747	3575	0,596237182617188	
3578,125	1,52642583847046	3578,125	0,59718132019043	
3581,25	1,52547466754913	3581,25	0,598038911819458	
3584,375	1,52327048778534	3584,375	0,596049845218658	
3587,5	1,5207930803299	3587,5	0,595323264598846	
3590,625	1,52127623558044	3590,625	0,598314225673676	
3593,75	1,52212345600128	3593,75	0,601609647274017	
3596,875	1,52236843109131	3596,875	0,602343738079071	
3600	1,52432119846344	3600	0,600549399852753	
3603,125	1,52454280853271	3603,125	0,598804950714111	
3606,25	1,51988089084625	3606,25	0,603724539279938	
3609,375	1,52287018299103	3609,375	0,59841001033783	
3612,5	1,52172327041626	3612,5	0,598289012908936	
3615,625	1,52162623405457	3615,625	0,602071702480316	
3618,75	1,5211124420166	3618,75	0,599615752696991	
3621,875	1,51863324642181	3621,875	0,602257370948792	
3625	1,51740920543671	3625	0,600427746772766	
3628,125	1,51926684379578	3628,125	0,600664794445038	
3631,25	1,52266943454742	3631,25	0,599475026130676	
3634,375	1,52169930934906	3634,375	0,601936519145966	
3637,5	1,51821839809418	3637,5	0,601273059844971	
3640,625	1,51644170284271	3640,625	0,596434652805328	
3643,75	1,51831841468811	3643,75	0,597932040691376	
3646,875	1,51511251926422	3646,875	0,597864985466003	
3650	1,51656913757324	3650	0,598938941955566	
3653,125	1,51556277275085	3653,125	0,597200453281403	
3656,25	1,51436722278595	3656,25	0,597196519374847	
3659,375	1,51511180400848	3659,375	0,600886940956116	
3662,5	1,51591324806213	3662,5	0,600428283214569	
3665,625	1,5149359703064	3665,625	0,606231451034546	
3668,75	1,51769769191742	3668,75	0,599226891994476	
3671,875	1,51112103462219	3671,875	0,598228454589844	
3675	1,51300060749054	3675	0,599633991718292	
3678,125	1,51398694515228	3678,125	0,599553287029266	
3681,25	1,50760078430176	3681,25	0,605192363262177	
3684,375	1,51530539989471	3684,375	0,589453756809235	
3687,5	1,5094712972641	3687,5	0,595719516277313	
3690,625	1,50852644443512	3690,625	0,597223579883575	
3693,75	1,51252603530884	3693,75	0,596355617046356	
3696,875	1,51075780391693	3696,875	0,600015103816986	
3700	1,50755572319031	3700	0,596915066242218	
3703,125	1,50740742683411	3703,125	0,593986511230469	
3706,25	1,5107239484787	3706,25	0,597448289394379	
3709,375	1,50718188285828	3709,375	0,599884927272797	
3712,5	1,50567221641541	3712,5	0,595672845840454	
3715,625	1,50384914875031	3715,625	0,590894520282745	
3718,75	1,50785231590271	3718,75	0,597096025943756	
3721,875	1,50648498535156	3721,875	0,595262348651886	
3725	1,50469541549683	3725	0,598217189311981	
3728,125	1,50609338283539	3728,125	0,593721628189087	
3731,25	1,50411546230316	3731,25	0,596463084220886	
3734,375	1,50416922569275	3734,375	0,59288078546524	
3737,5	1,50111484527588	3737,5	0,595834493637085	
3740,625	1,5070538520813	3740,625	0,594668626785278	
3743,75	1,50346100330353	3743,75	0,594266057014465	
3746,875	1,49959945678711	3746,875	0,596394002437592	
3750	1,50213003158569	3750	0,594053268432617	
3753,125	1,50013661384583	3753,125	0,594053864479065	
3756,25	1,50009155273438	3756,25	0,591806828975677	
3759,375	1,49769818782806	3759,375	0,590234279632568	
3762,5	1,49372911453247	3762,5	0,597737967967987	
3765,625	1,502445936203	3765,625	0,587699174880981	
3768,75	1,49538195133209	3768,75	0,591721832752228	
3771,875	1,49299490451813	3771,875	0,588881254196167	
3775	1,49441421031952	3775	0,591670572757721	
3778,125	1,49446618556976	3778,125	0,589353740215302	
3781,25	1,4962592124939	3781,25	0,589051067829132	
3784,375	1,49422967433929	3784,375	0,593924164772034	
3787,5	1,49839842319489	3787,5	0,593906939029694	
3790,625	1,49319076538086	3790,625	0,592147946357727	
3793,75	1,49448394775391	3793,75	0,586404025554657	
3796,875	1,49024593830109	3796,875	0,587670266628265	
3800	1,48765933513641	3800	0,584362387657166	
3803,125	1,49010384082794	3803,125	0,586628258228302	
3806,25	1,49015116691589	3806,25	0,591224014759064	
3809,375	1,48812854290009	3809,375	0,586942136287689	
3812,5	1,48870575428009	3812,5	0,584651112556458	
3815,625	1,4857976436615	3815,625	0,584128141403198	
3818,75	1,48783755302429	3818,75	0,586343467235565	
3821,875	1,48474061489105	3821,875	0,584340989589691	
3825	1,48185122013092	3825	0,587434768676758	
3828,125	1,48621511459351	3828,125	0,585350155830383	
3831,25	1,48699295520782	3831,25	0,586147248744965	
3834,375	1,48751413822174	3834,375	0,586261510848999	
3837,5	1,48481690883636	3837,5	0,588360846042633	
3840,625	1,48314654827118	3840,625	0,582953214645386	
3843,75	1,48023223876953	3843,75	0,580239951610565	
3846,875	1,48462164402008	3846,875	0,580634832382202	
3850	1,48263907432556	3850	0,581449925899506	
3853,125	1,48179411888123	3853,125	0,581853687763214	
3856,25	1,48452389240265	3856,25	0,584275662899017	
3859,375	1,48120176792145	3859,375	0,580657303333282	
3862,5	1,48186647891998	3862,5	0,576635181903839	
3865,625	1,48078382015228	3865,625	0,582489192485809	
3868,75	1,47934532165527	3868,75	0,581843137741089	
3871,875	1,47779381275177	3871,875	0,576915323734283	
3875	1,47693920135498	3875	0,576402962207794	
3878,125	1,48025584220886	3878,125	0,581176221370697	
3881,25	1,47911977767944	3881,25	0,579373955726624	
3884,375	1,48308181762695	3884,375	0,576378583908081	
3887,5	1,47938013076782	3887,5	0,577564358711243	
3890,625	1,47915506362915	3890,625	0,576099216938019	
3893,75	1,48048937320709	3893,75	0,579263865947723	
3896,875	1,48002696037292	3896,875	0,574965178966522	
3900	1,47854316234589	3900	0,578048646450043	
3903,125	1,47850024700165	3903,125	0,576562404632568	
3906,25	1,48066627979279	3906,25	0,575475454330444	
3909,375	1,47785174846649	3909,375	0,576305091381073	
3912,5	1,4748752117157	3912,5	0,576230406761169	
3915,625	1,47908854484558	3915,625	0,572631239891052	
3918,75	1,46916437149048	3918,75	0,576456665992737	
3921,875	1,48021817207336	3921,875	0,569186449050903	
3925	1,47121942043304	3925	0,566882908344269	
3928,125	1,47313809394836	3928,125	0,567720293998718	
3931,25	1,46712028980255	3931,25	0,572263360023499	
3934,375	1,4696718454361	3934,375	0,570826649665833	
3937,5	1,47236442565918	3937,5	0,568652391433716	
3940,625	1,47157025337219	3940,625	0,569910883903503	
3943,75	1,46937143802643	3943,75	0,57133674621582	
3946,875	1,46959066390991	3946,875	0,565895915031433	
3950	1,46894884109497	3950	0,562655866146088	
3953,125	1,46923089027405	3953,125	0,563688814640045	
3956,25	1,46718156337738	3956,25	0,564232051372528	
3959,375	1,46618759632111	3959,375	0,560159623622894	
3962,5	1,46886515617371	3962,5	0,560176312923431	
3965,625	1,46757376194	3965,625	0,565627038478851	
3968,75	1,46765792369843	3968,75	0,565057158470154	
3971,875	1,46936333179474	3971,875	0,562937617301941	
3975	1,47335302829742	3975	0,562699019908905	
3978,125	1,46956741809845	3978,125	0,560763895511627	
3981,25	1,46501076221466	3981,25	0,559306561946869	
3984,375	1,46383321285248	3984,375	0,556744575500488	
3987,5	1,46294021606445	3987,5	0,559381246566772	
3990,625	1,46678125858307	3990,625	0,55960601568222	
3993,75	1,46472609043121	3993,75	0,559717416763306	
3996,875	1,46456527709961	3996,875	0,559768199920654	
4000	1,46955049037933	4000	0,561726629734039	
4003,125	1,46601819992065	4003,125	0,558669090270996	
4006,25	1,46461081504822	4006,25	0,557156383991241	
4009,375	1,46332883834839	4009,375	0,555310845375061	
4012,5	1,46159052848816	4012,5	0,558509111404419	
4015,625	1,46404540538788	4015,625	0,559872984886169	
4018,75	1,46470868587494	4018,75	0,557024598121643	
4021,875	1,46440732479095	4021,875	0,55429071187973	
4025	1,4636617898941	4025	0,555840194225311	
4028,125	1,45648789405823	4028,125	0,555111765861511	
4031,25	1,45982825756073	4031,25	0,549348711967468	
4034,375	1,4607173204422	4034,375	0,550060451030731	
4037,5	1,46229779720306	4037,5	0,554186284542084	
4040,625	1,454953789711	4040,625	0,544942796230316	
4043,75	1,45750761032104	4043,75	0,546673774719238	
4046,875	1,45782566070557	4046,875	0,546786367893219	
4050	1,45778727531433	4050	0,545169949531555	
4053,125	1,45633554458618	4053,125	0,548091530799866	
4056,25	1,45900082588196	4056,25	0,54594361782074	
4059,375	1,45453786849976	4059,375	0,547630548477173	
4062,5	1,45503628253937	4062,5	0,541630923748016	
4065,625	1,4553964138031	4065,625	0,544462859630585	
4068,75	1,45302832126617	4068,75	0,544049143791199	
4071,875	1,45093607902527	4071,875	0,542566239833832	
4075	1,45761275291443	4075	0,547598838806152	
4078,125	1,45596086978912	4078,125	0,547972679138184	
4081,25	1,45576167106628	4081,25	0,546785295009613	
4084,375	1,45287811756134	4084,375	0,541872143745422	
4087,5	1,45541775226593	4087,5	0,544349253177643	
4090,625	1,44958162307739	4090,625	0,540026545524597	
4093,75	1,45181035995483	4093,75	0,533782124519348	
4096,875	1,45097291469574	4096,875	0,539940655231476	
4100	1,45378136634827	4100	0,538713276386261	
4103,125	1,4531044960022	4103,125	0,538154363632202	
4106,25	1,4492734670639	4106,25	0,538769245147705	
4109,375	1,45388042926788	4109,375	0,542065143585205	
4112,5	1,45277142524719	4112,5	0,536339104175568	
4115,625	1,45148921012878	4115,625	0,534332513809204	
4118,75	1,45330989360809	4118,75	0,536019265651703	
4121,875	1,44969689846039	4121,875	0,536113739013672	
4125	1,4504086971283	4125	0,528909683227539	
4128,125	1,45127725601196	4128,125	0,529993295669556	
4131,25	1,44904482364655	4131,25	0,531338274478912	
4134,375	1,45189797878265	4134,375	0,531601846218109	
4137,5	1,45099914073944	4137,5	0,532846391201019	
4140,625	1,44761407375336	4140,625	0,530891835689545	
4143,75	1,45005834102631	4143,75	0,525941848754883	
4146,875	1,44606995582581	4146,875	0,528318047523499	
4150	1,45011174678802	4150	0,52405709028244	
4153,125	1,45182490348816	4153,125	0,529835343360901	
4156,25	1,45060658454895	4156,25	0,527118802070618	
4159,375	1,44225478172302	4159,375	0,524920105934143	
4162,5	1,44701719284058	4162,5	0,522075712680817	
4165,625	1,44715714454651	4165,625	0,522762835025787	
4168,75	1,44582831859589	4168,75	0,522451817989349	
4171,875	1,44373691082001	4171,875	0,521808803081512	
4175	1,44375002384186	4175	0,523350775241852	
4178,125	1,44706356525421	4178,125	0,521997392177582	
4181,25	1,44781625270844	4181,25	0,519535899162292	
4184,375	1,44446396827698	4184,375	0,521089732646942	
4187,5	1,44589173793793	4187,5	0,520203292369843	
4190,625	1,44494962692261	4190,625	0,520895600318909	
4193,75	1,44256317615509	4193,75	0,518873035907745	
4196,875	1,44197165966034	4196,875	0,517204642295837	
4200	1,43835830688477	4200	0,517305374145508	
4203,125	1,43911266326904	4203,125	0,515151917934418	
4206,25	1,4390617609024	4206,25	0,511956095695496	
4209,375	1,4371577501297	4209,375	0,513192296028137	
4212,5	1,43757331371307	4212,5	0,513096034526825	
4215,625	1,4382551908493	4215,625	0,513612389564514	
4218,75	1,43752157688141	4218,75	0,512955605983734	
4221,875	1,4348019361496	4221,875	0,510873079299927	
4225	1,43645524978638	4225	0,508511900901794	
4228,125	1,43376207351685	4228,125	0,50575578212738	
4231,25	1,43332719802856	4231,25	0,509347677230835	
4234,375	1,43270218372345	4234,375	0,509031295776367	
4237,5	1,43254363536835	4237,5	0,507087051868439	
4240,625	1,43268489837646	4240,625	0,510187089443207	
4243,75	1,43125236034393	4243,75	0,507870972156525	
4246,875	1,42962801456451	4246,875	0,51080185174942	
4250	1,42930436134338	4250	0,506179451942444	
4253,125	1,42595899105072	4253,125	0,503336191177368	
4256,25	1,42756462097168	4256,25	0,504076719284058	
4259,375	1,42538487911224	4259,375	0,506529748439789	
4262,5	1,42609262466431	4262,5	0,505624055862427	
4265,625	1,42513179779053	4265,625	0,503827631473541	
4268,75	1,42060697078705	4268,75	0,505632221698761	
4271,875	1,41776216030121	4271,875	0,506444096565247	
4275	1,42123472690582	4275	0,509491980075836	
4278,125	1,41965329647064	4278,125	0,508250057697296	
4281,25	1,41635084152222	4281,25	0,508199870586395	
4284,375	1,42111814022064	4284,375	0,505704581737518	
4287,5	1,41734755039215	4287,5	0,507629334926605	
4290,625	1,41854131221771	4290,625	0,508459866046906	
4293,75	1,41732323169708	4293,75	0,504752039909363	
4296,875	1,41418099403381	4296,875	0,503036201000214	
4300	1,41784107685089	4300	0,505875706672668	
4303,125	1,4205596446991	4303,125	0,507806539535522	
4306,25	1,41717970371246	4306,25	0,505910992622375	
4309,375	1,41489410400391	4309,375	0,503714799880981	
4312,5	1,41838681697845	4312,5	0,507227182388306	
4315,625	1,41748738288879	4315,625	0,50455904006958	
4318,75	1,41787278652191	4318,75	0,503672003746033	
4321,875	1,41994118690491	4321,875	0,50368195772171	
4325	1,42008399963379	4325	0,503496408462524	
4328,125	1,42004239559174	4328,125	0,507388591766357	
4331,25	1,42322981357574	4331,25	0,506596744060516	
4334,375	1,41979002952576	4334,375	0,50375497341156	
4337,5	1,42314827442169	4337,5	0,506427228450775	
4340,625	1,42284440994263	4340,625	0,502018809318542	
4343,75	1,42247176170349	4343,75	0,503885209560394	
4346,875	1,42664301395416	4346,875	0,498631179332733	
4350	1,42888557910919	4350	0,497762888669968	
4353,125	1,4277937412262	4353,125	0,500587463378906	
4356,25	1,42785441875458	4356,25	0,498164623975754	
4359,375	1,42961061000824	4359,375	0,493440687656403	
4362,5	1,4309276342392	4362,5	0,497204959392548	
4365,625	1,42708599567413	4365,625	0,499032229185104	
4368,75	1,42924475669861	4368,75	0,497122168540955	
4371,875	1,42898499965668	4371,875	0,492203056812286	
4375	1,43102693557739	4375	0,490051209926605	
4378,125	1,4355092048645	4378,125	0,493430703878403	
4381,25	1,43231987953186	4381,25	0,487419098615646	
4384,375	1,43180561065674	4384,375	0,484772503376007	
4387,5	1,43166255950928	4387,5	0,481799572706223	
4390,625	1,43147039413452	4390,625	0,481971710920334	
4393,75	1,43610942363739	4393,75	0,482319504022598	
4396,875	1,43537044525146	4396,875	0,481183528900146	
4400	1,43556332588196	4400	0,476779937744141	
4403,125	1,43671834468842	4403,125	0,473602175712585	
4406,25	1,43595409393311	4406,25	0,473510473966599	
4409,375	1,43742656707764	4409,375	0,47231912612915	
4412,5	1,43436348438263	4412,5	0,470643490552902	
4415,625	1,43526494503021	4415,625	0,469142645597458	
4418,75	1,43579983711243	4418,75	0,467592358589172	
4421,875	1,43754935264587	4421,875	0,466509491205215	
4425	1,43445003032684	4425	0,461896240711212	
4428,125	1,43703770637512	4428,125	0,461703956127167	
4431,25	1,43526196479797	4431,25	0,462551057338715	
4434,375	1,43811535835266	4434,375	0,459019243717194	
4437,5	1,43482708930969	4437,5	0,45781934261322	
4440,625	1,43719255924225	4440,625	0,454486280679703	
4443,75	1,43804574012756	4443,75	0,45091438293457	
4446,875	1,43712902069092	4446,875	0,452100813388824	
4450	1,43629264831543	4450	0,450497448444366	
4453,125	1,43704974651337	4453,125	0,448393106460571	
4456,25	1,43507301807404	4456,25	0,445622831583023	
4459,375	1,43589448928833	4459,375	0,441658645868301	
4462,5	1,4400942325592	4462,5	0,442629277706146	
4465,625	1,4346489906311	4465,625	0,439604997634888	
4468,75	1,43294143676758	4468,75	0,440184324979782	
4471,875	1,44023597240448	4471,875	0,435345202684402	
4475	1,43542718887329	4475	0,435997724533081	
4478,125	1,43476521968842	4478,125	0,430762648582459	
4481,25	1,44198286533356	4481,25	0,429473757743835	
4484,375	1,44044411182404	4484,375	0,430945724248886	
4487,5	1,43621850013733	4487,5	0,428765952587128	
4490,625	1,43425643444061	4490,625	0,422624111175537	
4493,75	1,43690419197083	4493,75	0,421280950307846	
4496,875	1,4376562833786	4496,875	0,416505753993988	
4500	1,43697333335876	4500	0,416791558265686	
4503,125	1,43789982795715	4503,125	0,413431406021118	
4506,25	1,43838536739349	4506,25	0,414365828037262	
4509,375	1,43820428848267	4509,375	0,413866192102432	
4512,5	1,43754422664642	4512,5	0,410920649766922	
4515,625	1,43870043754578	4515,625	0,407226771116257	
4518,75	1,43762910366058	4518,75	0,408577650785446	
4521,875	1,43863415718079	4521,875	0,408234447240829	
4525	1,43976211547852	4525	0,404616415500641	
4528,125	1,43777513504028	4528,125	0,399637758731842	
4531,25	1,43678081035614	4531,25	0,396680474281311	
4534,375	1,43613946437836	4534,375	0,396565467119217	
4537,5	1,43720591068268	4537,5	0,393432974815369	
4540,625	1,43718576431274	4540,625	0,392005354166031	
4543,75	1,43587124347687	4543,75	0,392160326242447	
4546,875	1,43530297279358	4546,875	0,391044080257416	
4550	1,43515777587891	4550	0,389837265014648	
4553,125	1,43442189693451	4553,125	0,385631203651428	
4556,25	1,43427121639252	4556,25	0,383724302053452	
4559,375	1,43321549892426	4559,375	0,383063524961472	
4562,5	1,43803668022156	4562,5	0,38329890370369	
4565,625	1,43478631973267	4565,625	0,382386058568954	
4568,75	1,43500876426697	4568,75	0,381159394979477	
4571,875	1,43438708782196	4571,875	0,379673480987549	
4575	1,43634676933289	4575	0,378980338573456	
4578,125	1,43513405323029	4578,125	0,376981794834137	
4581,25	1,43609392642975	4581,25	0,373993992805481	
4584,375	1,43707239627838	4584,375	0,375932484865189	
4587,5	1,43651068210602	4587,5	0,377402365207672	
4590,625	1,43646967411041	4590,625	0,37660750746727	
4593,75	1,43712747097015	4593,75	0,375460863113403	
4596,875	1,43521165847778	4596,875	0,372826755046844	
4600	1,43739175796509	4600	0,374176770448685	
4603,125	1,43982040882111	4603,125	0,377080172300339	
4606,25	1,43949508666992	4606,25	0,373776406049728	
4609,375	1,43992578983307	4609,375	0,374274134635925	
4612,5	1,44186842441559	4612,5	0,372194021940231	
4615,625	1,44105970859528	4615,625	0,3702712059021	
4618,75	1,44390189647675	4618,75	0,37037780880928	
4621,875	1,44410789012909	4621,875	0,37210413813591	
4625	1,44162583351135	4625	0,366887420415878	
4628,125	1,44630169868469	4628,125	0,36855748295784	
4631,25	1,44558382034302	4631,25	0,36887389421463	
4634,375	1,44792342185974	4634,375	0,368450433015823	
4637,5	1,4482741355896	4637,5	0,367655485868454	
4640,625	1,44758522510529	4640,625	0,368302971124649	
4643,75	1,45293498039246	4643,75	0,365419536828995	
4646,875	1,45437705516815	4646,875	0,365096241235733	
4650	1,45543026924133	4650	0,365739315748215	
4653,125	1,45568120479584	4653,125	0,365099519491196	
4656,25	1,45628094673157	4656,25	0,366371482610703	
4659,375	1,45663201808929	4659,375	0,365904927253723	
4662,5	1,46295034885406	4662,5	0,368154615163803	
4665,625	1,46371531486511	4665,625	0,364454329013824	
4668,75	1,46160519123077	4668,75	0,363969534635544	
4671,875	1,46762692928314	4671,875	0,361617743968964	
4675	1,46645569801331	4675	0,362028211355209	
4678,125	1,46822440624237	4678,125	0,364210844039917	
4681,25	1,46677815914154	4681,25	0,360304653644562	
4684,375	1,46861505508423	4684,375	0,361071944236755	
4687,5	1,47215235233307	4687,5	0,362793296575546	
4690,625	1,47269296646118	4690,625	0,359097123146057	
4693,75	1,47598087787628	4693,75	0,356842786073685	
4696,875	1,47834992408752	4696,875	0,360634982585907	
4700	1,48111772537231	4700	0,364609509706497	
4703,125	1,47985625267029	4703,125	0,359347879886627	
4706,25	1,48221731185913	4706,25	0,360698878765106	
4709,375	1,48490011692047	4709,375	0,360628485679626	
4712,5	1,48511636257172	4712,5	0,35938236117363	
4715,625	1,48658311367035	4715,625	0,357363045215607	
4718,75	1,48777282238007	4718,75	0,356751799583435	
4721,875	1,48846447467804	4721,875	0,358734667301178	
4725	1,48980557918549	4725	0,360986053943634	
4728,125	1,49102139472961	4728,125	0,357921451330185	
4731,25	1,49396157264709	4731,25	0,362957507371902	
4734,375	1,49503588676453	4734,375	0,364238709211349	
4737,5	1,49680578708649	4737,5	0,363565862178802	
4740,625	1,49967896938324	4740,625	0,359718650579453	
4743,75	1,500936627388	4743,75	0,361190378665924	
4746,875	1,50043833255768	4746,875	0,361861258745193	
4750	1,5022474527359	4750	0,362793624401093	
4753,125	1,50517678260803	4753,125	0,363903254270554	
4756,25	1,50688219070435	4756,25	0,366064578294754	
4759,375	1,50610506534576	4759,375	0,364417225122452	
4762,5	1,50815522670746	4762,5	0,364923804998398	
4765,625	1,51090359687805	4765,625	0,367782235145569	
4768,75	1,51093661785126	4768,75	0,367253065109253	
4771,875	1,51333332061768	4771,875	0,366800427436829	
4775	1,51388251781464	4775	0,366242229938507	
4778,125	1,51544916629791	4778,125	0,372179448604584	
4781,25	1,51764380931854	4781,25	0,371783703565598	
4784,375	1,51917600631714	4784,375	0,371408730745316	
4787,5	1,5192985534668	4787,5	0,373542338609695	
4790,625	1,52025091648102	4790,625	0,374824553728104	
4793,75	1,52298021316528	4793,75	0,374268800020218	
4796,875	1,52408277988434	4796,875	0,379326641559601	
4800	1,52595245838165	4800	0,380781918764114	
4803,125	1,5283842086792	4803,125	0,383275657892227	
4806,25	1,52823424339294	4806,25	0,385136067867279	
4809,375	1,52708196640015	4809,375	0,386810541152954	
4812,5	1,52998030185699	4812,5	0,38915428519249	
4815,625	1,5322505235672	4815,625	0,391098320484161	
4818,75	1,53057515621185	4818,75	0,39186817407608	
4821,875	1,53243732452393	4821,875	0,391846776008606	
4825	1,53164684772491	4825	0,395306020975113	
4828,125	1,53177034854889	4828,125	0,397813946008682	
4831,25	1,53315877914429	4831,25	0,400445520877838	
4834,375	1,53475034236908	4834,375	0,404788374900818	
4837,5	1,53618276119232	4837,5	0,408917635679245	
4840,625	1,53737211227417	4840,625	0,412096500396729	
4843,75	1,53748333454132	4843,75	0,416015863418579	
4846,875	1,53963112831116	4846,875	0,418735891580582	
4850	1,54296672344208	4850	0,425501227378845	
4853,125	1,54143714904785	4853,125	0,428093463182449	
4856,25	1,54114580154419	4856,25	0,430163145065308	
4859,375	1,54520070552826	4859,375	0,43725124001503	
4862,5	1,54634535312653	4862,5	0,440183788537979	
4865,625	1,55070126056671	4865,625	0,44415545463562	
4868,75	1,55211675167084	4868,75	0,449562042951584	
4871,875	1,54980683326721	4871,875	0,456325262784958	
4875	1,55072224140167	4875	0,45860156416893	
4878,125	1,5562287569046	4878,125	0,459941238164902	
4881,25	1,55753517150879	4881,25	0,464222997426987	
4884,375	1,56090676784515	4884,375	0,469158351421356	
4887,5	1,56472945213318	4887,5	0,475798785686493	
4890,625	1,56671166419983	4890,625	0,476363927125931	
4893,75	1,56794321537018	4893,75	0,484939604997635	
4896,875	1,56691026687622	4896,875	0,489451795816422	
4900	1,56918060779572	4900	0,495138198137283	
4903,125	1,57521951198578	4903,125	0,50158953666687	
4906,25	1,57763302326202	4906,25	0,502938270568848	
4909,375	1,58116745948792	4909,375	0,504937291145325	
4912,5	1,58278787136078	4912,5	0,506468832492828	
4915,625	1,58714687824249	4915,625	0,513038039207459	
4918,75	1,58996772766113	4918,75	0,517315447330475	
4921,875	1,593266248703	4921,875	0,520873010158539	
4925	1,59365153312683	4925	0,526121377944946	
4928,125	1,59653615951538	4928,125	0,529963076114655	
4931,25	1,5983282327652	4931,25	0,534177184104919	
4934,375	1,5973916053772	4934,375	0,537471473217011	
4937,5	1,59958231449127	4937,5	0,539992451667786	
4940,625	1,60217535495758	4940,625	0,546773433685303	
4943,75	1,6049565076828	4943,75	0,553537428379059	
4946,875	1,60844123363495	4946,875	0,553334414958954	
4950	1,61546385288239	4950	0,558997929096222	
4953,125	1,6123241186142	4953,125	0,567069470882416	
4956,25	1,61233127117157	4956,25	0,572913825511932	
4959,375	1,61442947387695	4959,375	0,580700933933258	
4962,5	1,61849522590637	4962,5	0,586685597896576	
4965,625	1,62320828437805	4965,625	0,589589655399323	
4968,75	1,62304759025574	4968,75	0,592397570610046	
4971,875	1,62280309200287	4971,875	0,597822368144989	
4975	1,62296569347382	4975	0,604035675525665	
				
