Frequency in Hz	Wool_92 Sound Reflection Factor continuous Re	Frequency in Hz	Wool_92 Sound Reflection Factor continuous Im	
100	0.97239476442337	100	-0.130754768848419	
103.125	0.9579918384552	103.125	-0.135231703519821	
106.25	0.965169727802277	106.25	-0.132552579045296	
109.375	0.962114155292511	109.375	-0.137628495693207	
112.5	0.96454519033432	112.5	-0.140833929181099	
115.625	0.962808430194855	115.625	-0.144464060664177	
118.75	0.957715272903442	118.75	-0.141592264175415	
121.875	0.962393999099731	121.875	-0.156625509262085	
125	0.955330848693848	125	-0.157697081565857	
128.125	0.944910705089569	128.125	-0.157115399837494	
131.25	0.942230224609375	131.25	-0.161668449640274	
134.375	0.947681725025177	134.375	-0.162700831890106	
137.5	0.945018947124481	137.5	-0.170856714248657	
140.625	0.949282586574554	140.625	-0.168576091527939	
143.75	0.94733589887619	143.75	-0.175168395042419	
146.875	0.939387798309326	146.875	-0.175577566027641	
150	0.948727309703827	150	-0.183938905596733	
153.125	0.951810657978058	153.125	-0.189223930239677	
156.25	0.939046800136566	156.25	-0.188862204551697	
159.375	0.939220607280731	159.375	-0.18728318810463	
162.5	0.945657730102539	162.5	-0.201138958334923	
165.625	0.938860476016998	165.625	-0.200087755918503	
168.75	0.928585350513458	168.75	-0.194818302989006	
171.875	0.923322319984436	171.875	-0.208533883094788	
175	0.930499196052551	175	-0.20650751888752	
178.125	0.927617073059082	178.125	-0.216191083192825	
181.25	0.927600622177124	181.25	-0.213158160448074	
184.375	0.919543325901031	184.375	-0.220675945281982	
187.5	0.918760061264038	187.5	-0.216772273182869	
190.625	0.917179882526398	190.625	-0.220707163214684	
193.75	0.910086333751678	193.75	-0.227464824914932	
196.875	0.912735283374786	196.875	-0.225452989339828	
200	0.918227314949036	200	-0.234199926257133	
203.125	0.910513997077942	203.125	-0.231356650590897	
206.25	0.915588140487671	206.25	-0.230806246399879	
209.375	0.902487993240356	209.375	-0.247655436396599	
212.5	0.902131497859955	212.5	-0.232530176639557	
215.625	0.899131298065186	215.625	-0.243205323815346	
218.75	0.894488513469696	218.75	-0.241132780909538	
221.875	0.896369338035584	221.875	-0.252435743808746	
225	0.89042991399765	225	-0.253283470869064	
228.125	0.8932785987854	228.125	-0.25590792298317	
231.25	0.882608830928802	231.25	-0.25238099694252	
234.375	0.886815965175629	234.375	-0.261599898338318	
237.5	0.892079949378967	237.5	-0.266137540340424	
240.625	0.885761260986328	240.625	-0.271326452493668	
243.75	0.875375151634216	243.75	-0.267994940280914	
246.875	0.879839301109314	246.875	-0.269958823919296	
250	0.87784868478775	250	-0.277971655130386	
253.125	0.875781655311584	253.125	-0.280135542154312	
256.25	0.869765043258667	256.25	-0.280064076185226	
259.375	0.869771599769592	259.375	-0.278737664222717	
262.5	0.872710227966309	262.5	-0.283075004816055	
265.625	0.851794838905334	265.625	-0.296405971050262	
268.75	0.85500168800354	268.75	-0.294141113758087	
271.875	0.856616020202637	271.875	-0.289710372686386	
275	0.854354202747345	275	-0.296205371618271	
278.125	0.843511283397675	278.125	-0.29810756444931	
281.25	0.847438275814056	281.25	-0.305202782154083	
284.375	0.845662474632263	284.375	-0.301326960325241	
287.5	0.84430456161499	287.5	-0.312381416559219	
290.625	0.84312504529953	290.625	-0.309857189655304	
293.75	0.835032284259796	293.75	-0.31656351685524	
296.875	0.827944278717041	296.875	-0.315059572458267	
300	0.830397427082062	300	-0.321325212717056	
303.125	0.810389339923859	303.125	-0.321348041296005	
306.25	0.806674659252167	306.25	-0.332498222589493	
309.375	0.807706296443939	309.375	-0.337599635124207	
312.5	0.805872559547424	312.5	-0.330580145120621	
315.625	0.79182106256485	315.625	-0.334410071372986	
318.75	0.790382027626038	318.75	-0.332361787557602	
321.875	0.789316058158875	321.875	-0.316419571638107	
325	0.794066667556763	325	-0.311670273542404	
328.125	0.789097011089325	328.125	-0.309119045734406	
331.25	0.79604697227478	331.25	-0.321571677923203	
334.375	0.804250776767731	334.375	-0.323670834302902	
337.5	0.801575779914856	337.5	-0.327105343341827	
340.625	0.793345272541046	340.625	-0.334619373083115	
343.75	0.792912662029266	343.75	-0.33314636349678	
346.875	0.78933984041214	346.875	-0.340374320745468	
350	0.785962104797363	350	-0.336169898509979	
353.125	0.780649781227112	353.125	-0.338532418012619	
356.25	0.78346461057663	356.25	-0.345695406198502	
359.375	0.784468293190002	359.375	-0.342231929302216	
362.5	0.781023263931274	362.5	-0.3507299721241	
365.625	0.773593723773956	365.625	-0.355513989925385	
368.75	0.779385447502136	368.75	-0.351381331682205	
371.875	0.769814133644104	371.875	-0.357256591320038	
375	0.76378858089447	375	-0.353325456380844	
378.125	0.765577256679535	378.125	-0.359864592552185	
381.25	0.764660716056824	381.25	-0.357065707445145	
384.375	0.757979512214661	384.375	-0.358070611953735	
387.5	0.747792363166809	387.5	-0.360429465770721	
390.625	0.744816899299622	390.625	-0.358609437942505	
393.75	0.743295669555664	393.75	-0.366042196750641	
396.875	0.746130287647247	396.875	-0.364723265171051	
400	0.74731320142746	400	-0.36440122127533	
403.125	0.739421546459198	403.125	-0.361097246408463	
406.25	0.734796941280365	406.25	-0.366208046674728	
409.375	0.731243848800659	409.375	-0.374557912349701	
412.5	0.724539637565613	412.5	-0.372548013925552	
415.625	0.725045800209045	415.625	-0.36946576833725	
418.75	0.71740847826004	418.75	-0.37014240026474	
421.875	0.724455595016479	421.875	-0.373747318983078	
425	0.723221659660339	425	-0.380879670381546	
428.125	0.72502076625824	428.125	-0.379986345767975	
431.25	0.717174470424652	431.25	-0.383421093225479	
434.375	0.717759966850281	434.375	-0.377101808786392	
437.5	0.718304097652435	437.5	-0.384320288896561	
440.625	0.723041772842407	440.625	-0.397196471691132	
443.75	0.708954513072968	443.75	-0.389050751924515	
446.875	0.704321920871735	446.875	-0.382817983627319	
450	0.699123322963715	450	-0.382397145032883	
453.125	0.69645881652832	453.125	-0.383589804172516	
456.25	0.69619882106781	456.25	-0.38686603307724	
459.375	0.696905970573425	459.375	-0.386031299829483	
462.5	0.692396759986877	462.5	-0.391228288412094	
465.625	0.686808526515961	465.625	-0.391047179698944	
468.75	0.67976438999176	468.75	-0.39101842045784	
471.875	0.679170310497284	471.875	-0.393517673015594	
475	0.675377428531647	475	-0.393766671419144	
478.125	0.672396183013916	478.125	-0.393128752708435	
481.25	0.669617831707001	481.25	-0.396158397197723	
484.375	0.669344305992126	484.375	-0.397225767374039	
487.5	0.66378515958786	487.5	-0.396426200866699	
490.625	0.661677420139313	490.625	-0.401358008384705	
493.75	0.659292876720428	493.75	-0.400542467832565	
496.875	0.657338798046112	496.875	-0.39892989397049	
500	0.656883358955383	500	-0.402279108762741	
503.125	0.650217294692993	503.125	-0.402838885784149	
506.25	0.649968922138214	506.25	-0.399764090776443	
509.375	0.643841862678528	509.375	-0.401408910751343	
512.5	0.638819754123688	512.5	-0.402985006570816	
515.625	0.637668192386627	515.625	-0.404479891061783	
518.75	0.636961221694946	518.75	-0.404112875461578	
521.875	0.63707560300827	521.875	-0.404875963926315	
525	0.634950578212738	525	-0.40699902176857	
528.125	0.627614080905914	528.125	-0.404237031936646	
531.25	0.622389197349548	531.25	-0.400981277227402	
534.375	0.623354911804199	534.375	-0.40680980682373	
537.5	0.622057795524597	537.5	-0.407647520303726	
540.625	0.61601322889328	540.625	-0.406682729721069	
543.75	0.61388373374939	543.75	-0.408691078424454	
546.875	0.613391876220703	546.875	-0.410467833280563	
550	0.611090302467346	550	-0.405961394309998	
553.125	0.605575680732727	553.125	-0.409525185823441	
556.25	0.619176268577576	556.25	-0.380153268575668	
559.375	0.61538690328598	559.375	-0.377666652202606	
562.5	0.614043474197388	562.5	-0.379444897174835	
565.625	0.614496529102325	565.625	-0.383553296327591	
568.75	0.608337700366974	568.75	-0.382583379745483	
571.875	0.604188799858093	571.875	-0.378027558326721	
575	0.602641999721527	575	-0.377630323171616	
578.125	0.600876688957214	578.125	-0.378016263246536	
581.25	0.596693217754364	581.25	-0.377108454704285	
584.375	0.595892131328583	584.375	-0.378927975893021	
587.5	0.594872713088989	587.5	-0.377266854047775	
590.625	0.591652989387512	590.625	-0.37700030207634	
593.75	0.588822960853577	593.75	-0.376127362251282	
596.875	0.587015450000763	596.875	-0.375568091869354	
600	0.585269391536713	600	-0.375833630561829	
603.125	0.582194268703461	603.125	-0.377735048532486	
606.25	0.582194864749908	606.25	-0.374671638011932	
609.375	0.576904773712158	609.375	-0.377163141965866	
612.5	0.57690691947937	612.5	-0.376225739717484	
615.625	0.576600670814514	615.625	-0.375979602336884	
618.75	0.571958541870117	618.75	-0.375820964574814	
621.875	0.569881975650787	621.875	-0.373015493154526	
625	0.566427290439606	625	-0.375276356935501	
628.125	0.56655877828598	628.125	-0.374544203281403	
631.25	0.563760340213776	631.25	-0.374652713537216	
634.375	0.561491727828979	634.375	-0.373658716678619	
637.5	0.557606518268585	637.5	-0.373185694217682	
640.625	0.556763112545013	640.625	-0.372120350599289	
643.75	0.554086983203888	643.75	-0.370560050010681	
646.875	0.551564753055573	646.875	-0.369471430778503	
650	0.550151646137238	650	-0.371232658624649	
653.125	0.546931505203247	653.125	-0.368403941392899	
656.25	0.547318994998932	656.25	-0.369255304336548	
659.375	0.5452521443367	659.375	-0.371004492044449	
662.5	0.542075574398041	662.5	-0.369932115077972	
665.625	0.539839625358582	665.625	-0.368208825588226	
668.75	0.540252029895782	668.75	-0.367594003677368	
671.875	0.535977423191071	671.875	-0.366243600845337	
675	0.532714605331421	675	-0.364638030529022	
678.125	0.530920922756195	678.125	-0.366006463766098	
681.25	0.531406223773956	681.25	-0.364125400781631	
684.375	0.530377209186554	684.375	-0.36594220995903	
687.5	0.526951134204865	687.5	-0.36515673995018	
690.625	0.524693191051483	690.625	-0.363294661045074	
693.75	0.523546695709229	693.75	-0.363322049379349	
696.875	0.521763622760773	696.875	-0.363446980714798	
700	0.520866751670837	700	-0.362714290618896	
703.125	0.51872307062149	703.125	-0.362574607133865	
706.25	0.515709936618805	706.25	-0.359510481357574	
709.375	0.51481831073761	709.375	-0.360183507204056	
712.5	0.512538075447083	712.5	-0.36032909154892	
715.625	0.509989500045776	715.625	-0.358875721693039	
718.75	0.508381247520447	718.75	-0.360017240047455	
721.875	0.509860217571259	721.875	-0.359493404626846	
725	0.503619790077209	725	-0.357717007398605	
728.125	0.504037976264954	728.125	-0.355806410312653	
731.25	0.502215921878815	731.25	-0.357714205980301	
734.375	0.498959064483643	734.375	-0.355823755264282	
737.5	0.497735232114792	737.5	-0.355331897735596	
740.625	0.49629083275795	740.625	-0.352580904960632	
743.75	0.494764268398285	743.75	-0.352737754583359	
746.875	0.492595165967941	746.875	-0.350765585899353	
750	0.488228470087051	750	-0.348554581403732	
753.125	0.487322270870209	753.125	-0.350916475057602	
756.25	0.486253589391708	756.25	-0.351726979017258	
759.375	0.48742800951004	759.375	-0.351254194974899	
762.5	0.484011113643646	762.5	-0.348365396261215	
765.625	0.483070462942123	765.625	-0.346594929695129	
768.75	0.482362598180771	768.75	-0.348080396652222	
771.875	0.479867815971375	771.875	-0.347279578447342	
775	0.478770941495895	775	-0.344835102558136	
778.125	0.477448970079422	778.125	-0.342685550451279	
781.25	0.477441310882568	781.25	-0.343003422021866	
784.375	0.473556756973267	784.375	-0.343546241521835	
787.5	0.470913469791412	787.5	-0.342637985944748	
790.625	0.471379071474075	790.625	-0.339988648891449	
793.75	0.467902988195419	793.75	-0.339754611253738	
796.875	0.467155128717422	796.875	-0.340950220823288	
800	0.465462625026703	800	-0.334744155406952	
803.125	0.461604982614517	803.125	-0.334882408380508	
806.25	0.462791055440903	806.25	-0.337199091911316	
809.375	0.46087047457695	809.375	-0.335775911808014	
812.5	0.459179937839508	812.5	-0.333593487739563	
815.625	0.457570254802704	815.625	-0.333306491374969	
818.75	0.457625657320023	818.75	-0.330488711595535	
821.875	0.459210991859436	821.875	-0.33062344789505	
825	0.457272857427597	825	-0.327528327703476	
828.125	0.456987261772156	828.125	-0.328575104475021	
831.25	0.453177809715271	831.25	-0.327725440263748	
834.375	0.452412724494934	834.375	-0.324910759925842	
837.5	0.45177373290062	837.5	-0.324618756771088	
840.625	0.45275342464447	840.625	-0.32442432641983	
843.75	0.45119509100914	843.75	-0.324720680713654	
846.875	0.448495209217072	846.875	-0.321182072162628	
850	0.449430853128433	850	-0.320428490638733	
853.125	0.45062929391861	853.125	-0.322027862071991	
856.25	0.446512073278427	856.25	-0.319851070642471	
859.375	0.444884061813354	859.375	-0.317854911088943	
862.5	0.444825530052185	862.5	-0.315746694803238	
865.625	0.444117069244385	865.625	-0.310649186372757	
868.75	0.44250500202179	868.75	-0.313626021146774	
871.875	0.443015158176422	871.875	-0.314771115779877	
875	0.442076355218887	875	-0.31207662820816	
878.125	0.440992593765259	878.125	-0.312419801950455	
881.25	0.440871626138687	881.25	-0.311074435710907	
884.375	0.44768700003624	884.375	-0.284738093614578	
887.5	0.445478469133377	887.5	-0.281433194875717	
890.625	0.442480236291885	890.625	-0.278425604104996	
893.75	0.440936118364334	893.75	-0.27917093038559	
896.875	0.441031396389008	896.875	-0.277963936328888	
900	0.439250409603119	900	-0.276517301797867	
903.125	0.440371096134186	903.125	-0.275146692991257	
906.25	0.438643425703049	906.25	-0.274673461914063	
909.375	0.436774909496307	909.375	-0.274898320436478	
912.5	0.436293035745621	912.5	-0.273924469947815	
915.625	0.435597121715546	915.625	-0.273992598056793	
918.75	0.435746848583221	918.75	-0.272340387105942	
921.875	0.43411311507225	921.875	-0.272844851016998	
925	0.432737052440643	925	-0.271836489439011	
928.125	0.431411623954773	928.125	-0.269931733608246	
931.25	0.431192010641098	931.25	-0.269278436899185	
934.375	0.43031033873558	934.375	-0.267611891031265	
937.5	0.429177343845367	937.5	-0.266848981380463	
940.625	0.429675906896591	940.625	-0.265461295843124	
943.75	0.427937895059586	943.75	-0.266114950180054	
946.875	0.42791759967804	946.875	-0.264641433954239	
950	0.426259607076645	950	-0.262929767370224	
953.125	0.426372289657593	953.125	-0.262206226587296	
956.25	0.425868093967438	956.25	-0.2612544298172	
959.375	0.424635112285614	959.375	-0.260318249464035	
962.5	0.424011588096619	962.5	-0.259703397750854	
965.625	0.42327892780304	965.625	-0.258839875459671	
968.75	0.422181040048599	968.75	-0.259506046772003	
971.875	0.422338455915451	971.875	-0.257899254560471	
975	0.42109352350235	975	-0.257474690675735	
978.125	0.420221775770187	978.125	-0.255997776985168	
981.25	0.419511616230011	981.25	-0.255240917205811	
984.375	0.419677138328552	984.375	-0.25432363152504	
987.5	0.418290853500366	987.5	-0.253665089607239	
990.625	0.417710304260254	990.625	-0.252687126398087	
993.75	0.41699343919754	993.75	-0.251981765031815	
996.875	0.417183667421341	996.875	-0.252252012491226	
1000	0.416915714740753	1000	-0.251076281070709	
1003.125	0.415481597185135	1003.125	-0.25004318356514	
1006.25	0.414984583854675	1006.25	-0.249096021056175	
1009.375	0.4142145216465	1009.375	-0.248882412910461	
1012.5	0.414987415075302	1012.5	-0.247986450791359	
1015.625	0.414289444684982	1015.625	-0.248117491602898	
1018.75	0.413470208644867	1018.75	-0.24792942404747	
1021.875	0.413368701934814	1021.875	-0.247295454144478	
1025	0.413552016019821	1025	-0.246472671627998	
1028.125	0.413352340459824	1028.125	-0.246189787983894	
1031.25	0.412492007017136	1031.25	-0.24580742418766	
1034.375	0.411947906017303	1034.375	-0.245711147785187	
1037.5	0.412305802106857	1037.5	-0.244376659393311	
1040.625	0.41232767701149	1040.625	-0.245244920253754	
1043.75	0.412003457546234	1043.75	-0.244786232709885	
1046.875	0.411883294582367	1046.875	-0.244548380374908	
1050	0.41267266869545	1050	-0.244767189025879	
1053.125	0.411824524402618	1053.125	-0.243553593754768	
1056.25	0.413103401660919	1056.25	-0.244886815547943	
1059.375	0.412321239709854	1059.375	-0.244651481509209	
1062.5	0.410585224628448	1062.5	-0.245300561189651	
1065.625	0.411733508110046	1065.625	-0.245067596435547	
1068.75	0.41120320558548	1068.75	-0.245013773441315	
1071.875	0.413136035203934	1071.875	-0.246009483933449	
1075	0.412908256053925	1075	-0.246950954198837	
1078.125	0.411564618349075	1078.125	-0.246353060007095	
1081.25	0.411684721708298	1081.25	-0.247603371739388	
1084.375	0.411452859640121	1084.375	-0.247600749135017	
1087.5	0.413621485233307	1087.5	-0.250112980604172	
1090.625	0.413618236780167	1090.625	-0.251254558563232	
1093.75	0.414436161518097	1093.75	-0.252908825874329	
1096.875	0.412905007600784	1096.875	-0.254095554351807	
1100	0.413258135318756	1100	-0.255446195602417	
1103.125	0.41241255402565	1103.125	-0.259073138237	
1106.25	0.411433756351471	1106.25	-0.260151445865631	
1109.375	0.412829101085663	1109.375	-0.263461291790009	
1112.5	0.415270060300827	1112.5	-0.266763180494308	
1115.625	0.413341403007507	1115.625	-0.270302772521973	
1118.75	0.41302627325058	1118.75	-0.272275239229202	
1121.875	0.41206157207489	1121.875	-0.278423964977264	
1125	0.408437430858612	1125	-0.280825942754745	
1128.125	0.409558534622192	1128.125	-0.286988973617554	
1131.25	0.407706022262573	1131.25	-0.293875902891159	
1134.375	0.403510391712189	1134.375	-0.297273844480515	
1137.5	0.398358106613159	1137.5	-0.30506095290184	
1140.625	0.393225401639938	1140.625	-0.311487764120102	
1143.75	0.387539148330688	1143.75	-0.317486315965652	
1146.875	0.380036443471909	1146.875	-0.326159179210663	
1150	0.37193688750267	1150	-0.332026273012161	
1153.125	0.362220674753189	1153.125	-0.336327075958252	
1156.25	0.349313229322433	1156.25	-0.343549817800522	
1159.375	0.336692869663239	1159.375	-0.347407281398773	
1162.5	0.321054458618164	1162.5	-0.343060493469238	
1165.625	0.302563190460205	1165.625	-0.342700332403183	
1168.75	0.287477642297745	1168.75	-0.346911370754242	
1171.875	0.272924244403839	1171.875	-0.328646838665009	
1175	0.261678367853165	1175	-0.31861212849617	
1178.125	0.247421726584435	1178.125	-0.306329011917114	
1181.25	0.237179979681969	1181.25	-0.299094825983047	
1184.375	0.233553022146225	1184.375	-0.284956127405167	
1187.5	0.227512314915657	1187.5	-0.271582782268524	
1190.625	0.218416392803192	1190.625	-0.258223354816437	
1193.75	0.224608480930328	1193.75	-0.246372237801552	
1196.875	0.224987164139748	1196.875	-0.234888672828674	
1200	0.226571440696716	1200	-0.222130358219147	
1203.125	0.22942753136158	1203.125	-0.215773299336433	
1206.25	0.229861587285995	1206.25	-0.206816673278809	
1209.375	0.232252687215805	1209.375	-0.200134545564651	
1212.5	0.235612720251083	1212.5	-0.19426928460598	
1215.625	0.240449085831642	1215.625	-0.189054846763611	
1218.75	0.245026260614395	1218.75	-0.183352470397949	
1221.875	0.248137608170509	1221.875	-0.179591536521912	
1225	0.25193265080452	1225	-0.177202254533768	
1228.125	0.255430400371552	1228.125	-0.173746451735497	
1231.25	0.25659254193306	1231.25	-0.170165985822678	
1234.375	0.258767455816269	1234.375	-0.167642503976822	
1237.5	0.2619309425354	1237.5	-0.166544318199158	
1240.625	0.264774322509766	1240.625	-0.164951428771019	
1243.75	0.267172902822495	1243.75	-0.162401348352432	
1246.875	0.268820941448212	1246.875	-0.161249160766602	
1250	0.269951373338699	1250	-0.161094576120377	
1253.125	0.271328389644623	1253.125	-0.161041349172592	
1256.25	0.272098243236542	1256.25	-0.159826517105103	
1259.375	0.272589802742004	1259.375	-0.158411830663681	
1262.5	0.272426724433899	1262.5	-0.158346816897392	
1265.625	0.273102849721909	1265.625	-0.157677546143532	
1268.75	0.272726118564606	1268.75	-0.157749086618423	
1271.875	0.27181276679039	1271.875	-0.156364217400551	
1275	0.271985858678818	1275	-0.15482035279274	
1278.125	0.272490739822388	1278.125	-0.152969032526016	
1281.25	0.269408971071243	1281.25	-0.152875348925591	
1284.375	0.268267780542374	1284.375	-0.150568768382072	
1287.5	0.26710644364357	1287.5	-0.149384677410126	
1290.625	0.266619890928268	1290.625	-0.146643191576004	
1293.75	0.265751123428345	1293.75	-0.143053770065308	
1296.875	0.264718145132065	1296.875	-0.141402587294579	
1300	0.264686822891235	1300	-0.138116464018822	
1303.125	0.265422463417053	1303.125	-0.135487243533134	
1306.25	0.265606671571732	1306.25	-0.133143872022629	
1309.375	0.266088664531708	1309.375	-0.129699110984802	
1312.5	0.267604559659958	1312.5	-0.127387896180153	
1315.625	0.267292052507401	1315.625	-0.123922616243362	
1318.75	0.267641335725784	1318.75	-0.121788546442986	
1321.875	0.269645720720291	1321.875	-0.120162636041641	
1325	0.270448178052902	1325	-0.11851866543293	
1328.125	0.271331161260605	1328.125	-0.116701044142246	
1331.25	0.272564589977264	1331.25	-0.114864878356457	
1334.375	0.273456543684006	1334.375	-0.113325893878937	
1337.5	0.274199187755585	1337.5	-0.111556470394135	
1340.625	0.275334119796753	1340.625	-0.109986446797848	
1343.75	0.277000159025192	1343.75	-0.108578994870186	
1346.875	0.277613669633865	1346.875	-0.107451692223549	
1350	0.278201311826706	1350	-0.106390990316868	
1353.125	0.278988659381866	1353.125	-0.105007834732533	
1356.25	0.279888182878494	1356.25	-0.103417746722698	
1359.375	0.280555993318558	1359.375	-0.102784112095833	
1362.5	0.281255096197128	1362.5	-0.101569354534149	
1365.625	0.281553775072098	1365.625	-0.100407376885414	
1368.75	0.282185971736908	1368.75	-0.0986188277602196	
1371.875	0.283498764038086	1371.875	-0.0975343436002731	
1375	0.283868730068207	1375	-0.0963824242353439	
1378.125	0.284780979156494	1378.125	-0.0953571125864983	
1381.25	0.285216867923737	1381.25	-0.0936149880290031	
1384.375	0.286080032587051	1384.375	-0.0928177163004875	
1387.5	0.286762267351151	1387.5	-0.0921240895986557	
1390.625	0.288265287876129	1390.625	-0.0915320441126823	
1393.75	0.289072543382645	1393.75	-0.0901228711009026	
1396.875	0.289859563112259	1396.875	-0.0902388319373131	
1400	0.289703756570816	1400	-0.0897559002041817	
1403.125	0.290777236223221	1403.125	-0.0888670533895493	
1406.25	0.291068613529205	1406.25	-0.0882677733898163	
1409.375	0.291410446166992	1409.375	-0.0875837057828903	
1412.5	0.292326360940933	1412.5	-0.0863037034869194	
1415.625	0.292761653661728	1415.625	-0.0858641117811203	
1418.75	0.29287052154541	1418.75	-0.0856009647250175	
1421.875	0.29365611076355	1421.875	-0.0842384472489357	
1425	0.294073671102524	1425	-0.0837204605340958	
1428.125	0.294422596693039	1428.125	-0.0827419832348824	
1431.25	0.295078039169312	1431.25	-0.0823943540453911	
1434.375	0.295851171016693	1434.375	-0.0819046646356583	
1437.5	0.29680135846138	1437.5	-0.0815599113702774	
1440.625	0.296523362398148	1440.625	-0.0808565840125084	
1443.75	0.29654136300087	1443.75	-0.0798215791583061	
1446.875	0.297064632177353	1446.875	-0.0796216353774071	
1450	0.298338770866394	1450	-0.0796455815434456	
1453.125	0.298505902290344	1453.125	-0.0799617320299149	
1456.25	0.299138337373734	1456.25	-0.0791507661342621	
1459.375	0.299300104379654	1459.375	-0.0789240077137947	
1462.5	0.299563676118851	1462.5	-0.0778471603989601	
1465.625	0.299750924110413	1465.625	-0.0784761235117912	
1468.75	0.300252884626389	1468.75	-0.0778712555766106	
1471.875	0.30083954334259	1471.875	-0.0775077268481255	
1475	0.299910187721252	1475	-0.0780332311987877	
1478.125	0.300765246152878	1478.125	-0.0776706114411354	
1481.25	0.30145987868309	1481.25	-0.0786296352744102	
1484.375	0.30018550157547	1484.375	-0.0781729593873024	
1487.5	0.299542337656021	1487.5	-0.0784441903233528	
1490.625	0.300461977720261	1490.625	-0.078169047832489	
1493.75	0.299137443304062	1493.75	-0.0789316743612289	
1496.875	0.297498166561127	1496.875	-0.0795021653175354	
1500	0.297606110572815	1500	-0.0780161991715431	
1503.125	0.295752435922623	1503.125	-0.0773670598864555	
1506.25	0.295363694429398	1506.25	-0.0776122957468033	
1509.375	0.295255988836288	1509.375	-0.0774245634675026	
1512.5	0.293939381837845	1512.5	-0.0767008289694786	
1515.625	0.29326930642128	1515.625	-0.0763836205005646	
1518.75	0.292310059070587	1518.75	-0.0753077641129494	
1521.875	0.291795909404755	1521.875	-0.0744575336575508	
1525	0.29024949669838	1525	-0.073267012834549	
1528.125	0.289727777242661	1528.125	-0.0718220174312592	
1531.25	0.290246337652206	1531.25	-0.0707712173461914	
1534.375	0.28901532292366	1534.375	-0.0701085552573204	
1537.5	0.288354903459549	1537.5	-0.0680713877081871	
1540.625	0.287656426429749	1540.625	-0.0671854466199875	
1543.75	0.288199365139008	1543.75	-0.0658449828624725	
1546.875	0.287401527166367	1546.875	-0.0642533600330353	
1550	0.286868959665298	1550	-0.0632583126425743	
1553.125	0.286825686693192	1553.125	-0.0623749978840351	
1556.25	0.286459237337112	1556.25	-0.0607956685125828	
1559.375	0.28690704703331	1559.375	-0.0593986921012402	
1562.5	0.28711211681366	1562.5	-0.0581124573945999	
1565.625	0.286691755056381	1565.625	-0.0573999881744385	
1568.75	0.286271512508392	1568.75	-0.0561877749860287	
1571.875	0.286400496959686	1571.875	-0.055275671184063	
1575	0.286651581525803	1575	-0.0540730021893978	
1578.125	0.286068230867386	1578.125	-0.0519146099686623	
1581.25	0.286166489124298	1581.25	-0.0518920570611954	
1584.375	0.287067025899887	1584.375	-0.0508831143379211	
1587.5	0.287086486816406	1587.5	-0.049798846244812	
1590.625	0.286658227443695	1590.625	-0.0494146570563316	
1593.75	0.287309914827347	1593.75	-0.0476221740245819	
1596.875	0.287582129240036	1596.875	-0.0475626476109028	
1600	0.28799968957901	1600	-0.0458116717636585	
1603.125	0.28729784488678	1603.125	-0.0445842631161213	
1606.25	0.287515044212341	1606.25	-0.0437902510166168	
1609.375	0.286677628755569	1609.375	-0.0426844097673893	
1612.5	0.287555605173111	1612.5	-0.0427456088364124	
1615.625	0.287916570901871	1615.625	-0.0412393622100353	
1618.75	0.288074523210526	1618.75	-0.0407127737998962	
1621.875	0.287890493869781	1621.875	-0.0395980030298233	
1625	0.289211511611938	1625	-0.0387944206595421	
1628.125	0.289031535387039	1628.125	-0.0381915643811226	
1631.25	0.288199871778488	1631.25	-0.0380552895367146	
1634.375	0.288363367319107	1634.375	-0.036123976111412	
1637.5	0.288557887077332	1637.5	-0.0358276106417179	
1640.625	0.288974791765213	1640.625	-0.0345072969794273	
1643.75	0.289128839969635	1643.75	-0.0341772921383381	
1646.875	0.288606584072113	1646.875	-0.0335056595504284	
1650	0.288369804620743	1650	-0.0324310064315796	
1653.125	0.289081692695618	1653.125	-0.0321155041456223	
1656.25	0.288527309894562	1656.25	-0.0305486340075731	
1659.375	0.287921607494354	1659.375	-0.0310355816036463	
1662.5	0.288702666759491	1662.5	-0.030149444937706	
1665.625	0.288443207740784	1665.625	-0.0280928686261177	
1668.75	0.289112567901611	1668.75	-0.028596255928278	
1671.875	0.288856148719788	1671.875	-0.0286267772316933	
1675	0.289332419633865	1675	-0.0278426110744476	
1678.125	0.288814395666122	1678.125	-0.027014484629035	
1681.25	0.288078159093857	1681.25	-0.0264692716300488	
1684.375	0.288482159376144	1684.375	-0.0253924243152142	
1687.5	0.289388060569763	1687.5	-0.0239782147109509	
1690.625	0.288332760334015	1690.625	-0.023492731153965	
1693.75	0.288020819425583	1693.75	-0.0226993802934885	
1696.875	0.288189768791199	1696.875	-0.0219974294304848	
1700	0.287691533565521	1700	-0.0206653531640768	
1703.125	0.288246184587479	1703.125	-0.0194602459669113	
1706.25	0.287674367427826	1706.25	-0.018908416852355	
1709.375	0.288118571043015	1709.375	-0.0183623973280191	
1712.5	0.28937041759491	1712.5	-0.0167401619255543	
1715.625	0.289258658885956	1715.625	-0.0168333891779184	
1718.75	0.28907585144043	1718.75	-0.015856945887208	
1721.875	0.288693189620972	1721.875	-0.0155988810583949	
1725	0.288739204406738	1725	-0.0145314568653703	
1728.125	0.288377612829208	1728.125	-0.0132837686687708	
1731.25	0.28850245475769	1731.25	-0.0123391887173057	
1734.375	0.2888443171978	1734.375	-0.0126169919967651	
1737.5	0.289927870035172	1737.5	-0.0124269491061568	
1740.625	0.28959858417511	1740.625	-0.0124005721881986	
1743.75	0.289655059576035	1743.75	-0.0108722653239965	
1746.875	0.290857017040253	1746.875	-0.010645410977304	
1750	0.291337162256241	1750	-0.0107834571972489	
1753.125	0.290240973234177	1753.125	-0.00909058004617691	
1756.25	0.289175510406494	1756.25	-0.00887376349419355	
1759.375	0.290064245462418	1759.375	-0.00759356655180454	
1762.5	0.290600627660751	1762.5	-0.00740852206945419	
1765.625	0.29036870598793	1765.625	-0.00631487555801868	
1768.75	0.289797395467758	1768.75	-0.00614530732855201	
1771.875	0.28996542096138	1771.875	-0.00599013222381473	
1775	0.289229929447174	1775	-0.00475571490824223	
1778.125	0.288897514343262	1778.125	-0.00471824547275901	
1781.25	0.289733082056046	1781.25	-0.00369499064981937	
1784.375	0.29051148891449	1784.375	-0.00391992833465338	
1787.5	0.291469693183899	1787.5	-0.00235051661729813	
1790.625	0.2890605032444	1790.625	-0.00225539295934141	
1793.75	0.289257705211639	1793.75	-0.00149951304774731	
1796.875	0.288967788219452	1796.875	-0.000232418766245246	
1800	0.28925484418869	1800	4.69478873128537E-05	
1803.125	0.28816482424736	1803.125	0.000830801378469914	
1806.25	0.288748502731323	1806.25	0.000769550970289856	
1809.375	0.289183616638184	1809.375	0.00087199272820726	
1812.5	0.289477705955505	1812.5	0.00148057984188199	
1815.625	0.289671003818512	1815.625	0.00256947125308216	
1818.75	0.289314478635788	1818.75	0.00317477621138096	
1821.875	0.288579523563385	1821.875	0.00378610100597143	
1825	0.288273394107819	1825	0.00422417791560292	
1828.125	0.288959801197052	1828.125	0.00495281489565969	
1831.25	0.288944363594055	1831.25	0.00546301202848554	
1834.375	0.288250356912613	1834.375	0.0054554701782763	
1837.5	0.288153678178787	1837.5	0.00675982749089599	
1840.625	0.287854224443436	1840.625	0.00644475454464555	
1843.75	0.287292510271072	1843.75	0.00812033098191023	
1846.875	0.287668913602829	1846.875	0.00768273882567883	
1850	0.288801670074463	1850	0.00888063106685877	
1853.125	0.287737160921097	1853.125	0.00913645606487989	
1856.25	0.287825793027878	1856.25	0.0106155499815941	
1859.375	0.287219256162643	1859.375	0.0109666604548693	
1862.5	0.287246972322464	1862.5	0.0113495104014874	
1865.625	0.287233769893646	1865.625	0.0127018615603447	
1868.75	0.287316828966141	1868.75	0.0132820941507816	
1871.875	0.287989914417267	1871.875	0.013593764975667	
1875	0.287069618701935	1875	0.0149970725178719	
1878.125	0.285283625125885	1878.125	0.0157011076807976	
1881.25	0.285811901092529	1881.25	0.0153277786448598	
1884.375	0.28655743598938	1884.375	0.0167410057038069	
1887.5	0.286595225334167	1887.5	0.0179391875863075	
1890.625	0.286565244197845	1890.625	0.0181103516370058	
1893.75	0.286210685968399	1893.75	0.0192893631756306	
1896.875	0.286671251058578	1896.875	0.0195136703550816	
1900	0.286488234996796	1900	0.0198378097265959	
1903.125	0.286670297384262	1903.125	0.0215894710272551	
1906.25	0.286827623844147	1906.25	0.0222652647644281	
1909.375	0.286505997180939	1909.375	0.02210040576756	
1912.5	0.286076039075851	1912.5	0.0233976431190968	
1915.625	0.285816341638565	1915.625	0.0242377817630768	
1918.75	0.286075711250305	1918.75	0.0253102481365204	
1921.875	0.286724328994751	1921.875	0.0253974609076977	
1925	0.286795765161514	1925	0.0265625715255737	
1928.125	0.286381840705872	1928.125	0.0268319454044104	
1931.25	0.286113560199738	1931.25	0.0277879610657692	
1934.375	0.286838948726654	1934.375	0.0288142096251249	
1937.5	0.28764134645462	1937.5	0.0288527645170689	
1940.625	0.287895768880844	1940.625	0.0296609196811914	
1943.75	0.287618428468704	1943.75	0.0307343676686287	
1946.875	0.288084447383881	1946.875	0.0310196131467819	
1950	0.288875728845596	1950	0.0322205163538456	
1953.125	0.288506060838699	1953.125	0.0313907414674759	
1956.25	0.288674294948578	1956.25	0.0334456413984299	
1959.375	0.290099412202835	1959.375	0.0329869464039803	
1962.5	0.289085119962692	1962.5	0.034040804952383	
1965.625	0.289891749620438	1965.625	0.0347555242478848	
1968.75	0.289496093988419	1968.75	0.0343137122690678	
1971.875	0.289025157690048	1971.875	0.0360441990196705	
1975	0.287800461053848	1975	0.035679467022419	
1978.125	0.288632124662399	1978.125	0.0363675020635128	
1981.25	0.288733303546906	1981.25	0.0380077324807644	
1984.375	0.289555281400681	1984.375	0.0362357795238495	
1987.5	0.290368318557739	1987.5	0.0379214510321617	
1990.625	0.290903240442276	1990.625	0.0386777780950069	
1993.75	0.290506899356842	1993.75	0.0392580218613148	
1996.875	0.28910493850708	1996.875	0.0380878448486328	
2000	0.289755284786224	2000	0.0390954576432705	
2003.125	0.289671301841736	2003.125	0.0399742908775806	
2006.25	0.29040589928627	2006.25	0.0400273539125919	
2009.375	0.290482372045517	2009.375	0.0406206585466862	
2012.5	0.290302127599716	2012.5	0.0412089303135872	
2015.625	0.289788395166397	2015.625	0.0415725149214268	
2018.75	0.290122956037521	2018.75	0.0430261939764023	
2021.875	0.291023403406143	2021.875	0.0419927984476089	
2025	0.29121470451355	2025	0.0426903180778027	
2028.125	0.289605706930161	2028.125	0.0420371107757092	
2031.25	0.290729284286499	2031.25	0.0433241091668606	
2034.375	0.291356116533279	2034.375	0.0427636802196503	
2037.5	0.291150867938995	2037.5	0.0439354330301285	
2040.625	0.289875358343124	2040.625	0.0445255376398563	
2043.75	0.290210038423538	2043.75	0.0444992519915104	
2046.875	0.291462600231171	2046.875	0.0448470264673233	
2050	0.29133728146553	2050	0.0459412820637226	
2053.125	0.291167289018631	2053.125	0.046024963259697	
2056.25	0.290620774030685	2056.25	0.0449139773845673	
2059.375	0.291696041822433	2059.375	0.0463852435350418	
2062.5	0.291290462017059	2062.5	0.0458252392709255	
2065.625	0.290799170732498	2065.625	0.0475501008331776	
2068.75	0.290989428758621	2068.75	0.0476840920746326	
2071.875	0.290801733732224	2071.875	0.0481987372040749	
2075	0.291585385799408	2075	0.0486566163599491	
2078.125	0.291081309318542	2078.125	0.0486207790672779	
2081.25	0.291074484586716	2081.25	0.0491258837282658	
2084.375	0.290873259305954	2084.375	0.0504151582717896	
2087.5	0.290283352136612	2087.5	0.0495129488408566	
2090.625	0.291300117969513	2090.625	0.0504051260650158	
2093.75	0.291918158531189	2093.75	0.0501077137887478	
2096.875	0.290814012289047	2096.875	0.0513107255101204	
2100	0.291274338960648	2100	0.0523274913430214	
2103.125	0.29038804769516	2103.125	0.0512168481945992	
2106.25	0.290473312139511	2106.25	0.0522758848965168	
2109.375	0.289622366428375	2109.375	0.0524551831185818	
2112.5	0.291768431663513	2112.5	0.0518801063299179	
2115.625	0.290617734193802	2115.625	0.0530528090894222	
2118.75	0.290407449007034	2118.75	0.0529773384332657	
2121.875	0.289166420698166	2121.875	0.0539180785417557	
2125	0.290889948606491	2125	0.0539344362914562	
2128.125	0.292617857456207	2128.125	0.0553216226398945	
2131.25	0.291504770517349	2131.25	0.0532961301505566	
2134.375	0.290494412183762	2134.375	0.0545990318059921	
2137.5	0.29086697101593	2137.5	0.0562212094664574	
2140.625	0.289233505725861	2140.625	0.0546370111405849	
2143.75	0.28916198015213	2143.75	0.0556530728936195	
2146.875	0.290272682905197	2146.875	0.0568788386881351	
2150	0.290187954902649	2150	0.0577404089272022	
2153.125	0.289855092763901	2153.125	0.0571554377675056	
2156.25	0.289961278438568	2156.25	0.0573094710707664	
2159.375	0.289140045642853	2159.375	0.0569061823189259	
2162.5	0.288988590240479	2162.5	0.0580621212720871	
2165.625	0.289097130298615	2165.625	0.0586274564266205	
2168.75	0.288042664527893	2168.75	0.0589674450457096	
2171.875	0.287894487380981	2171.875	0.060452938079834	
2175	0.288773208856583	2175	0.0594900883734226	
2178.125	0.287832945585251	2178.125	0.0595853626728058	
2181.25	0.287346869707108	2181.25	0.0607103370130062	
2184.375	0.287023097276688	2184.375	0.0611494220793247	
2187.5	0.287182599306107	2187.5	0.0608561523258686	
2190.625	0.287294924259186	2190.625	0.0618117786943913	
2193.75	0.287275314331055	2193.75	0.0612979121506214	
2196.875	0.287875324487686	2196.875	0.0627631768584251	
2200	0.288799852132797	2200	0.0627452805638313	
2203.125	0.288244992494583	2203.125	0.0638888254761696	
2206.25	0.287701398134232	2206.25	0.0638322532176971	
2209.375	0.288402289152145	2209.375	0.0636991858482361	
2212.5	0.288127273321152	2212.5	0.0636380314826965	
2215.625	0.288077563047409	2215.625	0.0651340782642365	
2218.75	0.288664519786835	2218.75	0.0649596229195595	
2221.875	0.288509905338287	2221.875	0.0657890066504478	
2225	0.287355601787567	2225	0.0653697848320007	
2228.125	0.287266552448273	2228.125	0.0668197870254517	
2231.25	0.288138598203659	2231.25	0.0657795444130898	
2234.375	0.287424445152283	2234.375	0.0675122961401939	
2237.5	0.287028789520264	2237.5	0.0672781839966774	
2240.625	0.287446826696396	2240.625	0.0680128261446953	
2243.75	0.28618997335434	2243.75	0.0677129030227661	
2246.875	0.287442028522491	2246.875	0.0681685358285904	
2250	0.287539094686508	2250	0.0694826319813728	
2253.125	0.285781592130661	2253.125	0.0684158354997635	
2256.25	0.284550249576569	2256.25	0.068833626806736	
2259.375	0.285123705863953	2259.375	0.0690454095602036	
2262.5	0.285311341285706	2262.5	0.0697470009326935	
2265.625	0.284455716609955	2265.625	0.070539616048336	
2268.75	0.284401446580887	2268.75	0.0715625435113907	
2271.875	0.284246236085892	2271.875	0.0727172344923019	
2275	0.283686220645905	2275	0.0726756006479263	
2278.125	0.283842474222183	2278.125	0.0731639936566353	
2281.25	0.283737540245056	2281.25	0.0735680088400841	
2284.375	0.283193051815033	2284.375	0.0753084346652031	
2287.5	0.283698499202728	2287.5	0.0757745504379272	
2290.625	0.283231377601624	2290.625	0.0759184584021568	
2293.75	0.282185554504395	2293.75	0.0760349780321121	
2296.875	0.283245801925659	2296.875	0.0783728808164597	
2300	0.282135635614395	2300	0.0782647430896759	
2303.125	0.283141821622849	2303.125	0.0791810601949692	
2306.25	0.282823622226715	2306.25	0.0802517533302307	
2309.375	0.282193630933762	2309.375	0.0808620974421501	
2312.5	0.283572942018509	2312.5	0.0813827887177467	
2315.625	0.283043563365936	2315.625	0.0823966860771179	
2318.75	0.283403843641281	2318.75	0.0836508721113205	
2321.875	0.284115731716156	2321.875	0.0847866907715797	
2325	0.286900967359543	2325	0.0844985544681549	
2328.125	0.285224735736847	2328.125	0.0842396095395088	
2331.25	0.284689515829086	2331.25	0.0855141207575798	
2334.375	0.284322679042816	2334.375	0.0861052796244621	
2337.5	0.285630822181702	2337.5	0.085283949971199	
2340.625	0.285185605287552	2340.625	0.0870108678936958	
2343.75	0.286647349596024	2343.75	0.0873709619045258	
2346.875	0.288327872753143	2346.875	0.0869505181908607	
2350	0.286749452352524	2350	0.0881886929273605	
2353.125	0.287199169397354	2353.125	0.0876111760735512	
2356.25	0.287694990634918	2356.25	0.0882704854011536	
2359.375	0.287354826927185	2359.375	0.0879700630903244	
2362.5	0.287916779518127	2362.5	0.0882331728935242	
2365.625	0.288552522659302	2365.625	0.0878376588225365	
2368.75	0.287842690944672	2368.75	0.0875670835375786	
2371.875	0.288035809993744	2371.875	0.0893022119998932	
2375	0.2867231965065	2375	0.0882823020219803	
2378.125	0.287514984607697	2378.125	0.0887033492326736	
2381.25	0.288023948669434	2381.25	0.0892561599612236	
2384.375	0.287533611059189	2384.375	0.0894330739974976	
2387.5	0.287028580904007	2387.5	0.089192308485508	
2390.625	0.287968695163727	2390.625	0.089843712747097	
2393.75	0.289066970348358	2393.75	0.0897839665412903	
2396.875	0.288660049438477	2396.875	0.0909716412425041	
2400	0.288692653179169	2400	0.0909063965082169	
2403.125	0.289569437503815	2403.125	0.0919432416558266	
2406.25	0.289499014616013	2406.25	0.0909539461135864	
2409.375	0.287623822689056	2409.375	0.0909701362252235	
2412.5	0.287880420684814	2412.5	0.091874971985817	
2415.625	0.288664996623993	2415.625	0.0915867984294891	
2418.75	0.288661628961563	2418.75	0.0922090411186218	
2421.875	0.288713574409485	2421.875	0.0922124236822128	
2425	0.288720279932022	2425	0.0925667732954025	
2428.125	0.288162618875504	2428.125	0.092836432158947	
2431.25	0.28951108455658	2431.25	0.093237042427063	
2434.375	0.288748353719711	2434.375	0.0926608294248581	
2437.5	0.287310779094696	2437.5	0.0938166379928589	
2440.625	0.288583487272263	2440.625	0.0940286368131638	
2443.75	0.288041114807129	2443.75	0.0939346253871918	
2446.875	0.288196295499802	2446.875	0.0948092490434647	
2450	0.287745982408524	2450	0.0950696021318436	
2453.125	0.289406716823578	2453.125	0.0947834551334381	
2456.25	0.289092153310776	2456.25	0.0957168936729431	
2459.375	0.289585888385773	2459.375	0.0963005349040031	
2462.5	0.288914859294891	2462.5	0.0967193245887756	
2465.625	0.289439678192139	2465.625	0.0978577882051468	
2468.75	0.289351016283035	2468.75	0.0971716418862343	
2471.875	0.28769239783287	2471.875	0.0969054475426674	
2475	0.288440495729446	2475	0.0967497080564499	
2478.125	0.288850039243698	2478.125	0.0968876257538795	
2481.25	0.288584649562836	2481.25	0.0982727184891701	
2484.375	0.289781451225281	2484.375	0.0985511541366577	
2487.5	0.289362728595734	2487.5	0.0982304364442825	
2490.625	0.289838820695877	2490.625	0.0987856909632683	
2493.75	0.28963041305542	2493.75	0.0982646346092224	
2496.875	0.288663595914841	2496.875	0.0981030017137527	
2500	0.289123088121414	2500	0.0986625775694847	
2503.125	0.289452582597733	2503.125	0.0985810831189156	
2506.25	0.289279907941818	2506.25	0.0982944518327713	
2509.375	0.288984268903732	2509.375	0.0990974903106689	
2512.5	0.289515256881714	2512.5	0.0995703488588333	
2515.625	0.289477199316025	2515.625	0.100160300731659	
2518.75	0.288688063621521	2518.75	0.0994490832090378	
2521.875	0.288875550031662	2521.875	0.0998116210103035	
2525	0.289084911346436	2525	0.100254595279694	
2528.125	0.288594573736191	2528.125	0.101115837693214	
2531.25	0.286625325679779	2531.25	0.101342387497425	
2534.375	0.289282739162445	2534.375	0.0996046513319016	
2537.5	0.289283186197281	2537.5	0.100555151700974	
2540.625	0.287411957979202	2540.625	0.100054010748863	
2543.75	0.286945104598999	2543.75	0.100579686462879	
2546.875	0.286863803863525	2546.875	0.101110018789768	
2550	0.286418497562408	2550	0.102360509335995	
2553.125	0.28640079498291	2553.125	0.102360092103481	
2556.25	0.286058783531189	2556.25	0.103483058512211	
2559.375	0.286269396543503	2559.375	0.103260897099972	
2562.5	0.285523325204849	2562.5	0.102981939911842	
2565.625	0.286518394947052	2565.625	0.105140499770641	
2568.75	0.287279963493347	2568.75	0.105678081512451	
2571.875	0.286827504634857	2571.875	0.106664232909679	
2575	0.286274135112762	2575	0.106306523084641	
2578.125	0.286709129810333	2578.125	0.106610760092735	
2581.25	0.287706196308136	2581.25	0.106879614293575	
2584.375	0.286865830421448	2584.375	0.107540927827358	
2587.5	0.287274897098541	2587.5	0.106848530471325	
2590.625	0.28795337677002	2590.625	0.108136586844921	
2593.75	0.288279801607132	2593.75	0.109038732945919	
2596.875	0.288009166717529	2596.875	0.109025195240974	
2600	0.288230776786804	2600	0.10883978754282	
2603.125	0.288737028837204	2603.125	0.10988986492157	
2606.25	0.290970921516418	2606.25	0.10842352360487	
2609.375	0.289835065603256	2609.375	0.110123552381992	
2612.5	0.288050889968872	2612.5	0.10998360812664	
2615.625	0.292014062404633	2615.625	0.110557354986668	
2618.75	0.290919780731201	2618.75	0.111008197069168	
2621.875	0.290765583515167	2621.875	0.112485431134701	
2625	0.292337238788605	2625	0.111419297754765	
2628.125	0.291587322950363	2628.125	0.111553326249123	
2631.25	0.29090616106987	2631.25	0.110783509910107	
2634.375	0.291153162717819	2634.375	0.111708655953407	
2637.5	0.291922390460968	2637.5	0.110303722321987	
2640.625	0.292982637882233	2640.625	0.112525761127472	
2643.75	0.292659789323807	2643.75	0.112712681293488	
2646.875	0.292896956205368	2646.875	0.112028062343597	
2650	0.292956590652466	2650	0.112390659749508	
2653.125	0.293501764535904	2653.125	0.111917167901993	
2656.25	0.293480902910233	2656.25	0.111631035804749	
2659.375	0.292891293764114	2659.375	0.11193360388279	
2662.5	0.293164521455765	2662.5	0.114643931388855	
2665.625	0.294199198484421	2665.625	0.111227288842201	
2668.75	0.293961733579636	2668.75	0.112491741776466	
2671.875	0.29369392991066	2671.875	0.113017961382866	
2675	0.294419318437576	2675	0.112279951572418	
2678.125	0.295050412416458	2678.125	0.111567884683609	
2681.25	0.294313102960587	2681.25	0.112724535167217	
2684.375	0.295224547386169	2684.375	0.112731277942657	
2687.5	0.29423525929451	2687.5	0.112570069730282	
2690.625	0.294442594051361	2690.625	0.111854657530785	
2693.75	0.294896364212036	2693.75	0.112847529351711	
2696.875	0.294955611228943	2696.875	0.112536147236824	
2700	0.294684380292892	2700	0.112008027732372	
2703.125	0.29598394036293	2703.125	0.113203316926956	
2706.25	0.295820504426956	2706.25	0.112935520708561	
2709.375	0.295951426029205	2709.375	0.113413140177727	
2712.5	0.29689633846283	2712.5	0.11307755112648	
2715.625	0.29621896147728	2715.625	0.113671109080315	
2718.75	0.295988410711288	2718.75	0.112888239324093	
2721.875	0.296575665473938	2721.875	0.112663023173809	
2725	0.296131998300552	2725	0.113345831632614	
2728.125	0.296532839536667	2728.125	0.113526195287704	
2731.25	0.297011464834213	2731.25	0.113675244152546	
2734.375	0.295885413885117	2734.375	0.113706558942795	
2737.5	0.296784579753876	2737.5	0.113882467150688	
2740.625	0.297417312860489	2740.625	0.113247990608215	
2743.75	0.297247052192688	2743.75	0.112839803099632	
2746.875	0.297067373991013	2746.875	0.113649860024452	
2750	0.297210454940796	2750	0.113654993474483	
2753.125	0.296924114227295	2753.125	0.113937951624393	
2756.25	0.296654522418976	2756.25	0.1138851121068	
2759.375	0.296921342611313	2759.375	0.113294318318367	
2762.5	0.297186344861984	2762.5	0.113483242690563	
2765.625	0.296957463026047	2765.625	0.113967917859554	
2768.75	0.296946257352829	2768.75	0.11354710906744	
2771.875	0.298006802797318	2771.875	0.112928465008736	
2775	0.297173231840134	2775	0.114176414906979	
2778.125	0.298648208379745	2778.125	0.113259799778461	
2781.25	0.298175036907196	2781.25	0.114210493862629	
2784.375	0.297615438699722	2784.375	0.114169225096703	
2787.5	0.297457963228226	2787.5	0.113720007240772	
2790.625	0.296890109777451	2790.625	0.114787057042122	
2793.75	0.298900634050369	2793.75	0.112722709774971	
2796.875	0.298233538866043	2796.875	0.114037103950977	
2800	0.297732830047607	2800	0.113557547330856	
2803.125	0.29799097776413	2803.125	0.113850742578506	
2806.25	0.297895401716232	2806.25	0.113936983048916	
2809.375	0.298241317272186	2809.375	0.113673865795135	
2812.5	0.298273950815201	2812.5	0.114352203905582	
2815.625	0.298310339450836	2815.625	0.113861307501793	
2818.75	0.298426687717438	2818.75	0.114495411515236	
2821.875	0.297145277261734	2821.875	0.114029087126255	
2825	0.297201156616211	2825	0.113709636032581	
2828.125	0.29786428809166	2828.125	0.113576136529446	
2831.25	0.29769229888916	2831.25	0.114597611129284	
2834.375	0.297526091337204	2834.375	0.113263428211212	
2837.5	0.297268182039261	2837.5	0.113823659718037	
2840.625	0.298024654388428	2840.625	0.113991118967533	
2843.75	0.297392845153809	2843.75	0.114076964557171	
2846.875	0.296609044075012	2846.875	0.113890312612057	
2850	0.296703368425369	2850	0.113330572843552	
2853.125	0.296631902456284	2853.125	0.114743642508984	
2856.25	0.296534955501556	2856.25	0.113983675837517	
2859.375	0.297555565834045	2859.375	0.114192955195904	
2862.5	0.296589910984039	2862.5	0.114695273339748	
2865.625	0.295473337173462	2865.625	0.114910610020161	
2868.75	0.296231895685196	2868.75	0.114461377263069	
2871.875	0.295997202396393	2871.875	0.114910699427128	
2875	0.295195579528809	2875	0.115433298051357	
2878.125	0.295723170042038	2878.125	0.115596532821655	
2881.25	0.295665234327316	2881.25	0.115221135318279	
2884.375	0.295567184686661	2884.375	0.115832194685936	
2887.5	0.295588940382004	2887.5	0.117229945957661	
2890.625	0.295029729604721	2890.625	0.116815231740475	
2893.75	0.294828236103058	2893.75	0.116499096155167	
2896.875	0.295249462127686	2896.875	0.117459245026112	
2900	0.295980632305145	2900	0.116915993392467	
2903.125	0.295261651277542	2903.125	0.117424674332142	
2906.25	0.295347064733505	2906.25	0.118186458945274	
2909.375	0.29584151506424	2909.375	0.118800818920135	
2912.5	0.295576125383377	2912.5	0.118456527590752	
2915.625	0.294830441474915	2915.625	0.118986025452614	
2918.75	0.29548054933548	2918.75	0.119215130805969	
2921.875	0.295400619506836	2921.875	0.119498714804649	
2925	0.294937074184418	2925	0.119878366589546	
2928.125	0.294041007757187	2928.125	0.120329901576042	
2931.25	0.294746607542038	2931.25	0.119786120951176	
2934.375	0.295622855424881	2934.375	0.121092095971107	
2937.5	0.29597869515419	2937.5	0.121386229991913	
2940.625	0.294481247663498	2940.625	0.12185375392437	
2943.75	0.294598400592804	2943.75	0.120696887373924	
2946.875	0.295205771923065	2946.875	0.121371746063232	
2950	0.295750617980957	2950	0.122798644006252	
2953.125	0.295602828264236	2953.125	0.123597137629986	
2956.25	0.295965969562531	2956.25	0.123274073004723	
2959.375	0.296325713396072	2959.375	0.122905641794205	
2962.5	0.295663326978683	2962.5	0.123250715434551	
2965.625	0.295704483985901	2965.625	0.123603314161301	
2968.75	0.296276867389679	2968.75	0.124377861618996	
2971.875	0.295830219984055	2971.875	0.125128760933876	
2975	0.295607507228851	2975	0.123887680470943	
2978.125	0.295880377292633	2978.125	0.123690582811832	
2981.25	0.295503824949265	2981.25	0.12463553249836	
2984.375	0.295757293701172	2984.375	0.125488579273224	
2987.5	0.295648187398911	2987.5	0.125632375478745	
2990.625	0.295948684215546	2990.625	0.126044675707817	
2993.75	0.296434074640274	2993.75	0.125790417194366	
2996.875	0.295939743518829	2996.875	0.127172514796257	
3000	0.296229660511017	3000	0.12735541164875	
3003.125	0.296592235565186	3003.125	0.127035796642303	
3006.25	0.296784341335297	3006.25	0.127144128084183	
3009.375	0.296680837869644	3009.375	0.128055587410927	
3012.5	0.295787036418915	3012.5	0.128163293004036	
3015.625	0.29665744304657	3015.625	0.127513572573662	
3018.75	0.296411901712418	3018.75	0.1283168643713	
3021.875	0.296169728040695	3021.875	0.128497570753098	
3025	0.297482758760452	3025	0.129003673791885	
3028.125	0.297105491161346	3028.125	0.129653126001358	
3031.25	0.297011822462082	3031.25	0.130431398749352	
3034.375	0.297767817974091	3034.375	0.13032940030098	
3037.5	0.297681242227554	3037.5	0.130385681986809	
3040.625	0.298097759485245	3040.625	0.130680531263351	
3043.75	0.298922002315521	3043.75	0.131504043936729	
3046.875	0.298676997423172	3046.875	0.131400734186172	
3050	0.298354119062424	3050	0.132697150111198	
3053.125	0.298072785139084	3053.125	0.132722824811935	
3056.25	0.297954916954041	3056.25	0.133572354912758	
3059.375	0.298794656991959	3059.375	0.134007468819618	
3062.5	0.298570692539215	3062.5	0.132739797234535	
3065.625	0.298577517271042	3065.625	0.134113594889641	
3068.75	0.300031691789627	3068.75	0.134070307016373	
3071.875	0.300106942653656	3071.875	0.134730309247971	
3075	0.299908488988876	3075	0.133202657103539	
3078.125	0.300196796655655	3078.125	0.1346635222435	
3081.25	0.30203315615654	3081.25	0.135066866874695	
3084.375	0.301654815673828	3084.375	0.135148897767067	
3087.5	0.301699370145798	3087.5	0.135226488113403	
3090.625	0.301478266716003	3090.625	0.135159492492676	
3093.75	0.302587807178497	3093.75	0.13572584092617	
3096.875	0.302889227867126	3096.875	0.136018514633179	
3100	0.302554547786713	3100	0.136153683066368	
3103.125	0.302896648645401	3103.125	0.135886669158936	
3106.25	0.304512292146683	3106.25	0.137122839689255	
3109.375	0.304191112518311	3109.375	0.136942446231842	
3112.5	0.304430782794952	3112.5	0.136850461363792	
3115.625	0.303792834281921	3115.625	0.137313649058342	
3118.75	0.304238140583038	3118.75	0.136921599507332	
3121.875	0.304236173629761	3121.875	0.136395514011383	
3125	0.304493814706802	3125	0.136716902256012	
3128.125	0.304291278123856	3128.125	0.137311950325966	
3131.25	0.304219633340836	3131.25	0.13572570681572	
3134.375	0.305538207292557	3134.375	0.135688349604607	
3137.5	0.305742800235748	3137.5	0.136063247919083	
3140.625	0.305123090744019	3140.625	0.136263251304626	
3143.75	0.304328709840775	3143.75	0.135706812143326	
3146.875	0.306164413690567	3146.875	0.13474990427494	
3150	0.307460427284241	3150	0.136905416846275	
3153.125	0.305397480726242	3153.125	0.137292176485062	
3156.25	0.305312693119049	3156.25	0.13750085234642	
3159.375	0.305391043424606	3159.375	0.135860919952393	
3162.5	0.305173128843308	3162.5	0.136337101459503	
3165.625	0.304997652769089	3165.625	0.136116176843643	
3168.75	0.305992215871811	3168.75	0.136651873588562	
3171.875	0.306008785963058	3171.875	0.136157497763634	
3175	0.307095229625702	3175	0.135351955890656	
3178.125	0.308411210775375	3178.125	0.135651826858521	
3181.25	0.306295275688171	3181.25	0.135333478450775	
3184.375	0.306637614965439	3184.375	0.135268852114677	
3187.5	0.306122273206711	3187.5	0.135289996862411	
3190.625	0.305987626314163	3190.625	0.136179238557816	
3193.75	0.306067109107971	3193.75	0.13619127869606	
3196.875	0.306176334619522	3196.875	0.137392953038216	
3200	0.306961417198181	3200	0.137348026037216	
3203.125	0.307679444551468	3203.125	0.134763956069946	
3206.25	0.305648803710938	3206.25	0.137423098087311	
3209.375	0.305975884199142	3209.375	0.136310577392578	
3212.5	0.305933475494385	3212.5	0.136937946081161	
3215.625	0.307208478450775	3215.625	0.137501016259193	
3218.75	0.306580245494843	3218.75	0.135868161916733	
3221.875	0.304644048213959	3221.875	0.134672194719315	
3225	0.305547386407852	3225	0.135914519429207	
3228.125	0.303955286741257	3228.125	0.138787135481834	
3231.25	0.304237276315689	3231.25	0.137089297175407	
3234.375	0.304865181446075	3234.375	0.137040287256241	
3237.5	0.305179923772812	3237.5	0.139905646443367	
3240.625	0.304719567298889	3240.625	0.136923208832741	
3243.75	0.304491460323334	3243.75	0.137245714664459	
3246.875	0.30399677157402	3246.875	0.137779802083969	
3250	0.30356439948082	3250	0.136466339230537	
3253.125	0.30330890417099	3253.125	0.136938720941544	
3256.25	0.303062379360199	3256.25	0.138211414217949	
3259.375	0.302180916070938	3259.375	0.13870894908905	
3262.5	0.301988035440445	3262.5	0.13780577480793	
3265.625	0.302247583866119	3265.625	0.138047322630882	
3268.75	0.302730560302734	3268.75	0.13800585269928	
3271.875	0.302841573953629	3271.875	0.138318136334419	
3275	0.303810060024261	3275	0.13859598338604	
3278.125	0.303934454917908	3278.125	0.13952611386776	
3281.25	0.303829848766327	3281.25	0.137826770544052	
3284.375	0.303334206342697	3284.375	0.138451680541039	
3287.5	0.302678614854813	3287.5	0.138475850224495	
3290.625	0.302555114030838	3290.625	0.139648616313934	
3293.75	0.303614765405655	3293.75	0.140011951327324	
3296.875	0.302421003580093	3296.875	0.139333710074425	
3300	0.302429497241974	3300	0.139755040407181	
3303.125	0.302892476320267	3303.125	0.140009984374046	
3306.25	0.302224278450012	3306.25	0.139870077371597	
3309.375	0.302596062421799	3309.375	0.140595868229866	
3312.5	0.301024705171585	3312.5	0.140023931860924	
3315.625	0.30241596698761	3315.625	0.140947878360748	
3318.75	0.301771581172943	3318.75	0.14131797850132	
3321.875	0.301325410604477	3321.875	0.140729054808617	
3325	0.301429718732834	3325	0.141478329896927	
3328.125	0.30097159743309	3328.125	0.141357496380806	
3331.25	0.301951825618744	3331.25	0.141540125012398	
3334.375	0.300937592983246	3334.375	0.143261715769768	
3337.5	0.302052348852158	3337.5	0.139916628599167	
3340.625	0.301019608974457	3340.625	0.141127184033394	
3343.75	0.300741612911224	3343.75	0.140628784894943	
3346.875	0.300934016704559	3346.875	0.140009894967079	
3350	0.300159633159637	3350	0.14080223441124	
3353.125	0.300013840198517	3353.125	0.142506271600723	
3356.25	0.301147282123566	3356.25	0.140156716108322	
3359.375	0.300439864397049	3359.375	0.141731306910515	
3362.5	0.299579620361328	3362.5	0.142057567834854	
3365.625	0.298686891794205	3365.625	0.141799658536911	
3368.75	0.299465328454971	3368.75	0.142576172947884	
3371.875	0.299587428569794	3371.875	0.143176734447479	
3375	0.30027037858963	3375	0.142706170678139	
3378.125	0.299750179052353	3378.125	0.144220113754272	
3381.25	0.29903706908226	3381.25	0.142208784818649	
3384.375	0.299125969409943	3384.375	0.142497822642326	
3387.5	0.299198985099792	3387.5	0.143502905964851	
3390.625	0.298693180084229	3390.625	0.143672153353691	
3393.75	0.298862457275391	3393.75	0.143123209476471	
3396.875	0.299071073532104	3396.875	0.144253805279732	
3400	0.300047636032104	3400	0.144696548581123	
3403.125	0.299787014722824	3403.125	0.143731027841568	
3406.25	0.298364490270615	3406.25	0.144217431545258	
3409.375	0.298174530267715	3409.375	0.143728792667389	
3412.5	0.29706472158432	3412.5	0.142957955598831	
3415.625	0.297132283449173	3415.625	0.143175661563873	
3418.75	0.298242747783661	3418.75	0.144361406564713	
3421.875	0.297725588083267	3421.875	0.144453570246696	
3425	0.29663422703743	3425	0.144176945090294	
3428.125	0.296757489442825	3428.125	0.144290149211884	
3431.25	0.296893537044525	3431.25	0.144967287778854	
3434.375	0.296141117811203	3434.375	0.144331514835358	
3437.5	0.296716094017029	3437.5	0.144261881709099	
3440.625	0.296136111021042	3440.625	0.144667357206345	
3443.75	0.29523104429245	3443.75	0.144259586930275	
3446.875	0.295702874660492	3446.875	0.144273146986961	
3450	0.296098530292511	3450	0.144729912281036	
3453.125	0.295473545789719	3453.125	0.145006358623505	
3456.25	0.294430375099182	3456.25	0.145353272557259	
3459.375	0.295907348394394	3459.375	0.145213335752487	
3462.5	0.295523643493652	3462.5	0.145446807146072	
3465.625	0.293895035982132	3465.625	0.145306274294853	
3468.75	0.295192122459412	3468.75	0.14667896926403	
3471.875	0.293577700853348	3471.875	0.145653605461121	
3475	0.293084681034088	3475	0.146753892302513	
3478.125	0.294002532958984	3478.125	0.145451813936234	
3481.25	0.293304234743118	3481.25	0.146425873041153	
3484.375	0.292241781949997	3484.375	0.14621302485466	
3487.5	0.292085587978363	3487.5	0.145754590630531	
3490.625	0.294745355844498	3490.625	0.145014822483063	
3493.75	0.293569326400757	3493.75	0.146160364151001	
3496.875	0.292853236198425	3496.875	0.146451786160469	
3500	0.292680531740189	3500	0.145989641547203	
3503.125	0.292183071374893	3503.125	0.148132681846619	
3506.25	0.293216407299042	3506.25	0.145894944667816	
3509.375	0.291956692934036	3509.375	0.146567523479462	
3512.5	0.291461676359177	3512.5	0.146903216838837	
3515.625	0.290778279304504	3515.625	0.146565675735474	
3518.75	0.290739864110947	3518.75	0.147251337766647	
3521.875	0.290062576532364	3521.875	0.148922249674797	
3525	0.288773536682129	3525	0.147194340825081	
3528.125	0.289093196392059	3528.125	0.14793860912323	
3531.25	0.290148824453354	3531.25	0.148621499538422	
3534.375	0.289338827133179	3534.375	0.148361250758171	
3537.5	0.290086597204208	3537.5	0.147690325975418	
3540.625	0.289664000272751	3540.625	0.147623956203461	
3543.75	0.28950646519661	3543.75	0.147564008831978	
3546.875	0.289641678333282	3546.875	0.148355334997177	
3550	0.287857681512833	3550	0.148155018687248	
3553.125	0.289504379034042	3553.125	0.148597210645676	
3556.25	0.290037542581558	3556.25	0.148991584777832	
3559.375	0.290801197290421	3559.375	0.14863508939743	
3562.5	0.289535909891129	3562.5	0.148518219590187	
3565.625	0.289269894361496	3565.625	0.147730156779289	
3568.75	0.287652432918549	3568.75	0.14746718108654	
3571.875	0.287586659193039	3571.875	0.14776349067688	
3575	0.286435842514038	3575	0.148320749402046	
3578.125	0.286884218454361	3578.125	0.147643610835075	
3581.25	0.287951320409775	3581.25	0.148142442107201	
3584.375	0.2865369617939	3584.375	0.14854222536087	
3587.5	0.285963773727417	3587.5	0.148120567202568	
3590.625	0.286139369010925	3590.625	0.14902101457119	
3593.75	0.285489618778229	3593.75	0.148064374923706	
3596.875	0.28570157289505	3596.875	0.148590907454491	
3600	0.284531354904175	3600	0.148821219801903	
3603.125	0.284024208784103	3603.125	0.149805620312691	
3606.25	0.283096879720688	3606.25	0.148695155978203	
3609.375	0.283814638853073	3609.375	0.148961395025253	
3612.5	0.283602893352509	3612.5	0.150158897042274	
3615.625	0.28372785449028	3615.625	0.148884177207947	
3618.75	0.28291580080986	3618.75	0.150166407227516	
3621.875	0.282287627458572	3621.875	0.150055468082428	
3625	0.281909346580505	3625	0.150268778204918	
3628.125	0.282114207744598	3628.125	0.149959921836853	
3631.25	0.281792372465134	3631.25	0.149379134178162	
3634.375	0.281032770872116	3634.375	0.150511160492897	
3637.5	0.280476361513138	3637.5	0.149552807211876	
3640.625	0.281124949455261	3640.625	0.149575904011726	
3643.75	0.28112405538559	3643.75	0.149870693683624	
3646.875	0.28044992685318	3646.875	0.150263369083405	
3650	0.280400276184082	3650	0.150601804256439	
3653.125	0.280445128679276	3653.125	0.151000991463661	
3656.25	0.280436843633652	3656.25	0.150532260537148	
3659.375	0.279884874820709	3659.375	0.149461969733238	
3662.5	0.279773384332657	3662.5	0.151194348931313	
3665.625	0.279772639274597	3665.625	0.150098830461502	
3668.75	0.278217971324921	3668.75	0.150429129600525	
3671.875	0.278479397296906	3671.875	0.150403693318367	
3675	0.277678579092026	3675	0.150254100561142	
3678.125	0.277437418699265	3678.125	0.150262892246246	
3681.25	0.277896106243134	3681.25	0.150093168020248	
3684.375	0.277730673551559	3684.375	0.151310667395592	
3687.5	0.277038305997849	3687.5	0.150712385773659	
3690.625	0.277108132839203	3690.625	0.14990359544754	
3693.75	0.276435136795044	3693.75	0.150605365633965	
3696.875	0.27482858300209	3696.875	0.150770962238312	
3700	0.275923520326614	3700	0.150837540626526	
3703.125	0.274551689624786	3703.125	0.150028899312019	
3706.25	0.274211674928665	3706.25	0.150651440024376	
3709.375	0.274290442466736	3709.375	0.151282742619514	
3712.5	0.274787932634354	3712.5	0.150531947612762	
3715.625	0.275234043598175	3715.625	0.151271358132362	
3718.75	0.274193674325943	3718.75	0.150849163532257	
3721.875	0.275206506252289	3721.875	0.151983574032784	
3725	0.272794544696808	3725	0.151512667536736	
3728.125	0.272514343261719	3728.125	0.149710059165955	
3731.25	0.273427367210388	3731.25	0.150129407644272	
3734.375	0.272562801837921	3734.375	0.151267066597939	
3737.5	0.271221041679382	3737.5	0.150494337081909	
3740.625	0.271257430315018	3740.625	0.150375530123711	
3743.75	0.27172178030014	3743.75	0.150492429733276	
3746.875	0.271934181451797	3746.875	0.150637269020081	
3750	0.270924180746078	3750	0.151504069566727	
3753.125	0.271235942840576	3753.125	0.150386482477188	
3756.25	0.270840913057327	3756.25	0.150830253958702	
3759.375	0.269835233688354	3759.375	0.150066345930099	
3762.5	0.269807904958725	3762.5	0.150260150432587	
3765.625	0.269290506839752	3765.625	0.149851053953171	
3768.75	0.269765883684158	3768.75	0.150459229946136	
3771.875	0.269281506538391	3771.875	0.150492563843727	
3775	0.269375622272491	3775	0.150049313902855	
3778.125	0.268965482711792	3778.125	0.151187881827354	
3781.25	0.267753601074219	3781.25	0.149499699473381	
3784.375	0.267258882522583	3784.375	0.149729669094086	
3787.5	0.266576111316681	3787.5	0.149105399847031	
3790.625	0.266516983509064	3790.625	0.149534970521927	
3793.75	0.267499297857285	3793.75	0.15097850561142	
3796.875	0.266187518835068	3796.875	0.151551648974419	
3800	0.266675889492035	3800	0.147052600979805	
3803.125	0.26616495847702	3803.125	0.148953884840012	
3806.25	0.265526413917542	3806.25	0.149143204092979	
3809.375	0.264646023511887	3809.375	0.148237481713295	
3812.5	0.264117777347565	3812.5	0.148042872548103	
3815.625	0.263477623462677	3815.625	0.148695066571236	
3818.75	0.263854712247849	3818.75	0.14819110929966	
3821.875	0.263199597597122	3821.875	0.147801443934441	
3825	0.261815041303635	3825	0.147233307361603	
3828.125	0.262392044067383	3828.125	0.14826825261116	
3831.25	0.262582272291183	3831.25	0.147904321551323	
3834.375	0.261334449052811	3834.375	0.148030802607536	
3837.5	0.26136526465416	3837.5	0.147360697388649	
3840.625	0.261892974376678	3840.625	0.147224888205528	
3843.75	0.260435909032822	3843.75	0.147011369466782	
3846.875	0.260113954544067	3846.875	0.147219210863113	
3850	0.260655581951141	3850	0.146535933017731	
3853.125	0.261364728212357	3853.125	0.147114157676697	
3856.25	0.260777860879898	3856.25	0.147349715232849	
3859.375	0.260100334882736	3859.375	0.147379502654076	
3862.5	0.259852588176727	3862.5	0.146377369761467	
3865.625	0.259841769933701	3865.625	0.14692959189415	
3868.75	0.258900225162506	3868.75	0.147364601492882	
3871.875	0.257642775774002	3871.875	0.145188972353935	
3875	0.258219391107559	3875	0.145734325051308	
3878.125	0.257883787155151	3878.125	0.146050721406937	
3881.25	0.257076054811478	3881.25	0.145300164818764	
3884.375	0.255524605512619	3884.375	0.144682079553604	
3887.5	0.25684067606926	3887.5	0.144569650292397	
3890.625	0.255957782268524	3890.625	0.144904285669327	
3893.75	0.256349802017212	3893.75	0.145332023501396	
3896.875	0.254071980714798	3896.875	0.145574316382408	
3900	0.254029870033264	3900	0.143875628709793	
3903.125	0.25473341345787	3903.125	0.14557372033596	
3906.25	0.254252582788467	3906.25	0.145071685314178	
3909.375	0.253919214010239	3909.375	0.144833967089653	
3912.5	0.253848195075989	3912.5	0.145444259047508	
3915.625	0.252708047628403	3915.625	0.145074024796486	
3918.75	0.253547877073288	3918.75	0.143843084573746	
3921.875	0.252779245376587	3921.875	0.144661799073219	
3925	0.252585172653198	3925	0.144091457128525	
3928.125	0.25174206495285	3928.125	0.143605008721352	
3931.25	0.25150853395462	3931.25	0.143553704023361	
3934.375	0.250477075576782	3934.375	0.142953425645828	
3937.5	0.250977098941803	3937.5	0.142544612288475	
3940.625	0.250761687755585	3940.625	0.143003061413765	
3943.75	0.250340074300766	3943.75	0.143741086125374	
3946.875	0.249678015708923	3946.875	0.1431914716959	
3950	0.249996572732925	3950	0.143512919545174	
3953.125	0.250077128410339	3953.125	0.142928153276443	
3956.25	0.24968546628952	3956.25	0.141821965575218	
3959.375	0.249592646956444	3959.375	0.142681986093521	
3962.5	0.248404458165169	3962.5	0.143657460808754	
3965.625	0.249213844537735	3965.625	0.14215612411499	
3968.75	0.248116999864578	3968.75	0.14222814142704	
3971.875	0.247518688440323	3971.875	0.142312183976173	
3975	0.247681796550751	3975	0.141816690564156	
3978.125	0.246721178293228	3978.125	0.141657844185829	
3981.25	0.247112408280373	3981.25	0.142674967646599	
3984.375	0.248233079910278	3984.375	0.140907928347588	
3987.5	0.24751053750515	3987.5	0.140763774514198	
3990.625	0.247286021709442	3990.625	0.141387537121773	
3993.75	0.246576696634293	3993.75	0.142035692930222	
3996.875	0.245822042226791	3996.875	0.140974774956703	
4000	0.246590167284012	4000	0.140566751360893	
4003.125	0.245318114757538	4003.125	0.140788391232491	
4006.25	0.246662244200706	4006.25	0.140355587005615	
4009.375	0.246141284704208	4009.375	0.139949694275856	
4012.5	0.246167495846748	4012.5	0.140454471111298	
4015.625	0.24554754793644	4015.625	0.139593452215195	
4018.75	0.245169132947922	4018.75	0.140839174389839	
4021.875	0.245210081338882	4021.875	0.138645395636559	
4025	0.245100781321526	4025	0.13915254175663	
4028.125	0.246150642633438	4028.125	0.139270797371864	
4031.25	0.245127320289612	4031.25	0.139160722494125	
4034.375	0.244393393397331	4034.375	0.137618616223335	
4037.5	0.243701130151749	4037.5	0.138584464788437	
4040.625	0.243573799729347	4040.625	0.1383907943964	
4043.75	0.24322335422039	4043.75	0.137649908661842	
4046.875	0.244974434375763	4046.875	0.13905693590641	
4050	0.244754776358604	4050	0.138458698987961	
4053.125	0.244464129209518	4053.125	0.138937935233116	
4056.25	0.24339385330677	4056.25	0.137488767504692	
4059.375	0.243246749043465	4059.375	0.135592713952065	
4062.5	0.244320601224899	4062.5	0.136700302362442	
4065.625	0.242573097348213	4065.625	0.136552944779396	
4068.75	0.243258446455002	4068.75	0.136000826954842	
4071.875	0.24285663664341	4071.875	0.1365827023983	
4075	0.243191465735435	4075	0.13693206012249	
4078.125	0.243038609623909	4078.125	0.135647520422935	
4081.25	0.242943987250328	4081.25	0.135387822985649	
4084.375	0.242719918489456	4084.375	0.136516749858856	
4087.5	0.243212878704071	4087.5	0.135678738355637	
4090.625	0.243008702993393	4090.625	0.135444179177284	
4093.75	0.241858452558517	4093.75	0.13545298576355	
4096.875	0.242094323039055	4096.875	0.135275319218636	
4100	0.241266891360283	4100	0.134639397263527	
4103.125	0.241446956992149	4103.125	0.135199382901192	
4106.25	0.242120191454887	4106.25	0.134452134370804	
4109.375	0.242267221212387	4109.375	0.135353580117226	
4112.5	0.241147622466087	4112.5	0.133931592106819	
4115.625	0.242393180727959	4115.625	0.134853348135948	
4118.75	0.242057174444199	4118.75	0.13485686480999	
4121.875	0.240467995405197	4121.875	0.133742123842239	
4125	0.241250798106194	4125	0.133527114987373	
4128.125	0.241576537489891	4128.125	0.133751586079597	
4131.25	0.241758421063423	4131.25	0.134522676467896	
4134.375	0.242227673530579	4134.375	0.133552893996239	
4137.5	0.240500345826149	4137.5	0.134400740265846	
4140.625	0.241751983761787	4140.625	0.133354306221008	
4143.75	0.2420943826437	4143.75	0.13303354382515	
4146.875	0.242657572031021	4146.875	0.133316680788994	
4150	0.242037028074265	4150	0.133602127432823	
4153.125	0.240250945091248	4153.125	0.133444383740425	
4156.25	0.24079056084156	4156.25	0.132362529635429	
4159.375	0.239963948726654	4159.375	0.133309572935104	
4162.5	0.239804431796074	4162.5	0.132162302732468	
4165.625	0.239706292748451	4165.625	0.131915286183357	
4168.75	0.239931672811508	4168.75	0.133087396621704	
4171.875	0.24073925614357	4171.875	0.133328154683113	
4175	0.240311205387115	4175	0.13335707783699	
4178.125	0.240442916750908	4178.125	0.132121384143829	
4181.25	0.241436809301376	4181.25	0.131711170077324	
4184.375	0.240225568413734	4184.375	0.132035225629807	
4187.5	0.238789916038513	4187.5	0.131241485476494	
4190.625	0.2398282289505	4190.625	0.131496280431747	
4193.75	0.239493772387505	4193.75	0.131926402449608	
4196.875	0.239005878567696	4196.875	0.130475789308548	
4200	0.238090544939041	4200	0.131328865885735	
4203.125	0.238899275660515	4203.125	0.131774052977562	
4206.25	0.23862998187542	4206.25	0.132020130753517	
4209.375	0.239399343729019	4209.375	0.132201939821243	
4212.5	0.239052504301071	4212.5	0.131953984498978	
4215.625	0.238944873213768	4215.625	0.130952715873718	
4218.75	0.23945252597332	4218.75	0.131332397460938	
4221.875	0.238995224237442	4221.875	0.133018374443054	
4225	0.239481866359711	4225	0.131557002663612	
4228.125	0.238847643136978	4228.125	0.131212070584297	
4231.25	0.238447815179825	4231.25	0.130991399288177	
4234.375	0.239297956228256	4234.375	0.131559699773788	
4237.5	0.240530207753181	4237.5	0.131979316473007	
4240.625	0.239566251635551	4240.625	0.132560774683952	
4243.75	0.239534825086594	4243.75	0.132053077220917	
4246.875	0.239056006073952	4246.875	0.131639614701271	
4250	0.238509505987167	4250	0.131052955985069	
4253.125	0.23708464205265	4253.125	0.131869748234749	
4256.25	0.237918987870216	4256.25	0.130496546626091	
4259.375	0.237570777535439	4259.375	0.131400585174561	
4262.5	0.236988097429276	4262.5	0.131663963198662	
4265.625	0.23767651617527	4265.625	0.131225556135178	
4268.75	0.23774978518486	4268.75	0.132135614752769	
4271.875	0.236917749047279	4271.875	0.130067616701126	
4275	0.238364353775978	4275	0.130835309624672	
4278.125	0.237746864557266	4278.125	0.131306990981102	
4281.25	0.238457232713699	4281.25	0.131475195288658	
4284.375	0.236193209886551	4284.375	0.131263583898544	
4287.5	0.23522013425827	4287.5	0.130519270896912	
4290.625	0.236940503120422	4290.625	0.131231263279915	
4293.75	0.238240152597427	4293.75	0.130311459302902	
4296.875	0.237392082810402	4296.875	0.131032466888428	
4300	0.236630618572235	4300	0.130760923027992	
4303.125	0.237055733799934	4303.125	0.131274506449699	
4306.25	0.236551910638809	4306.25	0.132693454623222	
4309.375	0.237007066607475	4309.375	0.132089778780937	
4312.5	0.236883759498596	4312.5	0.131762057542801	
4315.625	0.235939934849739	4315.625	0.131726235151291	
4318.75	0.235589072108269	4318.75	0.132140949368477	
4321.875	0.235050022602081	4321.875	0.130947768688202	
4325	0.235868498682976	4325	0.131365388631821	
4328.125	0.235667005181313	4328.125	0.131574615836143	
4331.25	0.233815416693687	4331.25	0.131440982222557	
4334.375	0.234691381454468	4334.375	0.130240127444267	
4337.5	0.23569743335247	4337.5	0.130976736545563	
4340.625	0.234265148639679	4340.625	0.130592942237854	
4343.75	0.233327642083168	4343.75	0.132420524954796	
4346.875	0.234539046883583	4346.875	0.132531821727753	
4350	0.23366579413414	4350	0.132014021277428	
4353.125	0.23454661667347	4353.125	0.130411356687546	
4356.25	0.234119445085526	4356.25	0.131552085280418	
4359.375	0.233046293258667	4359.375	0.132210418581963	
4362.5	0.233455076813698	4362.5	0.130723908543587	
4365.625	0.232631757855415	4365.625	0.130762025713921	
4368.75	0.232966512441635	4368.75	0.130333006381989	
4371.875	0.230926364660263	4371.875	0.131123095750809	
4375	0.231953397393227	4375	0.131934881210327	
4378.125	0.231166079640388	4378.125	0.130964815616608	
4381.25	0.230885103344917	4381.25	0.129816502332687	
4384.375	0.232529744505882	4384.375	0.131276473402977	
4387.5	0.230862811207771	4387.5	0.131447911262512	
4390.625	0.23156875371933	4390.625	0.131978824734688	
4393.75	0.230466187000275	4393.75	0.131861239671707	
4396.875	0.231297373771667	4396.875	0.132622420787811	
4400	0.231094390153885	4400	0.130945280194283	
4403.125	0.229047998785973	4403.125	0.131884455680847	
4406.25	0.229619666934013	4406.25	0.131333261728287	
4409.375	0.230174705386162	4409.375	0.131389647722244	
4412.5	0.2282644957304	4412.5	0.131365790963173	
4415.625	0.227429315447807	4415.625	0.130681976675987	
4418.75	0.227247431874275	4418.75	0.13014543056488	
4421.875	0.227337032556534	4421.875	0.130257368087769	
4425	0.226082995533943	4425	0.130185946822166	
4428.125	0.226619511842728	4428.125	0.130277961492538	
4431.25	0.227259680628777	4431.25	0.129496291279793	
4434.375	0.225879579782486	4434.375	0.129185885190964	
4437.5	0.226569786667824	4437.5	0.130415439605713	
4440.625	0.226332172751427	4440.625	0.130889698863029	
4443.75	0.225667864084244	4443.75	0.129949390888214	
4446.875	0.224621400237083	4446.875	0.12928007543087	
4450	0.223810061812401	4450	0.129808321595192	
4453.125	0.224207043647766	4453.125	0.128904893994331	
4456.25	0.224241107702255	4456.25	0.130715429782867	
4459.375	0.22376874089241	4459.375	0.129591539502144	
4462.5	0.22394061088562	4462.5	0.12920755147934	
4465.625	0.222677499055862	4465.625	0.128776013851166	
4468.75	0.222837179899216	4468.75	0.128008395433426	
4471.875	0.222591862082481	4471.875	0.129618540406227	
4475	0.223932668566704	4475	0.129289954900742	
4478.125	0.22211679816246	4478.125	0.128672882914543	
4481.25	0.221218168735504	4481.25	0.128801941871643	
4484.375	0.219954520463943	4484.375	0.127210363745689	
4487.5	0.222020119428635	4487.5	0.127526983618736	
4490.625	0.220818802714348	4490.625	0.127605974674225	
4493.75	0.219814598560333	4493.75	0.127140253782272	
4496.875	0.219818145036697	4496.875	0.126960635185242	
4500	0.219523727893829	4500	0.127250626683235	
4503.125	0.220074281096458	4503.125	0.12807585299015	
4506.25	0.220087751746178	4506.25	0.126238599419594	
4509.375	0.218156680464745	4509.375	0.126063570380211	
4512.5	0.217547044157982	4512.5	0.125878393650055	
4515.625	0.217076361179352	4515.625	0.125799044966698	
4518.75	0.217377930879593	4518.75	0.126274973154068	
4521.875	0.216946601867676	4521.875	0.125583633780479	
4525	0.216362997889519	4525	0.12536059319973	
4528.125	0.21621635556221	4528.125	0.124019868671894	
4531.25	0.216230735182762	4531.25	0.123599037528038	
4534.375	0.215861529111862	4534.375	0.124669209122658	
4537.5	0.215779110789299	4537.5	0.124560654163361	
4540.625	0.214512199163437	4540.625	0.124659411609173	
4543.75	0.214724645018578	4543.75	0.124007932841778	
4546.875	0.215005844831467	4546.875	0.123728066682816	
4550	0.214941546320915	4550	0.122476205229759	
4553.125	0.213948294520378	4553.125	0.122321613132954	
4556.25	0.213746353983879	4556.25	0.121907532215118	
4559.375	0.213427871465683	4559.375	0.121778890490532	
4562.5	0.213825583457947	4562.5	0.122728392481804	
4565.625	0.213867351412773	4565.625	0.121106468141079	
4568.75	0.212918296456337	4568.75	0.121023245155811	
4571.875	0.212638705968857	4571.875	0.121245011687279	
4575	0.212490066885948	4575	0.120094746351242	
4578.125	0.211938008666039	4578.125	0.119404464960098	
4581.25	0.211570516228676	4581.25	0.119096010923386	
4584.375	0.212163120508194	4584.375	0.119516596198082	
4587.5	0.212142124772072	4587.5	0.118914820253849	
4590.625	0.211977317929268	4590.625	0.117874525487423	
4593.75	0.21251517534256	4593.75	0.117769993841648	
4596.875	0.211693167686462	4596.875	0.11730157583952	
4600	0.211347743868828	4600	0.117838516831398	
4603.125	0.210819661617279	4603.125	0.117577463388443	
4606.25	0.209499597549438	4606.25	0.116851955652237	
4609.375	0.210267335176468	4609.375	0.117044538259506	
4612.5	0.210582748055458	4612.5	0.116128921508789	
4615.625	0.209366053342819	4615.625	0.115889273583889	
4618.75	0.209189891815186	4618.75	0.116004899144173	
4621.875	0.209625944495201	4621.875	0.114442832767963	
4625	0.209230944514275	4625	0.114027984440327	
4628.125	0.209364861249924	4628.125	0.114580430090427	
4631.25	0.208741635084152	4631.25	0.113889917731285	
4634.375	0.208541214466095	4634.375	0.113598302006721	
4637.5	0.208334401249886	4637.5	0.113242320716381	
4640.625	0.207313150167465	4640.625	0.113222621381283	
4643.75	0.207613155245781	4643.75	0.111979693174362	
4646.875	0.207774803042412	4646.875	0.112392358481884	
4650	0.209010973572731	4650	0.112195581197739	
4653.125	0.208505094051361	4653.125	0.111930184066296	
4656.25	0.208018243312836	4656.25	0.11191338300705	
4659.375	0.208398252725601	4659.375	0.111724764108658	
4662.5	0.208152040839195	4662.5	0.112245321273804	
4665.625	0.207587257027626	4665.625	0.112211845815182	
4668.75	0.207959026098251	4668.75	0.111855715513229	
4671.875	0.207940086722374	4671.875	0.111096903681755	
4675	0.207901731133461	4675	0.111288636922836	
4678.125	0.208968311548233	4678.125	0.110342167317867	
4681.25	0.208830669522285	4681.25	0.109839834272861	
4684.375	0.208457186818123	4684.375	0.110054805874825	
4687.5	0.208800882101059	4687.5	0.10987962782383	
4690.625	0.209314227104187	4690.625	0.109525568783283	
4693.75	0.209654971957207	4693.75	0.107148177921772	
4696.875	0.211093604564667	4696.875	0.108894698321819	
4700	0.210299581289291	4700	0.109785944223404	
4703.125	0.210576251149178	4703.125	0.109246470034122	
4706.25	0.20948813855648	4706.25	0.108190774917603	
4709.375	0.21081580221653	4709.375	0.108001790940762	
4712.5	0.211288332939148	4712.5	0.108325749635696	
4715.625	0.210618317127228	4715.625	0.107985690236092	
4718.75	0.211008235812187	4718.75	0.107574924826622	
4721.875	0.211493387818336	4721.875	0.107779160141945	
4725	0.212280288338661	4725	0.107033349573612	
4728.125	0.212902948260307	4728.125	0.106942027807236	
4731.25	0.212636053562164	4731.25	0.107172526419163	
4734.375	0.213053911924362	4734.375	0.107283420860767	
4737.5	0.213530793786049	4737.5	0.106476366519928	
4740.625	0.213075220584869	4740.625	0.106540337204933	
4743.75	0.214196681976318	4743.75	0.105968795716763	
4746.875	0.214806780219078	4746.875	0.105830803513527	
4750	0.214510053396225	4750	0.106196686625481	
4753.125	0.214533761143684	4753.125	0.10587627440691	
4756.25	0.214554831385612	4756.25	0.105225078761578	
4759.375	0.215755522251129	4759.375	0.105988599359989	
4762.5	0.216084256768227	4762.5	0.105793952941895	
4765.625	0.216202065348625	4765.625	0.104715995490551	
4768.75	0.216345995664597	4768.75	0.105450719594955	
4771.875	0.218615889549255	4771.875	0.105729661881924	
4775	0.21766285598278	4775	0.105930477380753	
4778.125	0.218040376901627	4778.125	0.105419762432575	
4781.25	0.21876448392868	4781.25	0.105796083807945	
4784.375	0.218523591756821	4784.375	0.105107702314854	
4787.5	0.218094184994698	4787.5	0.105366759002209	
4790.625	0.218496352434158	4790.625	0.105250626802444	
4793.75	0.218696057796478	4793.75	0.105756588280201	
4796.875	0.219299301505089	4796.875	0.106408916413784	
4800	0.220206171274185	4800	0.106523551046848	
4803.125	0.220738127827644	4803.125	0.106442712247372	
4806.25	0.221706047654152	4806.25	0.105853013694286	
4809.375	0.221930488944054	4809.375	0.105601958930492	
4812.5	0.221025288105011	4812.5	0.105803817510605	
4815.625	0.223669692873955	4815.625	0.105893552303314	
4818.75	0.223703145980835	4818.75	0.106424577534199	
4821.875	0.223954230546951	4821.875	0.10614737123251	
4825	0.224863469600677	4825	0.106808036565781	
4828.125	0.225792437791824	4828.125	0.107061319053173	
4831.25	0.226238563656807	4831.25	0.105718001723289	
4834.375	0.226175427436829	4834.375	0.106059268116951	
4837.5	0.227092146873474	4837.5	0.106604464352131	
4840.625	0.227150470018387	4840.625	0.107164904475212	
4843.75	0.2272569835186	4843.75	0.106806971132755	
4846.875	0.22815103828907	4846.875	0.10744671523571	
4850	0.228119939565659	4850	0.108109787106514	
4853.125	0.228018820285797	4853.125	0.107845567166805	
4856.25	0.228730320930481	4856.25	0.107741236686707	
4859.375	0.2297223508358	4859.375	0.109021686017513	
4862.5	0.230905368924141	4862.5	0.110079847276211	
4865.625	0.231081292033195	4865.625	0.109884761273861	
4868.75	0.231664374470711	4868.75	0.110372595489025	
4871.875	0.231982111930847	4871.875	0.111008673906326	
4875	0.232230499386787	4875	0.110603168606758	
4878.125	0.232861012220383	4878.125	0.110849529504776	
4881.25	0.233094602823257	4881.25	0.110668517649174	
4884.375	0.233280792832375	4884.375	0.111178435385227	
4887.5	0.233778104186058	4887.5	0.112295925617218	
4890.625	0.234218120574951	4890.625	0.112457983195782	
4893.75	0.234538152813911	4893.75	0.112483151257038	
4896.875	0.234322562813759	4896.875	0.113213241100311	
4900	0.234972760081291	4900	0.113676242530346	
4903.125	0.236066251993179	4903.125	0.113833799958229	
4906.25	0.236967280507088	4906.25	0.114428885281086	
4909.375	0.237137690186501	4909.375	0.114824846386909	
4912.5	0.236976966261864	4912.5	0.115228720009327	
4915.625	0.237443640828133	4915.625	0.115301564335823	
4918.75	0.238223060965538	4918.75	0.115872971713543	
4921.875	0.238517686724663	4921.875	0.116461932659149	
4925	0.238269820809364	4925	0.116281300783157	
4928.125	0.237939864397049	4928.125	0.116580121219158	
4931.25	0.238732993602753	4931.25	0.117572046816349	
4934.375	0.23936416208744	4934.375	0.117741964757442	
4937.5	0.239594295620918	4937.5	0.118739075958729	
4940.625	0.240301042795181	4940.625	0.119518473744392	
4943.75	0.240032866597176	4943.75	0.11978380382061	
4946.875	0.239502608776093	4946.875	0.120420224964619	
4950	0.240686193108559	4950	0.121401734650135	
4953.125	0.240719646215439	4953.125	0.121665626764297	
4956.25	0.240153625607491	4956.25	0.121526919305325	
4959.375	0.239932358264923	4959.375	0.122607998549938	
4962.5	0.241194635629654	4962.5	0.123856879770756	
4965.625	0.240613043308258	4965.625	0.12466049939394	
4968.75	0.240307703614235	4968.75	0.124586544930935	
4971.875	0.241309866309166	4971.875	0.12407386302948	
				
