Frequency in Hz	Silk_92_LF Sound Reflection Factor continuous Re	Frequency in Hz	Silk_92_HF Sound Reflection Factor continuous Re	Frequency in Hz	Silk_92_LF Sound Reflection Factor continuous Im	Frequency in Hz	Silk_92_HF Sound Reflection Factor continuous Im	
100	0,945710957050323	556,25	0,734206199645996	100	-0,122835911810398	556,25	-0,0664462000131607	
103,125	0,945192039012909	559,375	0,735164165496826	103,125	-0,118096455931664	559,375	-0,0622972100973129	
106,25	0,943782448768616	562,5	0,738384127616882	106,25	-0,128396853804588	562,5	-0,0641053020954132	
109,375	0,945365786552429	565,625	0,741888582706451	109,375	-0,118296056985855	565,625	-0,0617450624704361	
112,5	0,934067487716675	568,75	0,7352494597435	112,5	-0,131674721837044	568,75	-0,0623832568526268	
115,625	0,924656331539154	571,875	0,734821856021881	115,625	-0,132010459899902	571,875	-0,0604548677802086	
118,75	0,924289524555206	575	0,736335217952728	118,75	-0,130119159817696	575	-0,0612591207027435	
121,875	0,924281060695648	578,125	0,737894356250763	121,875	-0,132447764277458	578,125	-0,0596331655979156	
125	0,922393679618835	581,25	0,734952569007874	125	-0,132045134902	581,25	-0,0560280159115791	
128,125	0,919090211391449	584,375	0,735153615474701	128,125	-0,134051159024239	584,375	-0,0602261312305927	
131,25	0,920411288738251	587,5	0,736443519592285	131,25	-0,147686779499054	587,5	-0,0572289377450943	
134,375	0,915376424789429	590,625	0,736508309841156	134,375	-0,139200419187546	590,625	-0,0580892115831375	
137,5	0,904963374137878	593,75	0,734980165958405	137,5	-0,144169747829437	593,75	-0,0594521872699261	
140,625	0,906474888324738	596,875	0,735031545162201	140,625	-0,136887028813362	596,875	-0,0565135441720486	
143,75	0,899478077888489	600	0,737854838371277	143,75	-0,147370904684067	600	-0,0530562214553356	
146,875	0,901380598545074	603,125	0,736004531383514	146,875	-0,147695407271385	603,125	-0,056707713752985	
150	0,908683657646179	606,25	0,732724606990814	150	-0,144505530595779	606,25	-0,053846575319767	
153,125	0,888906061649323	609,375	0,730467259883881	153,125	-0,150772884488106	609,375	-0,0586833283305168	
156,25	0,892926037311554	612,5	0,732376933097839	156,25	-0,151256218552589	612,5	-0,0539380200207233	
159,375	0,893835306167603	615,625	0,730025827884674	159,375	-0,15178194642067	615,625	-0,0539448596537113	
162,5	0,893274664878845	618,75	0,732286095619202	162,5	-0,150476679205894	618,75	-0,0542861446738243	
165,625	0,893438577651978	621,875	0,729667544364929	165,625	-0,156476512551308	621,875	-0,0544899143278599	
168,75	0,874241888523102	625	0,728004157543182	168,75	-0,153140127658844	625	-0,05124631524086	
171,875	0,872395038604736	628,125	0,73018079996109	171,875	-0,158724829554558	628,125	-0,0537763498723507	
175	0,87515127658844	631,25	0,731080889701843	175	-0,153085514903069	631,25	-0,0513210333883762	
178,125	0,867074549198151	634,375	0,729923963546753	178,125	-0,156303897500038	634,375	-0,0501261912286282	
181,25	0,869131445884705	637,5	0,727505743503571	181,25	-0,153422027826309	637,5	-0,0480992719531059	
184,375	0,864911258220673	640,625	0,728457510471344	184,375	-0,162439674139023	640,625	-0,0503143295645714	
187,5	0,865525603294373	643,75	0,730682849884033	187,5	-0,156742691993713	643,75	-0,0495647490024567	
190,625	0,866492986679077	646,875	0,729296326637268	190,625	-0,15690091252327	646,875	-0,0484029501676559	
193,75	0,860240280628204	650	0,728325426578522	193,75	-0,157645061612129	650	-0,0478294566273689	
196,875	0,855451226234436	653,125	0,730225741863251	196,875	-0,160835936665535	653,125	-0,0470673255622387	
200	0,853231549263	656,25	0,731562554836273	200	-0,15593259036541	656,25	-0,0455619320273399	
203,125	0,848181188106537	659,375	0,73236346244812	203,125	-0,165011569857597	659,375	-0,0486225187778473	
206,25	0,851030170917511	662,5	0,728973686695099	206,25	-0,158041208982468	662,5	-0,0460865534842014	
209,375	0,844780683517456	665,625	0,730796575546265	209,375	-0,160952627658844	665,625	-0,0459401309490204	
212,5	0,850213348865509	668,75	0,729643046855927	212,5	-0,157978922128677	668,75	-0,0451707318425179	
215,625	0,846480488777161	671,875	0,72859400510788	215,625	-0,159580543637276	671,875	-0,0440450198948383	
218,75	0,842465817928314	675	0,728295981884003	218,75	-0,154664486646652	675	-0,0437481254339218	
221,875	0,843175709247589	678,125	0,72599321603775	221,875	-0,167008608579636	678,125	-0,0437921360135078	
225	0,83960098028183	681,25	0,726523458957672	225	-0,158828243613243	681,25	-0,0443135090172291	
228,125	0,832446396350861	684,375	0,727330982685089	228,125	-0,161812022328377	684,375	-0,0422677211463451	
231,25	0,828517496585846	687,5	0,724725842475891	231,25	-0,162434369325638	687,5	-0,0428827069699764	
234,375	0,833469092845917	690,625	0,725341200828552	234,375	-0,159929275512695	690,625	-0,0434601008892059	
237,5	0,828615546226501	693,75	0,72535240650177	237,5	-0,159576818346977	693,75	-0,0412084572017193	
240,625	0,829430937767029	696,875	0,724388778209686	240,625	-0,161712616682053	696,875	-0,0401087664067745	
243,75	0,823527991771698	700	0,727621376514435	243,75	-0,158469647169113	700	-0,039316687732935	
246,875	0,816044926643372	703,125	0,728897094726563	246,875	-0,158474922180176	703,125	-0,0398945435881615	
250	0,818573117256165	706,25	0,726257503032684	250	-0,164843156933784	706,25	-0,0421209968626499	
253,125	0,818066656589508	709,375	0,725232243537903	253,125	-0,156690090894699	709,375	-0,0403550378978252	
256,25	0,810753107070923	712,5	0,728310465812683	256,25	-0,157812386751175	712,5	-0,042096596211195	
259,375	0,807393968105316	715,625	0,726186454296112	259,375	-0,161820501089096	715,625	-0,0401111282408237	
262,5	0,816655814647675	718,75	0,72327995300293	262,5	-0,159791260957718	718,75	-0,0398275405168533	
265,625	0,814367651939392	721,875	0,726602137088776	265,625	-0,160174250602722	721,875	-0,0397572107613087	
268,75	0,813718020915985	725	0,725811719894409	268,75	-0,159018158912659	725	-0,0389633290469646	
271,875	0,806910455226898	728,125	0,724025428295136	271,875	-0,16176150739193	728,125	-0,0379727892577648	
275	0,797492563724518	731,25	0,72845721244812	275	-0,157437860965729	731,25	-0,0400782227516174	
278,125	0,798014998435974	734,375	0,725971102714539	278,125	-0,155481562018394	734,375	-0,038587998598814	
281,25	0,801756978034973	737,5	0,725290775299072	281,25	-0,164489164948463	737,5	-0,0372443497180939	
284,375	0,800444304943085	740,625	0,724832653999329	284,375	-0,161374717950821	740,625	-0,0390802174806595	
287,5	0,794392704963684	743,75	0,724965155124664	287,5	-0,158554345369339	743,75	-0,0385926850140095	
290,625	0,792988955974579	746,875	0,726382613182068	290,625	-0,160628288984299	746,875	-0,0367305465042591	
293,75	0,794355750083923	750	0,723019659519196	293,75	-0,161007404327393	750	-0,0387794859707356	
296,875	0,799056649208069	753,125	0,722976624965668	296,875	-0,163036420941353	753,125	-0,0369524620473385	
300	0,786418855190277	756,25	0,723229289054871	300	-0,164619818329811	756,25	-0,0357291251420975	
303,125	0,780618488788605	759,375	0,724744617938995	303,125	-0,155789107084274	759,375	-0,0373400673270226	
306,25	0,769577860832214	762,5	0,72285658121109	306,25	-0,171482592821121	762,5	-0,036594096571207	
309,375	0,771952986717224	765,625	0,723059713840485	309,375	-0,162992462515831	765,625	-0,0347986407577991	
312,5	0,762480080127716	768,75	0,718659520149231	312,5	-0,161537617444992	768,75	-0,0354093946516514	
315,625	0,761415779590607	771,875	0,721372663974762	315,625	-0,158757418394089	771,875	-0,0385025590658188	
318,75	0,763529360294342	775	0,721781015396118	318,75	-0,150942534208298	775	-0,034083679318428	
321,875	0,76510763168335	778,125	0,719101130962372	321,875	-0,141820833086967	778,125	-0,0347868911921978	
325	0,766970694065094	781,25	0,720440685749054	325	-0,139534175395966	781,25	-0,0347967036068439	
328,125	0,774573922157288	784,375	0,721484959125519	328,125	-0,134963408112526	784,375	-0,0359531454741955	
331,25	0,779170215129852	787,5	0,717680037021637	331,25	-0,144070655107498	787,5	-0,0336209908127785	
334,375	0,771859288215637	790,625	0,720140278339386	334,375	-0,140436917543411	790,625	-0,0349928475916386	
337,5	0,776085913181305	793,75	0,719444751739502	337,5	-0,142501592636108	793,75	-0,0332042761147022	
340,625	0,774756491184235	796,875	0,719624042510986	340,625	-0,135276824235916	796,875	-0,0354505777359009	
343,75	0,77026242017746	800	0,718891501426697	343,75	-0,140441313385963	800	-0,0338050797581673	
346,875	0,771775960922241	803,125	0,718917906284332	346,875	-0,147638738155365	803,125	-0,0299480967223644	
350	0,76679652929306	806,25	0,722057402133942	350	-0,143061324954033	806,25	-0,0285011772066355	
353,125	0,767995119094849	809,375	0,721053957939148	353,125	-0,158463269472122	809,375	-0,0293283350765705	
356,25	0,775271594524384	812,5	0,718943119049072	356,25	-0,148722499608994	812,5	-0,0316747166216373	
359,375	0,774435997009277	815,625	0,715275824069977	359,375	-0,144587025046349	815,625	-0,0313473716378212	
362,5	0,764403104782104	818,75	0,717225551605225	362,5	-0,154094368219376	818,75	-0,0310672540217638	
365,625	0,767847776412964	821,875	0,716744899749756	365,625	-0,141551449894905	821,875	-0,0299547091126442	
368,75	0,768065273761749	825	0,718397617340088	368,75	-0,137861892580986	825	-0,0321884714066982	
371,875	0,758150339126587	828,125	0,715068399906158	371,875	-0,137083441019058	828,125	-0,0320750437676907	
375	0,752970695495605	831,25	0,71247398853302	375	-0,152595028281212	831,25	-0,0305393077433109	
378,125	0,758834958076477	834,375	0,714890241622925	378,125	-0,145050704479218	834,375	-0,0281306263059378	
381,25	0,774667143821716	837,5	0,717496454715729	381,25	-0,133965164422989	837,5	-0,0258351545780897	
384,375	0,768705785274506	840,625	0,714734971523285	384,375	-0,136778831481934	840,625	-0,0260733217000961	
387,5	0,759753882884979	843,75	0,716466784477234	387,5	-0,139276310801506	843,75	-0,0299437250941992	
390,625	0,752885043621063	846,875	0,719349563121796	390,625	-0,144990712404251	846,875	-0,0282231960445642	
393,75	0,759114861488342	850	0,715429365634918	393,75	-0,149583756923676	850	-0,0344243496656418	
396,875	0,762421131134033	853,125	0,715502679347992	396,875	-0,146770417690277	853,125	-0,0308881681412458	
400	0,76910662651062	856,25	0,71413254737854	400	-0,139305472373962	856,25	-0,0235336888581514	
403,125	0,759995520114899	859,375	0,710980832576752	403,125	-0,141954720020294	859,375	-0,0223027318716049	
406,25	0,754646360874176	862,5	0,712895393371582	406,25	-0,142290323972702	862,5	-0,025021294131875	
409,375	0,765191912651062	865,625	0,714749932289124	409,375	-0,143193945288658	865,625	-0,0262388456612825	
412,5	0,761269330978394	868,75	0,714644312858582	412,5	-0,141435161232948	868,75	-0,0253286436200142	
415,625	0,747791826725006	871,875	0,716437935829163	415,625	-0,133340656757355	871,875	-0,0263566337525845	
418,75	0,736558377742767	875	0,716877281665802	418,75	-0,134657666087151	875	-0,0253448728471994	
421,875	0,739338874816895	878,125	0,711639583110809	421,875	-0,135194092988968	878,125	-0,0257334373891354	
425	0,74420702457428	881,25	0,712686657905579	425	-0,146589413285255	881,25	-0,0250908862799406	
428,125	0,761647164821625	884,375	0,712365567684174	428,125	-0,129549205303192	884,375	-0,024582963436842	
431,25	0,754711925983429	887,5	0,711417853832245	431,25	-0,119852110743523	887,5	-0,0218203142285347	
434,375	0,73330157995224	890,625	0,712878227233887	434,375	-0,130352407693863	890,625	-0,0221314541995525	
437,5	0,733210563659668	893,75	0,713919818401337	437,5	-0,13165158033371	893,75	-0,021705249324441	
440,625	0,739896655082703	896,875	0,711591184139252	440,625	-0,135045245289803	896,875	-0,0235438328236341	
443,75	0,735709488391876	900	0,713177561759949	443,75	-0,136897072196007	900	-0,0230111218988895	
446,875	0,744466781616211	903,125	0,712731897830963	446,875	-0,131605893373489	903,125	-0,0238506477326155	
450	0,74597704410553	906,25	0,708847761154175	450	-0,127990141510963	906,25	-0,0219363961368799	
453,125	0,74133312702179	909,375	0,709120333194733	453,125	-0,136820748448372	909,375	-0,0210990570485592	
456,25	0,731854796409607	912,5	0,711353540420532	456,25	-0,140765890479088	912,5	-0,0232043173164129	
459,375	0,7368084192276	915,625	0,708041429519653	459,375	-0,137616619467735	915,625	-0,0198597889393568	
462,5	0,73901778459549	918,75	0,706401169300079	462,5	-0,140346899628639	918,75	-0,0187108293175697	
465,625	0,741403758525848	921,875	0,708394229412079	465,625	-0,140454635024071	921,875	-0,0242546033114195	
468,75	0,740239083766937	925	0,706500172615051	468,75	-0,132010474801064	925	-0,0236529503017664	
471,875	0,734594166278839	928,125	0,709064304828644	471,875	-0,132935956120491	928,125	-0,0221216697245836	
475	0,744699418544769	931,25	0,712037265300751	475	-0,13920022547245	931,25	-0,0204619374126196	
478,125	0,744088053703308	934,375	0,711844265460968	478,125	-0,136113911867142	934,375	-0,019765168428421	
481,25	0,736862778663635	937,5	0,713955223560333	481,25	-0,130306854844093	937,5	-0,0230516009032726	
484,375	0,736231744289398	940,625	0,710323393344879	484,375	-0,129917815327644	940,625	-0,0224321763962507	
487,5	0,736160218715668	943,75	0,708372473716736	487,5	-0,128603398799896	943,75	-0,0205345749855042	
490,625	0,738273501396179	946,875	0,708287835121155	490,625	-0,134581819176674	946,875	-0,0196804273873568	
493,75	0,738474130630493	950	0,710233867168427	493,75	-0,133497506380081	950	-0,0183163303881884	
496,875	0,731036305427551	953,125	0,708241760730743	496,875	-0,136946603655815	953,125	-0,0194210316985846	
500	0,733988285064697	956,25	0,705967485904694	500	-0,130282342433929	956,25	-0,0191002860665321	
503,125	0,733895301818848	959,375	0,705398976802826	503,125	-0,128954812884331	959,375	-0,0198407713323832	
506,25	0,73713093996048	962,5	0,705099105834961	506,25	-0,129863902926445	962,5	-0,0210480615496635	
509,375	0,736481428146362	965,625	0,70501035451889	509,375	-0,130360901355743	965,625	-0,0184146724641323	
512,5	0,733665764331818	968,75	0,707635343074799	512,5	-0,129564702510834	968,75	-0,01646956987679	
515,625	0,729671955108643	971,875	0,706107556819916	515,625	-0,130562305450439	971,875	-0,019675986841321	
518,75	0,73858767747879	975	0,704529404640198	518,75	-0,134991988539696	975	-0,0210182070732117	
521,875	0,739701807498932	978,125	0,705721437931061	521,875	-0,134952798485756	978,125	-0,0190533138811588	
525	0,731764912605286	981,25	0,702855169773102	525	-0,134505644440651	981,25	-0,0200119316577911	
528,125	0,732884705066681	984,375	0,705409348011017	528,125	-0,129505008459091	984,375	-0,0183440968394279	
531,25	0,734960496425629	987,5	0,705555558204651	531,25	-0,129395619034767	987,5	-0,0163617189973593	
534,375	0,735505223274231	990,625	0,704620718955994	534,375	-0,126466751098633	990,625	-0,0182641334831715	
537,5	0,734110713005066	993,75	0,707450270652771	537,5	-0,12575201690197	993,75	-0,0179428029805422	
540,625	0,736780285835266	996,875	0,704009473323822	540,625	-0,125641345977783	996,875	-0,016723008826375	
543,75	0,734064519405365	1000	0,703708171844482	543,75	-0,130493938922882	1000	-0,0169614125043154	
546,875	0,729174673557281	1003,125	0,704249262809753	546,875	-0,128165990114212	1003,125	-0,015871224924922	
550	0,732760190963745	1006,25	0,702273547649384	550	-0,132098615169525	1006,25	-0,0158192366361618	
553,125	0,734107553958893	1009,375	0,702771604061127	553,125	-0,125758036971092	1009,375	-0,0154589023441076	
556,25	0,726212561130524	1012,5	0,704003989696503	556,25	-0,131936997175217	1012,5	-0,0157138574868441	
559,375	0,726765930652618	1015,625	0,69926917552948	559,375	-0,128881424665451	1015,625	-0,0141194304451346	
562,5	0,731926620006561	1018,75	0,701639473438263	562,5	-0,130639463663101	1018,75	-0,0179551970213652	
565,625	0,735009133815765	1021,875	0,701912045478821	565,625	-0,127592250704765	1021,875	-0,0147975077852607	
568,75	0,727821230888367	1025	0,702313661575317	568,75	-0,128949984908104	1025	-0,0159938354045153	
571,875	0,726465284824371	1028,125	0,701093554496765	571,875	-0,127641588449478	1028,125	-0,0145877553150058	
575	0,729065954685211	1031,25	0,70209538936615	575	-0,1293133944273	1031,25	-0,014635955914855	
578,125	0,731233417987823	1034,375	0,701977074146271	578,125	-0,12838576734066	1034,375	-0,013425157405436	
581,25	0,727742373943329	1037,5	0,701253056526184	581,25	-0,125378161668777	1037,5	-0,016050398349762	
584,375	0,728768825531006	1040,625	0,700715482234955	584,375	-0,13007877767086	1040,625	-0,0147777702659369	
587,5	0,729381442070007	1043,75	0,699727535247803	587,5	-0,127009943127632	1043,75	-0,0147943617776036	
590,625	0,729774355888367	1046,875	0,701016783714294	590,625	-0,127572029829025	1046,875	-0,0129645066335797	
593,75	0,729099750518799	1050	0,700381994247437	593,75	-0,129372745752335	1050	-0,014418812468648	
596,875	0,729268848896027	1053,125	0,70258504152298	596,875	-0,127454206347466	1053,125	-0,0132267102599144	
600	0,731285750865936	1056,25	0,702278971672058	600	-0,124950841069221	1056,25	-0,014871820807457	
603,125	0,729136645793915	1059,375	0,699246168136597	603,125	-0,129484251141548	1059,375	-0,0128803476691246	
606,25	0,727128386497498	1062,5	0,699944138526917	606,25	-0,126091569662094	1062,5	-0,0118440296500921	
609,375	0,723651885986328	1065,625	0,700488805770874	609,375	-0,129209116101265	1065,625	-0,0145484618842602	
612,5	0,724756717681885	1068,75	0,699223697185516	612,5	-0,126708492636681	1068,75	-0,013422722928226	
615,625	0,722728252410889	1071,875	0,699520111083984	615,625	-0,127069115638733	1071,875	-0,0124250566586852	
618,75	0,725078940391541	1075	0,6984903216362	618,75	-0,127334907650948	1075	-0,0128637524321675	
621,875	0,723025739192963	1078,125	0,69879162311554	621,875	-0,127959787845612	1078,125	-0,0130196874961257	
625	0,722999751567841	1081,25	0,697434186935425	625	-0,126064494252205	1081,25	-0,0114282676950097	
628,125	0,724919855594635	1084,375	0,696813881397247	628,125	-0,127075105905533	1084,375	-0,0117098009213805	
631,25	0,725065946578979	1087,5	0,696659088134766	631,25	-0,125191316008568	1087,5	-0,0124890217557549	
634,375	0,723963439464569	1090,625	0,696478366851807	634,375	-0,124759696424007	1090,625	-0,0120419878512621	
637,5	0,72237753868103	1093,75	0,696084797382355	637,5	-0,123433440923691	1093,75	-0,0118043934926391	
640,625	0,723546981811523	1096,875	0,696478366851807	640,625	-0,125330582261086	1096,875	-0,0126042412593961	
643,75	0,724839210510254	1100	0,696055054664612	643,75	-0,126043260097504	1100	-0,011348994448781	
646,875	0,724189460277557	1103,125	0,696086525917053	646,875	-0,124773770570755	1103,125	-0,0117790251970291	
650	0,723700761795044	1106,25	0,692973136901855	650	-0,124430827796459	1106,25	-0,0114701436832547	
653,125	0,724511384963989	1109,375	0,693101644515991	653,125	-0,124780602753162	1109,375	-0,0125791681930423	
656,25	0,725759625434875	1112,5	0,696066617965698	656,25	-0,123855151236057	1112,5	-0,0109963351860642	
659,375	0,726674854755402	1115,625	0,69489973783493	659,375	-0,12596707046032	1115,625	-0,0104346433654428	
662,5	0,724371612071991	1118,75	0,693810999393463	662,5	-0,124641552567482	1118,75	-0,0114286262542009	
665,625	0,725652277469635	1121,875	0,693473994731903	665,625	-0,124547466635704	1121,875	-0,0113329254090786	
668,75	0,724746346473694	1125	0,693953275680542	668,75	-0,124035157263279	1125	-0,0102813336998224	
671,875	0,724282801151276	1128,125	0,69374144077301	671,875	-0,123638153076172	1128,125	-0,0100973350927234	
675	0,724442064762115	1131,25	0,693544864654541	675	-0,123461931943893	1131,25	-0,0118627026677132	
678,125	0,723031640052795	1134,375	0,693216979503632	678,125	-0,124328561127186	1134,375	-0,0102719096466899	
681,25	0,723577380180359	1137,5	0,693342208862305	681,25	-0,125080719590187	1137,5	-0,0108328144997358	
684,375	0,723749399185181	1140,625	0,694409251213074	684,375	-0,1237388625741	1140,625	-0,0104937851428986	
687,5	0,722201347351074	1143,75	0,692782402038574	687,5	-0,124668002128601	1143,75	-0,0119602922350168	
690,625	0,722518682479858	1146,875	0,693631112575531	690,625	-0,1250219643116	1146,875	-0,0126452846452594	
693,75	0,72242146730423	1150	0,693191349506378	693,75	-0,12285340577364	1150	-0,0102763222530484	
696,875	0,721208035945892	1153,125	0,692542672157288	696,875	-0,123084351420403	1153,125	-0,00969878025352955	
700	0,723178744316101	1156,25	0,691237151622772	700	-0,123957186937332	1156,25	-0,00932025909423828	
703,125	0,724656879901886	1159,375	0,691631019115448	703,125	-0,124009072780609	1159,375	-0,0103508485481143	
706,25	0,722499907016754	1162,5	0,690695464611053	706,25	-0,125751480460167	1162,5	-0,0107449637725949	
709,375	0,722974419593811	1165,625	0,689751505851746	709,375	-0,12600414454937	1165,625	-0,0105822859331965	
712,5	0,724894106388092	1168,75	0,692174971103668	712,5	-0,12656968832016	1168,75	-0,0100380778312683	
715,625	0,723190367221832	1171,875	0,691509366035461	715,625	-0,125076502561569	1171,875	-0,0116093484684825	
718,75	0,721096634864807	1175	0,691206932067871	718,75	-0,126117050647736	1175	-0,0090764444321394	
721,875	0,724585950374603	1178,125	0,691957473754883	721,875	-0,126679018139839	1178,125	-0,00903316773474216	
725	0,723479866981506	1181,25	0,690947115421295	725	-0,125604316592216	1181,25	-0,00918758288025856	
728,125	0,722046494483948	1184,375	0,690415501594543	728,125	-0,125908643007278	1184,375	-0,0102157648652792	
731,25	0,724489986896515	1187,5	0,689535439014435	731,25	-0,12668813765049	1187,5	-0,00931288674473763	
734,375	0,723238110542297	1190,625	0,686720490455627	734,375	-0,126049160957336	1190,625	-0,00964333396404982	
737,5	0,723579227924347	1193,75	0,685843527317047	737,5	-0,126065596938133	1193,75	-0,00989127531647682	
740,625	0,723727107048035	1196,875	0,686686396598816	740,625	-0,127283066511154	1196,875	-0,0108039136976004	
743,75	0,723513782024384	1200	0,688686430454254	743,75	-0,126906931400299	1200	-0,010266182012856	
746,875	0,724949836730957	1203,125	0,687088787555695	746,875	-0,126531630754471	1203,125	-0,0105709796771407	
750	0,722361207008362	1206,25	0,687840700149536	750	-0,127934545278549	1206,25	-0,00964737962931395	
753,125	0,721510529518127	1209,375	0,685072898864746	753,125	-0,12689533829689	1209,375	-0,0088548306375742	
756,25	0,721362829208374	1212,5	0,685283064842224	756,25	-0,126578390598297	1212,5	-0,0108014000579715	
759,375	0,723873496055603	1215,625	0,687566518783569	759,375	-0,127156466245651	1215,625	-0,00859237462282181	
762,5	0,722539663314819	1218,75	0,686640858650208	762,5	-0,127160757780075	1218,75	-0,0102508226409554	
765,625	0,721486032009125	1221,875	0,686783730983734	765,625	-0,126841366291046	1221,875	-0,0112724099308252	
768,75	0,719010829925537	1225	0,690117001533508	768,75	-0,126771003007889	1225	-0,0109149403870106	
771,875	0,719414353370667	1228,125	0,682860374450684	771,875	-0,129934102296829	1228,125	-0,0109693761914968	
775	0,721793651580811	1231,25	0,682355642318726	775	-0,127297252416611	1231,25	-0,00778937712311745	
778,125	0,717786252498627	1234,375	0,683049261569977	778,125	-0,125571087002754	1234,375	-0,00818622205406427	
781,25	0,720881342887878	1237,5	0,68560391664505	781,25	-0,127182841300964	1237,5	-0,0096953958272934	
784,375	0,721528172492981	1240,625	0,688314378261566	784,375	-0,130217179656029	1240,625	-0,0112090734764934	
787,5	0,716803133487701	1243,75	0,685877859592438	787,5	-0,129078701138496	1243,75	-0,0110327703878284	
790,625	0,720143914222717	1246,875	0,687560260295868	790,625	-0,127951115369797	1246,875	-0,0106534827500582	
793,75	0,719240427017212	1250	0,683703184127808	793,75	-0,126176208257675	1250	-0,0122686168178916	
796,875	0,719422996044159	1253,125	0,682642877101898	796,875	-0,128772750496864	1253,125	-0,0113226417452097	
800	0,719917953014374	1256,25	0,683257460594177	800	-0,12905977666378	1256,25	-0,00994029268622398	
803,125	0,71792083978653	1259,375	0,680733323097229	803,125	-0,12318516522646	1259,375	-0,00840767472982407	
806,25	0,720812916755676	1262,5	0,676776826381683	806,25	-0,124032445251942	1262,5	-0,0144949676468968	
809,375	0,722579061985016	1265,625	0,681550323963165	809,375	-0,125099360942841	1265,625	-0,0137822609394789	
812,5	0,720490157604218	1268,75	0,678843021392822	812,5	-0,127102971076965	1268,75	-0,0128138940781355	
815,625	0,719110250473022	1271,875	0,678370714187622	815,625	-0,127209424972534	1271,875	-0,0127177312970161	
818,75	0,723065912723541	1275	0,679917514324188	818,75	-0,127250909805298	1275	-0,0134255243465304	
821,875	0,719419777393341	1278,125	0,679068744182587	821,875	-0,12617926299572	1278,125	-0,0112219760194421	
825	0,71911746263504	1281,25	0,675936818122864	825	-0,128647103905678	1281,25	-0,0123439216986299	
828,125	0,718243360519409	1284,375	0,677691578865051	828,125	-0,130309358239174	1284,375	-0,0114376917481422	
831,25	0,715918898582459	1287,5	0,678210258483887	831,25	-0,129045486450195	1287,5	-0,0128443809226155	
834,375	0,71784770488739	1290,625	0,677758157253265	834,375	-0,126642167568207	1290,625	-0,0135862166061997	
837,5	0,719950914382935	1293,75	0,674967348575592	837,5	-0,124125622212887	1293,75	-0,0119307432323694	
840,625	0,720556378364563	1296,875	0,6725172996521	840,625	-0,125561520457268	1296,875	-0,0140848513692617	
843,75	0,722639381885529	1300	0,673876583576202	843,75	-0,129376530647278	1300	-0,0145996017381549	
846,875	0,725603103637695	1303,125	0,674418568611145	846,875	-0,129995301365852	1303,125	-0,0142488684505224	
850	0,721144258975983	1306,25	0,673303782939911	850	-0,131807804107666	1306,25	-0,0134985744953156	
853,125	0,720342218875885	1309,375	0,675555527210236	853,125	-0,131856381893158	1309,375	-0,015626884996891	
856,25	0,720726847648621	1312,5	0,676049888134003	856,25	-0,121512040495872	1312,5	-0,0152446134015918	
859,375	0,715130031108856	1315,625	0,67220276594162	859,375	-0,121535055339336	1315,625	-0,0158131066709757	
862,5	0,715800583362579	1318,75	0,670372605323792	862,5	-0,126371592283249	1318,75	-0,01421785261482	
865,625	0,720612049102783	1321,875	0,669957518577576	865,625	-0,126604467630386	1321,875	-0,0171740222722292	
868,75	0,721713364124298	1325	0,670785844326019	868,75	-0,128877848386765	1325	-0,0148202124983072	
871,875	0,723286211490631	1328,125	0,667118310928345	871,875	-0,129692628979683	1328,125	-0,0150864152237773	
875	0,722389698028564	1331,25	0,668215572834015	875	-0,128941506147385	1331,25	-0,0181305911391974	
878,125	0,722553789615631	1334,375	0,669833660125732	878,125	-0,126419499516487	1334,375	-0,0178860481828451	
881,25	0,721392929553986	1337,5	0,669793426990509	881,25	-0,128351479768753	1337,5	-0,0194975081831217	
		1340,625	0,667518377304077			1340,625	-0,0196145605295897	
		1343,75	0,66737312078476			1343,75	-0,0183713287115097	
		1346,875	0,666278481483459			1346,875	-0,0200496166944504	
		1350	0,663604974746704			1350	-0,0206290222704411	
		1353,125	0,665233254432678			1353,125	-0,0215092208236456	
		1356,25	0,667177498340607			1356,25	-0,0232852529734373	
		1359,375	0,664787352085114			1359,375	-0,02376146055758	
		1362,5	0,663921654224396			1362,5	-0,0232567694038153	
		1365,625	0,665443480014801			1365,625	-0,0258028320968151	
		1368,75	0,661689639091492			1368,75	-0,0253194440156221	
		1371,875	0,658273577690125			1371,875	-0,0232489984482527	
		1375	0,657612442970276			1375	-0,0259180571883917	
		1378,125	0,65848970413208			1378,125	-0,0271836202591658	
		1381,25	0,656678378582001			1381,25	-0,0288561023771763	
		1384,375	0,654283463954926			1384,375	-0,0292863436043262	
		1387,5	0,65352201461792			1387,5	-0,0296153016388416	
		1390,625	0,652062475681305			1390,625	-0,0301592629402876	
		1393,75	0,651576519012451			1393,75	-0,0309488289058208	
		1396,875	0,649348556995392			1396,875	-0,0330039411783218	
		1400	0,64819747209549			1400	-0,0346545949578285	
		1403,125	0,645396769046783			1403,125	-0,0355473756790161	
		1406,25	0,643538117408752			1406,25	-0,0360935404896736	
		1409,375	0,640069961547852			1409,375	-0,0389323867857456	
		1412,5	0,640097439289093			1412,5	-0,0393333099782467	
		1415,625	0,637310326099396			1415,625	-0,0406513400375843	
		1418,75	0,634206354618073			1418,75	-0,0437673591077328	
		1421,875	0,634050905704498			1421,875	-0,0457525588572025	
		1425	0,628788113594055			1425	-0,0452191680669785	
		1428,125	0,622609376907349			1428,125	-0,0458511039614677	
		1431,25	0,620117008686066			1431,25	-0,0471434034407139	
		1434,375	0,616309762001038			1434,375	-0,0496077612042427	
		1437,5	0,613043189048767			1437,5	-0,0492243692278862	
		1440,625	0,608444690704346			1440,625	-0,0518941804766655	
		1443,75	0,602980613708496			1443,75	-0,0533640757203102	
		1446,875	0,597617268562317			1446,875	-0,0545820333063602	
		1450	0,590684711933136			1450	-0,0531486086547375	
		1453,125	0,584602296352386			1453,125	-0,0525258034467697	
		1456,25	0,577225804328918			1456,25	-0,0538460575044155	
		1459,375	0,574136734008789			1459,375	-0,0540224052965641	
		1462,5	0,562980949878693			1462,5	-0,0524021238088608	
		1465,625	0,554762065410614			1465,625	-0,0514125116169453	
		1468,75	0,545360922813416			1468,75	-0,0501785799860954	
		1471,875	0,535023152828217			1471,875	-0,0461890175938606	
		1475	0,528497874736786			1475	-0,039990521967411	
		1478,125	0,519816935062408			1478,125	-0,0340007841587067	
		1481,25	0,5079146027565			1481,25	-0,0285840351134539	
		1484,375	0,498986691236496			1484,375	-0,0182353742420673	
		1487,5	0,492118269205093			1487,5	-0,00756062520667911	
		1490,625	0,485844969749451			1490,625	0,00669164629653096	
		1493,75	0,482256293296814			1493,75	0,0188282951712608	
		1496,875	0,476463824510574			1496,875	0,0332379080355167	
		1500	0,475353568792343			1500	0,0475047715008259	
		1503,125	0,476576864719391			1503,125	0,0618063323199749	
		1506,25	0,483817845582962			1506,25	0,0762612447142601	
		1509,375	0,487267732620239			1509,375	0,0890536606311798	
		1512,5	0,491180330514908			1512,5	0,101655729115009	
		1515,625	0,498673379421234			1515,625	0,115117378532887	
		1518,75	0,507506728172302			1518,75	0,124840885400772	
		1521,875	0,515125572681427			1521,875	0,132653266191483	
		1525	0,52666962146759			1525	0,138580977916718	
		1528,125	0,534720242023468			1528,125	0,141763105988503	
		1531,25	0,542922973632813			1531,25	0,146809741854668	
		1534,375	0,553151667118073			1534,375	0,148400992155075	
		1537,5	0,56137490272522			1537,5	0,149694472551346	
		1540,625	0,569514453411102			1540,625	0,152615502476692	
		1543,75	0,576246201992035			1543,75	0,150988280773163	
		1546,875	0,583043336868286			1546,875	0,151125892996788	
		1550	0,59038257598877			1550	0,152038350701332	
		1553,125	0,59464555978775			1553,125	0,14964085817337	
		1556,25	0,600586712360382			1556,25	0,150086730718613	
		1559,375	0,605152368545532			1559,375	0,146102175116539	
		1562,5	0,608892560005188			1562,5	0,145672231912613	
		1565,625	0,611370086669922			1565,625	0,144266188144684	
		1568,75	0,61453902721405			1568,75	0,142164319753647	
		1571,875	0,618585765361786			1571,875	0,141190260648727	
		1575	0,622938275337219			1575	0,139937669038773	
		1578,125	0,624636471271515			1578,125	0,138386905193329	
		1581,25	0,627405405044556			1581,25	0,135633140802383	
		1584,375	0,628178536891937			1584,375	0,134116247296333	
		1587,5	0,629661858081818			1587,5	0,132348522543907	
		1590,625	0,633243083953857			1590,625	0,132681101560593	
		1593,75	0,634261667728424			1593,75	0,132315009832382	
		1596,875	0,636111974716187			1596,875	0,128745004534721	
		1600	0,637198328971863			1600	0,128584131598473	
		1603,125	0,638586521148682			1603,125	0,126704484224319	
		1606,25	0,639930605888367			1606,25	0,12831324338913	
		1609,375	0,64090234041214			1609,375	0,122911930084229	
		1612,5	0,64184695482254			1612,5	0,121938720345497	
		1615,625	0,642237663269043			1615,625	0,12226577848196	
		1618,75	0,642888844013214			1618,75	0,120952434837818	
		1621,875	0,643557488918304			1621,875	0,122155398130417	
		1625	0,642087399959564			1625	0,118192777037621	
		1628,125	0,643452942371368			1628,125	0,118624411523342	
		1631,25	0,643492817878723			1631,25	0,11681791394949	
		1634,375	0,645307719707489			1634,375	0,11703959107399	
		1637,5	0,644295811653137			1637,5	0,114815711975098	
		1640,625	0,649613440036774			1640,625	0,117013402283192	
		1643,75	0,650236546993256			1643,75	0,113841988146305	
		1646,875	0,648839831352234			1646,875	0,11496914178133	
		1650	0,648193717002869			1650	0,113374978303909	
		1653,125	0,648945331573486			1653,125	0,112211115658283	
		1656,25	0,650064766407013			1656,25	0,114117056131363	
		1659,375	0,64886873960495			1659,375	0,11201623827219	
		1662,5	0,647111654281616			1662,5	0,11267102509737	
		1665,625	0,648323535919189			1665,625	0,11419739574194	
		1668,75	0,648710012435913			1668,75	0,112427845597267	
		1671,875	0,647043168544769			1671,875	0,109896130859852	
		1675	0,649729251861572			1675	0,113793052732944	
		1678,125	0,650337398052216			1678,125	0,113065183162689	
		1681,25	0,650495588779449			1681,25	0,113889656960964	
		1684,375	0,651109039783478			1684,375	0,113746643066406	
		1687,5	0,652027368545532			1687,5	0,111686550080776	
		1690,625	0,653533160686493			1690,625	0,115626960992813	
		1693,75	0,653474807739258			1693,75	0,114296451210976	
		1696,875	0,654237508773804			1696,875	0,113748155534267	
		1700	0,657112181186676			1700	0,111912071704865	
		1703,125	0,659207463264465			1703,125	0,109376862645149	
		1706,25	0,658352613449097			1706,25	0,109347991645336	
		1709,375	0,65655130147934			1709,375	0,107217110693455	
		1712,5	0,656684517860413			1712,5	0,105895139276981	
		1715,625	0,657241940498352			1715,625	0,103363744914532	
		1718,75	0,655711352825165			1718,75	0,105315215885639	
		1721,875	0,654996633529663			1721,875	0,104693621397018	
		1725	0,655053853988647			1725	0,104216039180756	
		1728,125	0,65289843082428			1728,125	0,0997876599431038	
		1731,25	0,650121748447418			1731,25	0,102480493485928	
		1734,375	0,650453865528107			1734,375	0,103656105697155	
		1737,5	0,65046888589859			1737,5	0,103796623647213	
		1740,625	0,652765691280365			1740,625	0,104666829109192	
		1743,75	0,646275520324707			1743,75	0,103666551411152	
		1746,875	0,645207285881042			1746,875	0,103786908090115	
		1750	0,648510098457336			1750	0,103674054145813	
		1753,125	0,647425651550293			1753,125	0,101738482713699	
		1756,25	0,647201597690582			1756,25	0,101280629634857	
		1759,375	0,646271049976349			1759,375	0,102174490690231	
		1762,5	0,647421002388			1762,5	0,104224517941475	
		1765,625	0,64701783657074			1765,625	0,10237929224968	
		1768,75	0,647874176502228			1768,75	0,101139813661575	
		1771,875	0,644723951816559			1771,875	0,10442902892828	
		1775	0,64435225725174			1775	0,106337517499924	
		1778,125	0,645856082439423			1778,125	0,104606740176678	
		1781,25	0,646907210350037			1781,25	0,104721948504448	
		1784,375	0,644242107868195			1784,375	0,106163904070854	
		1787,5	0,643844544887543			1787,5	0,10623300075531	
		1790,625	0,644179880619049			1790,625	0,107991844415665	
		1793,75	0,646569967269897			1793,75	0,106452219188213	
		1796,875	0,647625327110291			1796,875	0,104310214519501	
		1800	0,647071063518524			1800	0,107203260064125	
		1803,125	0,645978450775146			1803,125	0,106965348124504	
		1806,25	0,64620167016983			1806,25	0,106368601322174	
		1809,375	0,645509600639343			1809,375	0,107867002487183	
		1812,5	0,646851718425751			1812,5	0,107915677130222	
		1815,625	0,649036765098572			1815,625	0,109122902154922	
		1818,75	0,646540701389313			1818,75	0,109642423689365	
		1821,875	0,645750999450684			1821,875	0,109225459396839	
		1825	0,647803843021393			1825	0,108003653585911	
		1828,125	0,646233975887299			1828,125	0,107839733362198	
		1831,25	0,646296381950378			1831,25	0,108764335513115	
		1834,375	0,648801147937775			1834,375	0,109473787248135	
		1837,5	0,644523799419403			1837,5	0,108756311237812	
		1840,625	0,644522905349731			1840,625	0,10813195258379	
		1843,75	0,64466667175293			1843,75	0,109372444450855	
		1846,875	0,645382940769196			1846,875	0,1080307289958	
		1850	0,648877501487732			1850	0,107148252427578	
		1853,125	0,647712826728821			1853,125	0,107491441071033	
		1856,25	0,645839095115662			1856,25	0,109323769807816	
		1859,375	0,646896064281464			1859,375	0,109707809984684	
		1862,5	0,648307621479034			1862,5	0,109419740736485	
		1865,625	0,648943543434143			1865,625	0,108484908938408	
		1868,75	0,649142265319824			1868,75	0,110008835792542	
		1871,875	0,648815631866455			1871,875	0,108967773616314	
		1875	0,64804470539093			1875	0,109752908349037	
		1878,125	0,64669144153595			1878,125	0,109096556901932	
		1881,25	0,648537337779999			1881,25	0,109538704156876	
		1884,375	0,647906601428986			1884,375	0,110642939805984	
		1887,5	0,648182928562164			1887,5	0,108884125947952	
		1890,625	0,650561511516571			1890,625	0,110435403883457	
		1893,75	0,648179471492767			1893,75	0,107387080788612	
		1896,875	0,648772299289703			1896,875	0,108875297009945	
		1900	0,648745119571686			1900	0,110018521547318	
		1903,125	0,64860212802887			1903,125	0,109549276530743	
		1906,25	0,649747014045715			1906,25	0,109001606702805	
		1909,375	0,649419188499451			1909,375	0,110074155032635	
		1912,5	0,648644030094147			1912,5	0,109822742640972	
		1915,625	0,647787809371948			1915,625	0,107673652470112	
		1918,75	0,649447917938232			1918,75	0,109409123659134	
		1921,875	0,647814989089966			1921,875	0,108155205845833	
		1925	0,648382723331451			1925	0,108227595686913	
		1928,125	0,647252380847931			1928,125	0,108844116330147	
		1931,25	0,648830771446228			1931,25	0,108275108039379	
		1934,375	0,650383114814758			1934,375	0,107330694794655	
		1937,5	0,650806784629822			1937,5	0,108338929712772	
		1940,625	0,651637494564056			1940,625	0,107677645981312	
		1943,75	0,649877488613129			1943,75	0,106241263449192	
		1946,875	0,648139297962189			1946,875	0,10706701874733	
		1950	0,650004386901855			1950	0,105611070990562	
		1953,125	0,649987518787384			1953,125	0,107038505375385	
		1956,25	0,650220334529877			1956,25	0,105757869780064	
		1959,375	0,651855051517487			1959,375	0,106584779918194	
		1962,5	0,650836586952209			1962,5	0,102913439273834	
		1965,625	0,648844957351685			1965,625	0,10394261777401	
		1968,75	0,650392532348633			1968,75	0,104447737336159	
		1971,875	0,652375519275665			1971,875	0,102620407938957	
		1975	0,647924780845642			1975	0,105167500674725	
		1978,125	0,648823618888855			1978,125	0,101704835891724	
		1981,25	0,649746298789978			1981,25	0,101287722587585	
		1984,375	0,64838981628418			1984,375	0,101275704801083	
		1987,5	0,651044011116028			1987,5	0,102246299386024	
		1990,625	0,653879463672638			1990,625	0,0984026566147804	
		1993,75	0,651257812976837			1993,75	0,0980677977204323	
		1996,875	0,650069952011108			1996,875	0,0971655175089836	
		2000	0,650799334049225			2000	0,0980109125375748	
		2003,125	0,649055004119873			2003,125	0,0955478176474571	
		2006,25	0,649272322654724			2006,25	0,096570298075676	
		2009,375	0,647319853305817			2009,375	0,0922446623444557	
		2012,5	0,648158133029938			2012,5	0,0932205691933632	
		2015,625	0,646446645259857			2015,625	0,0930550023913383	
		2018,75	0,645861864089966			2018,75	0,0906428843736649	
		2021,875	0,644841849803925			2021,875	0,0891823619604111	
		2025	0,643697798252106			2025	0,0899081155657768	
		2028,125	0,641945958137512			2028,125	0,088548868894577	
		2031,25	0,642596483230591			2031,25	0,0878109112381935	
		2034,375	0,640456438064575			2034,375	0,0872466862201691	
		2037,5	0,636957466602325			2037,5	0,0867771506309509	
		2040,625	0,639262855052948			2040,625	0,0822988748550415	
		2043,75	0,637907326221466			2043,75	0,0840524509549141	
		2046,875	0,637799084186554			2046,875	0,0836713239550591	
		2050	0,636888384819031			2050	0,0803078189492226	
		2053,125	0,631458520889282			2053,125	0,0844772309064865	
		2056,25	0,629721999168396			2056,25	0,0782892480492592	
		2059,375	0,631532251834869			2059,375	0,0797477215528488	
		2062,5	0,628205478191376			2062,5	0,0826888158917427	
		2065,625	0,624344944953918			2065,625	0,0817161500453949	
		2068,75	0,62537145614624			2068,75	0,0830067917704582	
		2071,875	0,624633073806763			2071,875	0,0817491039633751	
		2075	0,623199224472046			2075	0,0832345113158226	
		2078,125	0,618319690227509			2078,125	0,0838869214057922	
		2081,25	0,61906898021698			2081,25	0,0821348056197166	
		2084,375	0,61840283870697			2084,375	0,0809933766722679	
		2087,5	0,618821382522583			2087,5	0,0814247503876686	
		2090,625	0,617723107337952			2090,625	0,0805898234248161	
		2093,75	0,614700198173523			2093,75	0,0830773338675499	
		2096,875	0,612293303012848			2096,875	0,0843893960118294	
		2100	0,612154841423035			2100	0,0832792073488235	
		2103,125	0,61332494020462			2103,125	0,0855330899357796	
		2106,25	0,612010955810547			2106,25	0,0851094350218773	
		2109,375	0,61094069480896			2109,375	0,0873468667268753	
		2112,5	0,606738924980164			2112,5	0,0848351567983627	
		2115,625	0,607134819030762			2115,625	0,0867308378219604	
		2118,75	0,605871140956879			2118,75	0,0899147465825081	
		2121,875	0,604773819446564			2121,875	0,0910534784197807	
		2125	0,605831921100616			2125	0,0890071913599968	
		2128,125	0,606644630432129			2128,125	0,0890580788254738	
		2131,25	0,60357677936554			2131,25	0,0918985083699226	
		2134,375	0,600393354892731			2134,375	0,091751903295517	
		2137,5	0,601480722427368			2137,5	0,0915457084774971	
		2140,625	0,603135526180267			2140,625	0,0918056666851044	
		2143,75	0,603216171264648			2143,75	0,092087134718895	
		2146,875	0,601288020610809			2146,875	0,0920767858624458	
		2150	0,599945485591888			2150	0,0902862846851349	
		2153,125	0,600732266902924			2153,125	0,0915959551930428	
		2156,25	0,597205758094788			2156,25	0,0942855253815651	
		2159,375	0,59751695394516			2159,375	0,0950765907764435	
		2162,5	0,595802068710327			2162,5	0,094987690448761	
		2165,625	0,5939040184021			2165,625	0,0967209786176682	
		2168,75	0,597759544849396			2168,75	0,0986988171935081	
		2171,875	0,596119344234467			2171,875	0,0970808193087578	
		2175	0,592969477176666			2175	0,0951219573616982	
		2178,125	0,594839334487915			2178,125	0,0951846092939377	
		2181,25	0,592177629470825			2181,25	0,0994558185338974	
		2184,375	0,594553887844086			2184,375	0,10063973069191	
		2187,5	0,593132615089417			2187,5	0,100652679800987	
		2190,625	0,592962861061096			2190,625	0,0984262973070145	
		2193,75	0,591181397438049			2193,75	0,0963048934936523	
		2196,875	0,590788006782532			2196,875	0,0993801131844521	
		2200	0,589669346809387			2200	0,100137837231159	
		2203,125	0,590012192726135			2203,125	0,0982214063405991	
		2206,25	0,588465809822083			2206,25	0,0977639555931091	
		2209,375	0,590578854084015			2209,375	0,0990129336714745	
		2212,5	0,590959191322327			2212,5	0,097823940217495	
		2215,625	0,588389694690704			2215,625	0,0987938493490219	
		2218,75	0,587608873844147			2218,75	0,0998273193836212	
		2221,875	0,588428735733032			2221,875	0,101411491632462	
		2225	0,58913666009903			2225	0,0998225882649422	
		2228,125	0,587689459323883			2228,125	0,0990478843450546	
		2231,25	0,586621344089508			2231,25	0,100373208522797	
		2234,375	0,585339069366455			2234,375	0,0996220260858536	
		2237,5	0,58411031961441			2237,5	0,100711926817894	
		2240,625	0,580790281295776			2240,625	0,1020662561059	
		2243,75	0,58161985874176			2243,75	0,100194536149502	
		2246,875	0,582641899585724			2246,875	0,100991174578667	
		2250	0,581201195716858			2250	0,103287771344185	
		2253,125	0,581445753574371			2253,125	0,0993415638804436	
		2256,25	0,581291258335114			2256,25	0,102652236819267	
		2259,375	0,579071462154388			2259,375	0,102129772305489	
		2262,5	0,580150425434113			2262,5	0,101595275104046	
		2265,625	0,577987551689148			2265,625	0,105190612375736	
		2268,75	0,577914714813232			2268,75	0,10188615322113	
		2271,875	0,575837135314941			2271,875	0,104016356170177	
		2275	0,576726078987122			2275	0,104242205619812	
		2278,125	0,575028479099274			2278,125	0,105903998017311	
		2281,25	0,572575449943542			2281,25	0,102060839533806	
		2284,375	0,572723269462585			2284,375	0,101644188165665	
		2287,5	0,572238683700562			2287,5	0,104268260300159	
		2290,625	0,572936952114105			2290,625	0,104359924793243	
		2293,75	0,571193099021912			2293,75	0,106591776013374	
		2296,875	0,571546018123627			2296,875	0,103763312101364	
		2300	0,570066571235657			2300	0,106109984219074	
		2303,125	0,569197118282318			2303,125	0,105740241706371	
		2306,25	0,56848281621933			2306,25	0,106507018208504	
		2309,375	0,566978335380554			2309,375	0,106464758515358	
		2312,5	0,56578117609024			2312,5	0,107745438814163	
		2315,625	0,564933001995087			2315,625	0,10588277131319	
		2318,75	0,562897443771362			2318,75	0,107586242258549	
		2321,875	0,562235355377197			2321,875	0,108268767595291	
		2325	0,563344895839691			2325	0,107158549129963	
		2328,125	0,56307715177536			2328,125	0,109530456364155	
		2331,25	0,562573134899139			2331,25	0,109644003212452	
		2334,375	0,560411155223846			2334,375	0,110422484576702	
		2337,5	0,55901026725769			2337,5	0,109670497477055	
		2340,625	0,559631824493408			2340,625	0,112292446196079	
		2343,75	0,561552226543427			2343,75	0,11220196634531	
		2346,875	0,558580994606018			2346,875	0,111760474741459	
		2350	0,558090627193451			2350	0,11413799226284	
		2353,125	0,556451201438904			2353,125	0,112382806837559	
		2356,25	0,555151164531708			2356,25	0,113794043660164	
		2359,375	0,556430399417877			2359,375	0,115179352462292	
		2362,5	0,553957998752594			2362,5	0,11530178040266	
		2365,625	0,550974071025848			2365,625	0,114611051976681	
		2368,75	0,553860306739807			2368,75	0,116667002439499	
		2371,875	0,552798509597778			2371,875	0,118933171033859	
		2375	0,551807820796967			2375	0,116968058049679	
		2378,125	0,551324188709259			2378,125	0,118490777909756	
		2381,25	0,550704538822174			2381,25	0,120449602603912	
		2384,375	0,548759818077087			2384,375	0,121990993618965	
		2387,5	0,551351070404053			2387,5	0,118456140160561	
		2390,625	0,550007164478302			2390,625	0,120631769299507	
		2393,75	0,551046669483185			2393,75	0,122683241963387	
		2396,875	0,549228608608246			2396,875	0,124589189887047	
		2400	0,547278642654419			2400	0,122957602143288	
		2403,125	0,547489583492279			2403,125	0,124213449656963	
		2406,25	0,546539545059204			2406,25	0,12370066344738	
		2409,375	0,546854376792908			2409,375	0,124414794147015	
		2412,5	0,546912431716919			2412,5	0,126604899764061	
		2415,625	0,548030436038971			2415,625	0,125236570835114	
		2418,75	0,547073423862457			2418,75	0,125439509749413	
		2421,875	0,548428058624268			2421,875	0,127732157707214	
		2425	0,548403143882751			2425	0,128284066915512	
		2428,125	0,546444833278656			2428,125	0,127259805798531	
		2431,25	0,543903350830078			2431,25	0,126567661762238	
		2434,375	0,544300317764282			2434,375	0,127448245882988	
		2437,5	0,545637965202332			2437,5	0,128389656543732	
		2440,625	0,543789803981781			2440,625	0,128802180290222	
		2443,75	0,543772518634796			2443,75	0,129861891269684	
		2446,875	0,542697846889496			2446,875	0,130174919962883	
		2450	0,542997002601624			2450	0,131129741668701	
		2453,125	0,543303608894348			2453,125	0,131611719727516	
		2456,25	0,54105019569397			2456,25	0,13031330704689	
		2459,375	0,541583061218262			2459,375	0,131071358919144	
		2462,5	0,543008923530579			2462,5	0,131313025951385	
		2465,625	0,53961592912674			2465,625	0,132314875721931	
		2468,75	0,537918329238892			2468,75	0,131279021501541	
		2471,875	0,540033578872681			2471,875	0,13230174779892	
		2475	0,538479924201965			2475	0,133543029427528	
		2478,125	0,538130223751068			2478,125	0,134441792964935	
		2481,25	0,538221001625061			2481,25	0,134828224778175	
		2484,375	0,535660147666931			2484,375	0,135699570178986	
		2487,5	0,535191833972931			2487,5	0,135517567396164	
		2490,625	0,537291944026947			2490,625	0,138246133923531	
		2493,75	0,537392616271973			2493,75	0,137673452496529	
		2496,875	0,53792816400528			2496,875	0,138756275177002	
		2500	0,53542548418045			2500	0,139079198241234	
		2503,125	0,533732414245605			2503,125	0,13816437125206	
		2506,25	0,533147752285004			2506,25	0,140781208872795	
		2509,375	0,533960938453674			2509,375	0,14088186621666	
		2512,5	0,532933592796326			2512,5	0,141452565789223	
		2515,625	0,532895445823669			2515,625	0,143071994185448	
		2518,75	0,532004714012146			2518,75	0,143916934728622	
		2521,875	0,532686114311218			2521,875	0,142092823982239	
		2525	0,533633708953857			2525	0,14555199444294	
		2528,125	0,534790456295013			2528,125	0,144249334931374	
		2531,25	0,533699810504913			2531,25	0,145617201924324	
		2534,375	0,531390249729156			2534,375	0,147490561008453	
		2537,5	0,533621788024902			2537,5	0,144960209727287	
		2540,625	0,533423006534576			2540,625	0,144815757870674	
		2543,75	0,532462656497955			2543,75	0,148810386657715	
		2546,875	0,531950414180756			2546,875	0,149186462163925	
		2550	0,530753135681152			2550	0,148703873157501	
		2553,125	0,53095281124115			2553,125	0,15073636174202	
		2556,25	0,531606495380402			2556,25	0,151086613535881	
		2559,375	0,531188249588013			2559,375	0,150827422738075	
		2562,5	0,529863715171814			2562,5	0,151100650429726	
		2565,625	0,529151558876038			2565,625	0,151111736893654	
		2568,75	0,531499266624451			2568,75	0,151048585772514	
		2571,875	0,530510544776917			2571,875	0,151934787631035	
		2575	0,530545353889465			2575	0,15325640141964	
		2578,125	0,531000077724457			2578,125	0,154404923319817	
		2581,25	0,531904876232147			2581,25	0,15554741024971	
		2584,375	0,533300876617432			2584,375	0,153517693281174	
		2587,5	0,530821800231934			2587,5	0,154904827475548	
		2590,625	0,531278669834137			2590,625	0,156130686402321	
		2593,75	0,533408641815186			2593,75	0,154284954071045	
		2596,875	0,532765626907349			2596,875	0,155332908034325	
		2600	0,530994832515717			2600	0,155884191393852	
		2603,125	0,5304354429245			2603,125	0,15490534901619	
		2606,25	0,530844449996948			2606,25	0,156285881996155	
		2609,375	0,529435336589813			2609,375	0,156430184841156	
		2612,5	0,528179228305817			2612,5	0,155361920595169	
		2615,625	0,529007017612457			2615,625	0,155109331011772	
		2618,75	0,529545664787292			2618,75	0,157209813594818	
		2621,875	0,526678144931793			2621,875	0,158321186900139	
		2625	0,527814269065857			2625	0,156908869743347	
		2628,125	0,52735960483551			2628,125	0,157759353518486	
		2631,25	0,527151584625244			2631,25	0,161009386181831	
		2634,375	0,523569643497467			2634,375	0,158558055758476	
		2637,5	0,523934900760651			2637,5	0,16004504263401	
		2640,625	0,525756180286407			2640,625	0,161123871803284	
		2643,75	0,525313496589661			2643,75	0,161685436964035	
		2646,875	0,525976717472076			2646,875	0,163602575659752	
		2650	0,524778068065643			2650	0,164810180664063	
		2653,125	0,52636843919754			2653,125	0,165178820490837	
		2656,25	0,528344810009003			2656,25	0,165468573570251	
		2659,375	0,52613228559494			2659,375	0,163869723677635	
		2662,5	0,524847865104675			2662,5	0,164806112647057	
		2665,625	0,525593340396881			2665,625	0,165432155132294	
		2668,75	0,524397730827332			2668,75	0,164895042777061	
		2671,875	0,526129603385925			2671,875	0,16709902882576	
		2675	0,527821063995361			2675	0,167928487062454	
		2678,125	0,526297509670258			2678,125	0,167172983288765	
		2681,25	0,526799976825714			2681,25	0,167655065655708	
		2684,375	0,526483416557312			2684,375	0,168925166130066	
		2687,5	0,526376903057098			2687,5	0,168843224644661	
		2690,625	0,52628356218338			2690,625	0,169297695159912	
		2693,75	0,526935875415802			2693,75	0,171651631593704	
		2696,875	0,52886688709259			2696,875	0,170878052711487	
		2700	0,526338040828705			2700	0,168751239776611	
		2703,125	0,52607673406601			2703,125	0,170237630605698	
		2706,25	0,526839792728424			2706,25	0,170856237411499	
		2709,375	0,527184367179871			2709,375	0,170657455921173	
		2712,5	0,526409089565277			2712,5	0,171395495533943	
		2715,625	0,525683701038361			2715,625	0,172879070043564	
		2718,75	0,526634097099304			2718,75	0,172129079699516	
		2721,875	0,52626758813858			2721,875	0,172707378864288	
		2725	0,526902735233307			2725	0,172822847962379	
		2728,125	0,527360498905182			2728,125	0,172494828701019	
		2731,25	0,52771657705307			2731,25	0,173207551240921	
		2734,375	0,528071284294128			2734,375	0,173845484852791	
		2737,5	0,526861429214478			2737,5	0,173460423946381	
		2740,625	0,526562690734863			2740,625	0,173391416668892	
		2743,75	0,52624386548996			2743,75	0,17356276512146	
		2746,875	0,525804400444031			2746,875	0,173379600048065	
		2750	0,527022838592529			2750	0,175762131810188	
		2753,125	0,527150988578796			2753,125	0,174482777714729	
		2756,25	0,526065468788147			2756,25	0,174532890319824	
		2759,375	0,524741232395172			2759,375	0,174576982855797	
		2762,5	0,524370610713959			2762,5	0,174234166741371	
		2765,625	0,524218082427979			2765,625	0,175549179315567	
		2768,75	0,52659547328949			2768,75	0,175171703100204	
		2771,875	0,52534407377243			2771,875	0,175271660089493	
		2775	0,523772656917572			2775	0,176401361823082	
		2778,125	0,523603975772858			2778,125	0,176184058189392	
		2781,25	0,522389769554138			2781,25	0,176537647843361	
		2784,375	0,52351713180542			2784,375	0,176908373832703	
		2787,5	0,524009168148041			2787,5	0,178231164813042	
		2790,625	0,524351835250854			2790,625	0,178659200668335	
		2793,75	0,523393929004669			2793,75	0,179418072104454	
		2796,875	0,52470988035202			2796,875	0,180026665329933	
		2800	0,525921702384949			2800	0,179319143295288	
		2803,125	0,523679435253143			2803,125	0,180663049221039	
		2806,25	0,525011420249939			2806,25	0,180482432246208	
		2809,375	0,524577796459198			2809,375	0,181504353880882	
		2812,5	0,523816227912903			2812,5	0,180559352040291	
		2815,625	0,522949278354645			2815,625	0,18118779361248	
		2818,75	0,52350789308548			2818,75	0,183188110589981	
		2821,875	0,522766470909119			2821,875	0,182092994451523	
		2825	0,522630453109741			2825	0,181364417076111	
		2828,125	0,522957503795624			2828,125	0,183814585208893	
		2831,25	0,522686898708344			2831,25	0,183440893888474	
		2834,375	0,523726880550385			2834,375	0,185002818703651	
		2837,5	0,523870527744293			2837,5	0,18399703502655	
		2840,625	0,523083508014679			2840,625	0,184163436293602	
		2843,75	0,523736357688904			2843,75	0,186078011989594	
		2846,875	0,524255514144897			2846,875	0,184136107563972	
		2850	0,523145437240601			2850	0,185858353972435	
		2853,125	0,522910833358765			2853,125	0,184922277927399	
		2856,25	0,523394584655762			2856,25	0,186848029494286	
		2859,375	0,522941768169403			2859,375	0,187358602881432	
		2862,5	0,52422708272934			2862,5	0,186900749802589	
		2865,625	0,523485064506531			2865,625	0,187628626823425	
		2868,75	0,523916065692902			2868,75	0,18935289978981	
		2871,875	0,524085700511932			2871,875	0,187935456633568	
		2875	0,523751676082611			2875	0,189138203859329	
		2878,125	0,523985326290131			2878,125	0,18946798145771	
		2881,25	0,523554861545563			2881,25	0,188231557607651	
		2884,375	0,523464858531952			2884,375	0,188695892691612	
		2887,5	0,523263156414032			2887,5	0,189255595207214	
		2890,625	0,52299839258194			2890,625	0,191022038459778	
		2893,75	0,524983644485474			2893,75	0,191303193569183	
		2896,875	0,522717237472534			2896,875	0,190603315830231	
		2900	0,522886753082275			2900	0,191247567534447	
		2903,125	0,522997319698334			2903,125	0,191946357488632	
		2906,25	0,523685157299042			2906,25	0,192154884338379	
		2909,375	0,523993492126465			2909,375	0,19224289059639	
		2912,5	0,524107038974762			2912,5	0,192682921886444	
		2915,625	0,525129556655884			2915,625	0,193104848265648	
		2918,75	0,524618923664093			2918,75	0,192777395248413	
		2921,875	0,524154543876648			2921,875	0,193321272730827	
		2925	0,524809956550598			2925	0,193432942032814	
		2928,125	0,524370312690735			2928,125	0,193555161356926	
		2931,25	0,524269878864288			2931,25	0,195960015058517	
		2934,375	0,523582875728607			2934,375	0,195582062005997	
		2937,5	0,524197399616241			2937,5	0,196215733885765	
		2940,625	0,524049818515778			2940,625	0,195768997073174	
		2943,75	0,523446381092072			2943,75	0,197415292263031	
		2946,875	0,524312794208527			2946,875	0,198151275515556	
		2950	0,523548245429993			2950	0,198348864912987	
		2953,125	0,525446116924286			2953,125	0,198592081665993	
		2956,25	0,526008248329163			2956,25	0,198607057332993	
		2959,375	0,525107800960541			2959,375	0,199311092495918	
		2962,5	0,525470018386841			2962,5	0,199259594082832	
		2965,625	0,526127398014069			2965,625	0,199062541127205	
		2968,75	0,524360001087189			2968,75	0,199081733822823	
		2971,875	0,524467825889587			2971,875	0,199192211031914	
		2975	0,525830507278442			2975	0,201186463236809	
		2978,125	0,526504755020142			2978,125	0,201076313853264	
		2981,25	0,526000142097473			2981,25	0,200662940740585	
		2984,375	0,52576094865799			2984,375	0,200038135051727	
		2987,5	0,525547444820404			2987,5	0,199982210993767	
		2990,625	0,525964736938477			2990,625	0,202229127287865	
		2993,75	0,525417387485504			2993,75	0,202816188335419	
		2996,875	0,525619506835938			2996,875	0,202681303024292	
		3000	0,524401247501373			3000	0,201545462012291	
		3003,125	0,524703681468964			3003,125	0,201851695775986	
		3006,25	0,525948166847229			3006,25	0,20325680077076	
		3009,375	0,52572375535965			3009,375	0,203093752264977	
		3012,5	0,525798916816711			3012,5	0,204459175467491	
		3015,625	0,526666462421417			3015,625	0,203551381826401	
		3018,75	0,527969539165497			3018,75	0,205522865056992	
		3021,875	0,528350055217743			3021,875	0,206388279795647	
		3025	0,525657653808594			3025	0,199617996811867	
		3028,125	0,526989638805389			3028,125	0,203795954585075	
		3031,25	0,527548611164093			3031,25	0,205303847789764	
		3034,375	0,526737213134766			3034,375	0,206576585769653	
		3037,5	0,527068376541138			3037,5	0,206175282597542	
		3040,625	0,527185559272766			3040,625	0,204503878951073	
		3043,75	0,528347134590149			3043,75	0,207173138856888	
		3046,875	0,530685424804688			3046,875	0,205962687730789	
		3050	0,530407071113586			3050	0,206714734435081	
		3053,125	0,528988003730774			3053,125	0,206861421465874	
		3056,25	0,530462801456451			3056,25	0,206509009003639	
		3059,375	0,529593229293823			3059,375	0,205500483512878	
		3062,5	0,528692722320557			3062,5	0,204506769776344	
		3065,625	0,529075026512146			3065,625	0,206332430243492	
		3068,75	0,52881795167923			3068,75	0,206458017230034	
		3071,875	0,528928697109222			3071,875	0,206335872411728	
		3075	0,530461847782135			3075	0,206245079636574	
		3078,125	0,529057145118713			3078,125	0,205735847353935	
		3081,25	0,526569604873657			3081,25	0,205850556492805	
		3084,375	0,527064561843872			3084,375	0,20448337495327	
		3087,5	0,528568387031555			3087,5	0,205526828765869	
		3090,625	0,527713716030121			3090,625	0,208141475915909	
		3093,75	0,528619229793549			3093,75	0,205777391791344	
		3096,875	0,527673482894897			3096,875	0,205459341406822	
		3100	0,527611136436462			3100	0,206172272562981	
		3103,125	0,528041303157806			3103,125	0,206544026732445	
		3106,25	0,527825891971588			3106,25	0,207163587212563	
		3109,375	0,527871370315552			3109,375	0,207189753651619	
		3112,5	0,529339015483856			3112,5	0,207434445619583	
		3115,625	0,528003513813019			3115,625	0,204825267195702	
		3118,75	0,525931000709534			3118,75	0,206344321370125	
		3121,875	0,525199830532074			3121,875	0,205750226974487	
		3125	0,525680303573608			3125	0,2083610445261	
		3128,125	0,526157021522522			3128,125	0,20808133482933	
		3131,25	0,52699202299118			3131,25	0,207285284996033	
		3134,375	0,526315808296204			3134,375	0,206731140613556	
		3137,5	0,524549782276154			3137,5	0,208331003785133	
		3140,625	0,524778127670288			3140,625	0,206793993711472	
		3143,75	0,524513363838196			3143,75	0,208012074232101	
		3146,875	0,524690270423889			3146,875	0,207780942320824	
		3150	0,523450970649719			3150	0,207769349217415	
		3153,125	0,525313317775726			3153,125	0,207195967435837	
		3156,25	0,521265804767609			3156,25	0,208644986152649	
		3159,375	0,522361218929291			3159,375	0,20672944188118	
		3162,5	0,522272944450378			3162,5	0,206629931926727	
		3165,625	0,520987570285797			3165,625	0,206734851002693	
		3168,75	0,522542119026184			3168,75	0,206735193729401	
		3171,875	0,521636128425598			3171,875	0,20718252658844	
		3175	0,519482910633087			3175	0,209119975566864	
		3178,125	0,52302885055542			3178,125	0,206578582525253	
		3181,25	0,521962463855743			3181,25	0,209569603204727	
		3184,375	0,519859552383423			3184,375	0,20873387157917	
		3187,5	0,521394670009613			3187,5	0,208454862236977	
		3190,625	0,519183337688446			3190,625	0,209395527839661	
		3193,75	0,519282877445221			3193,75	0,210148721933365	
		3196,875	0,518884420394897			3196,875	0,209426909685135	
		3200	0,516203880310059			3200	0,209616601467133	
		3203,125	0,516055881977081			3203,125	0,208017185330391	
		3206,25	0,517372250556946			3206,25	0,208850726485252	
		3209,375	0,517687439918518			3209,375	0,208905756473541	
		3212,5	0,513832569122314			3212,5	0,21003158390522	
		3215,625	0,513190925121307			3215,625	0,209822535514832	
		3218,75	0,512047171592712			3218,75	0,208071276545525	
		3221,875	0,512072324752808			3221,875	0,210733011364937	
		3225	0,510595977306366			3225	0,210876971483231	
		3228,125	0,511914968490601			3228,125	0,211675778031349	
		3231,25	0,51067328453064			3231,25	0,213008970022202	
		3234,375	0,512561678886414			3234,375	0,209956273436546	
		3237,5	0,509080648422241			3237,5	0,212815165519714	
		3240,625	0,510482847690582			3240,625	0,213354527950287	
		3243,75	0,509380280971527			3243,75	0,214292332530022	
		3246,875	0,510448813438416			3246,875	0,214151918888092	
		3250	0,507531821727753			3250	0,211889684200287	
		3253,125	0,503987550735474			3253,125	0,215676337480545	
		3256,25	0,505585432052612			3256,25	0,214700102806091	
		3259,375	0,50534576177597			3259,375	0,215290412306786	
		3262,5	0,505425214767456			3262,5	0,218754947185516	
		3265,625	0,5038161277771			3265,625	0,219769224524498	
		3268,75	0,504373550415039			3268,75	0,217226073145866	
		3271,875	0,503866195678711			3271,875	0,218423247337341	
		3275	0,504433572292328			3275	0,219865754246712	
		3278,125	0,503260433673859			3278,125	0,219422966241837	
		3281,25	0,502250730991364			3281,25	0,218414589762688	
		3284,375	0,503001689910889			3284,375	0,218786180019379	
		3287,5	0,503025412559509			3287,5	0,2182527333498	
		3290,625	0,501814723014832			3290,625	0,219463288784027	
		3293,75	0,501771688461304			3293,75	0,219913050532341	
		3296,875	0,501062452793121			3296,875	0,221559852361679	
		3300	0,500453352928162			3300	0,221821263432503	
		3303,125	0,501340568065643			3303,125	0,22318696975708	
		3306,25	0,500977456569672			3306,25	0,221633896231651	
		3309,375	0,499814808368683			3309,375	0,221713230013847	
		3312,5	0,498165607452393			3312,5	0,222205758094788	
		3315,625	0,497593462467194			3315,625	0,224128529429436	
		3318,75	0,500471293926239			3318,75	0,225813373923302	
		3321,875	0,501406371593475			3321,875	0,224318772554398	
		3325	0,499693542718887			3325	0,22394734621048	
		3328,125	0,49766680598259			3328,125	0,225072681903839	
		3331,25	0,496667832136154			3331,25	0,222612977027893	
		3334,375	0,497403025627136			3334,375	0,225287273526192	
		3337,5	0,49775841832161			3337,5	0,227151051163673	
		3340,625	0,497161269187927			3340,625	0,225286036729813	
		3343,75	0,495494872331619			3343,75	0,225569203495979	
		3346,875	0,49580106139183			3346,875	0,228181302547455	
		3350	0,49577409029007			3350	0,229307651519775	
		3353,125	0,494260460138321			3353,125	0,228660762310028	
		3356,25	0,495398253202438			3356,25	0,228713676333427	
		3359,375	0,493723124265671			3359,375	0,229360938072205	
		3362,5	0,491807132959366			3362,5	0,230718672275543	
		3365,625	0,491301298141479			3365,625	0,228249534964561	
		3368,75	0,491367965936661			3368,75	0,229969367384911	
		3371,875	0,49197843670845			3371,875	0,229845151305199	
		3375	0,491364121437073			3375	0,22959478199482	
		3378,125	0,489488244056702			3378,125	0,230212673544884	
		3381,25	0,489701360464096			3381,25	0,229280114173889	
		3384,375	0,489791393280029			3384,375	0,230960816144943	
		3387,5	0,488518804311752			3387,5	0,23106338083744	
		3390,625	0,488602697849274			3390,625	0,231984406709671	
		3393,75	0,487494230270386			3393,75	0,232757225632668	
		3396,875	0,487878829240799			3396,875	0,233957931399345	
		3400	0,48995053768158			3400	0,234585970640182	
		3403,125	0,486042678356171			3403,125	0,23243847489357	
		3406,25	0,483947664499283			3406,25	0,233089223504066	
		3409,375	0,483816176652908			3409,375	0,23431171476841	
		3412,5	0,484143376350403			3412,5	0,236272275447845	
		3415,625	0,483041942119598			3415,625	0,234283939003944	
		3418,75	0,482113659381866			3418,75	0,235051229596138	
		3421,875	0,485004454851151			3421,875	0,235714003443718	
		3425	0,482627481222153			3425	0,236462309956551	
		3428,125	0,480287611484528			3428,125	0,236063331365585	
		3431,25	0,480381697416306			3431,25	0,237062498927116	
		3434,375	0,480758488178253			3434,375	0,238800764083862	
		3437,5	0,478866696357727			3437,5	0,240562990307808	
		3440,625	0,478742122650146			3440,625	0,239998936653137	
		3443,75	0,477587133646011			3443,75	0,238949790596962	
		3446,875	0,478511273860931			3446,875	0,239663079380989	
		3450	0,478629410266876			3450	0,24149714410305	
		3453,125	0,477733820676804			3453,125	0,242751449346542	
		3456,25	0,476805686950684			3456,25	0,241383329033852	
		3459,375	0,47595202922821			3459,375	0,242184489965439	
		3462,5	0,476090222597122			3462,5	0,242415726184845	
		3465,625	0,474485635757446			3465,625	0,243500128388405	
		3468,75	0,475166529417038			3468,75	0,245138108730316	
		3471,875	0,474249482154846			3471,875	0,245766490697861	
		3475	0,473011165857315			3475	0,245160952210426	
		3478,125	0,473281234502792			3478,125	0,24695959687233	
		3481,25	0,472747951745987			3481,25	0,247881442308426	
		3484,375	0,47073295712471			3484,375	0,248741880059242	
		3487,5	0,471806079149246			3487,5	0,246868893504143	
		3490,625	0,471127450466156			3490,625	0,249108791351318	
		3493,75	0,470979571342468			3493,75	0,249558508396149	
		3496,875	0,472078025341034			3496,875	0,249956011772156	
		3500	0,470730751752853			3500	0,250778168439865	
		3503,125	0,4678935110569			3503,125	0,250751376152039	
		3506,25	0,470260560512543			3506,25	0,251785010099411	
		3509,375	0,467879325151443			3509,375	0,24914313852787	
		3512,5	0,468406587839127			3512,5	0,248820662498474	
		3515,625	0,467946082353592			3515,625	0,251820504665375	
		3518,75	0,468666821718216			3518,75	0,253072768449783	
		3521,875	0,467254936695099			3521,875	0,254580736160278	
		3525	0,468016088008881			3525	0,254458755254745	
		3528,125	0,467864602804184			3528,125	0,254713624715805	
		3531,25	0,465944975614548			3531,25	0,255836516618729	
		3534,375	0,46600753068924			3534,375	0,255665063858032	
		3537,5	0,464984655380249			3537,5	0,257314532995224	
		3540,625	0,465331554412842			3540,625	0,256059557199478	
		3543,75	0,466370046138763			3543,75	0,257190197706223	
		3546,875	0,466585636138916			3546,875	0,256785422563553	
		3550	0,465624511241913			3550	0,257294654846191	
		3553,125	0,464798837900162			3553,125	0,259431838989258	
		3556,25	0,464728176593781			3556,25	0,259638339281082	
		3559,375	0,463134437799454			3559,375	0,26178053021431	
		3562,5	0,465159356594086			3562,5	0,259919255971909	
		3565,625	0,463923931121826			3565,625	0,259498655796051	
		3568,75	0,463129341602325			3568,75	0,260811120271683	
		3571,875	0,462363749742508			3571,875	0,26139771938324	
		3575	0,461744070053101			3575	0,261914640665054	
		3578,125	0,46126726269722			3578,125	0,261743366718292	
		3581,25	0,46010833978653			3581,25	0,262131541967392	
		3584,375	0,459307014942169			3584,375	0,261673659086227	
		3587,5	0,460397571325302			3587,5	0,263461023569107	
		3590,625	0,459761321544647			3590,625	0,263910949230194	
		3593,75	0,458746641874313			3593,75	0,263996005058289	
		3596,875	0,458337098360062			3596,875	0,265321999788284	
		3600	0,455732554197311			3600	0,265270501375198	
		3603,125	0,458969503641129			3603,125	0,265444546937943	
		3606,25	0,457425713539124			3606,25	0,267003268003464	
		3609,375	0,456711500883102			3609,375	0,267745435237885	
		3612,5	0,457642644643784			3612,5	0,267183482646942	
		3615,625	0,456442922353745			3615,625	0,268060564994812	
		3618,75	0,456764489412308			3618,75	0,269374370574951	
		3621,875	0,45883721113205			3621,875	0,268573522567749	
		3625	0,456425815820694			3625	0,268779426813126	
		3628,125	0,456461757421494			3628,125	0,268521904945374	
		3631,25	0,455578446388245			3631,25	0,269741117954254	
		3634,375	0,45387265086174			3634,375	0,270642101764679	
		3637,5	0,454938560724258			3637,5	0,271706819534302	
		3640,625	0,45833945274353			3640,625	0,269527137279511	
		3643,75	0,457061171531677			3643,75	0,271078586578369	
		3646,875	0,454642862081528			3646,875	0,270776122808456	
		3650	0,452858865261078			3650	0,271167784929276	
		3653,125	0,452346503734589			3653,125	0,271323829889297	
		3656,25	0,453517615795136			3656,25	0,271434605121613	
		3659,375	0,454207181930542			3659,375	0,271569699048996	
		3662,5	0,4536472260952			3662,5	0,273010164499283	
		3665,625	0,452434003353119			3665,625	0,272708117961884	
		3668,75	0,451617747545242			3668,75	0,273104012012482	
		3671,875	0,451601445674896			3671,875	0,271958947181702	
		3675	0,453543245792389			3675	0,273315459489822	
		3678,125	0,451255977153778			3678,125	0,273259490728378	
		3681,25	0,450069338083267			3681,25	0,27340179681778	
		3684,375	0,4499232172966			3684,375	0,273043632507324	
		3687,5	0,45010581612587			3687,5	0,272670149803162	
		3690,625	0,448866277933121			3690,625	0,273846328258514	
		3693,75	0,447827249765396			3693,75	0,274394690990448	
		3696,875	0,449136227369308			3696,875	0,275203824043274	
		3700	0,449144005775452			3700	0,275405764579773	
		3703,125	0,447322398424149			3703,125	0,275363951921463	
		3706,25	0,446299940347672			3706,25	0,274890840053558	
		3709,375	0,447812676429749			3709,375	0,275632470846176	
		3712,5	0,446507036685944			3712,5	0,274967342615128	
		3715,625	0,445565581321716			3715,625	0,27526181936264	
		3718,75	0,447538077831268			3718,75	0,278613299131393	
		3721,875	0,446969509124756			3721,875	0,276340395212173	
		3725	0,444142997264862			3725	0,275492042303085	
		3728,125	0,445321887731552			3728,125	0,277076840400696	
		3731,25	0,444982290267944			3731,25	0,276272028684616	
		3734,375	0,444271177053452			3734,375	0,278637737035751	
		3737,5	0,445225417613983			3737,5	0,277805179357529	
		3740,625	0,443619966506958			3740,625	0,278606027364731	
		3743,75	0,443678468465805			3743,75	0,278313994407654	
		3746,875	0,445105671882629			3746,875	0,278687655925751	
		3750	0,442848861217499			3750	0,279153794050217	
		3753,125	0,443074464797974			3753,125	0,277810126543045	
		3756,25	0,442067384719849			3756,25	0,278691202402115	
		3759,375	0,441696226596832			3759,375	0,277763426303864	
		3762,5	0,442024707794189			3762,5	0,279840439558029	
		3765,625	0,442661255598068			3765,625	0,280264168977737	
		3768,75	0,439281672239304			3768,75	0,279909163713455	
		3771,875	0,43791800737381			3771,875	0,278637170791626	
		3775	0,438899308443069			3775	0,278913557529449	
		3778,125	0,439144670963287			3778,125	0,278889864683151	
		3781,25	0,437983393669128			3781,25	0,27978977560997	
		3784,375	0,437827885150909			3784,375	0,279325813055038	
		3787,5	0,439278721809387			3787,5	0,280274927616119	
		3790,625	0,43830543756485			3790,625	0,281824707984924	
		3793,75	0,438496172428131			3793,75	0,281454741954803	
		3796,875	0,43790739774704			3796,875	0,280770123004913	
		3800	0,435221940279007			3800	0,281982749700546	
		3803,125	0,434770554304123			3803,125	0,28030663728714	
		3806,25	0,435861200094223			3806,25	0,281843066215515	
		3809,375	0,436850190162659			3809,375	0,282085329294205	
		3812,5	0,435046285390854			3812,5	0,281805872917175	
		3815,625	0,434197694063187			3815,625	0,28253436088562	
		3818,75	0,433386981487274			3818,75	0,283562242984772	
		3821,875	0,434985429048538			3821,875	0,281106173992157	
		3825	0,432085633277893			3825	0,284061104059219	
		3828,125	0,432975500822067			3828,125	0,282737970352173	
		3831,25	0,43346580862999			3831,25	0,282610684633255	
		3834,375	0,430947631597519			3834,375	0,28316855430603	
		3837,5	0,432399451732636			3837,5	0,283351480960846	
		3840,625	0,430945783853531			3840,625	0,283882975578308	
		3843,75	0,430721133947372			3843,75	0,28190803527832	
		3846,875	0,430282711982727			3846,875	0,282697379589081	
		3850	0,429299205541611			3850	0,2862628698349	
		3853,125	0,428608328104019			3853,125	0,283577889204025	
		3856,25	0,428784757852554			3856,25	0,284401774406433	
		3859,375	0,428222060203552			3859,375	0,284768015146255	
		3862,5	0,428429782390594			3862,5	0,284287005662918	
		3865,625	0,42639172077179			3865,625	0,283135175704956	
		3868,75	0,426958918571472			3868,75	0,285643547773361	
		3871,875	0,425294011831284			3871,875	0,28335839509964	
		3875	0,424907684326172			3875	0,282639801502228	
		3878,125	0,424912303686142			3878,125	0,285185188055038	
		3881,25	0,424999982118607			3881,25	0,285616666078568	
		3884,375	0,425218462944031			3884,375	0,285426139831543	
		3887,5	0,422874093055725			3887,5	0,284164369106293	
		3890,625	0,422848433256149			3890,625	0,285475522279739	
		3893,75	0,425927579402924			3893,75	0,287243038415909	
		3896,875	0,423601001501083			3896,875	0,286254853010178	
		3900	0,420770704746246			3900	0,285464316606522	
		3903,125	0,420141100883484			3903,125	0,287025988101959	
		3906,25	0,422357589006424			3906,25	0,285051286220551	
		3909,375	0,422889560461044			3909,375	0,286981016397476	
		3912,5	0,423350512981415			3912,5	0,288226574659348	
		3915,625	0,420106559991837			3915,625	0,287050068378448	
		3918,75	0,418345838785172			3918,75	0,287079244852066	
		3921,875	0,416985899209976			3921,875	0,288740754127502	
		3925	0,418240070343018			3925	0,288410127162933	
		3928,125	0,417443364858627			3928,125	0,285750508308411	
		3931,25	0,414971381425858			3931,25	0,287119805812836	
		3934,375	0,414923459291458			3934,375	0,287650465965271	
		3937,5	0,415783405303955			3937,5	0,28864049911499	
		3940,625	0,416436672210693			3940,625	0,28847798705101	
		3943,75	0,413664489984512			3943,75	0,288661569356918	
		3946,875	0,414867401123047			3946,875	0,288467526435852	
		3950	0,41422900557518			3950	0,289093762636185	
		3953,125	0,413215667009354			3953,125	0,288389593362808	
		3956,25	0,411429852247238			3956,25	0,290096700191498	
		3959,375	0,414234936237335			3959,375	0,289988189935684	
		3962,5	0,411485373973846			3962,5	0,288687705993652	
		3965,625	0,409685850143433			3965,625	0,288865178823471	
		3968,75	0,41075673699379			3968,75	0,28714394569397	
		3971,875	0,408194154500961			3971,875	0,290106952190399	
		3975	0,409347802400589			3975	0,288741409778595	
		3978,125	0,411107212305069			3978,125	0,290816605091095	
		3981,25	0,408968269824982			3981,25	0,290085673332214	
		3984,375	0,40591824054718			3984,375	0,288991689682007	
		3987,5	0,407014220952988			3987,5	0,289244264364243	
		3990,625	0,404504716396332			3990,625	0,292259573936462	
		3993,75	0,403519779443741			3993,75	0,287523061037064	
		3996,875	0,405837446451187			3996,875	0,290632843971252	
		4000	0,404430836439133			4000	0,291347205638886	
		4003,125	0,401660799980164			4003,125	0,290960907936096	
		4006,25	0,403459161520004			4006,25	0,289302974939346	
		4009,375	0,400744467973709			4009,375	0,286856114864349	
		4012,5	0,402696549892426			4012,5	0,291419148445129	
		4015,625	0,40271931886673			4015,625	0,293469578027725	
		4018,75	0,400467365980148			4018,75	0,292442500591278	
		4021,875	0,399718642234802			4021,875	0,293310433626175	
		4025	0,402210056781769			4025	0,293614596128464	
		4028,125	0,398922324180603			4028,125	0,291426450014114	
		4031,25	0,399867475032806			4031,25	0,29185539484024	
		4034,375	0,400160640478134			4034,375	0,294327944517136	
		4037,5	0,399202167987823			4037,5	0,292777687311172	
		4040,625	0,397771447896957			4040,625	0,292608112096787	
		4043,75	0,39822581410408			4043,75	0,294443577528	
		4046,875	0,398227870464325			4046,875	0,295892357826233	
		4050	0,398264288902283			4050	0,292931377887726	
		4053,125	0,396197766065598			4053,125	0,292649924755096	
		4056,25	0,396552860736847			4056,25	0,293583005666733	
		4059,375	0,395515412092209			4059,375	0,294441103935242	
		4062,5	0,396942675113678			4062,5	0,294614195823669	
		4065,625	0,394977331161499			4065,625	0,295180439949036	
		4068,75	0,395400524139404			4068,75	0,294618219137192	
		4071,875	0,394260078668594			4071,875	0,29508301615715	
		4075	0,394829422235489			4075	0,295843362808228	
		4078,125	0,395796656608582			4078,125	0,294958263635635	
		4081,25	0,394275605678558			4081,25	0,295080661773682	
		4084,375	0,393405675888062			4084,375	0,292173057794571	
		4087,5	0,392621427774429			4087,5	0,294537335634232	
		4090,625	0,392336398363113			4090,625	0,296014130115509	
		4093,75	0,390073180198669			4093,75	0,294751882553101	
		4096,875	0,392100900411606			4096,875	0,292985677719116	
		4100	0,391971051692963			4100	0,294327437877655	
		4103,125	0,390791177749634			4103,125	0,295524805784225	
		4106,25	0,38910111784935			4106,25	0,294750183820724	
		4109,375	0,39031657576561			4109,375	0,293811291456223	
		4112,5	0,388686299324036			4112,5	0,294971078634262	
		4115,625	0,390180677175522			4115,625	0,294834554195404	
		4118,75	0,388017028570175			4118,75	0,294381856918335	
		4121,875	0,389222860336304			4121,875	0,294703960418701	
		4125	0,389827340841293			4125	0,295300841331482	
		4128,125	0,388448745012283			4128,125	0,293884426355362	
		4131,25	0,38690197467804			4131,25	0,29515552520752	
		4134,375	0,386744201183319			4134,375	0,294935882091522	
		4137,5	0,388776242733002			4137,5	0,294116824865341	
		4140,625	0,387040346860886			4140,625	0,295891165733337	
		4143,75	0,387068688869476			4143,75	0,293884187936783	
		4146,875	0,387219816446304			4146,875	0,294953733682632	
		4150	0,388227373361588			4150	0,295476794242859	
		4153,125	0,386517971754074			4153,125	0,293331295251846	
		4156,25	0,384591698646545			4156,25	0,293506443500519	
		4159,375	0,383143216371536			4159,375	0,294570744037628	
		4162,5	0,385638654232025			4162,5	0,295303612947464	
		4165,625	0,384899765253067			4165,625	0,295113265514374	
		4168,75	0,38264411687851			4168,75	0,293824702501297	
		4171,875	0,382744461297989			4171,875	0,293516129255295	
		4175	0,383879423141479			4175	0,292994767427444	
		4178,125	0,382728725671768			4178,125	0,29322075843811	
		4181,25	0,383615136146545			4181,25	0,292792588472366	
		4184,375	0,383397340774536			4184,375	0,293174415826797	
		4187,5	0,379747182130814			4187,5	0,292931824922562	
		4190,625	0,379755467176437			4190,625	0,291118502616882	
		4193,75	0,38129711151123			4193,75	0,29192653298378	
		4196,875	0,380889594554901			4196,875	0,291818648576736	
		4200	0,382205992937088			4200	0,292918711900711	
		4203,125	0,381057977676392			4203,125	0,293004542589188	
		4206,25	0,381192654371262			4206,25	0,291780173778534	
		4209,375	0,382653057575226			4209,375	0,293070793151855	
		4212,5	0,381747215986252			4212,5	0,293878465890884	
		4215,625	0,382903814315796			4215,625	0,292426854372025	
		4218,75	0,382123917341232			4218,75	0,290282070636749	
		4221,875	0,379537999629974			4221,875	0,291398286819458	
		4225	0,380682349205017			4225	0,290080398321152	
		4228,125	0,379593968391418			4228,125	0,290409803390503	
		4231,25	0,382084578275681			4231,25	0,291473567485809	
		4234,375	0,381064563989639			4234,375	0,291748374700546	
		4237,5	0,381745636463165			4237,5	0,292163670063019	
		4240,625	0,382345825433731			4240,625	0,292446792125702	
		4243,75	0,380886733531952			4243,75	0,290804386138916	
		4246,875	0,381117880344391			4246,875	0,289175391197205	
		4250	0,380392879247665			4250	0,290655940771103	
		4253,125	0,378792554140091			4253,125	0,285321325063705	
		4256,25	0,379356801509857			4256,25	0,286999732255936	
		4259,375	0,379851013422012			4259,375	0,288570642471313	
		4262,5	0,378566145896912			4262,5	0,288370758295059	
		4265,625	0,379530042409897			4265,625	0,286482244729996	
		4268,75	0,377822995185852			4268,75	0,287773042917252	
		4271,875	0,375608384609222			4271,875	0,286531090736389	
		4275	0,376760572195053			4275	0,28579768538475	
		4278,125	0,37771937251091			4278,125	0,28600150346756	
		4281,25	0,376915097236633			4281,25	0,285205602645874	
		4284,375	0,377333730459213			4284,375	0,284489303827286	
		4287,5	0,376439958810806			4287,5	0,283340275287628	
		4290,625	0,375317752361298			4290,625	0,283852487802505	
		4293,75	0,372587144374847			4293,75	0,283474713563919	
		4296,875	0,373928368091583			4296,875	0,283296227455139	
		4300	0,374414533376694			4300	0,286977618932724	
		4303,125	0,376010775566101			4303,125	0,286075860261917	
		4306,25	0,375600755214691			4306,25	0,284363269805908	
		4309,375	0,373298406600952			4309,375	0,28410792350769	
		4312,5	0,373548179864883			4312,5	0,2835992872715	
		4315,625	0,372512012720108			4315,625	0,281660556793213	
		4318,75	0,371070027351379			4318,75	0,283299654722214	
		4321,875	0,372968137264252			4321,875	0,281704097986221	
		4325	0,371403694152832			4325	0,281578689813614	
		4328,125	0,371638566255569			4328,125	0,283206343650818	
		4331,25	0,370510339736938			4331,25	0,283707976341248	
		4334,375	0,369691789150238			4334,375	0,284436792135239	
		4337,5	0,370499670505524			4337,5	0,28446838259697	
		4340,625	0,371456027030945			4340,625	0,285485863685608	
		4343,75	0,371028751134872			4343,75	0,283003151416779	
		4346,875	0,367358714342117			4346,875	0,283940553665161	
		4350	0,367374658584595			4350	0,284387141466141	
		4353,125	0,368791937828064			4353,125	0,284390181303024	
		4356,25	0,368393421173096			4356,25	0,284122169017792	
		4359,375	0,366567343473434			4359,375	0,283835619688034	
		4362,5	0,367306083440781			4362,5	0,283658772706985	
		4365,625	0,365798473358154			4365,625	0,284914076328278	
		4368,75	0,36706730723381			4368,75	0,284633219242096	
		4371,875	0,365730434656143			4371,875	0,284625232219696	
		4375	0,364494770765305			4375	0,283426761627197	
		4378,125	0,365752756595612			4378,125	0,284476935863495	
		4381,25	0,36669859290123			4381,25	0,284644842147827	
		4384,375	0,364257395267487			4384,375	0,283287435770035	
		4387,5	0,364981919527054			4387,5	0,283844232559204	
		4390,625	0,365300387144089			4390,625	0,286081343889236	
		4393,75	0,364399939775467			4393,75	0,284776240587235	
		4396,875	0,364975690841675			4396,875	0,284723311662674	
		4400	0,364340275526047			4400	0,285711050033569	
		4403,125	0,36427441239357			4403,125	0,2893086373806	
		4406,25	0,365896493196487			4406,25	0,286706775426865	
		4409,375	0,365474760532379			4409,375	0,286290735006332	
		4412,5	0,363153904676437			4412,5	0,285337269306183	
		4415,625	0,363107949495316			4415,625	0,285853296518326	
		4418,75	0,362997740507126			4418,75	0,283679753541946	
		4421,875	0,361819118261337			4421,875	0,285117655992508	
		4425	0,360455304384232			4425	0,286401182413101	
		4428,125	0,361988753080368			4428,125	0,286105901002884	
		4431,25	0,361497610807419			4431,25	0,286190181970596	
		4434,375	0,360889494419098			4434,375	0,285105675458908	
		4437,5	0,364686638116837			4437,5	0,285653293132782	
		4440,625	0,362235695123672			4440,625	0,285290330648422	
		4443,75	0,361861556768417			4443,75	0,28589054942131	
		4446,875	0,361967206001282			4446,875	0,285227090120316	
		4450	0,361402064561844			4450	0,285329580307007	
		4453,125	0,361820101737976			4453,125	0,284387141466141	
		4456,25	0,363459318876266			4456,25	0,28518146276474	
		4459,375	0,361985623836517			4459,375	0,286667615175247	
		4462,5	0,361909806728363			4462,5	0,286360919475555	
		4465,625	0,362640917301178			4465,625	0,287913262844086	
		4468,75	0,362515449523926			4468,75	0,286449193954468	
		4471,875	0,362183421850204			4471,875	0,286429762840271	
		4475	0,363482564687729			4475	0,287833571434021	
		4478,125	0,362510114908218			4478,125	0,287024855613709	
		4481,25	0,363045185804367			4481,25	0,286109000444412	
		4484,375	0,362303197383881			4484,375	0,287669777870178	
		4487,5	0,36423048377037			4487,5	0,286510497331619	
		4490,625	0,363722920417786			4490,625	0,286871075630188	
		4493,75	0,364253669977188			4493,75	0,286281943321228	
		4496,875	0,364069104194641			4496,875	0,284952580928802	
		4500	0,365244299173355			4500	0,285905450582504	
		4503,125	0,36381459236145			4503,125	0,286315858364105	
		4506,25	0,364553064107895			4506,25	0,285244286060333	
		4509,375	0,36461216211319			4509,375	0,285286217927933	
		4512,5	0,364556640386581			4512,5	0,284754633903503	
		4515,625	0,364547610282898			4515,625	0,284338235855103	
		4518,75	0,364997416734695			4518,75	0,28440934419632	
		4521,875	0,364501863718033			4521,875	0,284256815910339	
		4525	0,363287359476089			4525	0,282674580812454	
		4528,125	0,364185959100723			4528,125	0,28251513838768	
		4531,25	0,363300383090973			4531,25	0,282207250595093	
		4534,375	0,364509344100952			4534,375	0,282910525798798	
		4537,5	0,363403469324112			4537,5	0,283488035202026	
		4540,625	0,363264530897141			4540,625	0,282615393400192	
		4543,75	0,361231595277786			4543,75	0,283065408468246	
		4546,875	0,361533164978027			4546,875	0,280925869941711	
		4550	0,361187189817429			4550	0,282494693994522	
		4553,125	0,360812127590179			4553,125	0,28146904706955	
		4556,25	0,360574692487717			4556,25	0,281322211027145	
		4559,375	0,362309694290161			4559,375	0,28231605887413	
		4562,5	0,363679945468903			4562,5	0,283247053623199	
		4565,625	0,362240195274353			4565,625	0,281880706548691	
		4568,75	0,362180024385452			4568,75	0,282115995883942	
		4571,875	0,360754609107971			4571,875	0,282299220561981	
		4575	0,361784517765045			4575	0,280763804912567	
		4578,125	0,362208336591721			4578,125	0,28111657500267	
		4581,25	0,361913681030273			4581,25	0,28121343255043	
		4584,375	0,36227422952652			4584,375	0,281720817089081	
		4587,5	0,363685041666031			4587,5	0,282341867685318	
		4590,625	0,36322495341301			4590,625	0,281408995389938	
		4593,75	0,3624027967453			4593,75	0,281787276268005	
		4596,875	0,363185912370682			4596,875	0,282494366168976	
		4600	0,363751947879791			4600	0,283546656370163	
		4603,125	0,364519029855728			4603,125	0,281588196754456	
		4606,25	0,362673163414001			4606,25	0,280198246240616	
		4609,375	0,363367557525635			4609,375	0,281053930521011	
		4612,5	0,363975286483765			4612,5	0,280731379985809	
		4615,625	0,363875955343246			4615,625	0,281193107366562	
		4618,75	0,363706916570663			4618,75	0,280070066452026	
		4621,875	0,365215510129929			4621,875	0,281775295734406	
		4625	0,364869803190231			4625	0,279584735631943	
		4628,125	0,364547550678253			4628,125	0,279112726449966	
		4631,25	0,364231169223785			4631,25	0,279405444860458	
		4634,375	0,364840924739838			4634,375	0,278824985027313	
		4637,5	0,36555552482605			4637,5	0,278853803873062	
		4640,625	0,364736676216125			4640,625	0,278977692127228	
		4643,75	0,366132706403732			4643,75	0,27859890460968	
		4646,875	0,366241723299026			4646,875	0,278242528438568	
		4650	0,365779757499695			4650	0,276922583580017	
		4653,125	0,366134583950043			4653,125	0,276596277952194	
		4656,25	0,365097761154175			4656,25	0,276923477649689	
		4659,375	0,365857988595963			4659,375	0,278083562850952	
		4662,5	0,36610135436058			4662,5	0,279044955968857	
		4665,625	0,365922540426254			4665,625	0,276987642049789	
		4668,75	0,366678476333618			4668,75	0,27679368853569	
		4671,875	0,366895467042923			4671,875	0,277025938034058	
		4675	0,368046492338181			4675	0,276604205369949	
		4678,125	0,367223918437958			4678,125	0,276103317737579	
		4681,25	0,366977870464325			4681,25	0,274851679801941	
		4684,375	0,367149293422699			4684,375	0,275834649801254	
		4687,5	0,36725178360939			4687,5	0,275938123464584	
		4690,625	0,367492437362671			4690,625	0,276273757219315	
		4693,75	0,367322146892548			4693,75	0,275708705186844	
		4696,875	0,367270797491074			4696,875	0,274758487939835	
		4700	0,368430078029633			4700	0,27495551109314	
		4703,125	0,367750018835068			4703,125	0,274896562099457	
		4706,25	0,367512255907059			4706,25	0,275200843811035	
		4709,375	0,366865336894989			4709,375	0,275340467691422	
		4712,5	0,368756622076035			4712,5	0,274186074733734	
		4715,625	0,368275493383408			4715,625	0,274718880653381	
		4718,75	0,36702898144722			4718,75	0,273800939321518	
		4721,875	0,367786794900894			4721,875	0,273564070463181	
		4725	0,368134588003159			4725	0,274577915668488	
		4728,125	0,367752343416214			4728,125	0,27430859208107	
		4731,25	0,367103844881058			4731,25	0,274188935756683	
		4734,375	0,36657777428627			4734,375	0,274569153785706	
		4737,5	0,367183029651642			4737,5	0,274698942899704	
		4740,625	0,367051810026169			4740,625	0,274862080812454	
		4743,75	0,364668339490891			4743,75	0,274196714162827	
		4746,875	0,366991132497787			4746,875	0,273599326610565	
		4750	0,368246883153915			4750	0,275169789791107	
		4753,125	0,369246989488602			4753,125	0,27547824382782	
		4756,25	0,367597043514252			4756,25	0,274547666311264	
		4759,375	0,367325365543365			4759,375	0,274833977222443	
		4762,5	0,367208331823349			4762,5	0,274439752101898	
		4765,625	0,367607682943344			4765,625	0,276242464780808	
		4768,75	0,367995649576187			4768,75	0,274239122867584	
		4771,875	0,366649925708771			4771,875	0,275512099266052	
		4775	0,366904556751251			4775	0,275673180818558	
		4778,125	0,367505341768265			4778,125	0,276165574789047	
		4781,25	0,366959869861603			4781,25	0,27638778090477	
		4784,375	0,367535293102264			4784,375	0,276858776807785	
		4787,5	0,368135154247284			4787,5	0,276335686445236	
		4790,625	0,366450756788254			4790,625	0,277728259563446	
		4793,75	0,366400092840195			4793,75	0,277885764837265	
		4796,875	0,366660386323929			4796,875	0,27802774310112	
		4800	0,366181403398514			4800	0,278688877820969	
		4803,125	0,367375105619431			4803,125	0,28034719824791	
		4806,25	0,368526965379715			4806,25	0,28096878528595	
		4809,375	0,36773356795311			4809,375	0,28084334731102	
		4812,5	0,367632359266281			4812,5	0,28138679265976	
		4815,625	0,368762105703354			4815,625	0,280430257320404	
		4818,75	0,368660062551498			4818,75	0,281878978013992	
		4821,875	0,36832857131958			4821,875	0,283598482608795	
		4825	0,368125051259995			4825	0,284754991531372	
		4828,125	0,367125183343887			4828,125	0,283990383148193	
		4831,25	0,368408232927322			4831,25	0,283180624246597	
		4834,375	0,368859738111496			4834,375	0,28467470407486	
		4837,5	0,36900731921196			4837,5	0,286311596632004	
		4840,625	0,369150578975677			4840,625	0,286119401454926	
		4843,75	0,368930697441101			4843,75	0,286340922117233	
		4846,875	0,369490474462509			4846,875	0,286691397428513	
		4850	0,370477586984634			4850	0,2875095307827	
		4853,125	0,371290683746338			4853,125	0,288768202066422	
		4856,25	0,370921164751053			4856,25	0,288556486368179	
		4859,375	0,371718674898148			4859,375	0,289147734642029	
		4862,5	0,371978521347046			4862,5	0,29062831401825	
		4865,625	0,371210277080536			4865,625	0,290126174688339	
		4868,75	0,372735291719437			4868,75	0,291014939546585	
		4871,875	0,371516287326813			4871,875	0,291367024183273	
		4875	0,372507095336914			4875	0,289610803127289	
		4878,125	0,372928231954575			4878,125	0,291731178760529	
		4881,25	0,37301367521286			4881,25	0,291757434606552	
		4884,375	0,373444616794586			4884,375	0,29160812497139	
		4887,5	0,3739053606987			4887,5	0,292849838733673	
		4890,625	0,375441282987595			4890,625	0,294985324144363	
		4893,75	0,375157862901688			4893,75	0,293081641197205	
		4896,875	0,375948548316956			4896,875	0,293079793453217	
		4900	0,376091539859772			4900	0,293147742748261	
		4903,125	0,375224113464355			4903,125	0,292283803224564	
		4906,25	0,374826937913895			4906,25	0,291898250579834	
		4909,375	0,374864429235458			4909,375	0,291645795106888	
		4912,5	0,374449342489243			4912,5	0,291825324296951	
		4915,625	0,374435484409332			4915,625	0,291718095541	
		4918,75	0,373089820146561			4918,75	0,292521268129349	
		4921,875	0,371853172779083			4921,875	0,293724805116653	
		4925	0,370483994483948			4925	0,293764144182205	
		4928,125	0,370031297206879			4928,125	0,295307070016861	
		4931,25	0,36980128288269			4931,25	0,296840637922287	
		4934,375	0,368328809738159			4934,375	0,297044456005096	
		4937,5	0,367632359266281			4937,5	0,299428761005402	
		4940,625	0,366526544094086			4940,625	0,300424158573151	
		4943,75	0,366558581590652			4943,75	0,303078293800354	
		4946,875	0,366956263780594			4946,875	0,304908275604248	
		4950	0,367268025875092			4950	0,305364817380905	
		4953,125	0,368439316749573			4953,125	0,305997908115387	
		4956,25	0,369433790445328			4956,25	0,308810710906982	
		4959,375	0,370057255029678			4959,375	0,311843395233154	
		4962,5	0,371856242418289			4962,5	0,311713725328445	
		4965,625	0,373730093240738			4965,625	0,31214764714241	
		4968,75	0,37569671869278			4968,75	0,313713997602463	
		4971,875	0,377616912126541			4971,875	0,313957363367081	
								
