Frequency in Hz	Acrylic_96 Normalized Surface Impedance continuous Re	Frequency in Hz	Acrylic_96 Normalized Surface Impedance continuous Im	
100	2,04736423492432	100	-14,0098075866699	
103,125	2,06705045700073	103,125	-14,3417472839355	
106,25	1,45845329761505	106,25	-13,1651563644409	
109,375	1,55198502540588	109,375	-14,1367120742798	
112,5	1,78756630420685	112,5	-12,5297069549561	
115,625	2,29604530334473	115,625	-12,0875272750854	
118,75	2,28050971031189	118,75	-12,1665840148926	
121,875	1,98857235908508	121,875	-12,0209608078003	
125	1,97214984893799	125	-11,9475612640381	
128,125	1,98767995834351	128,125	-11,6708269119263	
131,25	1,29563724994659	131,25	-10,7954959869385	
134,375	1,70269024372101	134,375	-11,0770606994629	
137,5	1,98908984661102	137,5	-10,3893938064575	
140,625	2,04731702804565	140,625	-10,8311414718628	
143,75	1,88482260704041	143,75	-9,95247650146484	
146,875	1,64500367641449	146,875	-9,96146392822266	
150	1,25301086902618	150	-10,2662868499756	
153,125	1,89378142356873	153,125	-9,32999420166016	
156,25	1,58631575107574	156,25	-9,399169921875	
159,375	1,41424190998077	159,375	-9,34121036529541	
162,5	1,3683807849884	162,5	-9,31654644012451	
165,625	1,09884679317474	165,625	-9,01518440246582	
168,75	1,86587071418762	168,75	-8,58827686309814	
171,875	1,66013860702515	171,875	-8,3056058883667	
175	1,61581432819366	175	-8,52449131011963	
178,125	1,70742857456207	178,125	-8,15869331359863	
181,25	1,60833179950714	181,25	-8,2645788192749	
184,375	1,44855964183807	184,375	-7,8045973777771	
187,5	1,46273267269135	187,5	-7,95732545852661	
190,625	1,35125660896301	190,625	-7,93261051177979	
193,75	1,43626725673676	193,75	-7,72454690933228	
196,875	1,41711843013763	196,875	-7,4902172088623	
200	1,53651332855225	200	-7,54329776763916	
203,125	1,39601051807404	203,125	-7,13229036331177	
206,25	1,38344788551331	206,25	-7,34201812744141	
209,375	1,43105208873749	209,375	-7,07412385940552	
212,5	1,25332498550415	212,5	-7,21583700180054	
215,625	1,24995648860931	215,625	-7,04946184158325	
218,75	1,38430094718933	218,75	-7,05182504653931	
221,875	1,0794438123703	221,875	-6,67971038818359	
225	1,23691558837891	225	-6,77345991134644	
228,125	1,29409229755402	228,125	-6,51926040649414	
231,25	1,30980312824249	231,25	-6,38877820968628	
234,375	1,17622375488281	234,375	-6,47105836868286	
237,5	1,23484683036804	237,5	-6,34758043289185	
240,625	1,12785172462463	240,625	-6,2607798576355	
243,75	1,2492847442627	243,75	-6,19171333312988	
246,875	1,34888529777527	246,875	-6,02772283554077	
250	1,15625274181366	250	-5,89017772674561	
253,125	1,2308737039566	253,125	-5,99716186523438	
256,25	1,30876874923706	256,25	-5,82073640823364	
259,375	1,2620450258255	259,375	-5,6494255065918	
262,5	1,07300865650177	262,5	-5,76012134552002	
265,625	1,07423293590546	265,625	-5,67745780944824	
268,75	1,0576696395874	268,75	-5,64596176147461	
271,875	1,1012716293335	271,875	-5,4655237197876	
275	1,27600717544556	275	-5,3713116645813	
278,125	1,27455031871796	278,125	-5,39395809173584	
281,25	1,05226039886475	281,25	-5,23091745376587	
284,375	1,06942892074585	284,375	-5,21491670608521	
287,5	1,18063163757324	287,5	-5,13976955413818	
290,625	1,17879438400269	290,625	-5,03073358535767	
293,75	1,10921740531921	293,75	-4,96496486663818	
296,875	0,975554287433624	296,875	-4,90305280685425	
300	1,06527996063232	300	-4,78494501113892	
303,125	1,18957698345184	303,125	-4,7877721786499	
306,25	1,11263942718506	306,25	-4,45500564575195	
309,375	1,15348124504089	309,375	-4,55723857879639	
312,5	1,2304162979126	312,5	-4,42273283004761	
315,625	1,23377549648285	315,625	-4,40928268432617	
318,75	1,26275110244751	318,75	-4,44898128509521	
321,875	1,35201168060303	321,875	-4,53105020523071	
325	1,34340310096741	325	-4,56041526794434	
328,125	1,26777684688568	328,125	-4,66680860519409	
331,25	1,08580482006073	331,25	-4,5718035697937	
334,375	1,18618905544281	334,375	-4,50960779190063	
337,5	1,11184585094452	337,5	-4,49318552017212	
340,625	1,16306352615356	340,625	-4,55168008804321	
343,75	1,13535332679749	343,75	-4,41169691085815	
346,875	1,01812541484833	346,875	-4,27266311645508	
350	1,07953572273254	350	-4,23675107955933	
353,125	0,908909857273102	353,125	-4,05198192596436	
356,25	0,914641320705414	356,25	-4,18825149536133	
359,375	0,928813278675079	359,375	-4,19109916687012	
362,5	0,950933873653412	362,5	-3,95509123802185	
365,625	0,977193236351013	365,625	-4,10652732849121	
368,75	0,993149816989899	368,75	-4,12729215621948	
371,875	1,14565587043762	371,875	-4,02397441864014	
375	1,01408922672272	375	-3,76074242591858	
378,125	0,995319783687592	378,125	-3,86809396743774	
381,25	0,865370750427246	381,25	-4,11270141601563	
384,375	0,920709609985352	384,375	-3,95430684089661	
387,5	0,974776744842529	387,5	-3,82181215286255	
390,625	1,01069784164429	390,625	-3,69684219360352	
393,75	0,875403046607971	393,75	-3,64095091819763	
396,875	0,871389448642731	396,875	-3,66401124000549	
400	0,804401874542236	400	-3,72667574882507	
403,125	0,885697901248932	403,125	-3,65759897232056	
406,25	0,959289968013763	406,25	-3,61744856834412	
409,375	0,800532639026642	409,375	-3,6200635433197	
412,5	0,856372058391571	412,5	-3,55996012687683	
415,625	1,04174542427063	415,625	-3,55305528640747	
418,75	1,14474511146545	418,75	-3,45402407646179	
421,875	1,07907915115356	421,875	-3,49010157585144	
425	0,993270814418793	425	-3,36734914779663	
428,125	0,868975281715393	428,125	-3,55994057655334	
431,25	0,94658499956131	431,25	-3,59177684783936	
434,375	1,1160991191864	434,375	-3,40394306182861	
437,5	1,09053158760071	437,5	-3,35848736763	
440,625	0,994906842708588	440,625	-3,32641196250916	
443,75	1,02158057689667	443,75	-3,26536679267883	
446,875	0,961654126644135	446,875	-3,29948139190674	
450	0,966962456703186	450	-3,30354118347168	
453,125	0,961045026779175	453,125	-3,19438219070435	
456,25	1,00856029987335	456,25	-3,11089444160461	
459,375	0,985424697399139	459,375	-3,124671459198	
462,5	0,946928381919861	462,5	-3,08428502082825	
465,625	0,916329681873322	465,625	-3,07074952125549	
468,75	0,942415773868561	468,75	-3,11523699760437	
471,875	0,958986222743988	471,875	-3,07568907737732	
475	0,880127847194672	475	-3,03606915473938	
478,125	0,887324094772339	478,125	-3,03381037712097	
481,25	0,948062062263489	481,25	-3,02409815788269	
484,375	0,943338215351105	484,375	-3,000657081604	
487,5	0,942682445049286	487,5	-2,99000072479248	
490,625	0,908227562904358	490,625	-2,94507265090942	
493,75	0,902882695198059	493,75	-2,92693853378296	
496,875	0,932390332221985	496,875	-2,87101554870605	
500	0,930811524391174	500	-2,89370369911194	
503,125	0,925256431102753	503,125	-2,87700986862183	
506,25	0,900201141834259	506,25	-2,8639543056488	
509,375	0,89819473028183	509,375	-2,84033346176147	
512,5	0,913473904132843	512,5	-2,8156099319458	
515,625	0,921512067317963	515,625	-2,78543329238892	
518,75	0,87145471572876	518,75	-2,75743579864502	
521,875	0,86317253112793	521,875	-2,75195026397705	
525	0,892104387283325	525	-2,71990942955017	
528,125	0,900234997272491	528,125	-2,72029685974121	
531,25	0,889597535133362	531,25	-2,7066798210144	
534,375	0,891350209712982	534,375	-2,70167779922485	
537,5	0,899831056594849	537,5	-2,68362712860107	
540,625	0,885301530361176	540,625	-2,67540287971497	
543,75	0,878157615661621	543,75	-2,63198232650757	
546,875	0,902815341949463	546,875	-2,61507821083069	
550	0,875974714756012	550	-2,59228157997131	
553,125	0,883092403411865	553,125	-2,60632991790771	
556,25	1,00820422172546	556,25	-2,69081711769104	
559,375	1,01547050476074	559,375	-2,69754195213318	
562,5	0,989616334438324	562,5	-2,6824312210083	
565,625	0,977591156959534	565,625	-2,69129872322083	
568,75	0,999627470970154	568,75	-2,64386534690857	
571,875	1,00549626350403	571,875	-2,63307690620422	
575	0,990909993648529	575	-2,61983966827393	
578,125	0,986029624938965	578,125	-2,61604738235474	
581,25	1,01090598106384	581,25	-2,60629200935364	
584,375	0,988559544086456	584,375	-2,57062244415283	
587,5	0,990511000156403	587,5	-2,57195425033569	
590,625	0,984205007553101	590,625	-2,55493426322937	
593,75	0,98268449306488	593,75	-2,53213310241699	
596,875	0,989726543426514	596,875	-2,5289568901062	
600	0,986434519290924	600	-2,53175592422485	
603,125	0,975990951061249	603,125	-2,4957480430603	
606,25	0,998849093914032	606,25	-2,48734092712402	
609,375	0,989852249622345	609,375	-2,44317317008972	
612,5	0,989970088005066	612,5	-2,4524040222168	
615,625	0,992263436317444	615,625	-2,429927110672	
618,75	0,980019867420197	618,75	-2,42395567893982	
621,875	0,982112646102905	621,875	-2,40000128746033	
625	0,993186175823212	625	-2,39557290077209	
628,125	0,978004693984985	628,125	-2,37728476524353	
631,25	0,979163229465485	631,25	-2,37238359451294	
634,375	0,983190357685089	634,375	-2,35604882240295	
637,5	0,995977342128754	637,5	-2,34208226203918	
640,625	0,985458791255951	640,625	-2,32318067550659	
643,75	0,972301363945007	643,75	-2,31599855422974	
646,875	0,981914639472961	646,875	-2,30433869361877	
650	0,985086381435394	650	-2,29362893104553	
653,125	0,975700259208679	653,125	-2,28623080253601	
656,25	0,974770426750183	656,25	-2,28170084953308	
659,375	0,963970363140106	659,375	-2,25976228713989	
662,5	0,978251576423645	662,5	-2,25005984306335	
665,625	0,969992458820343	665,625	-2,24459266662598	
668,75	0,974210143089294	668,75	-2,2319815158844	
671,875	0,981276333332062	671,875	-2,22204995155334	
675	0,983681499958038	675	-2,21242165565491	
678,125	0,986411869525909	678,125	-2,192715883255	
681,25	0,979630470275879	681,25	-2,17896151542664	
684,375	0,982078671455383	684,375	-2,17519783973694	
687,5	0,985865831375122	687,5	-2,15379667282104	
690,625	0,984233677387238	690,625	-2,144535779953	
693,75	0,99347048997879	693,75	-2,14451622962952	
696,875	0,998144209384918	696,875	-2,13270854949951	
700	0,981526255607605	700	-2,1319797039032	
703,125	0,971844851970673	703,125	-2,12436485290527	
706,25	0,978261172771454	706,25	-2,09554576873779	
709,375	0,980902254581451	709,375	-2,09133982658386	
712,5	0,966737568378448	712,5	-2,08371257781982	
715,625	0,978757917881012	715,625	-2,07598423957825	
718,75	0,985417604446411	718,75	-2,05832600593567	
721,875	0,973925828933716	721,875	-2,06293249130249	
725	0,980646252632141	725	-2,05777144432068	
728,125	0,983435869216919	728,125	-2,04315447807312	
731,25	0,96218466758728	731,25	-2,0406219959259	
734,375	0,970045745372772	734,375	-2,03069758415222	
737,5	0,97211217880249	737,5	-2,02527666091919	
740,625	0,96879255771637	740,625	-2,00892853736877	
743,75	0,967868864536285	743,75	-2,00232529640198	
746,875	0,964137017726898	746,875	-2,00365805625916	
750	0,969453811645508	750	-1,98061740398407	
753,125	0,974532306194305	753,125	-1,97774112224579	
756,25	0,972402989864349	756,25	-1,97358596324921	
759,375	0,958402752876282	759,375	-1,96662056446075	
762,5	0,967127561569214	762,5	-1,95275735855103	
765,625	0,969413161277771	765,625	-1,94983911514282	
768,75	0,982542932033539	768,75	-1,93392252922058	
771,875	0,966573238372803	771,875	-1,92023205757141	
775	0,968754053115845	775	-1,93155717849731	
778,125	0,981459975242615	778,125	-1,92243731021881	
781,25	0,970997929573059	781,25	-1,9133460521698	
784,375	0,964086592197418	784,375	-1,90433573722839	
787,5	0,979353725910187	787,5	-1,89950835704803	
790,625	0,964349567890167	790,625	-1,89051342010498	
793,75	0,971103429794312	793,75	-1,89445698261261	
796,875	0,961625397205353	796,875	-1,88213491439819	
800	0,95922976732254	800	-1,87927746772766	
803,125	0,959682166576386	803,125	-1,8987694978714	
806,25	0,945848166942596	806,25	-1,90299880504608	
809,375	0,942321300506592	809,375	-1,8909330368042	
812,5	0,942982971668243	812,5	-1,880774974823	
815,625	0,951368272304535	815,625	-1,871737241745	
818,75	0,936984062194824	818,75	-1,86455655097961	
821,875	0,92632532119751	821,875	-1,86358344554901	
825	0,908975839614868	825	-1,85584306716919	
828,125	0,911206543445587	828,125	-1,84826672077179	
831,25	0,911258220672607	831,25	-1,84807217121124	
834,375	0,894474864006042	834,375	-1,85023927688599	
837,5	0,871871531009674	837,5	-1,85495936870575	
840,625	0,865816831588745	840,625	-1,84862768650055	
843,75	0,848151206970215	843,75	-1,82286703586578	
846,875	0,832308351993561	846,875	-1,82076716423035	
850	0,822071731090546	850	-1,78225338459015	
853,125	0,809058606624603	853,125	-1,78367984294891	
856,25	0,806814968585968	856,25	-1,77454388141632	
859,375	0,796190321445465	859,375	-1,75804352760315	
862,5	0,775260388851166	862,5	-1,73196971416473	
865,625	0,771474540233612	865,625	-1,70352756977081	
868,75	0,771840393543243	868,75	-1,69047653675079	
871,875	0,760569036006927	871,875	-1,66251456737518	
875	0,753018796443939	875	-1,63895452022552	
878,125	0,779064536094666	878,125	-1,61189651489258	
881,25	0,772185444831848	881,25	-1,59242761135101	
884,375	0,841915547847748	884,375	-1,62514901161194	
887,5	0,856024324893951	887,5	-1,61166656017303	
890,625	0,855732440948486	890,625	-1,58905982971191	
893,75	0,860028207302094	893,75	-1,57542550563812	
896,875	0,872860550880432	896,875	-1,55343163013458	
900	0,875323295593262	900	-1,54166054725647	
903,125	0,881369888782501	903,125	-1,5253279209137	
906,25	0,898422658443451	906,25	-1,51432871818542	
909,375	0,90469491481781	909,375	-1,50570106506348	
912,5	0,90876305103302	912,5	-1,48749876022339	
915,625	0,921053290367126	915,625	-1,4805281162262	
918,75	0,930710256099701	918,75	-1,47125136852264	
921,875	0,925736129283905	921,875	-1,4547131061554	
925	0,935129404067993	925	-1,44782733917236	
928,125	0,937056541442871	928,125	-1,44393694400787	
931,25	0,939115703105927	931,25	-1,43927335739136	
934,375	0,944859087467194	934,375	-1,43361127376556	
937,5	0,942647397518158	937,5	-1,42195987701416	
940,625	0,950879871845245	940,625	-1,41234159469604	
943,75	0,959581553936005	943,75	-1,40661919116974	
946,875	0,964897692203522	946,875	-1,40155231952667	
950	0,967904388904572	950	-1,39748120307922	
953,125	0,97066742181778	953,125	-1,38498377799988	
956,25	0,97735458612442	956,25	-1,37839901447296	
959,375	0,980970680713654	959,375	-1,36998796463013	
962,5	0,980702936649323	962,5	-1,36337828636169	
965,625	0,98710423707962	965,625	-1,36112976074219	
968,75	0,988919079303741	968,75	-1,3590270280838	
971,875	0,987657248973846	971,875	-1,34826827049255	
975	0,990367233753204	975	-1,33814358711243	
978,125	0,99114191532135	978,125	-1,33786416053772	
981,25	0,995307803153992	981,25	-1,32600450515747	
984,375	0,99542635679245	984,375	-1,32504057884216	
987,5	0,998637914657593	987,5	-1,32345581054688	
990,625	1,00088930130005	990,625	-1,31443989276886	
993,75	0,997549295425415	993,75	-1,31266808509827	
996,875	1,00440979003906	996,875	-1,30482923984528	
1000	1,00666904449463	1000	-1,29818153381348	
1003,125	1,00861763954163	1003,125	-1,29521787166595	
1006,25	1,01214981079102	1006,25	-1,28708338737488	
1009,375	1,01159989833832	1009,375	-1,28455340862274	
1012,5	1,00907599925995	1012,5	-1,28027129173279	
1015,625	1,02080357074738	1015,625	-1,27327799797058	
1018,75	1,01357626914978	1018,75	-1,26382327079773	
1021,875	1,0168035030365	1021,875	-1,26463258266449	
1025	1,0146176815033	1025	-1,257847905159	
1028,125	1,018150806427	1028,125	-1,25334763526917	
1031,25	1,01675057411194	1031,25	-1,25048696994781	
1034,375	1,0184965133667	1034,375	-1,24734961986542	
1037,5	1,01606094837189	1037,5	-1,23723781108856	
1040,625	1,01788771152496	1040,625	-1,23551988601685	
1043,75	1,01862514019012	1043,75	-1,22961497306824	
1046,875	1,01849830150604	1046,875	-1,22909533977509	
1050	1,01549935340881	1050	-1,22158777713776	
1053,125	1,01253819465637	1053,125	-1,22311019897461	
1056,25	1,00932443141937	1056,25	-1,21420514583588	
1059,375	1,01650524139404	1059,375	-1,20689105987549	
1062,5	1,01589477062225	1062,5	-1,20558965206146	
1065,625	1,00866937637329	1065,625	-1,19562911987305	
1068,75	1,01119363307953	1068,75	-1,18994796276093	
1071,875	1,01044631004333	1071,875	-1,18703174591064	
1075	1,01054215431213	1075	-1,17851734161377	
1078,125	1,00940871238708	1078,125	-1,17320036888123	
1081,25	1,0131322145462	1081,25	-1,16836559772491	
1084,375	1,01225030422211	1084,375	-1,15887939929962	
1087,5	1,01138746738434	1087,5	-1,15029215812683	
1090,625	1,01355516910553	1090,625	-1,1453138589859	
1093,75	1,01466810703278	1093,75	-1,14094603061676	
1096,875	1,010861992836	1096,875	-1,13388538360596	
1100	1,01225304603577	1100	-1,13012516498566	
1103,125	1,0122811794281	1103,125	-1,12394976615906	
1106,25	1,02245724201202	1106,25	-1,11433613300323	
1109,375	1,01950883865356	1109,375	-1,10702526569366	
1112,5	1,01709532737732	1112,5	-1,11069548130035	
1115,625	1,02002453804016	1115,625	-1,10571885108948	
1118,75	1,02108252048492	1118,75	-1,09780097007751	
1121,875	1,0208306312561	1121,875	-1,09339570999146	
1125	1,02220189571381	1125	-1,0936998128891	
1128,125	1,02449262142181	1128,125	-1,08992683887482	
1131,25	1,02150475978851	1131,25	-1,08100724220276	
1134,375	1,02610516548157	1134,375	-1,07816100120544	
1137,5	1,02363622188568	1137,5	-1,07521283626556	
1140,625	1,02104163169861	1140,625	-1,07529091835022	
1143,75	1,02018988132477	1143,75	-1,06612002849579	
1146,875	1,01826691627502	1146,875	-1,06718981266022	
1150	1,01927125453949	1150	-1,07052743434906	
1153,125	1,01828348636627	1153,125	-1,06510293483734	
1156,25	1,01953649520874	1156,25	-1,0588550567627	
1159,375	1,01577484607697	1159,375	-1,05439639091492	
1162,5	1,01523876190186	1162,5	-1,04966628551483	
1165,625	1,013547539711	1165,625	-1,04701316356659	
1168,75	1,0070366859436	1168,75	-1,05012285709381	
1171,875	1,00000393390656	1171,875	-1,04372668266296	
1175	1,00129652023315	1175	-1,04327630996704	
1178,125	0,99787175655365	1178,125	-1,03868210315704	
1181,25	0,994962692260742	1181,25	-1,03072452545166	
1184,375	0,990802109241486	1184,375	-1,0225043296814	
1187,5	0,989228665828705	1187,5	-1,01957833766937	
1190,625	0,987059056758881	1190,625	-1,00760781764984	
1193,75	0,984755516052246	1193,75	-0,998386561870575	
1196,875	0,980258584022522	1196,875	-0,990203559398651	
1200	0,973441004753113	1200	-0,985365569591522	
1203,125	0,973631083965302	1203,125	-0,973811328411102	
1206,25	0,970103561878204	1206,25	-0,971959114074707	
1209,375	0,972811758518219	1209,375	-0,96388840675354	
1212,5	0,971524119377136	1212,5	-0,952363550662994	
1215,625	0,968892753124237	1215,625	-0,949647784233093	
1218,75	0,968135237693787	1218,75	-0,93833863735199	
1221,875	0,969449698925018	1221,875	-0,929159224033356	
1225	0,967048287391663	1225	-0,924672782421112	
1228,125	0,976521074771881	1228,125	-0,914377689361572	
1231,25	0,978372037410736	1231,25	-0,915005803108215	
1234,375	0,977721333503723	1234,375	-0,905121147632599	
1237,5	0,975965082645416	1237,5	-0,895711421966553	
1240,625	0,972261905670166	1240,625	-0,888456881046295	
1243,75	0,979548335075378	1243,75	-0,880018651485443	
1246,875	0,979536116123199	1246,875	-0,878743767738342	
1250	0,982225000858307	1250	-0,868667960166931	
1253,125	0,985243618488312	1253,125	-0,864705801010132	
1256,25	0,985997438430786	1256,25	-0,862804114818573	
1259,375	0,991250157356262	1259,375	-0,859264194965363	
1262,5	0,991395115852356	1262,5	-0,84358948469162	
1265,625	0,988985538482666	1265,625	-0,844017624855042	
1268,75	0,992112874984741	1268,75	-0,839281976222992	
1271,875	0,992854058742523	1271,875	-0,834049582481384	
1275	0,9923495054245	1275	-0,829138934612274	
1278,125	0,99615877866745	1278,125	-0,827318072319031	
1281,25	0,997043490409851	1281,25	-0,818573474884033	
1284,375	0,996976852416992	1284,375	-0,816861689090729	
1287,5	0,996894180774689	1287,5	-0,811896145343781	
1290,625	0,99651163816452	1290,625	-0,806294620037079	
1293,75	1,0009503364563	1293,75	-0,804062962532043	
1296,875	1,0050094127655	1296,875	-0,794748783111572	
1300	1,00451242923737	1300	-0,78887414932251	
1303,125	1,00516068935394	1303,125	-0,787971556186676	
1306,25	1,00711262226105	1306,25	-0,785122931003571	
1309,375	1,00126516819	1309,375	-0,779183745384216	
1312,5	1,00229525566101	1312,5	-0,778476774692535	
1315,625	1,0052855014801	1315,625	-0,771295547485352	
1318,75	1,01112186908722	1318,75	-0,767144739627838	
1321,875	1,00931620597839	1321,875	-0,75966465473175	
1325	1,01041615009308	1325	-0,760010600090027	
1328,125	1,01523804664612	1328,125	-0,753337860107422	
1331,25	1,01283800601959	1331,25	-0,748509466648102	
1334,375	1,0118545293808	1334,375	-0,747652173042297	
1337,5	1,01157331466675	1337,5	-0,742916703224182	
1340,625	1,01307117938995	1340,625	-0,738377213478088	
1343,75	1,01375496387482	1343,75	-0,735794901847839	
1346,875	1,01287341117859	1346,875	-0,731394290924072	
1350	1,01613199710846	1350	-0,724522173404694	
1353,125	1,01438617706299	1353,125	-0,721255362033844	
1356,25	1,01083016395569	1356,25	-0,720048308372498	
1359,375	1,0131698846817	1359,375	-0,71523904800415	
1362,5	1,01591837406158	1362,5	-0,71197497844696	
1365,625	1,01147067546844	1365,625	-0,709705114364624	
1368,75	1,01700699329376	1368,75	-0,702327191829681	
1371,875	1,02331709861755	1371,875	-0,697208940982819	
1375	1,02082908153534	1375	-0,693008124828339	
1378,125	1,01918542385101	1378,125	-0,691550374031067	
1381,25	1,01919484138489	1381,25	-0,685904800891876	
1384,375	1,02153718471527	1384,375	-0,681726574897766	
1387,5	1,02236294746399	1387,5	-0,678912758827209	
1390,625	1,0242908000946	1390,625	-0,674446821212769	
1393,75	1,02574348449707	1393,75	-0,671981692314148	
1396,875	1,02611017227173	1396,875	-0,66803777217865	
1400	1,02482199668884	1400	-0,665635108947754	
1403,125	1,02710485458374	1403,125	-0,660779893398285	
1406,25	1,02901685237885	1406,25	-0,656761825084686	
1409,375	1,02843010425568	1409,375	-0,651208758354187	
1412,5	1,0294486284256	1412,5	-0,651096999645233	
1415,625	1,0295125246048	1415,625	-0,64737856388092	
1418,75	1,02836382389069	1418,75	-0,642574489116669	
1421,875	1,02694988250732	1421,875	-0,64301609992981	
1425	1,02976095676422	1425	-0,638183534145355	
1428,125	1,03202629089355	1428,125	-0,632383048534393	
1431,25	1,03284454345703	1431,25	-0,629742920398712	
1434,375	1,0318295955658	1434,375	-0,625711917877197	
1437,5	1,03448486328125	1437,5	-0,623117327690125	
1440,625	1,03434121608734	1440,625	-0,619906187057495	
1443,75	1,0341215133667	1443,75	-0,615887045860291	
1446,875	1,03320717811584	1446,875	-0,612748861312866	
1450	1,03533899784088	1450	-0,608563601970673	
1453,125	1,03709661960602	1453,125	-0,605966627597809	
1456,25	1,03547513484955	1456,25	-0,601660907268524	
1459,375	1,03630936145782	1459,375	-0,603537857532501	
1462,5	1,03670871257782	1462,5	-0,595528662204742	
1465,625	1,0363701581955	1465,625	-0,592059373855591	
1468,75	1,03552043437958	1468,75	-0,589396238327026	
1471,875	1,03511714935303	1471,875	-0,585510969161987	
1475	1,03834474086761	1475	-0,584995746612549	
1478,125	1,03933370113373	1478,125	-0,582884728908539	
1481,25	1,03630244731903	1481,25	-0,579834699630737	
1484,375	1,03666722774506	1484,375	-0,574791312217712	
1487,5	1,03802359104156	1487,5	-0,572494804859161	
1490,625	1,03776490688324	1490,625	-0,567575573921204	
1493,75	1,04047226905823	1493,75	-0,564579546451569	
1496,875	1,0377836227417	1496,875	-0,562828600406647	
1500	1,03600418567657	1500	-0,56025493144989	
1503,125	1,03880250453949	1503,125	-0,557012438774109	
1506,25	1,04189932346344	1506,25	-0,548855125904083	
1509,375	1,03974938392639	1509,375	-0,546384990215302	
1512,5	1,03823685646057	1512,5	-0,546001136302948	
1515,625	1,03830659389496	1515,625	-0,543234050273895	
1518,75	1,03715920448303	1518,75	-0,539046347141266	
1521,875	1,03790199756622	1521,875	-0,5373894572258	
1525	1,03489708900452	1525	-0,532775521278381	
1528,125	1,03706645965576	1528,125	-0,527956604957581	
1531,25	1,0378577709198	1531,25	-0,52609783411026	
1534,375	1,03881371021271	1534,375	-0,52089649438858	
1537,5	1,03858757019043	1537,5	-0,518779039382935	
1540,625	1,03816854953766	1540,625	-0,517207264900208	
1543,75	1,03896570205688	1543,75	-0,511953234672546	
1546,875	1,03937566280365	1546,875	-0,507245719432831	
1550	1,03832864761353	1550	-0,505261719226837	
1553,125	1,0401862859726	1553,125	-0,500737130641937	
1556,25	1,03977286815643	1556,25	-0,501600921154022	
1559,375	1,03910934925079	1559,375	-0,494631111621857	
1562,5	1,04135143756866	1562,5	-0,49218738079071	
1565,625	1,04210495948792	1565,625	-0,48868528008461	
1568,75	1,04308342933655	1568,75	-0,484313547611237	
1571,875	1,04281842708588	1571,875	-0,482157170772552	
1575	1,04236841201782	1575	-0,480559378862381	
1578,125	1,04389131069183	1578,125	-0,476412504911423	
1581,25	1,04201281070709	1581,25	-0,47224286198616	
1584,375	1,04378592967987	1584,375	-0,46987771987915	
1587,5	1,0446640253067	1587,5	-0,467058509588242	
1590,625	1,04432237148285	1590,625	-0,466440349817276	
1593,75	1,04495894908905	1593,75	-0,463867425918579	
1596,875	1,04326701164246	1596,875	-0,459748893976212	
1600	1,0449606180191	1600	-0,457575738430023	
1603,125	1,0453474521637	1603,125	-0,453581929206848	
1606,25	1,04615902900696	1606,25	-0,453221768140793	
1609,375	1,04301762580872	1609,375	-0,44675001502037	
1612,5	1,04472351074219	1612,5	-0,44452115893364	
1615,625	1,04575479030609	1615,625	-0,441509276628494	
1618,75	1,04299449920654	1618,75	-0,437637388706207	
1621,875	1,04498481750488	1621,875	-0,438784718513489	
1625	1,04649865627289	1625	-0,434696137905121	
1628,125	1,04626667499542	1628,125	-0,431799560785294	
1631,25	1,04482388496399	1631,25	-0,425795465707779	
1634,375	1,04354429244995	1634,375	-0,426144659519196	
1637,5	1,04393267631531	1637,5	-0,421232998371124	
1640,625	1,04165422916412	1640,625	-0,424900770187378	
1643,75	1,03914082050323	1643,75	-0,420411944389343	
1646,875	1,04097187519073	1646,875	-0,41818755865097	
1650	1,04095685482025	1650	-0,413890212774277	
1653,125	1,04053771495819	1653,125	-0,41072940826416	
1656,25	1,0418404340744	1656,25	-0,410981982946396	
1659,375	1,03942012786865	1659,375	-0,406794041395187	
1662,5	1,03974211215973	1662,5	-0,404093593358994	
1665,625	1,04045295715332	1665,625	-0,401673674583435	
1668,75	1,03791749477386	1668,75	-0,395689278841019	
1671,875	1,03458547592163	1671,875	-0,39158371090889	
1675	1,03428614139557	1675	-0,394115030765533	
1678,125	1,03175866603851	1678,125	-0,389491260051727	
1681,25	1,03228509426117	1681,25	-0,38782075047493	
1684,375	1,029709815979	1684,375	-0,384908050298691	
1687,5	1,02837181091309	1687,5	-0,377228200435638	
1690,625	1,0285736322403	1690,625	-0,374997407197952	
1693,75	1,02598893642426	1693,75	-0,369315952062607	
1696,875	1,02592611312866	1696,875	-0,36665466427803	
1700	1,02264583110809	1700	-0,363345682621002	
1703,125	1,02228653430939	1703,125	-0,360010147094727	
1706,25	1,02312183380127	1706,25	-0,356485903263092	
1709,375	1,02155518531799	1709,375	-0,35263729095459	
1712,5	1,02313649654388	1712,5	-0,347674459218979	
1715,625	1,0220981836319	1715,625	-0,342432498931885	
1718,75	1,02331066131592	1718,75	-0,338470757007599	
1721,875	1,0202294588089	1721,875	-0,334599614143372	
1725	1,02070474624634	1725	-0,331897139549255	
1728,125	1,01883614063263	1728,125	-0,326281368732452	
1731,25	1,02113556861877	1731,25	-0,321954280138016	
1734,375	1,02251887321472	1734,375	-0,318329334259033	
1737,5	1,02001142501831	1737,5	-0,314107447862625	
1740,625	1,0188022851944	1740,625	-0,312261253595352	
1743,75	1,02070736885071	1743,75	-0,305332124233246	
1746,875	1,02240371704102	1746,875	-0,301147431135178	
1750	1,02175486087799	1750	-0,297703683376312	
1753,125	1,022216796875	1753,125	-0,293437451124191	
1756,25	1,02264010906219	1756,25	-0,290030807256699	
1759,375	1,02283573150635	1759,375	-0,286008268594742	
1762,5	1,02428936958313	1762,5	-0,283124089241028	
1765,625	1,02576959133148	1765,625	-0,279277145862579	
1768,75	1,02509772777557	1768,75	-0,276966601610184	
1771,875	1,02687513828278	1771,875	-0,272708117961884	
1775	1,02897918224335	1775	-0,269231528043747	
1778,125	1,02807974815369	1778,125	-0,266812801361084	
1781,25	1,02706611156464	1781,25	-0,264301598072052	
1784,375	1,02984762191772	1784,375	-0,260221004486084	
1787,5	1,03022372722626	1787,5	-0,256475359201431	
1790,625	1,03126525878906	1790,625	-0,254243284463882	
1793,75	1,03111922740936	1793,75	-0,252270102500916	
1796,875	1,02895545959473	1796,875	-0,249432012438774	
1800	1,03052175045013	1800	-0,247540548443794	
1803,125	1,03141462802887	1803,125	-0,2431530803442	
1806,25	1,03130555152893	1806,25	-0,239377290010452	
1809,375	1,03156530857086	1809,375	-0,237140834331512	
1812,5	1,03144645690918	1812,5	-0,234709590673447	
1815,625	1,0317724943161	1815,625	-0,231981426477432	
1818,75	1,03285193443298	1818,75	-0,228215292096138	
1821,875	1,03251254558563	1821,875	-0,225667044520378	
1825	1,03172707557678	1825	-0,223407402634621	
1828,125	1,03340101242065	1828,125	-0,219823732972145	
1831,25	1,03510844707489	1831,25	-0,216915801167488	
1834,375	1,03488111495972	1834,375	-0,215631976723671	
1837,5	1,03584885597229	1837,5	-0,210640177130699	
1840,625	1,03564643859863	1840,625	-0,206877470016479	
1843,75	1,03612613677979	1843,75	-0,204291865229607	
1846,875	1,03577351570129	1846,875	-0,201981037855148	
1850	1,03499031066895	1850	-0,200365036725998	
1853,125	1,03621971607208	1853,125	-0,197237089276314	
1856,25	1,03785014152527	1856,25	-0,193950161337852	
1859,375	1,03750765323639	1859,375	-0,191486731171608	
1862,5	1,0377117395401	1862,5	-0,18954986333847	
1865,625	1,0373831987381	1865,625	-0,187758266925812	
1868,75	1,03837895393372	1868,75	-0,185829341411591	
1871,875	1,03875589370728	1871,875	-0,182318687438965	
1875	1,03932881355286	1875	-0,179915651679039	
1878,125	1,03966629505157	1878,125	-0,176316380500793	
1881,25	1,03941535949707	1881,25	-0,174601659178734	
1884,375	1,04024052619934	1884,375	-0,171544432640076	
1887,5	1,03985011577606	1887,5	-0,168790727853775	
1890,625	1,04053211212158	1890,625	-0,168274790048599	
1893,75	1,04006040096283	1893,75	-0,163577288389206	
1896,875	1,04147386550903	1896,875	-0,161799266934395	
1900	1,04130208492279	1900	-0,160058706998825	
1903,125	1,04098069667816	1903,125	-0,157683447003365	
1906,25	1,04139184951782	1906,25	-0,155493497848511	
1909,375	1,04225766658783	1909,375	-0,152877122163773	
1912,5	1,0427143573761	1912,5	-0,149992495775223	
1915,625	1,0423583984375	1915,625	-0,147050589323044	
1918,75	1,04288804531097	1918,75	-0,145568624138832	
1921,875	1,04253041744232	1921,875	-0,142324343323708	
1925	1,04273784160614	1925	-0,140600934624672	
1928,125	1,04299652576447	1928,125	-0,138190940022469	
1931,25	1,04355680942535	1931,25	-0,136888548731804	
1934,375	1,04367208480835	1934,375	-0,13529609143734	
1937,5	1,0447154045105	1937,5	-0,133320555090904	
1940,625	1,04442262649536	1940,625	-0,131793454289436	
1943,75	1,0442488193512	1943,75	-0,127754583954811	
1946,875	1,04468894004822	1946,875	-0,124803587794304	
1950	1,04428493976593	1950	-0,122748360037804	
1953,125	1,04569733142853	1953,125	-0,121194526553154	
1956,25	1,04569041728973	1956,25	-0,119100257754326	
1959,375	1,04537963867188	1959,375	-0,11778636276722	
1962,5	1,04480636119843	1962,5	-0,11432683467865	
1965,625	1,04526114463806	1965,625	-0,112198263406754	
1968,75	1,04537689685822	1968,75	-0,110893689095974	
1971,875	1,04480981826782	1971,875	-0,109855003654957	
1975	1,04550135135651	1975	-0,106549307703972	
1978,125	1,04446995258331	1978,125	-0,10504174977541	
1981,25	1,04475474357605	1981,25	-0,102895259857178	
1984,375	1,04479968547821	1984,375	-0,0996663570404053	
1987,5	1,04451596736908	1987,5	-0,0981353670358658	
1990,625	1,04374074935913	1990,625	-0,0966249480843544	
1993,75	1,04319381713867	1993,75	-0,0939843729138374	
1996,875	1,04248631000519	1996,875	-0,091533899307251	
2000	1,0417799949646	2000	-0,0893375724554062	
2003,125	1,04203248023987	2003,125	-0,0870753526687622	
2006,25	1,04349339008331	2006,25	-0,0848507806658745	
2009,375	1,04264390468597	2009,375	-0,0828770697116852	
2012,5	1,04184746742249	2012,5	-0,0806936398148537	
2015,625	1,04241418838501	2015,625	-0,0784462094306946	
2018,75	1,04170417785645	2018,75	-0,0762429535388947	
2021,875	1,04116582870483	2021,875	-0,0730593428015709	
2025	1,04137146472931	2025	-0,0704310983419418	
2028,125	1,04109489917755	2028,125	-0,0681062042713165	
2031,25	1,04054141044617	2031,25	-0,0656988099217415	
2034,375	1,04071187973022	2034,375	-0,0641947910189629	
2037,5	1,04088485240936	2037,5	-0,0608408339321613	
2040,625	1,03991115093231	2040,625	-0,0575327649712563	
2043,75	1,03985273838043	2043,75	-0,0557864867150784	
2046,875	1,03951072692871	2046,875	-0,0542625077068806	
2050	1,03997814655304	2050	-0,0507950745522976	
2053,125	1,04034113883972	2053,125	-0,0482712648808956	
2056,25	1,03955733776093	2056,25	-0,0455162934958935	
2059,375	1,03931379318237	2059,375	-0,0437934659421444	
2062,5	1,03978133201599	2062,5	-0,041755598038435	
2065,625	1,04018819332123	2065,625	-0,0392937771975994	
2068,75	1,04052734375	2068,75	-0,0365891866385937	
2071,875	1,04056441783905	2071,875	-0,0346936546266079	
2075	1,04089629650116	2075	-0,031907994300127	
2078,125	1,04089772701263	2078,125	-0,0294115226715803	
2081,25	1,04043471813202	2081,25	-0,0269897412508726	
2084,375	1,04020428657532	2084,375	-0,0249616410583258	
2087,5	1,04125905036926	2087,5	-0,0226524770259857	
2090,625	1,04060566425323	2090,625	-0,0207329727709293	
2093,75	1,04076266288757	2093,75	-0,0185206849128008	
2096,875	1,04122948646545	2096,875	-0,0172815248370171	
2100	1,04091000556946	2100	-0,0149689670652151	
2103,125	1,04122972488403	2103,125	-0,0129731222987175	
2106,25	1,04158234596252	2106,25	-0,010541582480073	
2109,375	1,04159784317017	2109,375	-0,0081952903419733	
2112,5	1,04108989238739	2112,5	-0,00676759425550699	
2115,625	1,04073655605316	2115,625	-0,00459657190367579	
2118,75	1,04110145568848	2118,75	-0,00144345755688846	
2121,875	1,04222083091736	2121,875	0,000805002811830491	
2125	1,04212522506714	2125	0,00184677599463612	
2128,125	1,04152858257294	2128,125	0,00410777889192104	
2131,25	1,04189026355743	2131,25	0,00655235582962632	
2134,375	1,04177796840668	2134,375	0,00899211224168539	
2137,5	1,04154908657074	2137,5	0,01069569401443	
2140,625	1,04175937175751	2140,625	0,0119550647214055	
2143,75	1,04174840450287	2143,75	0,0140412356704473	
2146,875	1,04158627986908	2146,875	0,0166214499622583	
2150	1,04142916202545	2150	0,0192656982690096	
2153,125	1,04188823699951	2153,125	0,0210131723433733	
2156,25	1,04193019866943	2156,25	0,0223085582256317	
2159,375	1,04125308990479	2159,375	0,0249618086963892	
2162,5	1,04178822040558	2162,5	0,0275333933532238	
2165,625	1,04155325889587	2165,625	0,029326006770134	
2168,75	1,04179608821869	2168,75	0,031895887106657	
2171,875	1,04172849655151	2171,875	0,0338764116168022	
2175	1,04239678382874	2175	0,0362772606313229	
2178,125	1,04251658916473	2178,125	0,0380556993186474	
2181,25	1,04206538200378	2181,25	0,0394695326685905	
2184,375	1,04276871681213	2184,375	0,0415718145668507	
2187,5	1,04233360290527	2187,5	0,0435366258025169	
2190,625	1,04200291633606	2190,625	0,0465729273855686	
2193,75	1,04290199279785	2193,75	0,0488089360296726	
2196,875	1,04263579845428	2196,875	0,0513400994241238	
2200	1,04211759567261	2200	0,0527219362556934	
2203,125	1,04266762733459	2203,125	0,0533407554030418	
2206,25	1,04335069656372	2206,25	0,0554843172430992	
2209,375	1,0437194108963	2209,375	0,0591355934739113	
2212,5	1,04402530193329	2212,5	0,0613039880990982	
2215,625	1,04393625259399	2215,625	0,0630535259842873	
2218,75	1,0443195104599	2218,75	0,0643735378980637	
2221,875	1,04408288002014	2221,875	0,0671534091234207	
2225	1,04515302181244	2225	0,0693650618195534	
2228,125	1,04510807991028	2228,125	0,0702348798513412	
2231,25	1,04534327983856	2231,25	0,0721500739455223	
2234,375	1,0458402633667	2234,375	0,0734387710690498	
2237,5	1,0449515581131	2237,5	0,0755214542150497	
2240,625	1,04457545280457	2240,625	0,0771804079413414	
2243,75	1,04553830623627	2243,75	0,0794193521142006	
2246,875	1,04581773281097	2246,875	0,0816964283585548	
2250	1,04569244384766	2250	0,083542175590992	
2253,125	1,04697954654694	2253,125	0,0856017172336578	
2256,25	1,04621946811676	2256,25	0,0873151943087578	
2259,375	1,04711353778839	2259,375	0,0882523059844971	
2262,5	1,04741299152374	2262,5	0,091046616435051	
2265,625	1,0460512638092	2265,625	0,0922787487506866	
2268,75	1,04709589481354	2268,75	0,0942517668008804	
2271,875	1,04638636112213	2271,875	0,0954371467232704	
2275	1,04640448093414	2275	0,0977121889591217	
2278,125	1,04569804668427	2278,125	0,0996911600232124	
2281,25	1,04822373390198	2281,25	0,100310362875462	
2284,375	1,04871356487274	2284,375	0,102660454809666	
2287,5	1,04788529872894	2287,5	0,104454278945923	
2290,625	1,04807245731354	2290,625	0,10666248947382	
2293,75	1,04665648937225	2293,75	0,108949929475784	
2296,875	1,0488920211792	2296,875	0,110186479985714	
2300	1,04829025268555	2300	0,111349456012249	
2303,125	1,04954063892365	2303,125	0,113393820822239	
2306,25	1,04911756515503	2306,25	0,115513309836388	
2309,375	1,04860389232635	2309,375	0,117247939109802	
2312,5	1,04829657077789	2312,5	0,118458263576031	
2315,625	1,04954838752747	2315,625	0,119884550571442	
2318,75	1,0490847826004	2318,75	0,12191116809845	
2321,875	1,04883992671967	2321,875	0,12338924407959	
2325	1,05003702640533	2325	0,125592097640038	
2328,125	1,04995691776276	2328,125	0,12751866877079	
2331,25	1,05057942867279	2331,25	0,129343196749687	
2334,375	1,05074346065521	2334,375	0,130734205245972	
2337,5	1,0515604019165	2337,5	0,132020682096481	
2340,625	1,05036056041718	2340,625	0,134120002388954	
2343,75	1,0501674413681	2343,75	0,137360319495201	
2346,875	1,05170035362244	2346,875	0,137486800551414	
2350	1,05081045627594	2350	0,139830127358437	
2353,125	1,05157458782196	2353,125	0,140478372573853	
2356,25	1,05200135707855	2356,25	0,142074465751648	
2359,375	1,05153656005859	2359,375	0,145372748374939	
2362,5	1,05171346664429	2362,5	0,146186411380768	
2365,625	1,0525780916214	2365,625	0,146141901612282	
2368,75	1,05273711681366	2368,75	0,150712922215462	
2371,875	1,05179917812347	2371,875	0,15105639398098	
2375	1,05318987369537	2375	0,15222430229187	
2378,125	1,052973985672	2378,125	0,153668150305748	
2381,25	1,0530903339386	2381,25	0,155730843544006	
2384,375	1,05344486236572	2384,375	0,156540900468826	
2387,5	1,0549111366272	2387,5	0,159543216228485	
2390,625	1,05418789386749	2390,625	0,159880742430687	
2393,75	1,0542619228363	2393,75	0,162722527980804	
2396,875	1,05296015739441	2396,875	0,164081126451492	
2400	1,05412626266479	2400	0,164485961198807	
2403,125	1,0542893409729	2403,125	0,16604819893837	
2406,25	1,05527210235596	2406,25	0,166879668831825	
2409,375	1,05553376674652	2409,375	0,168675601482391	
2412,5	1,05432522296906	2412,5	0,17044971883297	
2415,625	1,05649614334106	2415,625	0,173525750637054	
2418,75	1,05597162246704	2418,75	0,17464753985405	
2421,875	1,0553787946701	2421,875	0,176943302154541	
2425	1,05576074123383	2425	0,178791254758835	
2428,125	1,05637180805206	2428,125	0,179134055972099	
2431,25	1,05645716190338	2431,25	0,179800987243652	
2434,375	1,05586647987366	2434,375	0,181462615728378	
2437,5	1,05633234977722	2437,5	0,183737367391586	
2440,625	1,05707728862762	2440,625	0,185463920235634	
2443,75	1,05619430541992	2443,75	0,187697991728783	
2446,875	1,05634152889252	2446,875	0,188694030046463	
2450	1,05595123767853	2450	0,190774455666542	
2453,125	1,05619823932648	2453,125	0,19280469417572	
2456,25	1,05764663219452	2456,25	0,194079369306564	
2459,375	1,05723369121552	2459,375	0,196386352181435	
2462,5	1,05721926689148	2462,5	0,198674514889717	
2465,625	1,05698132514954	2465,625	0,199203744530678	
2468,75	1,05855751037598	2468,75	0,199298918247223	
2471,875	1,05872237682343	2471,875	0,202379539608955	
2475	1,05843317508698	2475	0,203781694173813	
2478,125	1,05846989154816	2478,125	0,205291882157326	
2481,25	1,05818676948547	2481,25	0,20724855363369	
2484,375	1,05931258201599	2484,375	0,208551034331322	
2487,5	1,0603039264679	2487,5	0,210220634937286	
2490,625	1,0583176612854	2490,625	0,213214367628098	
2493,75	1,05937886238098	2493,75	0,214303985238075	
2496,875	1,0601065158844	2496,875	0,21694540977478	
2500	1,06041491031647	2500	0,218100219964981	
2503,125	1,06180834770203	2503,125	0,218734785914421	
2506,25	1,06051397323608	2506,25	0,21993200480938	
2509,375	1,06111180782318	2509,375	0,222092404961586	
2512,5	1,06141662597656	2512,5	0,223098710179329	
2515,625	1,06083679199219	2515,625	0,225342735648155	
2518,75	1,06132388114929	2518,75	0,226283192634583	
2521,875	1,06322991847992	2521,875	0,228193178772926	
2525	1,06180024147034	2525	0,230597153306007	
2528,125	1,06414377689362	2528,125	0,233123481273651	
2531,25	1,06403887271881	2531,25	0,233840733766556	
2534,375	1,06336641311646	2534,375	0,234416350722313	
2537,5	1,06578862667084	2537,5	0,237928241491318	
2540,625	1,06647384166718	2540,625	0,238903433084488	
2543,75	1,06418681144714	2543,75	0,239984735846519	
2546,875	1,06467974185944	2546,875	0,241465061903	
2550	1,06662213802338	2550	0,242805376648903	
2553,125	1,06678521633148	2553,125	0,244696691632271	
2556,25	1,0674192905426	2556,25	0,246683821082115	
2559,375	1,06793856620789	2559,375	0,247476756572723	
2562,5	1,06772911548615	2562,5	0,247885093092918	
2565,625	1,06783866882324	2565,625	0,24884369969368	
2568,75	1,07036542892456	2568,75	0,252063274383545	
2571,875	1,07013666629791	2571,875	0,252688765525818	
2575	1,0701687335968	2575	0,254282563924789	
2578,125	1,07110059261322	2578,125	0,255708128213882	
2581,25	1,07091152667999	2581,25	0,257427543401718	
2584,375	1,07271242141724	2584,375	0,25956729054451	
2587,5	1,0737566947937	2587,5	0,259584605693817	
2590,625	1,07334887981415	2590,625	0,260890513658524	
2593,75	1,07511162757874	2593,75	0,26359623670578	
2596,875	1,07512879371643	2596,875	0,265000373125076	
2600	1,07526004314423	2600	0,264951765537262	
2603,125	1,07537341117859	2603,125	0,264294922351837	
2606,25	1,07431924343109	2606,25	0,26528188586235	
2609,375	1,07506346702576	2609,375	0,266577750444412	
2612,5	1,07582449913025	2612,5	0,266904830932617	
2615,625	1,07523334026337	2615,625	0,270430594682693	
2618,75	1,07332456111908	2618,75	0,272350162267685	
2621,875	1,07281422615051	2621,875	0,273081481456757	
2625	1,07506966590881	2625	0,277016192674637	
2628,125	1,0749843120575	2628,125	0,278020858764648	
2631,25	1,07319569587708	2631,25	0,279493093490601	
2634,375	1,0773720741272	2634,375	0,279264479875565	
2637,5	1,07718420028687	2637,5	0,281866371631622	
2640,625	1,0770708322525	2640,625	0,284611731767654	
2643,75	1,07794201374054	2643,75	0,284849673509598	
2646,875	1,07752335071564	2646,875	0,287925213575363	
2650	1,07801187038422	2650	0,288974106311798	
2653,125	1,07970142364502	2653,125	0,290231168270111	
2656,25	1,07911503314972	2656,25	0,293228358030319	
2659,375	1,08209097385406	2659,375	0,293866902589798	
2662,5	1,08282017707825	2662,5	0,29485958814621	
2665,625	1,08285784721375	2665,625	0,297678172588348	
2668,75	1,08425617218018	2668,75	0,298155218362808	
2671,875	1,08365488052368	2671,875	0,300330877304077	
2675	1,08346450328827	2675	0,30366450548172	
2678,125	1,08601415157318	2678,125	0,304165005683899	
2681,25	1,08629679679871	2681,25	0,306517779827118	
2684,375	1,08644020557404	2684,375	0,307282000780106	
2687,5	1,08784806728363	2687,5	0,309170544147491	
2690,625	1,08873975276947	2690,625	0,310401350259781	
2693,75	1,0869425535202	2693,75	0,311704248189926	
2696,875	1,08907306194305	2696,875	0,316060096025467	
2700	1,0926741361618	2700	0,314907550811768	
2703,125	1,09292674064636	2703,125	0,315683484077454	
2706,25	1,09227287769318	2706,25	0,317344546318054	
2709,375	1,09459686279297	2709,375	0,319696456193924	
2712,5	1,09569275379181	2712,5	0,320291072130203	
2715,625	1,09555864334106	2715,625	0,32126647233963	
2718,75	1,09791529178619	2718,75	0,324061840772629	
2721,875	1,09956872463226	2721,875	0,324503570795059	
2725	1,10047233104706	2725	0,326348632574081	
2728,125	1,10201036930084	2728,125	0,327639013528824	
2731,25	1,10275673866272	2731,25	0,329411119222641	
2734,375	1,10388231277466	2734,375	0,331292927265167	
2737,5	1,105593085289	2737,5	0,330437481403351	
2740,625	1,10787427425385	2740,625	0,331144660711288	
2743,75	1,10854780673981	2743,75	0,332135200500488	
2746,875	1,11029732227325	2746,875	0,33212286233902	
2750	1,10934638977051	2750	0,334441930055618	
2753,125	1,11286187171936	2753,125	0,335814297199249	
2756,25	1,11435031890869	2756,25	0,335124582052231	
2759,375	1,11445343494415	2759,375	0,333654791116714	
2762,5	1,11633515357971	2762,5	0,333927512168884	
2765,625	1,11557829380035	2765,625	0,334312677383423	
2768,75	1,11733758449554	2768,75	0,336856752634048	
2771,875	1,11924934387207	2771,875	0,336164057254791	
2775	1,11872529983521	2775	0,335439592599869	
2778,125	1,11992621421814	2778,125	0,335577785968781	
2781,25	1,11994695663452	2781,25	0,334725826978683	
2784,375	1,12042474746704	2784,375	0,336412668228149	
2787,5	1,11990058422089	2787,5	0,337581008672714	
2790,625	1,12076032161713	2790,625	0,338891267776489	
2793,75	1,12099289894104	2793,75	0,339726239442825	
2796,875	1,12078726291656	2796,875	0,341249614953995	
2800	1,12207019329071	2800	0,342956572771072	
2803,125	1,12119317054749	2803,125	0,342006951570511	
2806,25	1,12291145324707	2806,25	0,343945473432541	
2809,375	1,12255954742432	2809,375	0,344102650880814	
2812,5	1,12429332733154	2812,5	0,343825548887253	
2815,625	1,12457168102264	2815,625	0,343348622322083	
2818,75	1,12320744991302	2818,75	0,345067083835602	
2821,875	1,12477207183838	2821,875	0,345574706792831	
2825	1,12689638137817	2825	0,346602976322174	
2828,125	1,12503051757813	2828,125	0,347714096307755	
2831,25	1,12641000747681	2831,25	0,347837597131729	
2834,375	1,1261088848114	2834,375	0,350498586893082	
2837,5	1,12799727916718	2837,5	0,351090341806412	
2840,625	1,12815999984741	2840,625	0,351487815380096	
2843,75	1,12698948383331	2843,75	0,353142499923706	
2846,875	1,12969040870667	2846,875	0,353755116462708	
2850	1,12789618968964	2850	0,353760570287704	
2853,125	1,12935817241669	2853,125	0,354725658893585	
2856,25	1,12897658348083	2856,25	0,356328159570694	
2859,375	1,12984204292297	2859,375	0,356439858675003	
2862,5	1,13121390342712	2862,5	0,359010487794876	
2865,625	1,13094592094421	2865,625	0,359437048435211	
2868,75	1,130051612854	2868,75	0,360581457614899	
2871,875	1,13259375095367	2871,875	0,361252039670944	
2875	1,13175809383392	2875	0,363255798816681	
2878,125	1,13108456134796	2878,125	0,364183068275452	
2881,25	1,13323080539703	2881,25	0,36469355225563	
2884,375	1,13392651081085	2884,375	0,364957243204117	
2887,5	1,13413155078888	2887,5	0,365294098854065	
2890,625	1,13369083404541	2890,625	0,366131395101547	
2893,75	1,13403809070587	2893,75	0,370140641927719	
2896,875	1,13539588451385	2896,875	0,36947175860405	
2900	1,13482546806335	2900	0,370392858982086	
2903,125	1,13474774360657	2903,125	0,371260106563568	
2906,25	1,13506376743317	2906,25	0,372587651014328	
2909,375	1,13575291633606	2909,375	0,374302446842194	
2912,5	1,13637447357178	2912,5	0,37526062130928	
2915,625	1,13672268390656	2915,625	0,376927733421326	
2918,75	1,13708031177521	2918,75	0,378219664096832	
2921,875	1,13735604286194	2921,875	0,378898024559021	
2925	1,138103723526	2925	0,380183607339859	
2928,125	1,13773798942566	2928,125	0,381151020526886	
2931,25	1,13646423816681	2931,25	0,383468300104141	
2934,375	1,13784003257751	2934,375	0,384739428758621	
2937,5	1,13789427280426	2937,5	0,385987132787704	
2940,625	1,13866722583771	2940,625	0,387077003717422	
2943,75	1,13749933242798	2943,75	0,388455331325531	
2946,875	1,13769459724426	2946,875	0,391173720359802	
2950	1,13831031322479	2950	0,391748040914536	
2953,125	1,13903594017029	2953,125	0,394216388463974	
2956,25	1,13942110538483	2956,25	0,396154850721359	
2959,375	1,13911294937134	2959,375	0,396667122840881	
2962,5	1,14004468917847	2962,5	0,398341327905655	
2965,625	1,1412239074707	2965,625	0,400596886873245	
2968,75	1,14148151874542	2968,75	0,400448173284531	
2971,875	1,14213240146637	2971,875	0,40159198641777	
2975	1,14133620262146	2975	0,404504358768463	
2978,125	1,14175367355347	2978,125	0,406629234552383	
2981,25	1,1425952911377	2981,25	0,406839609146118	
2984,375	1,14434206485748	2984,375	0,408308982849121	
2987,5	1,14486014842987	2987,5	0,410088032484055	
2990,625	1,14332890510559	2990,625	0,411906033754349	
2993,75	1,14330589771271	2993,75	0,413206309080124	
2996,875	1,14424049854279	2996,875	0,415846854448318	
3000	1,14713835716248	3000	0,416247963905334	
3003,125	1,14679408073425	3003,125	0,418910026550293	
3006,25	1,14562201499939	3006,25	0,421918928623199	
3009,375	1,14662158489227	3009,375	0,423217535018921	
3012,5	1,14575934410095	3012,5	0,426034778356552	
3015,625	1,14808285236359	3015,625	0,429734319448471	
3018,75	1,14643633365631	3018,75	0,432157576084137	
3021,875	1,14657700061798	3021,875	0,435040503740311	
3025	1,15602004528046	3025	0,435197532176971	
3028,125	1,15307009220123	3028,125	0,438737690448761	
3031,25	1,15422475337982	3031,25	0,441886484622955	
3034,375	1,15657496452332	3034,375	0,44211533665657	
3037,5	1,15890455245972	3037,5	0,442982137203217	
3040,625	1,16309201717377	3040,625	0,443962603807449	
3043,75	1,16237509250641	3043,75	0,446319878101349	
3046,875	1,16498756408691	3046,875	0,449194222688675	
3050	1,16525733470917	3050	0,448516935110092	
3053,125	1,16589939594269	3053,125	0,445954263210297	
3056,25	1,16778182983398	3056,25	0,448956996202469	
3059,375	1,16820788383484	3059,375	0,448167741298676	
3062,5	1,16942715644836	3062,5	0,447378098964691	
3065,625	1,16849279403687	3065,625	0,447889715433121	
3068,75	1,16874670982361	3068,75	0,44847047328949	
3071,875	1,16876995563507	3071,875	0,450707167387009	
3075	1,16970002651215	3075	0,454518437385559	
3078,125	1,17078232765198	3078,125	0,454923778772354	
3081,25	1,17125535011292	3081,25	0,45387476682663	
3084,375	1,17268145084381	3084,375	0,454519957304001	
3087,5	1,17094910144806	3087,5	0,459141969680786	
3090,625	1,16960895061493	3090,625	0,459492892026901	
3093,75	1,17261791229248	3093,75	0,46127313375473	
3096,875	1,1727100610733	3096,875	0,462085485458374	
3100	1,17204487323761	3100	0,462968617677689	
3103,125	1,17154371738434	3103,125	0,464607506990433	
3106,25	1,17245757579803	3106,25	0,466250747442245	
3109,375	1,17348158359528	3109,375	0,468212217092514	
3112,5	1,17355799674988	3112,5	0,471968978643417	
3115,625	1,17670214176178	3115,625	0,472246050834656	
3118,75	1,17605555057526	3118,75	0,471104383468628	
3121,875	1,17733299732208	3121,875	0,470863103866577	
3125	1,17387115955353	3125	0,473332941532135	
3128,125	1,17501521110535	3128,125	0,476538002490997	
3131,25	1,17569410800934	3131,25	0,478364199399948	
3134,375	1,17815268039703	3134,375	0,478279024362564	
3137,5	1,17649221420288	3137,5	0,476024121046066	
3140,625	1,17892467975616	3140,625	0,479899227619171	
3143,75	1,17941033840179	3143,75	0,481767624616623	
3146,875	1,18020248413086	3146,875	0,482904046773911	
3150	1,1800194978714	3150	0,482784569263458	
3153,125	1,18246603012085	3153,125	0,4859659075737	
3156,25	1,18288624286652	3156,25	0,483918905258179	
3159,375	1,18533539772034	3159,375	0,485519886016846	
3162,5	1,18557524681091	3162,5	0,485629111528397	
3165,625	1,18421423435211	3165,625	0,485894560813904	
3168,75	1,18519604206085	3168,75	0,489755421876907	
3171,875	1,18618094921112	3171,875	0,492225736379623	
3175	1,18441128730774	3175	0,490861535072327	
3178,125	1,19020557403564	3178,125	0,496250927448273	
3181,25	1,18736469745636	3181,25	0,495373070240021	
3184,375	1,18895399570465	3184,375	0,495419174432755	
3187,5	1,18837523460388	3187,5	0,498756885528564	
3190,625	1,18593430519104	3190,625	0,497836977243423	
3193,75	1,18538892269135	3193,75	0,498946338891983	
3196,875	1,18792116641998	3196,875	0,499717712402344	
3200	1,18813586235046	3200	0,499527871608734	
3203,125	1,19132936000824	3203,125	0,499617546796799	
3206,25	1,19110071659088	3206,25	0,503726065158844	
3209,375	1,19122862815857	3209,375	0,506210684776306	
3212,5	1,18929529190063	3212,5	0,502982378005981	
3215,625	1,19051229953766	3215,625	0,501553058624268	
3218,75	1,19254899024963	3218,75	0,500731110572815	
3221,875	1,19046807289124	3221,875	0,50481128692627	
3225	1,19149827957153	3225	0,5058473944664	
3228,125	1,18851101398468	3228,125	0,506340146064758	
3231,25	1,18566799163818	3231,25	0,505334138870239	
3234,375	1,19167304039001	3234,375	0,509753584861755	
3237,5	1,18808245658875	3237,5	0,507627367973328	
3240,625	1,1891086101532	3240,625	0,511332750320435	
3243,75	1,1871771812439	3243,75	0,511890172958374	
3246,875	1,18677711486816	3246,875	0,513858377933502	
3250	1,19043076038361	3250	0,513645946979523	
3253,125	1,18434453010559	3253,125	0,512163460254669	
3256,25	1,18624830245972	3256,25	0,514315605163574	
3259,375	1,18899416923523	3259,375	0,516221880912781	
3262,5	1,18514358997345	3262,5	0,518709659576416	
3265,625	1,18405044078827	3265,625	0,51887321472168	
3268,75	1,18793249130249	3268,75	0,519083440303802	
3271,875	1,18626940250397	3271,875	0,521965682506561	
3275	1,18574047088623	3275	0,526939153671265	
3278,125	1,18609702587128	3278,125	0,525724768638611	
3281,25	1,18833148479462	3281,25	0,523626744747162	
3284,375	1,18751883506775	3284,375	0,526126086711884	
3287,5	1,18871808052063	3287,5	0,528031766414642	
3290,625	1,1884309053421	3290,625	0,52878350019455	
3293,75	1,18939459323883	3293,75	0,532173633575439	
3296,875	1,18741047382355	3296,875	0,534101545810699	
3300	1,18608355522156	3300	0,534211158752441	
3303,125	1,18664395809174	3303,125	0,537441909313202	
3306,25	1,18823707103729	3306,25	0,538237392902374	
3309,375	1,18845582008362	3309,375	0,537659645080566	
3312,5	1,18809795379639	3312,5	0,539362847805023	
3315,625	1,18745362758636	3315,625	0,540554106235504	
3318,75	1,18680536746979	3318,75	0,543456792831421	
3321,875	1,18825817108154	3321,875	0,545720160007477	
3325	1,18967235088348	3325	0,545406222343445	
3328,125	1,18852484226227	3328,125	0,54502272605896	
3331,25	1,1919926404953	3331,25	0,54525625705719	
3334,375	1,19174301624298	3334,375	0,548546493053436	
3337,5	1,1915910243988	3337,5	0,550339818000793	
3340,625	1,19179081916809	3340,625	0,55047881603241	
3343,75	1,18976652622223	3343,75	0,550447225570679	
3346,875	1,18769800662994	3346,875	0,554548501968384	
3350	1,18868434429169	3350	0,556158721446991	
3353,125	1,18958497047424	3353,125	0,553815126419067	
3356,25	1,19042670726776	3356,25	0,556995093822479	
3359,375	1,18961703777313	3359,375	0,558843791484833	
3362,5	1,18849945068359	3362,5	0,558758020401001	
3365,625	1,19105660915375	3365,625	0,558024048805237	
3368,75	1,19076466560364	3368,75	0,56039822101593	
3371,875	1,19175612926483	3371,875	0,562893271446228	
3375	1,19146609306335	3375	0,56352174282074	
3378,125	1,19047951698303	3378,125	0,561742782592773	
3381,25	1,19303965568542	3381,25	0,563246071338654	
3384,375	1,19292974472046	3384,375	0,566812217235565	
3387,5	1,1929304599762	3387,5	0,566924154758453	
3390,625	1,19126093387604	3390,625	0,56951892375946	
3393,75	1,19204270839691	3393,75	0,569715023040771	
3396,875	1,19134199619293	3396,875	0,571385085582733	
3400	1,19141697883606	3400	0,577654659748077	
3403,125	1,19271743297577	3403,125	0,573656678199768	
3406,25	1,19123291969299	3406,25	0,571495532989502	
3409,375	1,19335913658142	3409,375	0,572552084922791	
3412,5	1,1927502155304	3412,5	0,576345384120941	
3415,625	1,19489824771881	3415,625	0,575215935707092	
3418,75	1,19444668292999	3418,75	0,575972199440002	
3421,875	1,19586682319641	3421,875	0,581215858459473	
3425	1,19488680362701	3425	0,579710960388184	
3428,125	1,19480383396149	3428,125	0,578395664691925	
3431,25	1,19391524791718	3431,25	0,58114618062973	
3434,375	1,19288897514343	3434,375	0,582828044891357	
3437,5	1,19258987903595	3437,5	0,583394348621368	
3440,625	1,19548153877258	3440,625	0,584401786327362	
3443,75	1,19613695144653	3443,75	0,582650244235992	
3446,875	1,19713401794434	3446,875	0,585155606269836	
3450	1,19600892066956	3450	0,587622046470642	
3453,125	1,19610774517059	3453,125	0,588828086853027	
3456,25	1,19743371009827	3456,25	0,588653981685638	
3459,375	1,19645869731903	3459,375	0,589760661125183	
3462,5	1,19659209251404	3462,5	0,590881884098053	
3465,625	1,1954038143158	3465,625	0,590460956096649	
3468,75	1,19525527954102	3468,75	0,592742919921875	
3471,875	1,19613289833069	3471,875	0,593724966049194	
3475	1,1966187953949	3475	0,591227829456329	
3478,125	1,19599711894989	3478,125	0,593933880329132	
3481,25	1,19641351699829	3481,25	0,595336854457855	
3484,375	1,195556640625	3484,375	0,594789385795593	
3487,5	1,19945061206818	3487,5	0,59588897228241	
3490,625	1,19688713550568	3490,625	0,596972405910492	
3493,75	1,1969987154007	3493,75	0,596558809280396	
3496,875	1,19945049285889	3496,875	0,599438607692719	
3500	1,19803309440613	3500	0,59979110956192	
3503,125	1,19712340831757	3503,125	0,597057163715363	
3506,25	1,19648993015289	3506,25	0,601034998893738	
3509,375	1,20013976097107	3509,375	0,59590071439743	
3512,5	1,20241916179657	3512,5	0,59736156463623	
3515,625	1,20035207271576	3515,625	0,600537896156311	
3518,75	1,20107161998749	3518,75	0,603213310241699	
3521,875	1,19967305660248	3521,875	0,60364156961441	
3525	1,19925510883331	3525	0,602843880653381	
3528,125	1,20034849643707	3528,125	0,605167388916016	
3531,25	1,1991171836853	3531,25	0,603999137878418	
3534,375	1,200324177742	3534,375	0,604602098464966	
3537,5	1,19890475273132	3537,5	0,605351328849792	
3540,625	1,20052230358124	3540,625	0,605459213256836	
3543,75	1,20094621181488	3543,75	0,608705878257751	
3546,875	1,20294559001923	3546,875	0,609325766563416	
3550	1,20217776298523	3550	0,609371960163116	
3553,125	1,20090770721436	3553,125	0,610399961471558	
3556,25	1,20135545730591	3556,25	0,609957695007324	
3559,375	1,19797205924988	3559,375	0,609508991241455	
3562,5	1,20399332046509	3562,5	0,611121594905853	
3565,625	1,20367670059204	3565,625	0,609134018421173	
3568,75	1,20219147205353	3568,75	0,610550284385681	
3571,875	1,20108067989349	3571,875	0,609696090221405	
3575	1,20027756690979	3575	0,609448730945587	
3578,125	1,20058131217957	3578,125	0,609927594661713	
3581,25	1,19944190979004	3581,25	0,609585642814636	
3584,375	1,1998039484024	3584,375	0,608893215656281	
3587,5	1,19930005073547	3587,5	0,612962245941162	
3590,625	1,1988343000412	3590,625	0,61380523443222	
3593,75	1,19947826862335	3593,75	0,612899303436279	
3596,875	1,198486328125	3596,875	0,613851189613342	
3600	1,19674754142761	3600	0,611732542514801	
3603,125	1,20105254650116	3603,125	0,616183400154114	
3606,25	1,19921433925629	3606,25	0,61592698097229	
3609,375	1,19789230823517	3609,375	0,61600261926651	
3612,5	1,20028460025787	3612,5	0,616553366184235	
3615,625	1,19971251487732	3615,625	0,616156041622162	
3618,75	1,19824230670929	3618,75	0,617278635501862	
3621,875	1,20076954364777	3621,875	0,620391666889191	
3625	1,20022523403168	3625	0,618382751941681	
3628,125	1,20101761817932	3628,125	0,618939936161041	
3631,25	1,19917726516724	3631,25	0,619480967521667	
3634,375	1,19723546504974	3634,375	0,618531227111816	
3637,5	1,1979216337204	3637,5	0,622059166431427	
3640,625	1,20400393009186	3640,625	0,624796152114868	
3643,75	1,20190417766571	3643,75	0,624994456768036	
3646,875	1,20117342472076	3646,875	0,622524321079254	
3650	1,1992506980896	3650	0,621377885341644	
3653,125	1,19993555545807	3653,125	0,621292948722839	
3656,25	1,20149827003479	3656,25	0,624463438987732	
3659,375	1,20310890674591	3659,375	0,625574767589569	
3662,5	1,20157587528229	3662,5	0,626609444618225	
3665,625	1,20180344581604	3665,625	0,625878751277924	
3668,75	1,20208334922791	3668,75	0,625462770462036	
3671,875	1,20475685596466	3671,875	0,62480092048645	
3675	1,20518064498901	3675	0,628254055976868	
3678,125	1,20369386672974	3678,125	0,626560986042023	
3681,25	1,20348453521729	3681,25	0,626184523105621	
3684,375	1,20517027378082	3684,375	0,626912474632263	
3687,5	1,20614695549011	3687,5	0,626840710639954	
3690,625	1,20479035377502	3690,625	0,626574695110321	
3693,75	1,20435500144958	3693,75	0,62679260969162	
3696,875	1,20603454113007	3696,875	0,629696428775787	
3700	1,20683801174164	3700	0,630399346351624	
3703,125	1,20542669296265	3703,125	0,628495395183563	
3706,25	1,20583748817444	3706,25	0,626955032348633	
3709,375	1,20797872543335	3709,375	0,629655659198761	
3712,5	1,20819199085236	3712,5	0,628034830093384	
3715,625	1,2076849937439	3715,625	0,627240657806396	
3718,75	1,2072206735611	3718,75	0,633225440979004	
3721,875	1,21029853820801	3721,875	0,630946755409241	
3725	1,20891213417053	3725	0,627486884593964	
3728,125	1,20929670333862	3728,125	0,630868136882782	
3731,25	1,21103811264038	3731,25	0,62964802980423	
3734,375	1,20823287963867	3734,375	0,631341695785522	
3737,5	1,21067762374878	3737,5	0,632421135902405	
3740,625	1,20963966846466	3740,625	0,632669448852539	
3743,75	1,21065640449524	3743,75	0,632100045681	
3746,875	1,21263635158539	3746,875	0,634484589099884	
3750	1,21052598953247	3750	0,632346272468567	
3753,125	1,21305227279663	3753,125	0,631832778453827	
3756,25	1,2118923664093	3756,25	0,632077515125275	
3759,375	1,21459209918976	3759,375	0,631511807441711	
3762,5	1,21349954605103	3762,5	0,634348273277283	
3765,625	1,21458005905151	3765,625	0,635805070400238	
3768,75	1,21223616600037	3768,75	0,632206678390503	
3771,875	1,21251738071442	3771,875	0,629925131797791	
3775	1,21397089958191	3775	0,63149493932724	
3778,125	1,21575999259949	3778,125	0,631478846073151	
3781,25	1,21443021297455	3781,25	0,631262123584747	
3784,375	1,21595132350922	3784,375	0,631686925888062	
3787,5	1,21750211715698	3787,5	0,634674847126007	
3790,625	1,21561121940613	3790,625	0,635603368282318	
3793,75	1,21750891208649	3793,75	0,636246919631958	
3796,875	1,21941649913788	3796,875	0,635667860507965	
3800	1,21631991863251	3800	0,633737087249756	
3803,125	1,21750283241272	3803,125	0,632314264774323	
3806,25	1,21730744838715	3806,25	0,634506165981293	
3809,375	1,21972167491913	3809,375	0,636727333068848	
3812,5	1,21908938884735	3812,5	0,6349778175354	
3815,625	1,21835207939148	3815,625	0,6345374584198	
3818,75	1,21706235408783	3818,75	0,634851396083832	
3821,875	1,22291469573975	3821,875	0,63426673412323	
3825	1,21692085266113	3825	0,634359538555145	
3828,125	1,22241413593292	3828,125	0,634164214134216	
3831,25	1,22337865829468	3831,25	0,635908365249634	
3834,375	1,21967720985413	3834,375	0,633797168731689	
3837,5	1,2222603559494	3837,5	0,635724127292633	
3840,625	1,22076284885406	3840,625	0,633546471595764	
3843,75	1,2232745885849	3843,75	0,633001267910004	
3846,875	1,22289526462555	3846,875	0,633031070232391	
3850	1,21992075443268	3850	0,635940194129944	
3853,125	1,22409188747406	3853,125	0,632503867149353	
3856,25	1,22373282909393	3856,25	0,635077893733978	
3859,375	1,2248193025589	3859,375	0,635324895381927	
3862,5	1,22575879096985	3862,5	0,635089933872223	
3865,625	1,22527194023132	3865,625	0,631940186023712	
3868,75	1,223473072052	3868,75	0,636180281639099	
3871,875	1,22513735294342	3871,875	0,630567133426666	
3875	1,2268625497818	3875	0,629811942577362	
3878,125	1,22382271289825	3878,125	0,631832420825958	
3881,25	1,22554183006287	3881,25	0,632315456867218	
3884,375	1,2267609834671	3884,375	0,633806705474854	
3887,5	1,22598814964294	3887,5	0,629901647567749	
3890,625	1,22622549533844	3890,625	0,632107198238373	
3893,75	1,22873651981354	3893,75	0,638129889965057	
3896,875	1,22744500637054	3896,875	0,633884131908417	
3900	1,22662496566772	3900	0,629408180713654	
3903,125	1,22557532787323	3903,125	0,631698191165924	
3906,25	1,23231184482574	3906,25	0,633991837501526	
3909,375	1,23105370998383	3909,375	0,636699318885803	
3912,5	1,23052966594696	3912,5	0,637084066867828	
3915,625	1,22894763946533	3915,625	0,632793724536896	
3918,75	1,22803997993469	3918,75	0,631369769573212	
3921,875	1,22613370418549	3921,875	0,631864964962006	
3925	1,22900855541229	3925	0,634232342243195	
3928,125	1,23066771030426	3928,125	0,629638314247131	
3931,25	1,22742938995361	3931,25	0,627735555171967	
3934,375	1,22921288013458	3934,375	0,628251194953918	
3937,5	1,23006653785706	3937,5	0,631179392337799	
3940,625	1,2314864397049	3940,625	0,631744384765625	
3943,75	1,22982323169708	3943,75	0,6275954246521	
3946,875	1,23130416870117	3946,875	0,629875063896179	
3950	1,23131966590881	3950	0,629947543144226	
3953,125	1,23276484012604	3953,125	0,627458274364471	
3956,25	1,22940385341644	3956,25	0,62802916765213	
3959,375	1,23367595672607	3959,375	0,630808413028717	
3962,5	1,23151779174805	3962,5	0,626737058162689	
3965,625	1,23053729534149	3965,625	0,624812066555023	
3968,75	1,23508644104004	3968,75	0,624662697315216	
3971,875	1,22890210151672	3971,875	0,625255644321442	
3975	1,23327791690826	3975	0,623541355133057	
3978,125	1,23567771911621	3978,125	0,62701141834259	
3981,25	1,23514151573181	3981,25	0,624780416488647	
3984,375	1,23456716537476	3984,375	0,620244204998016	
3987,5	1,23589622974396	3987,5	0,621701180934906	
3990,625	1,23005449771881	3990,625	0,622237265110016	
3993,75	1,23502910137177	3993,75	0,617083728313446	
3996,875	1,23492038249969	3996,875	0,621628642082214	
4000	1,23325598239899	4000	0,620523512363434	
4003,125	1,23037314414978	4003,125	0,616547644138336	
4006,25	1,23477101325989	4006,25	0,617585122585297	
4009,375	1,237433552742	4009,375	0,609685659408569	
4012,5	1,23539781570435	4012,5	0,620015740394592	
4015,625	1,23139333724976	4015,625	0,621699988842011	
4018,75	1,2325953245163	4018,75	0,6165412068367	
4021,875	1,23151051998138	4021,875	0,616033315658569	
4025	1,23613500595093	4025	0,62021541595459	
4028,125	1,23503851890564	4028,125	0,614278078079224	
4031,25	1,23779141902924	4031,25	0,614979803562164	
4034,375	1,23611426353455	4034,375	0,618794798851013	
4037,5	1,23723161220551	4037,5	0,615937173366547	
4040,625	1,23637044429779	4040,625	0,614743173122406	
4043,75	1,23537707328796	4043,75	0,617892742156982	
4046,875	1,23417162895203	4046,875	0,619369745254517	
4050	1,24026203155518	4050	0,615601003170013	
4053,125	1,23902535438538	4053,125	0,61227810382843	
4056,25	1,23994135856628	4056,25	0,612843573093414	
4059,375	1,2385094165802	4059,375	0,611269414424896	
4062,5	1,24171352386475	4062,5	0,614231050014496	
4065,625	1,23937249183655	4065,625	0,611958503723145	
4068,75	1,24238288402557	4068,75	0,611392319202423	
4071,875	1,24138927459717	4071,875	0,610633969306946	
4075	1,24180555343628	4075	0,611004233360291	
4078,125	1,24630808830261	4078,125	0,61089038848877	
4081,25	1,24431836605072	4081,25	0,607714176177979	
4084,375	1,24790334701538	4084,375	0,602438688278198	
4087,5	1,2460070848465	4087,5	0,604576945304871	
4090,625	1,24537992477417	4090,625	0,604775190353394	
4093,75	1,24472904205322	4093,75	0,599183678627014	
4096,875	1,25036239624023	4096,875	0,597776830196381	
4100	1,24840891361237	4100	0,599817931652069	
4103,125	1,24588656425476	4103,125	0,599865317344666	
4106,25	1,2468147277832	4106,25	0,594943940639496	
4109,375	1,25097417831421	4109,375	0,595313251018524	
4112,5	1,24780905246735	4112,5	0,593911707401276	
4115,625	1,2525622844696	4115,625	0,594926536083221	
4118,75	1,24977517127991	4118,75	0,592188119888306	
4121,875	1,25139427185059	4121,875	0,592759430408478	
4125	1,25295090675354	4125	0,594257712364197	
4128,125	1,2531373500824	4128,125	0,588486731052399	
4131,25	1,25098776817322	4131,25	0,585337340831757	
4134,375	1,25142025947571	4134,375	0,585363030433655	
4137,5	1,25536119937897	4137,5	0,586156189441681	
4140,625	1,25120401382446	4140,625	0,586309134960175	
4143,75	1,25387179851532	4143,75	0,583021998405457	
4146,875	1,25368928909302	4146,875	0,58455628156662	
4150	1,25522315502167	4150	0,583869755268097	
4153,125	1,25542461872101	4153,125	0,578568041324615	
4156,25	1,25334787368774	4156,25	0,576655387878418	
4159,375	1,24918520450592	4159,375	0,5772784948349	
4162,5	1,25364327430725	4162,5	0,580197274684906	
4165,625	1,2546067237854	4165,625	0,576804757118225	
4168,75	1,25327503681183	4168,75	0,572280883789063	
4171,875	1,25365495681763	4171,875	0,571710884571075	
4175	1,25566267967224	4175	0,570918440818787	
4178,125	1,25254893302917	4178,125	0,5701944231987	
4181,25	1,25244724750519	4181,25	0,572171747684479	
4184,375	1,25296807289124	4184,375	0,571306645870209	
4187,5	1,2483001947403	4187,5	0,567878782749176	
4190,625	1,249351978302	4190,625	0,565485000610352	
4193,75	1,24984407424927	4193,75	0,568022012710571	
4196,875	1,24899840354919	4196,875	0,566473245620728	
4200	1,2501140832901	4200	0,569515109062195	
4203,125	1,25104212760925	4203,125	0,57049435377121	
4206,25	1,25162935256958	4206,25	0,569792807102203	
4209,375	1,25212478637695	4209,375	0,571054339408875	
4212,5	1,24994230270386	4212,5	0,572729468345642	
4215,625	1,25193345546722	4215,625	0,572650372982025	
4218,75	1,25449013710022	4218,75	0,571577608585358	
4221,875	1,25102114677429	4221,875	0,572471022605896	
4225	1,25643813610077	4225	0,573161959648132	
4228,125	1,25529551506042	4228,125	0,572111427783966	
4231,25	1,25659871101379	4231,25	0,579243898391724	
4234,375	1,25692796707153	4234,375	0,578948855400085	
4237,5	1,25780856609344	4237,5	0,581960320472717	
4240,625	1,26171708106995	4240,625	0,583162426948547	
4243,75	1,26374411582947	4243,75	0,577310383319855	
4246,875	1,26649987697601	4246,875	0,576864659786224	
4250	1,2652360200882	4250	0,579551219940186	
4253,125	1,27013862133026	4253,125	0,571761429309845	
4256,25	1,2696487903595	4256,25	0,575069725513458	
4259,375	1,272141456604	4259,375	0,578252255916595	
4262,5	1,27192139625549	4262,5	0,578157544136047	
4265,625	1,27759385108948	4265,625	0,579165399074554	
4268,75	1,27692484855652	4268,75	0,577760338783264	
4271,875	1,2773951292038	4271,875	0,573368847370148	
4275	1,28117597103119	4275	0,572533905506134	
4278,125	1,28471219539642	4278,125	0,575255870819092	
4281,25	1,28770041465759	4281,25	0,575512170791626	
4284,375	1,29051733016968	4284,375	0,573951423168182	
4287,5	1,29399693012238	4287,5	0,570416510105133	
4290,625	1,29318583011627	4290,625	0,569264590740204	
4293,75	1,29186582565308	4293,75	0,565060496330261	
4296,875	1,29606151580811	4296,875	0,568268477916718	
4300	1,2937388420105	4300	0,573996424674988	
4303,125	1,29631495475769	4303,125	0,573333084583282	
4306,25	1,30502641201019	4306,25	0,57044392824173	
4309,375	1,30327141284943	4309,375	0,567830324172974	
4312,5	1,30529010295868	4312,5	0,569442331790924	
4315,625	1,31134164333344	4315,625	0,563316643238068	
4318,75	1,30791473388672	4318,75	0,562960028648376	
4321,875	1,31163465976715	4321,875	0,564098000526428	
4325	1,31403160095215	4325	0,562761306762695	
4328,125	1,31412887573242	4328,125	0,564047574996948	
4331,25	1,31495916843414	4331,25	0,561393857002258	
4334,375	1,31647777557373	4334,375	0,560058355331421	
4337,5	1,31976330280304	4337,5	0,560405850410461	
4340,625	1,32250285148621	4340,625	0,565274357795715	
4343,75	1,32851243019104	4343,75	0,558964908123016	
4346,875	1,32220375537872	4346,875	0,555926561355591	
4350	1,32329440116882	4350	0,555000126361847	
4353,125	1,32813727855682	4353,125	0,556532025337219	
4356,25	1,33124947547913	4356,25	0,556646406650543	
4359,375	1,32976198196411	4359,375	0,552602291107178	
4362,5	1,33304631710052	4362,5	0,550435423851013	
4365,625	1,3294312953949	4365,625	0,551400780677795	
4368,75	1,33337485790253	4368,75	0,551136910915375	
4371,875	1,334019780159	4371,875	0,548427224159241	
4375	1,33736646175385	4375	0,543809652328491	
4378,125	1,34072613716125	4378,125	0,54736602306366	
4381,25	1,34165441989899	4381,25	0,548154592514038	
4384,375	1,33910882472992	4384,375	0,542147994041443	
4387,5	1,34352111816406	4387,5	0,543787837028503	
4390,625	1,34366869926453	4390,625	0,546896934509277	
4393,75	1,34666216373444	4393,75	0,543950617313385	
4396,875	1,34714996814728	4396,875	0,539946556091309	
4400	1,34590303897858	4400	0,542253613471985	
4403,125	1,34888136386871	4403,125	0,551636576652527	
4406,25	1,35670340061188	4406,25	0,543190121650696	
4409,375	1,35617744922638	4409,375	0,540633738040924	
4412,5	1,35335123538971	4412,5	0,536701500415802	
4415,625	1,35547041893005	4415,625	0,538242638111115	
4418,75	1,35910701751709	4418,75	0,532488763332367	
4421,875	1,35880935192108	4421,875	0,532792448997498	
4425	1,35922658443451	4425	0,533305108547211	
4428,125	1,36473667621613	4428,125	0,532091677188873	
4431,25	1,36281096935272	4431,25	0,529598474502563	
4434,375	1,36730587482452	4434,375	0,528308749198914	
4437,5	1,37345397472382	4437,5	0,533413887023926	
4440,625	1,37336957454681	4440,625	0,52816116809845	
4443,75	1,37271666526794	4443,75	0,526558101177216	
4446,875	1,37057960033417	4446,875	0,523638904094696	
4450	1,37605285644531	4450	0,525007724761963	
4453,125	1,38014006614685	4453,125	0,521993160247803	
4456,25	1,38181102275848	4456,25	0,522650957107544	
4459,375	1,38024544715881	4459,375	0,522929131984711	
4462,5	1,38191092014313	4462,5	0,518438279628754	
4465,625	1,383504986763	4465,625	0,519215047359467	
4468,75	1,38648331165314	4468,75	0,517544209957123	
4471,875	1,38737201690674	4471,875	0,514504432678223	
4475	1,38793349266052	4475	0,515875458717346	
4478,125	1,38900852203369	4478,125	0,510746836662292	
4481,25	1,39211392402649	4481,25	0,506868839263916	
4484,375	1,38867998123169	4484,375	0,506197214126587	
4487,5	1,3931587934494	4487,5	0,501815736293793	
4490,625	1,39346623420715	4490,625	0,501793682575226	
4493,75	1,3963166475296	4493,75	0,500888645648956	
4496,875	1,39571344852448	4496,875	0,496830254793167	
4500	1,39692187309265	4500	0,498195469379425	
4503,125	1,39401865005493	4503,125	0,497258394956589	
4506,25	1,39756381511688	4506,25	0,49350243806839	
4509,375	1,39578068256378	4509,375	0,494373559951782	
4512,5	1,39545917510986	4512,5	0,496280193328857	
4515,625	1,39575779438019	4515,625	0,495568722486496	
4518,75	1,39751160144806	4518,75	0,493428498506546	
4521,875	1,39689862728119	4521,875	0,491974622011185	
4525	1,39876210689545	4525	0,488686352968216	
4528,125	1,40090823173523	4528,125	0,488722115755081	
4531,25	1,40089380741119	4531,25	0,486964136362076	
4534,375	1,40359532833099	4534,375	0,489313632249832	
4537,5	1,40188646316528	4537,5	0,488159537315369	
4540,625	1,40668368339539	4540,625	0,488784939050674	
4543,75	1,40318489074707	4543,75	0,485971510410309	
4546,875	1,40934526920319	4546,875	0,483962178230286	
4550	1,40692520141602	4550	0,485309571027756	
4553,125	1,40837812423706	4553,125	0,482702791690826	
4556,25	1,40763735771179	4556,25	0,480406790971756	
4559,375	1,41000282764435	4559,375	0,481940895318985	
4562,5	1,41267883777618	4562,5	0,485511600971222	
4565,625	1,41562259197235	4565,625	0,482257843017578	
4568,75	1,41833221912384	4568,75	0,479658246040344	
4571,875	1,41587650775909	4571,875	0,478179693222046	
4575	1,41770493984222	4575	0,476080328226089	
4578,125	1,41978859901428	4578,125	0,47606086730957	
4581,25	1,42004132270813	4581,25	0,475562334060669	
4584,375	1,42083120346069	4584,375	0,476956784725189	
4587,5	1,42346382141113	4587,5	0,478569209575653	
4590,625	1,42473769187927	4590,625	0,4757120013237	
4593,75	1,42601048946381	4593,75	0,474174320697784	
4596,875	1,42840051651001	4596,875	0,473110437393188	
4600	1,42695343494415	4600	0,473768949508667	
4603,125	1,4293999671936	4603,125	0,47179451584816	
4606,25	1,43143498897552	4606,25	0,466744869947433	
4609,375	1,43477153778076	4609,375	0,467898279428482	
4612,5	1,43761134147644	4612,5	0,46686127781868	
4615,625	1,43614935874939	4615,625	0,469140291213989	
4618,75	1,4362508058548	4618,75	0,467267990112305	
4621,875	1,44017267227173	4621,875	0,464570373296738	
4625	1,44068276882172	4625	0,463158249855042	
4628,125	1,44166421890259	4628,125	0,460943460464478	
4631,25	1,44238746166229	4631,25	0,460747599601746	
4634,375	1,44315314292908	4634,375	0,460354447364807	
4637,5	1,4457927942276	4637,5	0,46206921339035	
4640,625	1,44635152816772	4640,625	0,459784805774689	
4643,75	1,44839668273926	4643,75	0,459130495786667	
4646,875	1,45064914226532	4646,875	0,45967635512352	
4650	1,45397138595581	4650	0,456327170133591	
4653,125	1,45632708072662	4653,125	0,45581066608429	
4656,25	1,4540388584137	4656,25	0,454551368951797	
4659,375	1,45260405540466	4659,375	0,454948663711548	
4662,5	1,45470023155212	4662,5	0,456791281700134	
4665,625	1,45973742008209	4665,625	0,453037559986115	
4668,75	1,4609067440033	4668,75	0,454986274242401	
4671,875	1,4625678062439	4671,875	0,454235732555389	
4675	1,46543312072754	4675	0,453849613666534	
4678,125	1,46432793140411	4678,125	0,453308999538422	
4681,25	1,4650331735611	4681,25	0,451000392436981	
4684,375	1,46369516849518	4684,375	0,45196071267128	
4687,5	1,46761476993561	4687,5	0,452095836400986	
4690,625	1,4688732624054	4690,625	0,453468561172485	
4693,75	1,47190988063812	4693,75	0,449805557727814	
4696,875	1,47268044948578	4696,875	0,448599845170975	
4700	1,474369764328	4700	0,452368706464767	
4703,125	1,47570192813873	4703,125	0,452325850725174	
4706,25	1,4753919839859	4706,25	0,452379703521729	
4709,375	1,47466862201691	4709,375	0,450951188802719	
4712,5	1,47875487804413	4712,5	0,452193409204483	
4715,625	1,47976851463318	4715,625	0,455747038125992	
4718,75	1,47907447814941	4718,75	0,45172306895256	
4721,875	1,48313355445862	4721,875	0,451143115758896	
4725	1,4842756986618	4725	0,453745752573013	
4728,125	1,48378312587738	4728,125	0,454867839813232	
4731,25	1,48568630218506	4731,25	0,455340355634689	
4734,375	1,48600006103516	4734,375	0,456176906824112	
4737,5	1,48747730255127	4737,5	0,456332266330719	
4740,625	1,48894345760345	4740,625	0,458713114261627	
4743,75	1,49002659320831	4743,75	0,461074113845825	
4746,875	1,49298965930939	4746,875	0,463250160217285	
4750	1,49461340904236	4750	0,464201122522354	
4753,125	1,49948668479919	4753,125	0,468852698802948	
4756,25	1,50153791904449	4756,25	0,464536219835281	
4759,375	1,50231873989105	4759,375	0,465505957603455	
4762,5	1,50438594818115	4762,5	0,467255115509033	
4765,625	1,50197577476501	4765,625	0,471100926399231	
4768,75	1,51293098926544	4768,75	0,471309125423431	
4771,875	1,51266551017761	4771,875	0,474151849746704	
4775	1,51418220996857	4775	0,47541144490242	
4778,125	1,51786124706268	4778,125	0,478004723787308	
4781,25	1,52047121524811	4781,25	0,481143414974213	
4784,375	1,52382349967957	4784,375	0,48482757806778	
4787,5	1,53210508823395	4787,5	0,483293056488037	
4790,625	1,53178012371063	4790,625	0,484086722135544	
4793,75	1,53674530982971	4793,75	0,48316764831543	
4796,875	1,54031705856323	4796,875	0,486005991697311	
4800	1,54361116886139	4800	0,487746298313141	
4803,125	1,54642581939697	4803,125	0,489661574363709	
4806,25	1,55141913890839	4806,25	0,488846302032471	
4809,375	1,55474269390106	4809,375	0,486343413591385	
4812,5	1,55728852748871	4812,5	0,485978335142136	
4815,625	1,56485724449158	4815,625	0,483669012784958	
4818,75	1,56540715694427	4818,75	0,485395848751068	
4821,875	1,56533312797546	4821,875	0,485670864582062	
4825	1,56712210178375	4825	0,485130399465561	
4828,125	1,56659340858459	4828,125	0,484955459833145	
4831,25	1,57256627082825	4831,25	0,482770979404449	
4834,375	1,57410275936127	4834,375	0,484547138214111	
4837,5	1,5757964849472	4837,5	0,4851293861866	
4840,625	1,57749152183533	4840,625	0,484252363443375	
4843,75	1,5765289068222	4843,75	0,485427737236023	
4846,875	1,57848417758942	4846,875	0,487516641616821	
4850	1,5816308259964	4850	0,48805445432663	
4853,125	1,58352518081665	4853,125	0,489140123128891	
4856,25	1,58012461662292	4856,25	0,488294661045074	
4859,375	1,58367276191711	4859,375	0,492790848016739	
4862,5	1,58394050598145	4862,5	0,496853142976761	
4865,625	1,58715462684631	4865,625	0,495869398117065	
4868,75	1,59390902519226	4868,75	0,496682822704315	
4871,875	1,59292018413544	4871,875	0,498000979423523	
4875	1,59062325954437	4875	0,501114964485168	
4878,125	1,59256780147552	4878,125	0,505150556564331	
4881,25	1,59806561470032	4881,25	0,504118025302887	
4884,375	1,59898507595062	4884,375	0,505570411682129	
4887,5	1,59848976135254	4887,5	0,50890177488327	
4890,625	1,60009932518005	4890,625	0,516480565071106	
4893,75	1,6033376455307	4893,75	0,515681803226471	
4896,875	1,60537421703339	4896,875	0,51382315158844	
4900	1,60613226890564	4900	0,513589262962341	
4903,125	1,60445249080658	4903,125	0,520078301429749	
4906,25	1,60806488990784	4906,25	0,521100521087646	
4909,375	1,60944736003876	4909,375	0,52379697561264	
4912,5	1,61079573631287	4912,5	0,526042103767395	
4915,625	1,61441612243652	4915,625	0,526908695697784	
4918,75	1,61678981781006	4918,75	0,531759142875671	
4921,875	1,61770415306091	4921,875	0,536300480365753	
4925	1,61608338356018	4925	0,539328336715698	
4928,125	1,61710596084595	4928,125	0,540830254554749	
4931,25	1,62062764167786	4931,25	0,546517252922058	
4934,375	1,62079095840454	4934,375	0,549927711486816	
4937,5	1,6221479177475	4937,5	0,554537177085876	
4940,625	1,62100946903229	4940,625	0,556693017482758	
4943,75	1,62360429763794	4943,75	0,56658548116684	
4946,875	1,62604188919067	4946,875	0,569537937641144	
4950	1,6304087638855	4950	0,56877613067627	
4953,125	1,63199198246002	4953,125	0,574396193027496	
4956,25	1,63398015499115	4956,25	0,578824639320374	
4959,375	1,63820242881775	4959,375	0,586811900138855	
4962,5	1,64041113853455	4962,5	0,58982241153717	
4965,625	1,64492392539978	4965,625	0,595873653888702	
4968,75	1,64312505722046	4968,75	0,602478265762329	
4971,875	1,64799821376801	4971,875	0,611519932746887	
				
