Frequency in Hz	Acrylic_96 Sound Absorption Coefficient 1/3-octave	Frequency in Hz	Acrylic_96 Sound Absorption Coefficient continuous	
125	0,0545715689659119	100	0,0398395174553239	
160	0,0686028599739075	103,125	0,0384402105625299	
200	0,0910055786371231	106,25	0,032524753625527	
250	0,120729140937328	109,375	0,0300831690035859	
315	0,178533956408501	112,5	0,0433969903586898	
400	0,222218826413155	115,625	0,0585083160542714	
500	0,309313476085663	118,75	0,0574480852388919	
630	0,413619667291641	121,875	0,0518413999748418	
800	0,508296847343445	125	0,052043203283387	
1000	0,700092136859894	128,125	0,0547817642713264	
1250	0,842670738697052	131,25	0,0425452319845446	
1600	0,948612630367279	134,375	0,0523881334248785	
2000	0,995583176612854	137,5	0,068076291426013	
2500	0,985657751560211	140,625	0,0646862804759287	
3150	0,945327699184418	143,75	0,0702152372554127	
4000	0,921345353126526	146,875	0,0619430689422286	
		150	0,0453690729929154	
		153,125	0,0793848966685974	
		156,25	0,0667687529910745	
		159,375	0,0607709055075196	
		162,5	0,0592326062602014	
		165,625	0,0513008097245042	
		168,75	0,0910494948363012	
		171,875	0,0873074533533461	
		175	0,081289188711034	
		178,125	0,0924252791064736	
		181,25	0,0856558820667628	
		184,375	0,0866011510228848	
		187,5	0,0843267012565615	
		190,625	0,0789576928738187	
		193,75	0,0875719045997873	
		196,875	0,0915069665739731	
		200	0,0970400335339873	
		203,125	0,0986398094931579	
		206,25	0,0928705856567469	
		209,375	0,102303417192576	
		212,5	0,0877282658603951	
		215,625	0,0913089873870726	
		218,75	0,0999258564800458	
		221,875	0,0882211842677021	
		225	0,0972350099882366	
		228,125	0,108374734544221	
		231,25	0,113521591644389	
		234,375	0,100940572423761	
		237,5	0,109070189610305	
		240,625	0,103176553770895	
		243,75	0,115150486301959	
		246,875	0,128923554941429	
		250	0,117554287659365	
		253,125	0,120253158387024	
		256,25	0,133509049235506	
		259,375	0,136316253614039	
		262,5	0,114526435624215	
		265,625	0,117608259343378	
		268,75	0,117157966853679	
		271,875	0,128475770330587	
		275	0,149980891218008	
		278,125	0,148772838875115	
		281,25	0,133306056584069	
		284,375	0,13589586642143	
		287,5	0,15149711945719	
		290,625	0,156882738000454	
		293,75	0,152471475482391	
		296,875	0,13965047269847	
		300	0,156883297591471	
		303,125	0,171674660938501	
		306,25	0,183072750634112	
		309,375	0,18160837261237	
		312,5	0,200595077969571	
		315,625	0,201997279323403	
		318,75	0,202741818166435	
		321,875	0,207503992618891	
		325	0,204405927750796	
		328,125	0,188363559246046	
		331,25	0,171995276246089	
		334,375	0,188913824716113	
		337,5	0,18043142030958	
		340,625	0,183183892252698	
		343,75	0,18904592594787	
		346,875	0,182390435360586	
		350	0,193860143369056	
		353,125	0,181215699307006	
		356,25	0,172514398358556	
		359,375	0,174542761335656	
		362,5	0,195575972476959	
		365,625	0,188167335314362	
		368,75	0,189106698349	
		371,875	0,220358582448866	
		375	0,222879969427351	
		378,125	0,210166510666055	
		381,25	0,169731119748122	
		384,375	0,190567203828834	
		387,5	0,210694298534263	
		390,625	0,228283146087166	
		393,75	0,208756597280417	
		396,875	0,205916083860029	
		400	0,187681498940444	
		403,125	0,209213138949331	
		406,25	0,22671884080175	
		409,375	0,195887577043793	
		412,5	0,212506757877261	
		415,625	0,248139098224931	
		418,75	0,277006734664255	
		421,875	0,261541362290922	
		425	0,259472290659609	
		428,125	0,215009797727353	
		431,25	0,226862056592605	
		434,375	0,277900950920717	
		437,5	0,278734380214413	
		440,625	0,264520733277321	
		443,75	0,277049893274405	
		446,875	0,261058999167266	
		450	0,261653653733072	
		453,125	0,273611517231083	
		456,25	0,294212894893355	
		459,375	0,287600112892767	
		462,5	0,284718911842973	
		465,625	0,279756392581693	
		468,75	0,279696724418788	
		471,875	0,288471324285576	
		475	0,276062325364974	
		478,125	0,278027359222149	
		481,25	0,293061410839533	
		484,375	0,295242836870635	
		487,5	0,296578133650818	
		490,625	0,295003972753661	
		493,75	0,296320244853896	
		496,875	0,311397189065829	
		500	0,307666774097036	
		503,125	0,308835786205309	
		506,25	0,304817134016747	
		509,375	0,307847701292344	
		512,5	0,315288822478824	
		515,625	0,321901789194407	
		518,75	0,313873853170516	
		521,875	0,312612228785619	
		525	0,325052705980184	
		528,125	0,327033871611112	
		531,25	0,32655685775438	
		534,375	0,32781471430407	
		537,5	0,332925104910383	
		540,625	0,330578718108955	
		543,75	0,335982349438307	
		546,875	0,3452666532198	
		550	0,342204182219805	
		553,125	0,341655101442438	
		556,25	0,357729145519011	
		559,375	0,358226877543618	
		562,5	0,354891669037167	
		565,625	0,350580973361943	
		568,75	0,363880197177143	
		571,875	0,367133270997881	
		575	0,366078933640293	
		578,125	0,365601816765367	
		581,25	0,373148521923446	
		584,375	0,374366836918814	
		587,5	0,374587561851886	
		590,625	0,376197892609186	
		593,75	0,380048185116832	
		596,875	0,38233180638674	
		600	0,381020535598212	
		603,125	0,385260944822772	
		606,25	0,392387906350397	
		609,375	0,398787962519883	
		612,5	0,397009671392232	
		615,625	0,401984041162866	
		618,75	0,400169826452373	
		621,875	0,405464012611562	
		625	0,409073743356725	
		628,125	0,409036446393101	
		631,25	0,410323060826856	
		634,375	0,414672851154041	
		637,5	0,420719578176246	
		640,625	0,422073491380392	
		643,75	0,420280990501997	
		646,875	0,425165033015997	
		650	0,428237865017417	
		653,125	0,427458611762799	
		656,25	0,42819397955389	
		659,375	0,430165999352809	
		662,5	0,435928900183706	
		665,625	0,435019737614973	
		668,75	0,438870604807769	
		671,875	0,442866081982914	
		675	0,445618825841889	
		678,125	0,450733620210677	
		681,25	0,452129664086409	
		684,375	0,453609619291667	
		687,5	0,459477033366424	
		690,625	0,461203701492755	
		693,75	0,463541379909535	
		696,875	0,46745871145309	
		700	0,463433142236042	
		703,125	0,462722759861826	
		706,25	0,471176992185206	
		709,375	0,472856380024931	
		712,5	0,471009813760908	
		715,625	0,475980517437434	
		718,75	0,481949932942099	
		721,875	0,477878831365118	
		725	0,480863149402205	
		728,125	0,485138329155157	
		731,25	0,480233529866641	
		734,375	0,484731250585387	
		737,5	0,486605200712497	
		740,625	0,489787740100757	
		743,75	0,491190894739228	
		746,875	0,489877166033314	
		750	0,497054260675727	
		753,125	0,49910509046002	
		756,25	0,49960239474528	
		759,375	0,497681666403624	
		762,5	0,503525261491686	
		765,625	0,504872391198831	
		768,75	0,512372754583499	
		771,875	0,511773099398297	
		775	0,509407678142938	
		778,125	0,515070382879875	
		781,25	0,51472741334693	
		784,375	0,515269786307132	
		787,5	0,520519399455409	
		790,625	0,518976017483126	
		793,75	0,519708483518728	
		796,875	0,520472264478095	
		800	0,520594450093858	
		803,125	0,515564571972381	
		806,25	0,510735777237944	
		809,375	0,512950748053469	
		812,5	0,515819928280038	
		815,625	0,520496367741053	
		818,75	0,518495898910346	
		821,875	0,515794831073396	
		825	0,512941273436815	
		828,125	0,515621631428887	
		831,25	0,515688908316291	
		834,375	0,510223186011324	
		837,5	0,502173967588773	
		840,625	0,502017637365521	
		843,75	0,503465318917788	
		846,875	0,498944902768837	
		850	0,506172798741858	
		853,125	0,501414762046482	
		856,25	0,50319114088204	
		859,375	0,504155909715282	
		862,5	0,504130428585521	
		865,625	0,510899457114861	
		868,75	0,514806611181466	
		871,875	0,518844750748018	
		875	0,522998090461393	
		878,125	0,540709019649834	
		881,25	0,544131013305357	
		884,375	0,558136393713617	
		887,5	0,566688140830449	
		890,625	0,573465186655796	
		893,75	0,578980764302526	
		896,875	0,589695267439423	
		900	0,594088493711165	
		903,125	0,600984093160647	
		906,25	0,609389281233224	
		909,375	0,613872907119886	
		912,5	0,620736712311797	
		915,625	0,626310230455052	
		918,75	0,631822891793241	
		921,875	0,635736839800305	
		925	0,640397599962941	
		928,125	0,642133768265543	
		931,25	0,644147910394078	
		934,375	0,647416718079493	
		937,5	0,650567283391617	
		940,625	0,655706742503439	
		943,75	0,659671993974674	
		946,875	0,662571123877236	
		950	0,664586772891102	
		953,125	0,669228468898435	
		956,25	0,672887349266839	
		959,375	0,676401844942553	
		962,5	0,678454211887926	
		965,625	0,680613988788574	
		968,75	0,681689507719211	
		971,875	0,684849529236082	
		975	0,688688825024053	
		978,125	0,6889476740133	
		981,25	0,693649724729736	
		984,375	0,693984154393814	
		987,5	0,69517748907406	
		990,625	0,698541367259164	
		993,75	0,698404897574354	
		996,875	0,702355232945891	
		1000	0,704950801350303	
		1003,125	0,706298306597487	
		1006,25	0,709616943640335	
		1009,375	0,710316918894794	
		1012,5	0,711182718549986	
		1015,625	0,715740106592321	
		1018,75	0,717355373470342	
		1021,875	0,717727766867515	
		1025	0,71947653317832	
		1028,125	0,72160493459473	
		1031,25	0,722252150959182	
		1034,375	0,723594064362817	
		1037,5	0,726372773117232	
		1040,625	0,72727303051938	
		1043,75	0,729308410356257	
		1046,875	0,729451290108657	
		1050	0,731296583993806	
		1053,125	0,730242962325852	
		1056,25	0,732498749467822	
		1059,375	0,736213968130443	
		1062,5	0,736518803524836	
		1065,625	0,738372926912251	
		1068,75	0,740682363138359	
		1071,875	0,741484224966973	
		1075	0,744251964852839	
		1078,125	0,745759812058536	
		1081,25	0,748005484817948	
		1084,375	0,750906271268276	
		1087,5	0,753522381684778	
		1090,625	0,755517833768013	
		1093,75	0,75712383940575	
		1096,875	0,75872569043876	
		1100	0,760185826483043	
		1103,125	0,762182671240303	
		1106,25	0,767023423913022	
		1109,375	0,768871869012082	
		1112,5	0,76728355234524	
		1115,625	0,769377886727574	
		1118,75	0,772093610897946	
		1121,875	0,773463390277865	
		1125	0,773592515044676	
		1128,125	0,775174889792767	
		1131,25	0,777540226429601	
		1134,375	0,779192191657877	
		1137,5	0,779737148051421	
		1140,625	0,779293210329133	
		1143,75	0,782087437384544	
		1146,875	0,7814345193975	
		1150	0,780529613518082	
		1153,125	0,782104910588415	
		1156,25	0,784303847507532	
		1159,375	0,785124823776716	
		1162,5	0,786551516244677	
		1165,625	0,787128086268198	
		1168,75	0,785067755373995	
		1171,875	0,785953290493285	
		1175	0,786315308230222	
		1178,125	0,78722086891274	
		1181,25	0,789297562644012	
		1184,375	0,791247821535118	
		1187,5	0,79192610059711	
		1190,625	0,795425676647926	
		1193,75	0,798014172043477	
		1196,875	0,799896486463584	
		1200	0,800294383868503	
		1203,125	0,804067653122779	
		1206,25	0,804062173704906	
		1209,375	0,807133978286674	
		1212,5	0,810632990684137	
		1215,625	0,811065566232469	
		1218,75	0,814579689818461	
		1221,875	0,817744070907573	
		1225	0,818786754968799	
		1228,125	0,823595442758655	
		1231,25	0,823685642134716	
		1234,375	0,826716234405788	
		1237,5	0,8294196891208	
		1240,625	0,83114001295597	
		1243,75	0,834893732360262	
		1246,875	0,835290990172292	
		1250	0,838827451326391	
		1253,125	0,840488687017455	
		1256,25	0,841184072331588	
		1259,375	0,843005147859459	
		1262,5	0,847835805375223	
		1265,625	0,847381850574002	
		1268,75	0,849246667772966	
		1271,875	0,85093764483026	
		1275	0,852364065817664	
		1278,125	0,853404478057823	
		1281,25	0,856153704671582	
		1284,375	0,856660276085874	
		1287,5	0,858140982074626	
		1290,625	0,859771486057953	
		1293,75	0,86097339181979	
		1296,875	0,86421043473791	
		1300	0,865885748374024	
		1303,125	0,866225005658986	
		1306,25	0,867281079929277	
		1309,375	0,868364281024456	
		1312,5	0,86868830217113	
		1315,625	0,871118693719616	
		1318,75	0,872950742603242	
		1321,875	0,874919387937797	
		1325	0,874934851632695	
		1328,125	0,877341392331494	
		1331,25	0,878478411988729	
		1334,375	0,878623863007714	
		1337,5	0,879944131374286	
		1340,625	0,881380491406636	
		1343,75	0,8821775033842	
		1346,875	0,883333264796055	
		1350	0,885571989535551	
		1353,125	0,886321392639868	
		1356,25	0,886322370057279	
		1359,375	0,887884915779232	
		1362,5	0,889043951586855	
		1365,625	0,889264460645056	
		1368,75	0,891802259670973	
		1371,875	0,893743825843501	
		1375	0,894677256485084	
		1378,125	0,894934561837746	
		1381,25	0,896465713228459	
		1384,375	0,897785594095442	
		1387,5	0,898607912640352	
		1390,625	0,899954893841304	
		1393,75	0,900723901605657	
		1396,875	0,901798019489222	
		1400	0,902335732746392	
		1403,125	0,903786734474685	
		1406,25	0,904979176836049	
		1409,375	0,906385009545403	
		1412,5	0,906486248534	
		1415,625	0,90745524790949	
		1418,75	0,908616806027937	
		1421,875	0,908404155564694	
		1425	0,909842007657713	
		1428,125	0,911474804829637	
		1431,25	0,912198719750296	
		1434,375	0,913154460645122	
		1437,5	0,913976225673595	
		1440,625	0,914773892241353	
		1443,75	0,915766243786718	
		1446,875	0,916493448993702	
		1450	0,917659587055377	
		1453,125	0,918402664739031	
		1456,25	0,919369171849838	
		1459,375	0,918955576012496	
		1462,5	0,920938298953416	
		1465,625	0,92176324565745	
		1468,75	0,922362391529103	
		1471,875	0,923279209121533	
		1475	0,923574599431442	
		1478,125	0,924132179695755	
		1481,25	0,924705324194082	
		1484,375	0,925926747520718	
		1487,5	0,926539880717593	
		1490,625	0,927688240126479	
		1493,75	0,928521138969321	
		1496,875	0,928802962288007	
		1500	0,929318715522273	
		1503,125	0,930205955189642	
		1506,25	0,932224339334192	
		1509,375	0,932695921748247	
		1512,5	0,932717009673304	
		1515,625	0,933351877730224	
		1518,75	0,934253814985415	
		1521,875	0,934661196298629	
		1525	0,93557293466476	
		1528,125	0,936746110806073	
		1531,25	0,937193109462829	
		1534,375	0,938384406020103	
		1537,5	0,938842376362456	
		1540,625	0,939171768137549	
		1543,75	0,940351672689578	
		1546,875	0,941388567703736	
		1550	0,941779094513864	
		1553,125	0,942817349356766	
		1556,25	0,942617974340224	
		1559,375	0,944081225847481	
		1562,5	0,944672662280362	
		1565,625	0,945433025845355	
		1568,75	0,946375772808182	
		1571,875	0,946815449345721	
		1575	0,947132783615655	
		1578,125	0,948031014721403	
		1581,25	0,948830613212937	
		1584,375	0,949361057288493	
		1587,5	0,949954804519192	
		1590,625	0,950070499683378	
		1593,75	0,950604319629544	
		1596,875	0,951384845384985	
		1600	0,951859375718752	
		1603,125	0,952657936045135	
		1606,25	0,952747661632609	
		1609,375	0,953941741984246	
		1612,5	0,954413711661379	
		1615,625	0,955017803470461	
		1618,75	0,955702316512563	
		1621,875	0,955524999549449	
		1625	0,956335909518037	
		1628,125	0,95688015663446	
		1631,25	0,957981322843639	
		1634,375	0,957891426244981	
		1637,5	0,958814400160839	
		1640,625	0,958086859868202	
		1643,75	0,958873189415899	
		1646,875	0,959322275500194	
		1650	0,960112945175506	
		1653,125	0,96068269301184	
		1656,25	0,9606601938809	
		1659,375	0,961376574186379	
		1662,5	0,961869289165545	
		1665,625	0,962315356598211	
		1668,75	0,963336531720925	
		1671,875	0,964002228974932	
		1675	0,963550284059445	
		1678,125	0,964317504261751	
		1681,25	0,964619985248037	
		1684,375	0,965079382756355	
		1687,5	0,966380140591401	
		1690,625	0,966764955808344	
		1693,75	0,967680059342707	
		1696,875	0,968126022570093	
		1700	0,968617266211918	
		1703,125	0,969164189145284	
		1706,25	0,969759790034065	
		1709,375	0,9703594053589	
		1712,5	0,971187944117656	
		1715,625	0,972005610220115	
		1718,75	0,972648217099962	
		1721,875	0,973203313127545	
		1725	0,973628961407672	
		1728,125	0,974459522368947	
		1731,25	0,97514678398359	
		1734,375	0,975705459523915	
		1737,5	0,976295441447007	
		1740,625	0,976549490412264	
		1743,75	0,977575288158074	
		1746,875	0,978188010077001	
		1750	0,978664225927614	
		1753,125	0,979260010215657	
		1756,25	0,979730158876984	
		1759,375	0,980275804258923	
		1762,5	0,980672324835246	
		1765,625	0,981189690669477	
		1768,75	0,981487463112464	
		1771,875	0,982046540893571	
		1775	0,982496736840476	
		1778,125	0,982798171827223	
		1781,25	0,983108303029969	
		1784,375	0,98361845229895	
		1787,5	0,984073629459464	
		1790,625	0,984342115053537	
		1793,75	0,984576917963556	
		1796,875	0,984911075514556	
		1800	0,985133002013819	
		1803,125	0,985639364226505	
		1806,25	0,986068729061324	
		1809,375	0,986319531826844	
		1812,5	0,986590314470451	
		1815,625	0,986890007097406	
		1818,75	0,987295832843539	
		1821,875	0,987569997524149	
		1825	0,987812446313343	
		1828,125	0,988181303969902	
		1831,25	0,988472591786908	
		1834,375	0,988604939258967	
		1837,5	0,989101484093311	
		1840,625	0,989473944983182	
		1843,75	0,98972183692011	
		1846,875	0,9899463865834	
		1850	0,990105909748041	
		1853,125	0,990391053172292	
		1856,25	0,990681359210421	
		1859,375	0,990909014685216	
		1862,5	0,991081768559073	
		1865,625	0,991244846819818	
		1868,75	0,991405824070414	
		1871,875	0,991707860566186	
		1875	0,991907773990487	
		1878,125	0,992207505859629	
		1881,25	0,992352840615239	
		1884,375	0,992593816284364	
		1887,5	0,992820504700596	
		1890,625	0,992853380512963	
		1893,75	0,993228682421427	
		1896,875	0,993347530968745	
		1900	0,993482542503872	
		1903,125	0,993665742934606	
		1906,25	0,993822793175103	
		1909,375	0,994001906999008	
		1912,5	0,994202330168677	
		1915,625	0,994414753901525	
		1918,75	0,994509678140189	
		1921,875	0,994736624100767	
		1925	0,994849157162541	
		1928,125	0,995004583600548	
		1931,25	0,995080727745793	
		1934,375	0,995181700105331	
		1937,5	0,995290412679713	
		1940,625	0,995391296066782	
		1943,75	0,995642909176031	
		1946,875	0,99581228444632	
		1950	0,995940001767729	
		1953,125	0,996005215365803	
		1956,25	0,99612470852817	
		1959,375	0,996204139547488	
		1962,5	0,996405067307631	
		1965,625	0,996511408003198	
		1968,75	0,996578420917607	
		1971,875	0,996643219494249	
		1975	0,996800534709016	
		1978,125	0,996895326899969	
		1981,25	0,996996280584965	
		1984,375	0,997151038944043	
		1987,5	0,997228372158453	
		1990,625	0,997312692913851	
		1993,75	0,997442610637835	
		1996,875	0,997563820702924	
		2000	0,997671263955988	
		2003,125	0,997762084258083	
		2006,25	0,997826633762871	
		2009,375	0,997921377299488	
		2012,5	0,99802122546625	
		2015,625	0,99809633410802	
		2018,75	0,998190809146762	
		2021,875	0,998314284043733	
		2025	0,998400794041205	
		2028,125	0,998482931870473	
		2031,25	0,998570113964436	
		2034,375	0,998613830298923	
		2037,5	0,998711132792117	
		2040,625	0,998822700540008	
		2043,75	0,998871218096016	
		2046,875	0,998917605007603	
		2050	0,99899656629086	
		2053,125	0,999049887785109	
		2056,25	0,999126229334324	
		2059,375	0,999167585811395	
		2062,5	0,999200932534785	
		2065,625	0,999241314934697	
		2068,75	0,999284234188164	
		2071,875	0,99931595484783	
		2075	0,999354188860108	
		2078,125	0,999390881808927	
		2081,25	0,999432432233993	
		2084,375	0,999462061831625	
		2087,5	0,999468368381411	
		2090,625	0,999500859037946	
		2093,75	0,999518708507965	
		2096,875	0,99952038446849	
		2100	0,999544428727386	
		2103,125	0,999551646719927	
		2106,25	0,999558506316686	
		2109,375	0,99956874748084	
		2112,5	0,999583738153847	
		2115,625	0,999596459564955	
		2118,75	0,999594005890109	
		2121,875	0,999572430529752	
		2125	0,999573663448489	
		2128,125	0,999582160383349	
		2131,25	0,999568823565205	
		2134,375	0,999561937751756	
		2137,5	0,999558371780435	
		2140,625	0,999547419171897	
		2143,75	0,99953463237363	
		2146,875	0,999518829698301	
		2150	0,999499126189339	
		2153,125	0,999473307319088	
		2156,25	0,999459033891281	
		2159,375	0,9994421128395	
		2162,5	0,999399388463953	
		2165,625	0,999379511914069	
		2168,75	0,999337099414783	
		2171,875	0,999307191130751	
		2175	0,999253833130149	
		2178,125	0,999219829472212	
		2181,25	0,999202381275459	
		2184,375	0,999147858266802	
		2187,5	0,999116330781017	
		2190,625	0,99905720619719	
		2193,75	0,998988730393068	
		2196,875	0,99893326357804	
		2200	0,998908824948808	
		2203,125	0,998882542269468	
		2206,25	0,99881345907054	
		2209,375	0,998706211407448	
		2212,5	0,998637808891804	
		2215,625	0,998587604834412	
		2218,75	0,998539898136126	
		2221,875	0,998457276369191	
		2225	0,998364091693258	
		2228,125	0,998336037165342	
		2231,25	0,998266344708458	
		2234,375	0,998211680500544	
		2237,5	0,998155443040031	
		2240,625	0,998102408349208	
		2243,75	0,99799997627164	
		2246,875	0,997907090601613	
		2250	0,997836963761459	
		2253,125	0,997728448608131	
		2256,25	0,997673175376378	
		2259,375	0,997616231895756	
		2262,5	0,9974911905202	
		2265,625	0,997464482492353	
		2268,75	0,997356480334015	
		2271,875	0,997317019769033	
		2275	0,997212254780974	
		2278,125	0,997132979007841	
		2281,25	0,99705425395368	
		2284,375	0,996931344684331	
		2287,5	0,996859809031215	
		2290,625	0,996745619871794	
		2293,75	0,996656031642785	
		2296,875	0,996548421580781	
		2300	0,996499280056452	
		2303,125	0,996365842152495	
		2306,25	0,996259492314029	
		2309,375	0,996174011198004	
		2312,5	0,996112430703527	
		2315,625	0,996007767601946	
		2318,75	0,995900987854525	
		2321,875	0,995819993542681	
		2325	0,995667321972869	
		2328,125	0,995553791253635	
		2331,25	0,995431136477142	
		2334,375	0,995342644255419	
		2337,5	0,995246954710743	
		2340,625	0,995138672664	
		2343,75	0,994935017275252	
		2346,875	0,994897439124983	
		2350	0,994761610806959	
		2353,125	0,994704246486196	
		2356,25	0,994589963266038	
		2359,375	0,994375976534682	
		2362,5	0,994316868796376	
		2365,625	0,994303391152276	
		2368,75	0,993981842047198	
		2371,875	0,993975193297989	
		2375	0,99386580208797	
		2378,125	0,993766360304109	
		2381,25	0,993614549457182	
		2384,375	0,993548572683452	
		2387,5	0,993298375046598	
		2390,625	0,993287042276272	
		2393,75	0,993071191635962	
		2396,875	0,99299141418617	
		2400	0,992938807980106	
		2403,125	0,992815051352343	
		2406,25	0,992731916005869	
		2409,375	0,992586296274656	
		2412,5	0,99246833773833	
		2415,625	0,992181087067196	
		2418,75	0,992099961381382	
		2421,875	0,991922785432579	
		2425	0,99176266029532	
		2428,125	0,991722877193493	
		2431,25	0,991665587540989	
		2434,375	0,991536653568971	
		2437,5	0,99133494153349	
		2440,625	0,991173231288355	
		2443,75	0,990995343665709	
		2446,875	0,990905611142046	
		2450	0,990728975180777	
		2453,125	0,990543795029506	
		2456,25	0,990404026848969	
		2459,375	0,990202419492275	
		2462,5	0,989993121226056	
		2465,625	0,989948381440961	
		2468,75	0,98991226873939	
		2471,875	0,989623105551542	
		2475	0,989496415032928	
		2478,125	0,98935294267977	
		2481,25	0,989171127631053	
		2484,375	0,989026928385106	
		2487,5	0,988848503623368	
		2490,625	0,988589487844196	
		2493,75	0,988464561716522	
		2496,875	0,988189961007831	
		2500	0,988069152020201	
		2503,125	0,987981765023744	
		2506,25	0,98788286691009	
		2509,375	0,987653377211794	
		2512,5	0,987545381287983	
		2515,625	0,987323720108829	
		2518,75	0,98721828443924	
		2521,875	0,986987635293329	
		2525	0,986758427878724	
		2528,125	0,986451798415304	
		2531,25	0,98637698380244	
		2534,375	0,986326431914305	
		2537,5	0,985907334324439	
		2540,625	0,985789670184148	
		2543,75	0,985709575168253	
		2546,875	0,985539032917964	
		2550	0,985359192681425	
		2553,125	0,985146699946688	
		2556,25	0,984914158809263	
		2559,375	0,984816450441849	
		2562,5	0,984774033582518	
		2565,625	0,984664106834726	
		2568,75	0,984255634005003	
		2571,875	0,984188147286137	
		2575	0,984004792982751	
		2578,125	0,983824464589496	
		2581,25	0,983628400438101	
		2584,375	0,983347753220936	
		2587,5	0,983327220732651	
		2590,625	0,98318144658182	
		2593,75	0,982830874481811	
		2596,875	0,98266388056519	
		2600	0,982667309647253	
		2603,125	0,982743320001187	
		2606,25	0,982644684106522	
		2609,375	0,982476796709019	
		2612,5	0,982424080373689	
		2615,625	0,982009660903305	
		2618,75	0,98180794846362	
		2621,875	0,981726609300207	
		2625	0,981204663649449	
		2628,125	0,981081225461667	
		2631,25	0,980925708167409	
		2634,375	0,980886359096577	
		2637,5	0,980563658968461	
		2640,625	0,980218596374051	
		2643,75	0,980173984374888	
		2646,875	0,979788423778382	
		2650	0,979645791603922	
		2653,125	0,979456020053137	
		2656,25	0,979077276805709	
		2659,375	0,978944361876613	
		2662,5	0,978802346951668	
		2665,625	0,978432418152238	
		2668,75	0,978345323578573	
		2671,875	0,978068409691565	
		2675	0,977627418710582	
		2678,125	0,977516782300961	
		2681,25	0,97719593073892	
		2684,375	0,977090367905366	
		2687,5	0,976810156600505	
		2690,625	0,976627167525621	
		2693,75	0,97648089651722	
		2696,875	0,975845630014003	
		2700	0,975939168039596	
		2703,125	0,975827793727893	
		2706,25	0,975610941321415	
		2709,375	0,975241486073973	
		2712,5	0,975137810334081	
		2715,625	0,975004641730378	
		2718,75	0,974567963186554	
		2721,875	0,974472866045362	
		2725	0,97419531902032	
		2728,125	0,973981710672193	
		2731,25	0,973715661717287	
		2734,375	0,973424926518361	
		2737,5	0,973509470358828	
		2740,625	0,973358396586394	
		2743,75	0,973202653183168	
		2746,875	0,973163844755629	
		2750	0,972856216537066	
		2753,125	0,972578057844859	
		2756,25	0,972640119839374	
		2759,375	0,972846222280947	
		2762,5	0,972760116560537	
		2765,625	0,97272478508433	
		2768,75	0,972318488864442	
		2771,875	0,972367401297481	
		2775	0,97248398181419	
		2778,125	0,972432599422685	
		2781,25	0,972552602030168	
		2784,375	0,972300884368974	
		2787,5	0,972148701969485	
		2790,625	0,971939045492537	
		2793,75	0,971813507049432	
		2796,875	0,971600464097371	
		2800	0,971320920035662	
		2803,125	0,971480868036183	
		2806,25	0,971155847037969	
		2809,375	0,971142485581491	
		2812,5	0,971135926043812	
		2815,625	0,971197063106275	
		2818,75	0,970985738764774	
		2821,875	0,970870161198252	
		2825	0,970662892935581	
		2828,125	0,970552567171434	
		2831,25	0,970497098235829	
		2834,375	0,970116933407953	
		2837,5	0,969978796210563	
		2840,625	0,969916085631826	
		2843,75	0,969704841256517	
		2846,875	0,969540721719131	
		2850	0,969589239530375	
		2853,125	0,969406880885576	
		2856,25	0,969180302966713	
		2859,375	0,969140081714404	
		2862,5	0,968720439760528	
		2865,625	0,968664267765493	
		2868,75	0,96851766659942	
		2871,875	0,968347670762248	
		2875	0,968070172930812	
		2878,125	0,967948731025138	
		2881,25	0,967813344842694	
		2884,375	0,967754346466812	
		2887,5	0,967697859310606	
		2890,625	0,967583628842162	
		2893,75	0,966965195009112	
		2896,875	0,967029938955171	
		2900	0,966905285573772	
		2903,125	0,966774949394271	
		2906,25	0,966563096766373	
		2909,375	0,966281036941384	
		2912,5	0,966116605900254	
		2915,625	0,965849771599845	
		2918,75	0,965640009618168	
		2921,875	0,965527289955269	
		2925	0,965307194807173	
		2928,125	0,965166300524297	
		2931,25	0,964837216905295	
		2934,375	0,964601380693544	
		2937,5	0,964403404042665	
		2940,625	0,964211047095358	
		2943,75	0,964023137286683	
		2946,875	0,963585520236225	
		2950	0,963478161294994	
		2953,125	0,963064481957246	
		2956,25	0,962743001162147	
		2959,375	0,962668150335318	
		2962,5	0,962374255771582	
		2965,625	0,961978929473146	
		2968,75	0,961996564289773	
		2971,875	0,961794217391895	
		2975	0,961338839022657	
		2978,125	0,960979871139478	
		2981,25	0,960924562141869	
		2984,375	0,96063923041393	
		2987,5	0,960332848227867	
		2990,625	0,960069540927309	
		2993,75	0,959853908187314	
		2996,875	0,959390846925745	
		3000	0,959252960120742	
		3003,125	0,95881575088206	
		3006,25	0,958336796449434	
		3009,375	0,958093404329715	
		3012,5	0,957634686802772	
		3015,625	0,956948730191167	
		3018,75	0,956569468333299	
		3021,875	0,956067807652894	
		3025	0,955819116498598	
		3028,125	0,955279165010345	
		3031,25	0,954704027327357	
		3034,375	0,954608148887089	
		3037,5	0,954400001901546	
		3040,625	0,954122524334202	
		3043,75	0,953730470239893	
		3046,875	0,953160390185503	
		3050	0,953271890054421	
		3053,125	0,953701835834923	
		3056,25	0,953127812146238	
		3059,375	0,953253945493507	
		3062,5	0,953357824293985	
		3065,625	0,953294597988674	
		3068,75	0,9531864397167	
		3071,875	0,952795104072848	
		3075	0,952100886573071	
		3078,125	0,952000374117051	
		3081,25	0,95217197448585	
		3084,375	0,952019302115339	
		3087,5	0,951250367853928	
		3090,625	0,951223162620709	
		3093,75	0,950827527020977	
		3096,875	0,95068052457812	
		3100	0,950540658800676	
		3103,125	0,950260724354655	
		3106,25	0,949942612622313	
		3109,375	0,949563787964435	
		3112,5	0,948883862694047	
		3115,625	0,948752768947955	
		3118,75	0,948975815179627	
		3121,875	0,948985491544432	
		3125	0,948628768213983	
		3128,125	0,948017294493117	
		3131,25	0,947667122803249	
		3134,375	0,947620350005472	
		3137,5	0,948073501637934	
		3140,625	0,94730484751574	
		3143,75	0,946950651971427	
		3146,875	0,946722072915567	
		3150	0,946748674278741	
		3153,125	0,946101333213476	
		3156,25	0,946466139975434	
		3159,375	0,946107340135039	
		3162,5	0,946080844476745	
		3165,625	0,946068585865915	
		3168,75	0,945331783858672	
		3171,875	0,944849154117812	
		3175	0,945147683270104	
		3178,125	0,943995976278853	
		3181,25	0,94423413960061	
		3184,375	0,944183832731376	
		3187,5	0,943577205671124	
		3190,625	0,943811225778801	
		3193,75	0,943617170352703	
		3196,875	0,943409131350429	
		3200	0,943439187542479	
		3203,125	0,943339159166657	
		3206,25	0,942575890165373	
		3209,375	0,942104953224015	
		3212,5	0,942761854411456	
		3215,625	0,942998787673956	
		3218,75	0,943098726326726	
		3221,875	0,942388012620339	
		3225	0,942166559663504	
		3228,125	0,94214843523249	
		3231,25	0,942407398899425	
		3234,375	0,941423876120574	
		3237,5	0,941915192641017	
		3240,625	0,941186506565382	
		3243,75	0,941125628788926	
		3246,875	0,94075832464776	
		3250	0,940713800127956	
		3253,125	0,941137541757199	
		3256,25	0,940682594257378	
		3259,375	0,940254441671683	
		3262,5	0,939860598930151	
		3265,625	0,939852032654804	
		3268,75	0,939727781535189	
		3271,875	0,93920606189399	
		3275	0,938247949681111	
		3278,125	0,938478026587784	
		3281,25	0,938839630412964	
		3284,375	0,938370399841728	
		3287,5	0,93797333793387	
		3290,625	0,937832317156004	
		3293,75	0,93714780194823	
		3296,875	0,936807641330245	
		3300	0,936811416890083	
		3303,125	0,936161050955894	
		3306,25	0,935973312283496	
		3309,375	0,936083719773066	
		3312,5	0,935752434887992	
		3315,625	0,935527318735178	
		3318,75	0,934959345319587	
		3321,875	0,934480341313658	
		3325	0,934517905331558	
		3328,125	0,934615360042229	
		3331,25	0,934504769072874	
		3334,375	0,933850650974135	
		3337,5	0,933493009195146	
		3340,625	0,93346145075627	
		3343,75	0,9335035570995	
		3346,875	0,93270806766156	
		3350	0,932365124920891	
		3353,125	0,932826099374786	
		3356,25	0,93216690349618	
		3359,375	0,931803522591536	
		3362,5	0,931838443050707	
		3365,625	0,931947318373597	
		3368,75	0,931468151231948	
		3371,875	0,930942417650329	
		3375	0,930818271257788	
		3378,125	0,931197843779798	
		3381,25	0,930849761021892	
		3384,375	0,930120310822432	
		3387,5	0,930097290246969	
		3390,625	0,929587546554185	
		3393,75	0,9295356899335	
		3396,875	0,929200456642204	
		3400	0,927896057102846	
		3403,125	0,928710243415322	
		3406,25	0,929179119580806	
		3409,375	0,928929903652594	
		3412,5	0,928151141918639	
		3415,625	0,928355418795108	
		3418,75	0,928204956667152	
		3421,875	0,927092695779797	
		3425	0,927420411030659	
		3428,125	0,927695771859961	
		3431,25	0,927133693067792	
		3434,375	0,926794536650094	
		3437,5	0,926679384578619	
		3440,625	0,926431012642785	
		3443,75	0,926789131262359	
		3446,875	0,926250809356373	
		3450	0,925747415255595	
		3453,125	0,92549206644319	
		3456,25	0,925511774377568	
		3459,375	0,925290962100842	
		3462,5	0,925052573302721	
		3465,625	0,925156017529136	
		3468,75	0,92467468905078	
		3471,875	0,924456232932028	
		3475	0,924979135058199	
		3478,125	0,924413492193578	
		3481,25	0,924110798966438	
		3484,375	0,924236879218336	
		3487,5	0,923957340696896	
		3490,625	0,923757601423537	
		3493,75	0,92384433244826	
		3496,875	0,923202983918396	
		3500	0,923144108948335	
		3503,125	0,923736881224876	
		3506,25	0,922895117253775	
		3509,375	0,92394622139348	
		3512,5	0,923607287897634	
		3515,625	0,922958150348302	
		3518,75	0,922378866867858	
		3521,875	0,922303132051032	
		3525	0,922478435008638	
		3528,125	0,921968948808249	
		3531,25	0,922232663493943	
		3534,375	0,922090302240824	
		3537,5	0,921945010077302	
		3540,625	0,92190448911581	
		3543,75	0,921202908075757	
		3546,875	0,921047984730209	
		3550	0,921046490679057	
		3553,125	0,92083859324024	
		3556,25	0,920929233590526	
		3559,375	0,921059560155994	
		3562,5	0,920650277999361	
		3565,625	0,921080943521035	
		3568,75	0,9207928263401	
		3571,875	0,920988419380062	
		3575	0,921049947794162	
		3578,125	0,92094370933689	
		3581,25	0,921028844223403	
		3584,375	0,921174405751859	
		3587,5	0,920300851207764	
		3590,625	0,920122493258526	
		3593,75	0,920312825532994	
		3596,875	0,920115608743082	
		3600	0,920589819312506	
		3603,125	0,919586745870614	
		3606,25	0,919658816846289	
		3609,375	0,919653480356533	
		3612,5	0,919513408263425	
		3615,625	0,919604724144176	
		3618,75	0,919372998207608	
		3621,875	0,918674043566253	
		3625	0,919116234773895	
		3628,125	0,918988149344405	
		3631,25	0,918885611135565	
		3634,375	0,919107798683961	
		3637,5	0,918331639499884	
		3640,625	0,917685301207635	
		3643,75	0,917659210032246	
		3646,875	0,9182052879848	
		3650	0,918470900261439	
		3653,125	0,918484142559913	
		3656,25	0,917778646582598	
		3659,375	0,917522535877298	
		3662,5	0,917307770962536	
		3665,625	0,917466281600649	
		3668,75	0,917555253830631	
		3671,875	0,917677694974085	
		3675	0,91691864431805	
		3678,125	0,917301832439798	
		3681,25	0,917385981085755	
		3684,375	0,917212506418836	
		3687,5	0,91721963271404	
		3690,625	0,917289665317528	
		3693,75	0,917245659661311	
		3696,875	0,916595286395993	
		3700	0,916434328663882	
		3703,125	0,916863702369653	
		3706,25	0,917197389885961	
		3709,375	0,916587311580507	
		3712,5	0,916939885259782	
		3715,625	0,917118149019541	
		3718,75	0,915810368755158	
		3721,875	0,916283124188846	
		3725	0,917052645440326	
		3728,125	0,91630975563719	
		3731,25	0,916559778238551	
		3734,375	0,916215562289653	
		3737,5	0,915956650875721	
		3740,625	0,915911776595125	
		3743,75	0,916027194336708	
		3746,875	0,91548565733738	
		3750	0,915974474695934	
		3753,125	0,916061991852355	
		3756,25	0,916020174311047	
		3759,375	0,916115766398389	
		3762,5	0,915507053321647	
		3765,625	0,91517695862648	
		3768,75	0,9159885037274	
		3771,875	0,916484120927506	
		3775	0,916126141284769	
		3778,125	0,916110045408562	
		3781,25	0,916172002486548	
		3784,375	0,916062532860512	
		3787,5	0,915393129713375	
		3790,625	0,915210572005435	
		3793,75	0,915049413496929	
		3796,875	0,915154387141551	
		3800	0,915611098727488	
		3803,125	0,915908037095939	
		3806,25	0,915432161586897	
		3809,375	0,914919462239659	
		3812,5	0,915308805708656	
		3815,625	0,91541344862338	
		3818,75	0,915359475748034	
		3821,875	0,915416298159647	
		3825	0,915468500216121	
		3828,125	0,915445082181902	
		3831,25	0,915053260131428	
		3834,375	0,915559179694473	
		3837,5	0,915107618638861	
		3840,625	0,915600387677192	
		3843,75	0,91568629448028	
		3846,875	0,915684882818423	
		3850	0,915089033980327	
		3853,125	0,915783019666582	
		3856,25	0,915229268668687	
		3859,375	0,915161122487794	
		3862,5	0,91519930588964	
		3865,625	0,915888538782189	
		3868,75	0,914992861964229	
		3871,875	0,916187282738221	
		3875	0,916324710716621	
		3878,125	0,915932193101005	
		3881,25	0,915803514108285	
		3884,375	0,915463314699156	
		3887,5	0,916318474126363	
		3890,625	0,915838710251737	
		3893,75	0,914497692513677	
		3896,875	0,91543665796294	
		3900	0,916415310505909	
		3903,125	0,915936536859069	
		3906,25	0,915338763981718	
		3909,375	0,914773738735235	
		3912,5	0,914698346442701	
		3915,625	0,915649898966489	
		3918,75	0,915970962588146	
		3921,875	0,915892418375684	
		3925	0,915338211370821	
		3928,125	0,91630212326477	
		3931,25	0,916762846839908	
		3934,375	0,916623663845345	
		3937,5	0,915980459510823	
		3940,625	0,915836056894512	
		3943,75	0,91675442553335	
		3946,875	0,916240815175917	
		3950	0,916225002950593	
		3953,125	0,916733936124235	
		3956,25	0,916668247149218	
		3959,375	0,916000634459152	
		3962,5	0,916909777742497	
		3965,625	0,917338149546567	
		3968,75	0,917288449691596	
		3971,875	0,917270951347013	
		3975	0,91756048062312	
		3978,125	0,916777201966397	
		3981,25	0,917262364971573	
		3984,375	0,918236306702716	
		3987,5	0,917901900486034	
		3990,625	0,917895939287887	
		3993,75	0,918895262912424	
		3996,875	0,917936092009797	
		4000	0,918202086605852	
		4003,125	0,919098518176328	
		4006,25	0,91879460287821	
		4009,375	0,920396955887909	
		4012,5	0,91826852907064	
		4015,625	0,917986524789023	
		4018,75	0,919057659273124	
		4021,875	0,919185835820184	
		4025	0,918211783709387	
		4028,125	0,919485952026716	
		4031,25	0,919281081543064	
		4034,375	0,918512420693475	
		4037,5	0,919091715563543	
		4040,625	0,919360652304482	
		4043,75	0,918717602129121	
		4046,875	0,918429089267695	
		4050	0,919097514067865	
		4053,125	0,919820332384049	
		4056,25	0,919681818321096	
		4059,375	0,920042517349908	
		4062,5	0,91935206860303	
		4065,625	0,919879420264584	
		4068,75	0,919929010189281	
		4071,875	0,920109937305027	
		4075	0,920023213581838	
		4078,125	0,919939514810151	
		4081,25	0,920646374090513	
		4084,375	0,92164174922118	
		4087,5	0,921251770996599	
		4090,625	0,921226893664935	
		4093,75	0,922392249479809	
		4096,875	0,922526796673938	
		4100	0,922164572956167	
		4103,125	0,922222305424937	
		4106,25	0,923201510617147	
		4109,375	0,923009754769287	
		4112,5	0,923383612658691	
		4115,625	0,923042150433901	
		4118,75	0,923676812338109	
		4121,875	0,923514368573261	
		4125	0,923166015195459	
		4128,125	0,92432245493741	
		4131,25	0,925018995037683	
		4134,375	0,925000688081346	
		4137,5	0,924719904209257	
		4140,625	0,924817797616588	
		4143,75	0,925391786544144	
		4146,875	0,925091740637737	
		4150	0,925180101063667	
		4153,125	0,926225332957466	
		4156,25	0,926671227410854	
		4159,375	0,926680727297935	
		4162,5	0,925960467782703	
		4165,625	0,926600511646848	
		4168,75	0,927535337128311	
		4171,875	0,927634547258252	
		4175	0,927721825518936	
		4178,125	0,927968956230884	
		4181,25	0,927584269397692	
		4184,375	0,927736834798422	
		4187,5	0,928563322692209	
		4190,625	0,928997149615925	
		4193,75	0,92848457232551	
		4196,875	0,928815704261317	
		4200	0,928182925568187	
		4203,125	0,927960162083565	
		4206,25	0,928078357639777	
		4209,375	0,927814429561527	
		4212,5	0,927556327647757	
		4215,625	0,92750706415746	
		4218,75	0,927632592843736	
		4221,875	0,927572239949167	
		4225	0,927255884300125	
		4228,125	0,927500698380617	
		4231,25	0,926053048297497	
		4234,375	0,9261004373288	
		4237,5	0,925475548057432	
		4240,625	0,925107038785088	
		4243,75	0,926188857863315	
		4246,875	0,92617730117673	
		4250	0,925696575004516	
		4253,125	0,927033975223888	
		4256,25	0,926411007079995	
		4259,375	0,925698304675157	
		4262,5	0,925725005929743	
		4265,625	0,925312171433674	
		4268,75	0,925610731627264	
		4271,875	0,926440746327374	
		4275	0,92644840665085	
		4278,125	0,925780402400779	
		4281,25	0,925606173746291	
		4284,375	0,925783940743759	
		4287,5	0,92630204032599	
		4290,625	0,926556072910269	
		4293,75	0,927407901820569	
		4296,875	0,926614099969119	
		4300	0,925634768764588	
		4303,125	0,925646161168153	
		4306,25	0,925788161898015	
		4309,375	0,926360629834559	
		4312,5	0,925963073173285	
		4315,625	0,926804478699634	
		4318,75	0,927041161959342	
		4321,875	0,926645555295233	
		4325	0,926770638467938	
		4328,125	0,926528920965705	
		4331,25	0,926974297019548	
		4334,375	0,927140338365055	
		4337,5	0,926904794480656	
		4340,625	0,925870459024358	
		4343,75	0,926694798102208	
		4346,875	0,927588140627346	
		4350	0,927696379105541	
		4353,125	0,927154348332015	
		4356,25	0,926960459269369	
		4359,375	0,927768933048545	
		4362,5	0,92796850929197	
		4365,625	0,928002320871989	
		4368,75	0,927824890636975	
		4371,875	0,928268713428528	
		4375	0,928886215360111	
		4378,125	0,928061598502914	
		4381,25	0,927867511641162	
		4384,375	0,929073006888856	
		4387,5	0,928519956697128	
		4390,625	0,927967337595045	
		4393,75	0,928299487510717	
		4396,875	0,928964000207532	
		4400	0,928641271605145	
		4403,125	0,926819932184938	
		4406,25	0,927802163210829	
		4409,375	0,928275590490559	
		4412,5	0,929130864104972	
		4415,625	0,928731047988255	
		4418,75	0,929473910266945	
		4421,875	0,929442092717855	
		4425	0,929327808005071	
		4428,125	0,929166429881087	
		4431,25	0,92971486755742	
		4434,375	0,9296266744644	
		4437,5	0,928352228223402	
		4440,625	0,929233667362813	
		4443,75	0,929544981131503	
		4446,875	0,930176831223473	
		4450	0,929567545897911	
		4453,125	0,929771757209858	
		4456,25	0,929544158302585	
		4459,375	0,929611064028942	
		4462,5	0,930223008855717	
		4465,625	0,929981055885562	
		4468,75	0,930033446586852	
		4471,875	0,930457118629147	
		4475	0,930195185110784	
		4478,125	0,9309359046644	
		4481,25	0,931316151673388	
		4484,375	0,931683014527387	
		4487,5	0,932030280510108	
		4490,625	0,932010010124373	
		4493,75	0,931930390322182	
		4496,875	0,932607698724788	
		4500	0,932301626494364	
		4503,125	0,932673666984566	
		4506,25	0,932975428579112	
		4509,375	0,932981926246897	
		4512,5	0,932712720501568	
		4515,625	0,932799293103304	
		4518,75	0,932990926555518	
		4521,875	0,933262620524674	
		4525	0,933616894447971	
		4528,125	0,933439481562705	
		4531,25	0,933707424192604	
		4534,375	0,933133261312816	
		4537,5	0,933446204478262	
		4540,625	0,932963040700579	
		4543,75	0,933672352071664	
		4546,875	0,933470437592107	
		4550	0,933467268747928	
		4553,125	0,933738495888844	
		4556,25	0,934142121493897	
		4559,375	0,933717860681492	
		4562,5	0,932963072605295	
		4565,625	0,933202416705295	
		4568,75	0,933358506001558	
		4571,875	0,933783760900474	
		4575	0,93393721728341	
		4578,125	0,933762631460044	
		4581,25	0,933813888833492	
		4584,375	0,933542613941101	
		4587,5	0,933081547638374	
		4590,625	0,933388961158398	
		4593,75	0,933502167647951	
		4596,875	0,933448290122913	
		4600	0,933479067382867	
		4603,125	0,933550588153041	
		4606,25	0,934093808098437	
		4609,375	0,933633904571513	
		4612,5	0,933527712791007	
		4615,625	0,933334776938375	
		4618,75	0,933591655800026	
		4621,875	0,933620782827506	
		4625	0,93377294129978	
		4628,125	0,933993619772528	
		4631,25	0,933955151135465	
		4634,375	0,933940136777315	
		4637,5	0,933460555285643	
		4640,625	0,93372672432078	
		4643,75	0,933629219973969	
		4646,875	0,933345976025199	
		4650	0,93349749453552	
		4653,125	0,933347646813467	
		4656,25	0,933733616642192	
		4659,375	0,933813472336731	
		4662,5	0,933365971572301	
		4665,625	0,933402916581198	
		4668,75	0,933028490143065	
		4671,875	0,932972743687633	
		4675	0,932752292876605	
		4678,125	0,932930460405072	
		4681,25	0,933173367927429	
		4684,375	0,933172210379761	
		4687,5	0,932779330665639	
		4690,625	0,932474532976525	
		4693,75	0,932671219868334	
		4696,875	0,932756561023087	
		4700	0,932091927403967	
		4703,125	0,931968509260529	
		4706,25	0,931991396172555	
		4709,375	0,932251604988202	
		4712,5	0,931689206083438	
		4715,625	0,931117484962415	
		4718,75	0,93172041990769	
		4721,875	0,931399747039083	
		4725	0,930943565980427	
		4728,125	0,930842982639231	
		4731,25	0,930593804126403	
		4734,375	0,930451935102834	
		4737,5	0,930286353017199	
		4740,625	0,929825863156763	
		4743,75	0,92940464464842	
		4746,875	0,928822989945889	
		4750	0,928536231798405	
		4753,125	0,927432945542499	
		4756,25	0,927807958403101	
		4759,375	0,927601329740375	
		4762,5	0,927162953015047	
		4765,625	0,926885373005335	
		4768,75	0,925771158743946	
		4771,875	0,925417116973753	
		4775	0,925097029331842	
		4778,125	0,924381828696702	
		4781,25	0,923698603829533	
		4784,375	0,922866208920683	
		4787,5	0,922242580348955	
		4790,625	0,922168782429549	
		4793,75	0,921789852719991	
		4796,875	0,921047733217667	
		4800	0,920479861403559	
		4803,125	0,919936722667103	
		4806,25	0,919535175118686	
		4809,375	0,919525337438238	
		4812,5	0,919310280208148	
		4815,625	0,918824932662566	
		4818,75	0,918541785399331	
		4821,875	0,918513531807602	
		4825	0,918396944551066	
		4828,125	0,918475182241614	
		4831,25	0,918130730751088	
		4834,375	0,917738363592568	
		4837,5	0,917483887136858	
		4840,625	0,917417882862413	
		4843,75	0,91736774998084	
		4846,875	0,916890004440214	
		4850	0,916486991050238	
		4853,125	0,916145290479632	
		4856,25	0,916615413499324	
		4859,375	0,91565492899417	
		4862,5	0,915094945729823	
		4865,625	0,91488466812886	
		4868,75	0,914062113337543	
		4871,875	0,913995316524904	
		4875	0,913830266476627	
		4878,125	0,913093039248435	
		4881,25	0,912648421024104	
		4884,375	0,912360055600508	
		4887,5	0,911972666725497	
		4890,625	0,910794456944681	
		4893,75	0,910561162533705	
		4896,875	0,910593708270462	
		4900	0,910544625799497	
		4903,125	0,909856044842596	
		4906,25	0,909339883560816	
		4909,375	0,908832887332561	
		4912,5	0,908389394163752	
		4915,625	0,907892875126021	
		4918,75	0,906989582503119	
		4921,875	0,906277686823452	
		4925	0,906032850944459	
		4928,125	0,905720867409575	
		4931,25	0,904573758382122	
		4934,375	0,904085182802916	
		4937,5	0,903304620663917	
		4940,625	0,903119943153836	
		4943,75	0,901461685183039	
		4946,875	0,9007956548974	
		4950	0,900460352921847	
		4953,125	0,899502074815709	
		4956,25	0,898669046217083	
		4959,375	0,897097050427568	
		4962,5	0,896440974172377	
		4965,625	0,8951129055841	
		4968,75	0,894328429617625	
		4971,875	0,892516333952245	
				
