Frequency in Hz	Silk_95 Normalized Surface Impedance continuous Re	Frequency in Hz	Silk_95 Normalized Surface Impedance continuous Im	
100	3,67351579666138	100	-12,9818811416626	
103,125	4,94256401062012	103,125	-13,1313333511353	
106,25	2,93562173843384	106,25	-11,151195526123	
109,375	2,96214556694031	109,375	-12,5114526748657	
112,5	3,56417059898376	112,5	-11,5434904098511	
115,625	3,11211633682251	115,625	-10,8919324874878	
118,75	3,24676513671875	118,75	-11,4991369247437	
121,875	3,59954833984375	121,875	-10,3988561630249	
125	2,94549465179443	125	-10,7852087020874	
128,125	2,65198945999146	128,125	-10,2076406478882	
131,25	2,7375180721283	131,25	-10,2838687896729	
134,375	2,33848142623901	134,375	-10,5182847976685	
137,5	2,90478706359863	137,5	-9,0196361541748	
140,625	3,37413620948792	140,625	-9,32956504821777	
143,75	3,09464049339294	143,75	-8,80071640014648	
146,875	2,88618063926697	146,875	-9,76636219024658	
150	3,01081204414368	150	-8,86840534210205	
153,125	2,61609721183777	153,125	-8,4350643157959	
156,25	2,78016424179077	156,25	-8,58918952941895	
159,375	2,66960310935974	159,375	-8,39161491394043	
162,5	2,66493535041809	162,5	-8,41796875	
165,625	2,85045790672302	165,625	-8,26161193847656	
168,75	2,47563219070435	168,75	-7,72890424728394	
171,875	2,87493348121643	171,875	-7,81771612167358	
175	2,83373546600342	175	-7,44387197494507	
178,125	2,58732271194458	178,125	-7,52933645248413	
181,25	2,69143342971802	181,25	-7,56501722335815	
184,375	2,83513283729553	184,375	-7,3666353225708	
187,5	2,77580785751343	187,5	-6,94357776641846	
190,625	2,90794062614441	190,625	-6,99560356140137	
193,75	2,70974230766296	193,75	-6,65414714813232	
196,875	2,78008008003235	196,875	-6,79213905334473	
200	2,66883397102356	200	-6,93498420715332	
203,125	2,64346289634705	203,125	-7,00014781951904	
206,25	2,46031665802002	206,25	-6,38988780975342	
209,375	2,61875247955322	209,375	-6,44368934631348	
212,5	2,63660025596619	212,5	-6,68905115127563	
215,625	2,56423473358154	215,625	-6,12851810455322	
218,75	2,68988752365112	218,75	-6,31433486938477	
221,875	2,58517456054688	221,875	-6,07784843444824	
225	2,68220996856689	225	-5,97920274734497	
228,125	2,6711220741272	228,125	-5,87898063659668	
231,25	2,67166495323181	231,25	-5,85237741470337	
234,375	2,67219638824463	234,375	-5,71709012985229	
237,5	2,62876272201538	237,5	-5,83947563171387	
240,625	2,38033223152161	240,625	-5,63243627548218	
243,75	2,52091550827026	243,75	-5,63322114944458	
246,875	2,61911177635193	246,875	-5,43147230148315	
250	2,63463950157166	250	-5,37280416488647	
253,125	2,55348062515259	253,125	-5,38356733322144	
256,25	2,50070333480835	256,25	-5,24192333221436	
259,375	2,63482856750488	259,375	-5,17566347122192	
262,5	2,50972461700439	262,5	-5,14961957931519	
265,625	2,41415596008301	265,625	-5,10357522964478	
268,75	2,52642345428467	268,75	-5,0721287727356	
271,875	2,46225261688232	271,875	-4,92739820480347	
275	2,43484735488892	275	-4,95182847976685	
278,125	2,43343114852905	278,125	-4,80592918395996	
281,25	2,46262454986572	281,25	-4,79338455200195	
284,375	2,45395469665527	284,375	-4,7567720413208	
287,5	2,40330672264099	287,5	-4,85932636260986	
290,625	2,27673149108887	290,625	-4,56714534759521	
293,75	2,3046715259552	293,75	-4,59227991104126	
296,875	2,33741426467896	296,875	-4,50965309143066	
300	2,35005664825439	300	-4,45938634872437	
303,125	2,28846383094788	303,125	-4,34189987182617	
306,25	2,31208467483521	306,25	-4,24785995483398	
309,375	2,34793853759766	309,375	-4,16379690170288	
312,5	2,33655405044556	312,5	-4,00400257110596	
315,625	2,5472993850708	315,625	-3,91480302810669	
318,75	2,54710650444031	318,75	-3,87001609802246	
321,875	2,64931511878967	321,875	-3,97411370277405	
325	2,7144820690155	325	-4,01602077484131	
328,125	2,78120136260986	328,125	-3,97384786605835	
331,25	2,58741807937622	331,25	-4,05313968658447	
334,375	2,58104491233826	334,375	-4,04711008071899	
337,5	2,63908076286316	337,5	-4,00851488113403	
340,625	2,58284735679626	340,625	-4,01196146011353	
343,75	2,51627087593079	343,75	-3,914959192276	
346,875	2,50899338722229	346,875	-3,92245936393738	
350	2,54920768737793	350	-3,88230872154236	
353,125	2,54045557975769	353,125	-3,89717793464661	
356,25	2,44760727882385	356,25	-3,88956689834595	
359,375	2,38237833976746	359,375	-3,79163718223572	
362,5	2,42159342765808	362,5	-3,7348325252533	
365,625	2,47004365921021	365,625	-3,66510796546936	
368,75	2,434410572052	368,75	-3,71511173248291	
371,875	2,35115933418274	371,875	-3,79933500289917	
375	2,49563431739807	375	-3,50251579284668	
378,125	2,41133403778076	378,125	-3,5173807144165	
381,25	2,45470428466797	381,25	-3,63046979904175	
384,375	2,46295547485352	384,375	-3,44631886482239	
387,5	2,34076547622681	387,5	-3,40424823760986	
390,625	2,29338240623474	390,625	-3,42258977890015	
393,75	2,40996170043945	393,75	-3,52804446220398	
396,875	2,42926645278931	396,875	-3,5061092376709	
400	2,4655704498291	400	-3,4744348526001	
403,125	2,47718667984009	403,125	-3,44620060920715	
406,25	2,4203085899353	406,25	-3,34566950798035	
409,375	2,38931584358215	409,375	-3,21909689903259	
412,5	2,31535720825195	412,5	-3,17519426345825	
415,625	2,32335066795349	415,625	-3,28841471672058	
418,75	2,35260391235352	418,75	-3,18065190315247	
421,875	2,28060126304626	421,875	-3,17059683799744	
425	2,32156848907471	425	-3,15754699707031	
428,125	2,44464135169983	428,125	-3,17299580574036	
431,25	2,31544327735901	431,25	-3,14058208465576	
434,375	2,36991453170776	434,375	-3,12285995483398	
437,5	2,38682007789612	437,5	-3,10449266433716	
440,625	2,41009402275085	440,625	-3,07606673240662	
443,75	2,36582469940186	443,75	-3,0351083278656	
446,875	2,3918342590332	446,875	-3,00244998931885	
450	2,41533732414246	450	-3,0867018699646	
453,125	2,42324304580688	453,125	-3,06452417373657	
456,25	2,41130065917969	456,25	-3,09231448173523	
459,375	2,36895275115967	459,375	-3,02153587341309	
462,5	2,30496692657471	462,5	-2,97010159492493	
465,625	2,30689692497253	465,625	-2,97172904014587	
468,75	2,33322095870972	468,75	-2,95830821990967	
471,875	2,24419331550598	471,875	-2,8932933807373	
475	2,26615810394287	475	-2,86339020729065	
478,125	2,34413528442383	478,125	-2,8363983631134	
481,25	2,36600661277771	481,25	-2,88081693649292	
484,375	2,31402134895325	484,375	-2,81302714347839	
487,5	2,35756826400757	487,5	-2,80083346366882	
490,625	2,33687853813171	490,625	-2,78160738945007	
493,75	2,33440589904785	493,75	-2,73662066459656	
496,875	2,34034490585327	496,875	-2,72136497497559	
500	2,30911374092102	500	-2,76372075080872	
503,125	2,30460548400879	503,125	-2,74496364593506	
506,25	2,31964206695557	506,25	-2,73357272148132	
509,375	2,29008293151855	509,375	-2,73040223121643	
512,5	2,27726101875305	512,5	-2,6736319065094	
515,625	2,32641530036926	515,625	-2,65945553779602	
518,75	2,34646511077881	518,75	-2,64217901229858	
521,875	2,27770781517029	521,875	-2,63456726074219	
525	2,28670430183411	525	-2,60183548927307	
528,125	2,30924367904663	528,125	-2,62852072715759	
531,25	2,29295444488525	531,25	-2,59298205375671	
534,375	2,29757189750671	534,375	-2,57193565368652	
537,5	2,29279923439026	537,5	-2,55621027946472	
540,625	2,29396080970764	540,625	-2,55400323867798	
543,75	2,32836556434631	543,75	-2,52601265907288	
546,875	2,27578997612	546,875	-2,53294444084167	
550	2,29405355453491	550	-2,51236176490784	
553,125	2,28396844863892	553,125	-2,48665118217468	
556,25	2,30342125892639	556,25	-2,48716330528259	
559,375	2,30550026893616	559,375	-2,44603490829468	
562,5	2,30905151367188	562,5	-2,44372272491455	
565,625	2,29707837104797	565,625	-2,43916535377502	
568,75	2,30022239685059	568,75	-2,41702461242676	
571,875	2,30347037315369	571,875	-2,40347027778625	
575	2,2951078414917	575	-2,40404939651489	
578,125	2,30925965309143	578,125	-2,3753399848938	
581,25	2,30051350593567	581,25	-2,38438653945923	
584,375	2,28656506538391	584,375	-2,37817215919495	
587,5	2,29067444801331	587,5	-2,36760520935059	
590,625	2,28995656967163	590,625	-2,34649968147278	
593,75	2,28731536865234	593,75	-2,33038401603699	
596,875	2,29207301139832	596,875	-2,32642340660095	
600	2,27480816841125	600	-2,31216740608215	
603,125	2,28562116622925	603,125	-2,30037212371826	
606,25	2,27810478210449	606,25	-2,2845618724823	
609,375	2,28674077987671	609,375	-2,28322863578796	
612,5	2,283203125	612,5	-2,2688353061676	
615,625	2,27114391326904	615,625	-2,25532817840576	
618,75	2,27763533592224	618,75	-2,24645829200745	
621,875	2,28850317001343	621,875	-2,24137139320374	
625	2,2884726524353	625	-2,21986818313599	
628,125	2,27575969696045	628,125	-2,20945239067078	
631,25	2,27977228164673	631,25	-2,1831202507019	
634,375	2,28162693977356	634,375	-2,17265272140503	
637,5	2,28317618370056	637,5	-2,17111992835999	
640,625	2,30079126358032	640,625	-2,16422557830811	
643,75	2,28521490097046	643,75	-2,15694212913513	
646,875	2,28992938995361	646,875	-2,14019632339478	
650	2,28827452659607	650	-2,14403104782104	
653,125	2,29413557052612	653,125	-2,12669539451599	
656,25	2,29643321037292	656,25	-2,11413192749023	
659,375	2,28751373291016	659,375	-2,10872197151184	
662,5	2,2982873916626	662,5	-2,11139297485352	
665,625	2,29382181167603	665,625	-2,10905241966248	
668,75	2,29255723953247	668,75	-2,09225130081177	
671,875	2,30415749549866	671,875	-2,08109593391418	
675	2,29331398010254	675	-2,06590676307678	
678,125	2,29011654853821	678,125	-2,05487823486328	
681,25	2,29568290710449	681,25	-2,05300235748291	
684,375	2,29743814468384	684,375	-2,04974269866943	
687,5	2,30434799194336	687,5	-2,05688667297363	
690,625	2,27558660507202	690,625	-2,04180359840393	
693,75	2,29727697372437	693,75	-2,03690004348755	
696,875	2,29979562759399	696,875	-2,03099608421326	
700	2,29134154319763	700	-2,01847100257874	
703,125	2,28946876525879	703,125	-2,01679444313049	
706,25	2,29976630210876	706,25	-2,01237773895264	
709,375	2,30302357673645	709,375	-1,99623763561249	
712,5	2,27377891540527	712,5	-1,99092710018158	
715,625	2,29242944717407	715,625	-1,99486982822418	
718,75	2,29088521003723	718,75	-1,9944452047348	
721,875	2,2887601852417	721,875	-1,98036539554596	
725	2,28878402709961	725	-1,9825576543808	
728,125	2,28725790977478	728,125	-1,96569097042084	
731,25	2,28950262069702	731,25	-1,9678795337677	
734,375	2,29122614860535	734,375	-1,95915400981903	
737,5	2,29339528083801	737,5	-1,96071946620941	
740,625	2,28808450698853	740,625	-1,9401296377182	
743,75	2,28278255462646	743,75	-1,92504048347473	
746,875	2,27167153358459	746,875	-1,93626010417938	
750	2,27184748649597	750	-1,93180358409882	
753,125	2,28037881851196	753,125	-1,92481088638306	
756,25	2,28139877319336	756,25	-1,91446709632874	
759,375	2,28881978988647	759,375	-1,89586675167084	
762,5	2,29278469085693	762,5	-1,90427613258362	
765,625	2,2916157245636	765,625	-1,89592778682709	
768,75	2,27295112609863	768,75	-1,89509916305542	
771,875	2,2702751159668	771,875	-1,88109827041626	
775	2,28467488288879	775	-1,88125240802765	
778,125	2,28792309761047	778,125	-1,86843049526215	
781,25	2,27725911140442	781,25	-1,86671733856201	
784,375	2,26903414726257	784,375	-1,85703873634338	
787,5	2,26055550575256	787,5	-1,85440313816071	
790,625	2,26351428031921	790,625	-1,85146236419678	
793,75	2,2757773399353	793,75	-1,84697127342224	
796,875	2,28156709671021	796,875	-1,84371554851532	
800	2,27663254737854	800	-1,83917915821075	
803,125	2,29189610481262	803,125	-1,8408625125885	
806,25	2,27626132965088	806,25	-1,83810257911682	
809,375	2,25011301040649	809,375	-1,82555544376373	
812,5	2,27634286880493	812,5	-1,82519495487213	
815,625	2,28767251968384	815,625	-1,81460094451904	
818,75	2,26739001274109	818,75	-1,8076491355896	
821,875	2,27617716789246	821,875	-1,79846405982971	
825	2,30950617790222	825	-1,79337692260742	
828,125	2,29959106445313	828,125	-1,78843903541565	
831,25	2,32008767127991	831,25	-1,73895490169525	
834,375	2,27217555046082	834,375	-1,76731729507446	
837,5	2,26984238624573	837,5	-1,7844717502594	
840,625	2,27034187316895	840,625	-1,78103280067444	
843,75	2,26529717445374	843,75	-1,76978778839111	
846,875	2,27213573455811	846,875	-1,79064238071442	
850	2,27802896499634	850	-1,79391157627106	
853,125	2,30225515365601	853,125	-1,7821284532547	
856,25	2,30166792869568	856,25	-1,7549786567688	
859,375	2,29117274284363	859,375	-1,74030017852783	
862,5	2,28803157806396	862,5	-1,7471776008606	
865,625	2,2943971157074	865,625	-1,75262308120728	
868,75	2,30367684364319	868,75	-1,76078200340271	
871,875	2,28753924369812	871,875	-1,75957608222961	
875	2,29838752746582	875	-1,74673247337341	
878,125	2,29078030586243	878,125	-1,74610698223114	
881,25	2,2854917049408	881,25	-1,74107885360718	
884,375	2,25934910774231	884,375	-1,66440856456757	
887,5	2,25775098800659	887,5	-1,6417818069458	
890,625	2,2484176158905	890,625	-1,64851975440979	
893,75	2,25049495697021	893,75	-1,67247891426086	
896,875	2,24019479751587	896,875	-1,66171014308929	
900	2,25333976745605	900	-1,65485799312592	
903,125	2,24522352218628	903,125	-1,63808190822601	
906,25	2,24932956695557	906,25	-1,63694047927856	
909,375	2,25736522674561	909,375	-1,65243947505951	
912,5	2,2393012046814	912,5	-1,65817618370056	
915,625	2,23561000823975	915,625	-1,64985823631287	
918,75	2,23667502403259	918,75	-1,63615679740906	
921,875	2,23854517936707	921,875	-1,61838102340698	
925	2,23971605300903	925	-1,61870729923248	
928,125	2,2537248134613	928,125	-1,62855184078217	
931,25	2,22516226768494	931,25	-1,61751925945282	
934,375	2,22945594787598	934,375	-1,61796236038208	
937,5	2,22531175613403	937,5	-1,61365485191345	
940,625	2,23035860061646	940,625	-1,60979378223419	
943,75	2,21394276618958	943,75	-1,61382639408112	
946,875	2,21549963951111	946,875	-1,60810971260071	
950	2,21884298324585	950	-1,60061717033386	
953,125	2,22663998603821	953,125	-1,59821796417236	
956,25	2,21936011314392	956,25	-1,59117913246155	
959,375	2,20724034309387	959,375	-1,58864152431488	
962,5	2,20381188392639	962,5	-1,59176456928253	
965,625	2,20520710945129	965,625	-1,58809196949005	
968,75	2,21140456199646	968,75	-1,59500479698181	
971,875	2,19489812850952	971,875	-1,58729517459869	
975	2,1986825466156	975	-1,58105003833771	
978,125	2,19654130935669	978,125	-1,578240275383	
981,25	2,18809247016907	981,25	-1,56744086742401	
984,375	2,18827438354492	984,375	-1,57508707046509	
987,5	2,18678259849548	987,5	-1,57299315929413	
990,625	2,18614053726196	990,625	-1,5662670135498	
993,75	2,17275476455688	993,75	-1,57573795318604	
996,875	2,17324447631836	996,875	-1,57300627231598	
1000	2,16267418861389	1000	-1,57331562042236	
1003,125	2,16583251953125	1003,125	-1,5657958984375	
1006,25	2,16216897964478	1006,25	-1,5619615316391	
1009,375	2,15180993080139	1009,375	-1,5590261220932	
1012,5	2,1547212600708	1012,5	-1,55692219734192	
1015,625	2,1549711227417	1015,625	-1,56226944923401	
1018,75	2,13505458831787	1018,75	-1,5587317943573	
1021,875	2,13925886154175	1021,875	-1,55530285835266	
1025	2,12621378898621	1025	-1,54950439929962	
1028,125	2,12684988975525	1028,125	-1,54851603507996	
1031,25	2,12838840484619	1031,25	-1,55342888832092	
1034,375	2,11747288703918	1034,375	-1,55085003376007	
1037,5	2,11148548126221	1037,5	-1,54670715332031	
1040,625	2,10302090644836	1040,625	-1,54693722724915	
1043,75	2,10108637809753	1043,75	-1,5429435968399	
1046,875	2,09612512588501	1046,875	-1,53915750980377	
1050	2,08442997932434	1050	-1,54347240924835	
1053,125	2,07939767837524	1053,125	-1,54867732524872	
1056,25	2,06670379638672	1056,25	-1,54015707969666	
1059,375	2,06724905967712	1059,375	-1,54190766811371	
1062,5	2,05888676643372	1062,5	-1,54274225234985	
1065,625	2,04190993309021	1065,625	-1,54088461399078	
1068,75	2,04198837280273	1068,75	-1,53015720844269	
1071,875	2,03324127197266	1071,875	-1,52850735187531	
1075	2,02633619308472	1075	-1,53199112415314	
1078,125	2,01387715339661	1078,125	-1,53739798069	
1081,25	1,99047410488129	1081,25	-1,51912641525269	
1084,375	1,98927915096283	1084,375	-1,52178680896759	
1087,5	1,98048615455627	1087,5	-1,51955425739288	
1090,625	1,9736545085907	1090,625	-1,51540338993073	
1093,75	1,95868134498596	1093,75	-1,51411354541779	
1096,875	1,94468975067139	1096,875	-1,50490021705627	
1100	1,9312539100647	1100	-1,49887609481812	
1103,125	1,91469144821167	1103,125	-1,49529600143433	
1106,25	1,91422820091248	1106,25	-1,4864889383316	
1109,375	1,88721632957458	1109,375	-1,48601448535919	
1112,5	1,88161146640778	1112,5	-1,48531568050385	
1115,625	1,86714100837708	1115,625	-1,46026039123535	
1118,75	1,84239101409912	1118,75	-1,47324919700623	
1121,875	1,84103667736053	1121,875	-1,46163713932037	
1125	1,81914246082306	1125	-1,45783400535583	
1128,125	1,8049910068512	1128,125	-1,45424604415894	
1131,25	1,77376449108124	1131,25	-1,4336953163147	
1134,375	1,77150022983551	1134,375	-1,42731106281281	
1137,5	1,75140929222107	1137,5	-1,42565751075745	
1140,625	1,71853828430176	1140,625	-1,40417790412903	
1143,75	1,71454536914825	1143,75	-1,39140570163727	
1146,875	1,69901216030121	1146,875	-1,37428855895996	
1150	1,67271864414215	1150	-1,34800446033478	
1153,125	1,66411423683167	1153,125	-1,32510888576508	
1156,25	1,64337766170502	1156,25	-1,32222640514374	
1159,375	1,60777568817139	1159,375	-1,30323100090027	
1162,5	1,60726654529572	1162,5	-1,28112375736237	
1165,625	1,58518123626709	1165,625	-1,24267709255219	
1168,75	1,57496690750122	1168,75	-1,22316324710846	
1171,875	1,56214201450348	1171,875	-1,19086039066315	
1175	1,54818975925446	1175	-1,15693366527557	
1178,125	1,53461015224457	1178,125	-1,13103365898132	
1181,25	1,52648138999939	1181,25	-1,10483205318451	
1184,375	1,51993274688721	1184,375	-1,05778872966766	
1187,5	1,50451231002808	1187,5	-1,03151285648346	
1190,625	1,51000463962555	1190,625	-0,992109656333923	
1193,75	1,51620650291443	1193,75	-0,957912683486938	
1196,875	1,51864886283875	1196,875	-0,920331954956055	
1200	1,51146602630615	1200	-0,880616307258606	
1203,125	1,52192366123199	1203,125	-0,846838653087616	
1206,25	1,5373660326004	1206,25	-0,817338049411774	
1209,375	1,53763949871063	1209,375	-0,782018601894379	
1212,5	1,55256474018097	1212,5	-0,747514605522156	
1215,625	1,55998432636261	1215,625	-0,716847896575928	
1218,75	1,57505118846893	1218,75	-0,66381698846817	
1221,875	1,60606420040131	1221,875	-0,647370874881744	
1225	1,61723351478577	1225	-0,622845053672791	
1228,125	1,64846754074097	1228,125	-0,585634231567383	
1231,25	1,65838801860809	1231,25	-0,560533165931702	
1234,375	1,6852639913559	1234,375	-0,532750606536865	
1237,5	1,71600937843323	1237,5	-0,500374495983124	
1240,625	1,74128913879395	1240,625	-0,488702535629272	
1243,75	1,77699279785156	1243,75	-0,464297741651535	
1246,875	1,80370676517487	1246,875	-0,450249522924423	
1250	1,83414137363434	1250	-0,452045738697052	
1253,125	1,86252844333649	1253,125	-0,437368124723434	
1256,25	1,89127957820892	1256,25	-0,426758170127869	
1259,375	1,92323970794678	1259,375	-0,424633890390396	
1262,5	1,95522117614746	1262,5	-0,418123662471771	
1265,625	1,97773849964142	1265,625	-0,409822404384613	
1268,75	2,0121922492981	1268,75	-0,408258557319641	
1271,875	2,03141474723816	1271,875	-0,413926064968109	
1275	2,05080080032349	1275	-0,416628926992416	
1278,125	2,0759813785553	1278,125	-0,423277854919434	
1281,25	2,10125374794006	1281,25	-0,424941569566727	
1284,375	2,11685585975647	1284,375	-0,423090606927872	
1287,5	2,13675689697266	1287,5	-0,426522046327591	
1290,625	2,15879654884338	1290,625	-0,432951211929321	
1293,75	2,16998887062073	1293,75	-0,436058700084686	
1296,875	2,18247961997986	1296,875	-0,446880698204041	
1300	2,2074716091156	1300	-0,445112556219101	
1303,125	2,22385811805725	1303,125	-0,450130194425583	
1306,25	2,23297619819641	1306,25	-0,452244907617569	
1309,375	2,24759984016418	1309,375	-0,461524456739426	
1312,5	2,26595759391785	1312,5	-0,466267913579941	
1315,625	2,28132104873657	1315,625	-0,468571305274963	
1318,75	2,2874116897583	1318,75	-0,475245535373688	
1321,875	2,29469537734985	1321,875	-0,47732999920845	
1325	2,31565523147583	1325	-0,484778940677643	
1328,125	2,32531356811523	1328,125	-0,495232701301575	
1331,25	2,33216667175293	1331,25	-0,501930475234985	
1334,375	2,3480966091156	1334,375	-0,515357375144959	
1337,5	2,35900735855103	1337,5	-0,51500129699707	
1340,625	2,36706304550171	1340,625	-0,524457216262817	
1343,75	2,3816545009613	1343,75	-0,528741419315338	
1346,875	2,38558220863342	1346,875	-0,537216901779175	
1350	2,3945517539978	1350	-0,547194004058838	
1353,125	2,404296875	1353,125	-0,551447689533234	
1356,25	2,41924715042114	1356,25	-0,571794748306274	
1359,375	2,41567015647888	1359,375	-0,575109362602234	
1362,5	2,42318964004517	1362,5	-0,584103763103485	
1365,625	2,42966508865356	1365,625	-0,594469547271729	
1368,75	2,43090558052063	1368,75	-0,60264790058136	
1371,875	2,43285584449768	1371,875	-0,613299787044525	
1375	2,44200420379639	1375	-0,623050391674042	
1378,125	2,44495677947998	1378,125	-0,626054227352142	
1381,25	2,43901777267456	1381,25	-0,643684804439545	
1384,375	2,44572973251343	1384,375	-0,645518660545349	
1387,5	2,44799184799194	1387,5	-0,637608289718628	
1390,625	2,44976019859314	1390,625	-0,639885365962982	
1393,75	2,44569182395935	1393,75	-0,646710336208344	
1396,875	2,44738054275513	1396,875	-0,653525650501251	
1400	2,45269823074341	1400	-0,657205283641815	
1403,125	2,45992231369019	1403,125	-0,664188802242279	
1406,25	2,46133422851563	1406,25	-0,671700537204742	
1409,375	2,46292591094971	1409,375	-0,676181614398956	
1412,5	2,46551084518433	1412,5	-0,673860907554626	
1415,625	2,46339106559753	1415,625	-0,684949040412903	
1418,75	2,47042894363403	1418,75	-0,691780388355255	
1421,875	2,47335290908813	1421,875	-0,691569983959198	
1425	2,4779839515686	1425	-0,695386350154877	
1428,125	2,47842216491699	1428,125	-0,712301135063171	
1431,25	2,47966337203979	1431,25	-0,710210740566254	
1434,375	2,47994446754456	1434,375	-0,715656995773315	
1437,5	2,47398734092712	1437,5	-0,720822691917419	
1440,625	2,48732852935791	1440,625	-0,722986042499542	
1443,75	2,47371411323547	1443,75	-0,741787374019623	
1446,875	2,47802090644836	1446,875	-0,73384016752243	
1450	2,47497773170471	1450	-0,737748980522156	
1453,125	2,47288465499878	1453,125	-0,740850150585175	
1456,25	2,47005105018616	1456,25	-0,750031292438507	
1459,375	2,46990871429443	1459,375	-0,749289810657501	
1462,5	2,46762180328369	1462,5	-0,746860384941101	
1465,625	2,47374224662781	1465,625	-0,753701746463776	
1468,75	2,46395969390869	1468,75	-0,761674225330353	
1471,875	2,46437644958496	1471,875	-0,765461206436157	
1475	2,47051787376404	1475	-0,765031456947327	
1478,125	2,46545076370239	1478,125	-0,768892526626587	
1481,25	2,46565341949463	1481,25	-0,764621376991272	
1484,375	2,45747184753418	1484,375	-0,773851335048676	
1487,5	2,4665846824646	1487,5	-0,782146871089935	
1490,625	2,46399664878845	1490,625	-0,78114926815033	
1493,75	2,46522545814514	1493,75	-0,786509990692139	
1496,875	2,47377490997314	1496,875	-0,784021258354187	
1500	2,4597909450531	1500	-0,795112013816834	
1503,125	2,45805931091309	1503,125	-0,793466925621033	
1506,25	2,46197199821472	1506,25	-0,786738097667694	
1509,375	2,45718836784363	1509,375	-0,803098380565643	
1512,5	2,45631003379822	1512,5	-0,803654372692108	
1515,625	2,45870447158813	1515,625	-0,807034909725189	
1518,75	2,45339512825012	1518,75	-0,802248060703278	
1521,875	2,46006464958191	1521,875	-0,802569508552551	
1525	2,45260095596313	1525	-0,819093525409698	
1528,125	2,44675064086914	1528,125	-0,809439420700073	
1531,25	2,44779109954834	1531,25	-0,813972592353821	
1534,375	2,44323301315308	1534,375	-0,812187969684601	
1537,5	2,44286870956421	1537,5	-0,822180688381195	
1540,625	2,44522881507874	1540,625	-0,816399991512299	
1543,75	2,43177461624146	1543,75	-0,829900026321411	
1546,875	2,43748950958252	1546,875	-0,823670566082001	
1550	2,43153429031372	1550	-0,830336689949036	
1553,125	2,43564963340759	1553,125	-0,829852402210236	
1556,25	2,42846179008484	1556,25	-0,83031702041626	
1559,375	2,42849564552307	1559,375	-0,83411830663681	
1562,5	2,42701435089111	1562,5	-0,836370646953583	
1565,625	2,4152045249939	1565,625	-0,830839335918427	
1568,75	2,41780734062195	1568,75	-0,839908719062805	
1571,875	2,41017484664917	1571,875	-0,840629816055298	
1575	2,4133837223053	1575	-0,839622497558594	
1578,125	2,40744519233704	1578,125	-0,843680500984192	
1581,25	2,4058473110199	1581,25	-0,851721823215485	
1584,375	2,40407466888428	1584,375	-0,839231312274933	
1587,5	2,39957809448242	1587,5	-0,846436977386475	
1590,625	2,39903211593628	1590,625	-0,854357898235321	
1593,75	2,39152455329895	1593,75	-0,857039868831635	
1596,875	2,38813304901123	1596,875	-0,85022246837616	
1600	2,38560843467712	1600	-0,850855231285095	
1603,125	2,38223457336426	1603,125	-0,851864159107208	
1606,25	2,38050127029419	1606,25	-0,853997826576233	
1609,375	2,36633515357971	1609,375	-0,839884638786316	
1612,5	2,34929418563843	1612,5	-0,835417509078979	
1615,625	2,35349535942078	1615,625	-0,839130520820618	
1618,75	2,35294556617737	1618,75	-0,845659673213959	
1621,875	2,34986972808838	1621,875	-0,839387536048889	
1625	2,34066247940063	1625	-0,839084029197693	
1628,125	2,34256935119629	1628,125	-0,828666865825653	
1631,25	2,3313455581665	1631,25	-0,830742478370667	
1634,375	2,34141492843628	1634,375	-0,83577287197113	
1637,5	2,32916402816772	1637,5	-0,828750133514404	
1640,625	2,32720446586609	1640,625	-0,807992696762085	
1643,75	2,30879497528076	1643,75	-0,817135274410248	
1646,875	2,32321000099182	1646,875	-0,813313126564026	
1650	2,32322239875793	1650	-0,814657986164093	
1653,125	2,31700229644775	1653,125	-0,805600047111511	
1656,25	2,31533002853394	1656,25	-0,800731301307678	
1659,375	2,31781911849976	1659,375	-0,792537391185761	
1662,5	2,32012987136841	1662,5	-0,790047287940979	
1665,625	2,32159376144409	1665,625	-0,792591392993927	
1668,75	2,32737565040588	1668,75	-0,787243247032166	
1671,875	2,32943224906921	1671,875	-0,788647055625916	
1675	2,32474660873413	1675	-0,785558104515076	
1678,125	2,31938457489014	1678,125	-0,790455877780914	
1681,25	2,32974672317505	1681,25	-0,782743692398071	
1684,375	2,3128981590271	1684,375	-0,773453116416931	
1687,5	2,31778192520142	1687,5	-0,773304104804993	
1690,625	2,31821918487549	1690,625	-0,772363841533661	
1693,75	2,32011342048645	1693,75	-0,762299239635468	
1696,875	2,32751941680908	1696,875	-0,775271713733673	
1700	2,32571768760681	1700	-0,774514615535736	
1703,125	2,33165621757507	1703,125	-0,778987884521484	
1706,25	2,32809162139893	1706,25	-0,777808606624603	
1709,375	2,31954503059387	1709,375	-0,778488874435425	
1712,5	2,32644939422607	1712,5	-0,777460515499115	
1715,625	2,32374858856201	1715,625	-0,776520967483521	
1718,75	2,3279812335968	1718,75	-0,784274220466614	
1721,875	2,32274127006531	1721,875	-0,791728138923645	
1725	2,30500102043152	1725	-0,794004917144775	
1728,125	2,31857895851135	1728,125	-0,790959715843201	
1731,25	2,32951498031616	1731,25	-0,791113972663879	
1734,375	2,32322669029236	1734,375	-0,807559013366699	
1737,5	2,31348776817322	1737,5	-0,802219927310944	
1740,625	2,32350373268127	1740,625	-0,800021827220917	
1743,75	2,29712653160095	1743,75	-0,802456498146057	
1746,875	2,29349327087402	1746,875	-0,799071609973907	
1750	2,3012375831604	1750	-0,803868114948273	
1753,125	2,28295135498047	1753,125	-0,806463658809662	
1756,25	2,26882290840149	1756,25	-0,810934007167816	
1759,375	2,27623391151428	1759,375	-0,810584127902985	
1762,5	2,2597131729126	1762,5	-0,807121157646179	
1765,625	2,24694728851318	1765,625	-0,808489561080933	
1768,75	2,23659300804138	1768,75	-0,802783846855164	
1771,875	2,2360372543335	1771,875	-0,802196621894836	
1775	2,2335250377655	1775	-0,798411071300507	
1778,125	2,21933436393738	1778,125	-0,799294292926788	
1781,25	2,20671701431274	1781,25	-0,785912930965424	
1784,375	2,19881319999695	1784,375	-0,780539512634277	
1787,5	2,19397854804993	1787,5	-0,784256994724274	
1790,625	2,18429565429688	1790,625	-0,765006244182587	
1793,75	2,17818737030029	1793,75	-0,771254122257233	
1796,875	2,17997050285339	1796,875	-0,755639791488647	
1800	2,17915892601013	1800	-0,732445418834686	
1803,125	2,16112518310547	1803,125	-0,732871353626251	
1806,25	2,16544151306152	1806,25	-0,714438736438751	
1809,375	2,16062521934509	1809,375	-0,700850546360016	
1812,5	2,17084097862244	1812,5	-0,691553056240082	
1815,625	2,15544891357422	1815,625	-0,688198089599609	
1818,75	2,1618025302887	1818,75	-0,670491337776184	
1821,875	2,16502237319946	1821,875	-0,662154614925385	
1825	2,16909503936768	1825	-0,656646549701691	
1828,125	2,17267441749573	1828,125	-0,648125350475311	
1831,25	2,17918634414673	1831,25	-0,635047614574432	
1834,375	2,17822861671448	1834,375	-0,626175224781036	
1837,5	2,18478441238403	1837,5	-0,616605281829834	
1840,625	2,19293570518494	1840,625	-0,619159460067749	
1843,75	2,19102573394775	1843,75	-0,610899269580841	
1846,875	2,19844460487366	1846,875	-0,608376860618591	
1850	2,20618414878845	1850	-0,603452265262604	
1853,125	2,21345543861389	1853,125	-0,59997683763504	
1856,25	2,21808695793152	1856,25	-0,586678743362427	
1859,375	2,22645020484924	1859,375	-0,588835299015045	
1862,5	2,22653937339783	1862,5	-0,58953058719635	
1865,625	2,23676681518555	1865,625	-0,584517419338226	
1868,75	2,24151253700256	1868,75	-0,579269647598267	
1871,875	2,24568033218384	1871,875	-0,582253694534302	
1875	2,25406718254089	1875	-0,584517538547516	
1878,125	2,25022625923157	1878,125	-0,582193493843079	
1881,25	2,25431346893311	1881,25	-0,585064291954041	
1884,375	2,26266026496887	1884,375	-0,585082590579987	
1887,5	2,26822543144226	1887,5	-0,583610057830811	
1890,625	2,26300096511841	1890,625	-0,579702615737915	
1893,75	2,26621079444885	1893,75	-0,576189160346985	
1896,875	2,26678037643433	1896,875	-0,577495872974396	
1900	2,2706995010376	1900	-0,580934047698975	
1903,125	2,26938986778259	1903,125	-0,576021671295166	
1906,25	2,26962089538574	1906,25	-0,578731179237366	
1909,375	2,27511048316956	1909,375	-0,580197751522064	
1912,5	2,28305506706238	1912,5	-0,577917695045471	
1915,625	2,27824187278748	1915,625	-0,579988121986389	
1918,75	2,27258276939392	1918,75	-0,587400794029236	
1921,875	2,28427910804749	1921,875	-0,584898471832275	
1925	2,28816819190979	1925	-0,587756514549255	
1928,125	2,27860474586487	1928,125	-0,583597421646118	
1931,25	2,28178334236145	1931,25	-0,582852840423584	
1934,375	2,28307580947876	1934,375	-0,586694955825806	
1937,5	2,28478288650513	1937,5	-0,585037291049957	
1940,625	2,28242206573486	1940,625	-0,587099730968475	
1943,75	2,28431153297424	1943,75	-0,587890923023224	
1946,875	2,27998518943787	1946,875	-0,586297154426575	
1950	2,28677701950073	1950	-0,581316351890564	
1953,125	2,2850387096405	1953,125	-0,590245187282562	
1956,25	2,28844237327576	1956,25	-0,585332810878754	
1959,375	2,28932166099548	1959,375	-0,589363038539886	
1962,5	2,29811978340149	1962,5	-0,590957462787628	
1965,625	2,29205250740051	1965,625	-0,585049390792847	
1968,75	2,29108142852783	1968,75	-0,591851711273193	
1971,875	2,28775095939636	1971,875	-0,588104069232941	
1975	2,2855532169342	1975	-0,57518869638443	
1978,125	2,28915977478027	1978,125	-0,587120234966278	
1981,25	2,29103326797485	1981,25	-0,579860150814056	
1984,375	2,28530359268188	1984,375	-0,583918571472168	
1987,5	2,29074001312256	1987,5	-0,580088078975677	
1990,625	2,29893732070923	1990,625	-0,578482091426849	
1993,75	2,29047536849976	1993,75	-0,584832608699799	
1996,875	2,29530787467957	1996,875	-0,586677730083466	
2000	2,30238676071167	2000	-0,588470041751862	
2003,125	2,30342602729797	2003,125	-0,589469373226166	
2006,25	2,30008506774902	2006,25	-0,589634895324707	
2009,375	2,29350566864014	2009,375	-0,589744865894318	
2012,5	2,29194664955139	2012,5	-0,585170865058899	
2015,625	2,29727649688721	2015,625	-0,586431980133057	
2018,75	2,28833603858948	2018,75	-0,589414179325104	
2021,875	2,30214643478394	2021,875	-0,59018337726593	
2025	2,30078935623169	2025	-0,592074632644653	
2028,125	2,29714846611023	2028,125	-0,584344148635864	
2031,25	2,28673982620239	2031,25	-0,578464448451996	
2034,375	2,29553437232971	2034,375	-0,593456983566284	
2037,5	2,29970860481262	2037,5	-0,585217177867889	
2040,625	2,27094292640686	2040,625	-0,583127021789551	
2043,75	2,28340458869934	2043,75	-0,583270013332367	
2046,875	2,2911205291748	2046,875	-0,583328247070313	
2050	2,28989577293396	2050	-0,590063869953156	
2053,125	2,29497027397156	2053,125	-0,592588663101196	
2056,25	2,29093861579895	2056,25	-0,588359236717224	
2059,375	2,28647112846375	2059,375	-0,590506792068481	
2062,5	2,28690552711487	2062,5	-0,589289724826813	
2065,625	2,28640460968018	2065,625	-0,594499230384827	
2068,75	2,29411935806274	2068,75	-0,593899428844452	
2071,875	2,29490041732788	2071,875	-0,596934676170349	
2075	2,29077863693237	2075	-0,595908582210541	
2078,125	2,28496384620667	2078,125	-0,594333469867706	
2081,25	2,28172159194946	2081,25	-0,589542269706726	
2084,375	2,28062987327576	2084,375	-0,604238927364349	
2087,5	2,28580784797668	2087,5	-0,599193751811981	
2090,625	2,28650760650635	2090,625	-0,599105179309845	
2093,75	2,27931618690491	2093,75	-0,600016832351685	
2096,875	2,28455281257629	2096,875	-0,589321315288544	
2100	2,26889801025391	2100	-0,603611648082733	
2103,125	2,2729377746582	2103,125	-0,593859672546387	
2106,25	2,27709865570068	2106,25	-0,591614544391632	
2109,375	2,27193188667297	2109,375	-0,598589897155762	
2112,5	2,27431702613831	2112,5	-0,604463636875153	
2115,625	2,26861763000488	2115,625	-0,603774547576904	
2118,75	2,27466320991516	2118,75	-0,600419282913208	
2121,875	2,26440382003784	2121,875	-0,595666468143463	
2125	2,26052904129028	2125	-0,594979465007782	
2128,125	2,26414370536804	2128,125	-0,604787647724152	
2131,25	2,26406335830688	2131,25	-0,602110266685486	
2134,375	2,25516271591187	2134,375	-0,607921957969666	
2137,5	2,25546717643738	2137,5	-0,608462870121002	
2140,625	2,25017237663269	2140,625	-0,603572010993958	
2143,75	2,25170993804932	2143,75	-0,599608778953552	
2146,875	2,25975036621094	2146,875	-0,599173665046692	
2150	2,25248217582703	2150	-0,608538150787354	
2153,125	2,24604249000549	2153,125	-0,601345837116241	
2156,25	2,24903631210327	2156,25	-0,606586396694183	
2159,375	2,24091386795044	2159,375	-0,603858947753906	
2162,5	2,24465870857239	2162,5	-0,589468657970428	
2165,625	2,23895812034607	2165,625	-0,593350946903229	
2168,75	2,23158192634583	2168,75	-0,606733977794647	
2171,875	2,23333954811096	2171,875	-0,602794766426086	
2175	2,23760771751404	2175	-0,608736872673035	
2178,125	2,22930884361267	2178,125	-0,603918552398682	
2181,25	2,22781610488892	2181,25	-0,594552457332611	
2184,375	2,21874904632568	2184,375	-0,594845056533813	
2187,5	2,22013330459595	2187,5	-0,596163988113403	
2190,625	2,22501158714294	2190,625	-0,592133522033691	
2193,75	2,22188854217529	2193,75	-0,600670993328094	
2196,875	2,21811699867249	2196,875	-0,601470947265625	
2200	2,21640992164612	2200	-0,593962252140045	
2203,125	2,21573925018311	2203,125	-0,592881441116333	
2206,25	2,21329855918884	2206,25	-0,588779330253601	
2209,375	2,21039295196533	2209,375	-0,584271430969238	
2212,5	2,21751070022583	2212,5	-0,596968293190002	
2215,625	2,21941542625427	2215,625	-0,5998654961586	
2218,75	2,21401143074036	2218,75	-0,592598140239716	
2221,875	2,20794582366943	2221,875	-0,586588084697723	
2225	2,20058512687683	2225	-0,590961456298828	
2228,125	2,2017388343811	2228,125	-0,593592584133148	
2231,25	2,19578385353088	2231,25	-0,584858953952789	
2234,375	2,19120454788208	2234,375	-0,584348261356354	
2237,5	2,19846701622009	2237,5	-0,581218004226685	
2240,625	2,19941592216492	2240,625	-0,595432460308075	
2243,75	2,20055413246155	2243,75	-0,590728342533112	
2246,875	2,19651913642883	2246,875	-0,584437429904938	
2250	2,18880701065063	2250	-0,576579988002777	
2253,125	2,18494820594788	2253,125	-0,577600419521332	
2256,25	2,17892980575562	2256,25	-0,576877236366272	
2259,375	2,18099474906921	2259,375	-0,579789340496063	
2262,5	2,18139052391052	2262,5	-0,574448704719543	
2265,625	2,18013954162598	2265,625	-0,572937309741974	
2268,75	2,17079210281372	2268,75	-0,566301822662354	
2271,875	2,17074990272522	2271,875	-0,567612290382385	
2275	2,16932582855225	2275	-0,572695136070251	
2278,125	2,17161178588867	2278,125	-0,570535898208618	
2281,25	2,17027521133423	2281,25	-0,564794600009918	
2284,375	2,16793465614319	2284,375	-0,559437036514282	
2287,5	2,17007637023926	2287,5	-0,568057119846344	
2290,625	2,16355490684509	2290,625	-0,560648858547211	
2293,75	2,16225242614746	2293,75	-0,551375329494476	
2296,875	2,16260766983032	2296,875	-0,557252049446106	
2300	2,15977263450623	2300	-0,555608868598938	
2303,125	2,1555860042572	2303,125	-0,551331579685211	
2306,25	2,15472745895386	2306,25	-0,54944896697998	
2309,375	2,15808415412903	2309,375	-0,544840753078461	
2312,5	2,15569353103638	2312,5	-0,539637744426727	
2315,625	2,14729285240173	2315,625	-0,536135494709015	
2318,75	2,14521479606628	2318,75	-0,543530762195587	
2321,875	2,1405611038208	2321,875	-0,532390654087067	
2325	2,14578557014465	2325	-0,536413311958313	
2328,125	2,14784288406372	2328,125	-0,531467020511627	
2331,25	2,14782571792603	2331,25	-0,530104875564575	
2334,375	2,15089440345764	2334,375	-0,529944479465485	
2337,5	2,14751505851746	2337,5	-0,525445997714996	
2340,625	2,14080762863159	2340,625	-0,51710033416748	
2343,75	2,14723587036133	2343,75	-0,52401727437973	
2346,875	2,14405608177185	2346,875	-0,51999831199646	
2350	2,15093564987183	2350	-0,516226589679718	
2353,125	2,15039205551147	2353,125	-0,517534613609314	
2356,25	2,14906239509583	2356,25	-0,511894643306732	
2359,375	2,14787745475769	2359,375	-0,50909835100174	
2362,5	2,15049386024475	2362,5	-0,507602095603943	
2365,625	2,14687156677246	2365,625	-0,514150083065033	
2368,75	2,14950037002563	2368,75	-0,503582537174225	
2371,875	2,14008808135986	2371,875	-0,496401220560074	
2375	2,14409112930298	2375	-0,498663932085037	
2378,125	2,14246988296509	2378,125	-0,503987848758698	
2381,25	2,14687538146973	2381,25	-0,504401206970215	
2384,375	2,15585374832153	2384,375	-0,499911695718765	
2387,5	2,14835715293884	2387,5	-0,496742784976959	
2390,625	2,14927315711975	2390,625	-0,494176119565964	
2393,75	2,15087819099426	2393,75	-0,493862837553024	
2396,875	2,1560697555542	2396,875	-0,497556060552597	
2400	2,15564656257629	2400	-0,4939846098423	
2403,125	2,1575562953949	2403,125	-0,493694752454758	
2406,25	2,15966296195984	2406,25	-0,497012913227081	
2409,375	2,15715503692627	2409,375	-0,498927175998688	
2412,5	2,15385270118713	2412,5	-0,486766129732132	
2415,625	2,14590048789978	2415,625	-0,498550474643707	
2418,75	2,15024709701538	2418,75	-0,496498316526413	
2421,875	2,15800595283508	2421,875	-0,493251383304596	
2425	2,15504002571106	2425	-0,491718500852585	
2428,125	2,15186595916748	2428,125	-0,498490869998932	
2431,25	2,15526437759399	2431,25	-0,496179491281509	
2434,375	2,15028381347656	2434,375	-0,496056854724884	
2437,5	2,15419411659241	2437,5	-0,497443228960037	
2440,625	2,15534782409668	2440,625	-0,497320979833603	
2443,75	2,15077352523804	2443,75	-0,501403152942657	
2446,875	2,14885234832764	2446,875	-0,495647490024567	
2450	2,15377497673035	2450	-0,496586740016937	
2453,125	2,15415334701538	2453,125	-0,499378055334091	
2456,25	2,1509120464325	2456,25	-0,500309228897095	
2459,375	2,15370035171509	2459,375	-0,498707056045532	
2462,5	2,14753293991089	2462,5	-0,500684142112732	
2465,625	2,14728999137878	2465,625	-0,499704390764236	
2468,75	2,1453058719635	2468,75	-0,492965757846832	
2471,875	2,13918447494507	2471,875	-0,510316252708435	
2475	2,14516758918762	2475	-0,499488264322281	
2478,125	2,14718174934387	2478,125	-0,50467449426651	
2481,25	2,14591979980469	2481,25	-0,495328664779663	
2484,375	2,14538979530334	2484,375	-0,502537131309509	
2487,5	2,14442753791809	2487,5	-0,513213932514191	
2490,625	2,1386091709137	2490,625	-0,504692435264587	
2493,75	2,13261198997498	2493,75	-0,502388477325439	
2496,875	2,13335371017456	2496,875	-0,501646637916565	
2500	2,13525605201721	2500	-0,500572800636292	
2503,125	2,12879848480225	2503,125	-0,505695819854736	
2506,25	2,13918089866638	2506,25	-0,502113461494446	
2509,375	2,13405585289001	2509,375	-0,499333888292313	
2512,5	2,13017249107361	2512,5	-0,498832046985626	
2515,625	2,12244462966919	2515,625	-0,498101741075516	
2518,75	2,12417268753052	2518,75	-0,496442854404449	
2521,875	2,12461972236633	2521,875	-0,494851291179657	
2525	2,1213321685791	2525	-0,504745900630951	
2528,125	2,11621046066284	2528,125	-0,490339934825897	
2531,25	2,11640548706055	2531,25	-0,490385293960571	
2534,375	2,12190651893616	2534,375	-0,490582853555679	
2537,5	2,12051844596863	2537,5	-0,49665492773056	
2540,625	2,11473298072815	2540,625	-0,483194470405579	
2543,75	2,1107292175293	2543,75	-0,487794458866119	
2546,875	2,1208701133728	2546,875	-0,491749316453934	
2550	2,12136006355286	2550	-0,489276856184006	
2553,125	2,11745309829712	2553,125	-0,495522409677505	
2556,25	2,11867117881775	2556,25	-0,495091080665588	
2559,375	2,11544418334961	2559,375	-0,491850882768631	
2562,5	2,11048269271851	2562,5	-0,489905089139938	
2565,625	2,10868263244629	2565,625	-0,487137824296951	
2568,75	2,11124134063721	2568,75	-0,487093776464462	
2571,875	2,11529326438904	2571,875	-0,489978730678558	
2575	2,11199736595154	2575	-0,487649291753769	
2578,125	2,09971761703491	2578,125	-0,484833925962448	
2581,25	2,10943007469177	2581,25	-0,483572483062744	
2584,375	2,10379385948181	2584,375	-0,483857572078705	
2587,5	2,10573720932007	2587,5	-0,483209133148193	
2590,625	2,10419678688049	2590,625	-0,480557799339294	
2593,75	2,10348415374756	2593,75	-0,482284396886826	
2596,875	2,10887837409973	2596,875	-0,480357259511948	
2600	2,10242176055908	2600	-0,476924389600754	
2603,125	2,09980082511902	2603,125	-0,479072421789169	
2606,25	2,09903264045715	2606,25	-0,474345058202744	
2609,375	2,10663557052612	2609,375	-0,475217431783676	
2612,5	2,10320401191711	2612,5	-0,476364821195602	
2615,625	2,10124206542969	2615,625	-0,478336304426193	
2618,75	2,10574674606323	2618,75	-0,478731542825699	
2621,875	2,09892725944519	2621,875	-0,477731943130493	
2625	2,09938216209412	2625	-0,470676839351654	
2628,125	2,10241651535034	2628,125	-0,471561759710312	
2631,25	2,09912490844727	2631,25	-0,472051382064819	
2634,375	2,09537386894226	2634,375	-0,466112166643143	
2637,5	2,09711289405823	2637,5	-0,473029047250748	
2640,625	2,09947443008423	2640,625	-0,469498455524445	
2643,75	2,1037061214447	2643,75	-0,47322878241539	
2646,875	2,10908269882202	2646,875	-0,467004716396332	
2650	2,104327917099	2650	-0,48284649848938	
2653,125	2,10322499275208	2653,125	-0,472904324531555	
2656,25	2,10810661315918	2656,25	-0,476018249988556	
2659,375	2,10928654670715	2659,375	-0,478827983140945	
2662,5	2,1084041595459	2662,5	-0,47282350063324	
2665,625	2,107182264328	2665,625	-0,475723713636398	
2668,75	2,10131597518921	2668,75	-0,472931116819382	
2671,875	2,11019802093506	2671,875	-0,476443588733673	
2675	2,11357116699219	2675	-0,477356821298599	
2678,125	2,11356735229492	2678,125	-0,474906384944916	
2681,25	2,11408710479736	2681,25	-0,480858087539673	
2684,375	2,1142725944519	2684,375	-0,488667845726013	
2687,5	2,11473894119263	2687,5	-0,482444018125534	
2690,625	2,10973191261292	2690,625	-0,491012185811996	
2693,75	2,11196565628052	2693,75	-0,486371159553528	
2696,875	2,1082170009613	2696,875	-0,486190736293793	
2700	2,10935115814209	2700	-0,486426174640656	
2703,125	2,10746431350708	2703,125	-0,492475479841232	
2706,25	2,10071611404419	2706,25	-0,491532385349274	
2709,375	2,10194301605225	2709,375	-0,495317965745926	
2712,5	2,1065239906311	2712,5	-0,495116978883743	
2715,625	2,10423684120178	2715,625	-0,497876137495041	
2718,75	2,09717059135437	2718,75	-0,498582065105438	
2721,875	2,09389019012451	2721,875	-0,49683552980423	
2725	2,09652781486511	2725	-0,501212954521179	
2728,125	2,09791684150696	2728,125	-0,505003690719604	
2731,25	2,0962347984314	2731,25	-0,502711951732636	
2734,375	2,0898323059082	2734,375	-0,498455613851547	
2737,5	2,08813858032227	2737,5	-0,501017808914185	
2740,625	2,09282231330872	2740,625	-0,499914526939392	
2743,75	2,09611868858337	2743,75	-0,504242420196533	
2746,875	2,09129548072815	2746,875	-0,500284433364868	
2750	2,08460855484009	2750	-0,498938679695129	
2753,125	2,08963084220886	2753,125	-0,501370072364807	
2756,25	2,08609080314636	2756,25	-0,506986320018768	
2759,375	2,0873589515686	2759,375	-0,503290951251984	
2762,5	2,08312749862671	2762,5	-0,503622710704803	
2765,625	2,08605551719666	2765,625	-0,500888168811798	
2768,75	2,09122776985168	2768,75	-0,509179651737213	
2771,875	2,08309578895569	2771,875	-0,506209433078766	
2775	2,08284115791321	2775	-0,508373141288757	
2778,125	2,08048176765442	2778,125	-0,506917715072632	
2781,25	2,08104777336121	2781,25	-0,510942757129669	
2784,375	2,07812023162842	2784,375	-0,507650911808014	
2787,5	2,0722918510437	2787,5	-0,506180644035339	
2790,625	2,07424259185791	2790,625	-0,513065278530121	
2793,75	2,07598114013672	2793,75	-0,512216150760651	
2796,875	2,07659220695496	2796,875	-0,511618196964264	
2800	2,07628202438354	2800	-0,512960076332092	
2803,125	2,08145308494568	2803,125	-0,516336381435394	
2806,25	2,06956934928894	2806,25	-0,514978647232056	
2809,375	2,07307481765747	2809,375	-0,513027191162109	
2812,5	2,07047176361084	2812,5	-0,518512189388275	
2815,625	2,06669092178345	2815,625	-0,516335129737854	
2818,75	2,06360149383545	2818,75	-0,513459384441376	
2821,875	2,06246662139893	2821,875	-0,516480445861816	
2825	2,05962347984314	2825	-0,512179315090179	
2828,125	2,05961465835571	2828,125	-0,512137413024902	
2831,25	2,05513596534729	2831,25	-0,520993411540985	
2834,375	2,05262041091919	2834,375	-0,516215085983276	
2837,5	2,0576491355896	2837,5	-0,522545218467712	
2840,625	2,05615854263306	2840,625	-0,520229160785675	
2843,75	2,05134868621826	2843,75	-0,513031005859375	
2846,875	2,04883909225464	2846,875	-0,518888175487518	
2850	2,04609346389771	2850	-0,515572309494019	
2853,125	2,04293704032898	2853,125	-0,512431979179382	
2856,25	2,0456485748291	2856,25	-0,512921631336212	
2859,375	2,04219055175781	2859,375	-0,511938333511353	
2862,5	2,04191637039185	2862,5	-0,510616540908813	
2865,625	2,03591585159302	2865,625	-0,513145327568054	
2868,75	2,03811597824097	2868,75	-0,510874509811401	
2871,875	2,04278492927551	2871,875	-0,512229442596436	
2875	2,03707361221313	2875	-0,511060893535614	
2878,125	2,0359845161438	2878,125	-0,508342564105988	
2881,25	2,03596115112305	2881,25	-0,510124862194061	
2884,375	2,03226828575134	2884,375	-0,508444488048553	
2887,5	2,0347318649292	2887,5	-0,507729470729828	
2890,625	2,0347261428833	2890,625	-0,513080656528473	
2893,75	2,03427886962891	2893,75	-0,510250926017761	
2896,875	2,02950549125671	2896,875	-0,505880892276764	
2900	2,0284206867218	2900	-0,504105687141418	
2903,125	2,02959370613098	2903,125	-0,504227519035339	
2906,25	2,02219414710999	2906,25	-0,50254875421524	
2909,375	2,02365255355835	2909,375	-0,502500236034393	
2912,5	2,02112603187561	2912,5	-0,496874928474426	
2915,625	2,0194845199585	2915,625	-0,497768849134445	
2918,75	2,01868772506714	2918,75	-0,498282611370087	
2921,875	2,0226423740387	2921,875	-0,496509283781052	
2925	2,02405190467834	2925	-0,49717190861702	
2928,125	2,01735854148865	2928,125	-0,493391275405884	
2931,25	2,01433539390564	2931,25	-0,490751653909683	
2934,375	2,017737865448	2934,375	-0,490046888589859	
2937,5	2,01725292205811	2937,5	-0,48988339304924	
2940,625	2,01509499549866	2940,625	-0,485740512609482	
2943,75	2,01439690589905	2943,75	-0,484506160020828	
2946,875	2,015291929245	2946,875	-0,487996131181717	
2950	2,01559734344482	2950	-0,485095292329788	
2953,125	2,01633715629578	2953,125	-0,483802616596222	
2956,25	2,0194935798645	2956,25	-0,481840312480927	
2959,375	2,02054858207703	2959,375	-0,483290731906891	
2962,5	2,01547789573669	2962,5	-0,476099491119385	
2965,625	2,01810073852539	2965,625	-0,475523382425308	
2968,75	2,01999449729919	2968,75	-0,475640058517456	
2971,875	2,01954674720764	2971,875	-0,474725693464279	
2975	2,02106809616089	2975	-0,470634907484055	
2978,125	2,02052021026611	2978,125	-0,470188587903976	
2981,25	2,01594090461731	2981,25	-0,465511381626129	
2984,375	2,01975297927856	2984,375	-0,46736279129982	
2987,5	2,02039837837219	2987,5	-0,465596199035645	
2990,625	2,01822447776794	2990,625	-0,464909702539444	
2993,75	2,02200698852539	2993,75	-0,460822969675064	
2996,875	2,02423644065857	2996,875	-0,459830433130264	
3000	2,01737928390503	3000	-0,461775809526443	
3003,125	2,02590942382813	3003,125	-0,460573315620422	
3006,25	2,02503871917725	3006,25	-0,457739472389221	
3009,375	2,02418327331543	3009,375	-0,453743100166321	
3012,5	2,02355337142944	3012,5	-0,453715533018112	
3015,625	2,02706933021545	3015,625	-0,458234757184982	
3018,75	2,03077578544617	3018,75	-0,452405244112015	
3021,875	2,02680420875549	3021,875	-0,452089309692383	
3025	2,02879738807678	3025	-0,451070010662079	
3028,125	2,0353090763092	3028,125	-0,445949643850327	
3031,25	2,04201149940491	3031,25	-0,449194431304932	
3034,375	2,03815221786499	3034,375	-0,442832767963409	
3037,5	2,03400444984436	3037,5	-0,452482342720032	
3040,625	2,03765892982483	3040,625	-0,446817487478256	
3043,75	2,04488611221313	3043,75	-0,443358987569809	
3046,875	2,05358576774597	3046,875	-0,451921612024307	
3050	2,04919242858887	3050	-0,451256603002548	
3053,125	2,05295944213867	3053,125	-0,455579489469528	
3056,25	2,05412292480469	3056,25	-0,457458883523941	
3059,375	2,05920886993408	3059,375	-0,462907463312149	
3062,5	2,05479645729065	3062,5	-0,468131363391876	
3065,625	2,05489110946655	3065,625	-0,469261080026627	
3068,75	2,05363082885742	3068,75	-0,472363293170929	
3071,875	2,05246043205261	3071,875	-0,470061480998993	
3075	2,0495548248291	3075	-0,47370707988739	
3078,125	2,04544162750244	3078,125	-0,473090082406998	
3081,25	2,04024243354797	3081,25	-0,473065376281738	
3084,375	2,04020309448242	3084,375	-0,474075645208359	
3087,5	2,04284405708313	3087,5	-0,477601736783981	
3090,625	2,04287266731262	3090,625	-0,478826105594635	
3093,75	2,04188394546509	3093,75	-0,479601860046387	
3096,875	2,03928375244141	3096,875	-0,472307175397873	
3100	2,02860045433044	3100	-0,471009284257889	
3103,125	2,03017377853394	3103,125	-0,467449933290482	
3106,25	2,0280864238739	3106,25	-0,469435185194016	
3109,375	2,02416253089905	3109,375	-0,469793528318405	
3112,5	2,02729749679565	3112,5	-0,467788308858871	
3115,625	2,03121995925903	3115,625	-0,464660286903381	
3118,75	2,02971386909485	3118,75	-0,470271855592728	
3121,875	2,03701281547546	3121,875	-0,472789496183395	
3125	2,02216410636902	3125	-0,473254293203354	
3128,125	2,02471947669983	3128,125	-0,468982458114624	
3131,25	2,02440977096558	3131,25	-0,464545845985413	
3134,375	2,02345037460327	3134,375	-0,464574545621872	
3137,5	2,02066993713379	3137,5	-0,459868460893631	
3140,625	2,02030873298645	3140,625	-0,462883323431015	
3143,75	2,02860069274902	3143,75	-0,458987027406693	
3146,875	2,02371978759766	3146,875	-0,460644245147705	
3150	2,01601266860962	3150	-0,460031479597092	
3153,125	2,01736235618591	3153,125	-0,458015888929367	
3156,25	2,01606249809265	3156,25	-0,45751228928566	
3159,375	2,01445817947388	3159,375	-0,458021908998489	
3162,5	2,01142454147339	3162,5	-0,454639792442322	
3165,625	2,01247143745422	3165,625	-0,452825486660004	
3168,75	2,01527285575867	3168,75	-0,448200166225433	
3171,875	2,0096869468689	3171,875	-0,450417190790176	
3175	2,00444102287292	3175	-0,452190339565277	
3178,125	1,99982309341431	3178,125	-0,452381819486618	
3181,25	2,0079493522644	3181,25	-0,446139812469482	
3184,375	2,01610565185547	3184,375	-0,441486120223999	
3187,5	2,01476621627808	3187,5	-0,451628863811493	
3190,625	2,0081524848938	3190,625	-0,442683041095734	
3193,75	2,00556969642639	3193,75	-0,439074873924255	
3196,875	2,00316643714905	3196,875	-0,446477025747299	
3200	2,01001310348511	3200	-0,439413517713547	
3203,125	2,0094256401062	3203,125	-0,435815811157227	
3206,25	2,00350022315979	3206,25	-0,439220666885376	
3209,375	2,00230526924133	3209,375	-0,436035066843033	
3212,5	2,00582122802734	3212,5	-0,435310304164886	
3215,625	2,00615119934082	3215,625	-0,430651366710663	
3218,75	2,00949215888977	3218,75	-0,425067692995071	
3221,875	1,99974417686462	3221,875	-0,429790377616882	
3225	1,99927604198456	3225	-0,429633975028992	
3228,125	2,00232243537903	3228,125	-0,429125308990479	
3231,25	2,00088572502136	3231,25	-0,433382242918015	
3234,375	1,99557828903198	3234,375	-0,434940278530121	
3237,5	2,00072503089905	3237,5	-0,429951518774033	
3240,625	2,00482273101807	3240,625	-0,42582494020462	
3243,75	2,00331258773804	3243,75	-0,423921346664429	
3246,875	1,99933254718781	3246,875	-0,418754100799561	
3250	1,99902081489563	3250	-0,413341522216797	
3253,125	1,99546110630035	3253,125	-0,419156551361084	
3256,25	1,99341332912445	3256,25	-0,411075711250305	
3259,375	1,99467504024506	3259,375	-0,409395098686218	
3262,5	1,99071633815765	3262,5	-0,413609862327576	
3265,625	1,9857462644577	3265,625	-0,410976380109787	
3268,75	1,98987150192261	3268,75	-0,403052657842636	
3271,875	1,98724901676178	3271,875	-0,407021075487137	
3275	1,98680198192596	3275	-0,411004096269608	
3278,125	1,98903214931488	3278,125	-0,401901483535767	
3281,25	1,98976647853851	3281,25	-0,397158473730087	
3284,375	1,98483204841614	3284,375	-0,397590279579163	
3287,5	1,9871484041214	3287,5	-0,397950947284698	
3290,625	1,993124127388	3290,625	-0,40107998251915	
3293,75	1,98331212997437	3293,75	-0,400998711585999	
3296,875	1,97859489917755	3296,875	-0,394780695438385	
3300	1,98162376880646	3300	-0,389829784631729	
3303,125	1,98092889785767	3303,125	-0,389464199542999	
3306,25	1,97829008102417	3306,25	-0,393708109855652	
3309,375	1,97880041599274	3309,375	-0,390440881252289	
3312,5	1,98466205596924	3312,5	-0,385683298110962	
3315,625	1,9828519821167	3315,625	-0,380037039518356	
3318,75	1,98732459545135	3318,75	-0,376017332077026	
3321,875	1,98202896118164	3321,875	-0,37725430727005	
3325	1,9835844039917	3325	-0,378050774335861	
3328,125	1,98009300231934	3328,125	-0,372758030891418	
3331,25	1,98005926609039	3331,25	-0,369155287742615	
3334,375	1,9835866689682	3334,375	-0,364880174398422	
3337,5	1,97559082508087	3337,5	-0,373003095388412	
3340,625	1,97360026836395	3340,625	-0,367436975240707	
3343,75	1,98018455505371	3343,75	-0,365309447050095	
3346,875	1,98020946979523	3346,875	-0,372750729322433	
3350	1,98023641109467	3350	-0,370170027017593	
3353,125	1,9759533405304	3353,125	-0,367080837488174	
3356,25	1,97573685646057	3356,25	-0,355767428874969	
3359,375	1,97317111492157	3359,375	-0,357991546392441	
3362,5	1,97171127796173	3362,5	-0,357336163520813	
3365,625	1,97712421417236	3365,625	-0,351566582918167	
3368,75	1,9705775976181	3368,75	-0,352133303880692	
3371,875	1,97306513786316	3371,875	-0,346050411462784	
3375	1,97365880012512	3375	-0,341428101062775	
3378,125	1,968141913414	3378,125	-0,356423258781433	
3381,25	1,97371828556061	3381,25	-0,344457179307938	
3384,375	1,97376430034637	3384,375	-0,34034138917923	
3387,5	1,96489930152893	3387,5	-0,339962214231491	
3390,625	1,97033667564392	3390,625	-0,337918400764465	
3393,75	1,97044694423676	3393,75	-0,335099697113037	
3396,875	1,9732438325882	3396,875	-0,330173313617706	
3400	1,96975696086884	3400	-0,333120971918106	
3403,125	1,97570478916168	3403,125	-0,330241411924362	
3406,25	1,97876393795013	3406,25	-0,330735057592392	
3409,375	1,97139179706573	3409,375	-0,330316483974457	
3412,5	1,97663068771362	3412,5	-0,327196568250656	
3415,625	1,98135483264923	3415,625	-0,329141497612	
3418,75	1,97011733055115	3418,75	-0,325569421052933	
3421,875	1,97311627864838	3421,875	-0,318103969097137	
3425	1,97475242614746	3425	-0,315043300390244	
3428,125	1,96841621398926	3428,125	-0,320587396621704	
3431,25	1,96544289588928	3431,25	-0,316448956727982	
3434,375	1,96856462955475	3434,375	-0,313935339450836	
3437,5	1,97270309925079	3437,5	-0,317350924015045	
3440,625	1,97398817539215	3440,625	-0,319825857877731	
3443,75	1,97191047668457	3443,75	-0,315712243318558	
3446,875	1,96466743946075	3446,875	-0,312653481960297	
3450	1,96132409572601	3450	-0,311805605888367	
3453,125	1,96364176273346	3453,125	-0,310250818729401	
3456,25	1,96525406837463	3456,25	-0,311914771795273	
3459,375	1,96755456924438	3459,375	-0,306106626987457	
3462,5	1,96301245689392	3462,5	-0,303293406963348	
3465,625	1,96464920043945	3465,625	-0,302046269178391	
3468,75	1,97025728225708	3468,75	-0,304813861846924	
3471,875	1,9674459695816	3471,875	-0,299177706241608	
3475	1,9639413356781	3475	-0,301787137985229	
3478,125	1,96494948863983	3478,125	-0,297173231840134	
3481,25	1,95612752437592	3481,25	-0,295242458581924	
3484,375	1,95754528045654	3484,375	-0,292373329401016	
3487,5	1,96375203132629	3487,5	-0,292289704084396	
3490,625	1,9619973897934	3490,625	-0,292488425970078	
3493,75	1,96284282207489	3493,75	-0,294966399669647	
3496,875	1,96142590045929	3496,875	-0,289608329534531	
3500	1,95668649673462	3500	-0,293416023254395	
3503,125	1,95848476886749	3503,125	-0,289097905158997	
3506,25	1,96237993240356	3506,25	-0,291539192199707	
3509,375	1,96253561973572	3509,375	-0,287652939558029	
3512,5	1,95308864116669	3512,5	-0,284693539142609	
3515,625	1,94860732555389	3515,625	-0,282474845647812	
3518,75	1,95601499080658	3518,75	-0,279938101768494	
3521,875	1,95387732982635	3521,875	-0,280324637889862	
3525	1,94946706295013	3525	-0,281258851289749	
3528,125	1,95224153995514	3528,125	-0,281417816877365	
3531,25	1,95532917976379	3531,25	-0,281196087598801	
3534,375	1,95347034931183	3534,375	-0,275225549936295	
3537,5	1,94797909259796	3537,5	-0,271330088376999	
3540,625	1,94942033290863	3540,625	-0,273953467607498	
3543,75	1,94787561893463	3543,75	-0,272005647420883	
3546,875	1,94668805599213	3546,875	-0,266419231891632	
3550	1,94482386112213	3550	-0,269612312316895	
3553,125	1,9456330537796	3553,125	-0,263826072216034	
3556,25	1,94675290584564	3556,25	-0,266738474369049	
3559,375	1,94428288936615	3559,375	-0,263826638460159	
3562,5	1,94722080230713	3562,5	-0,265359729528427	
3565,625	1,94471395015717	3565,625	-0,263511002063751	
3568,75	1,94532811641693	3568,75	-0,259337872266769	
3571,875	1,94545948505402	3571,875	-0,262586325407028	
3575	1,94707357883453	3575	-0,263437211513519	
3578,125	1,94687175750732	3578,125	-0,261972963809967	
3581,25	1,94612622261047	3581,25	-0,261632561683655	
3584,375	1,94044005870819	3584,375	-0,258162617683411	
3587,5	1,93863499164581	3587,5	-0,255011767148972	
3590,625	1,94285106658936	3590,625	-0,254141509532928	
3593,75	1,94498312473297	3593,75	-0,252657622098923	
3596,875	1,94722187519073	3596,875	-0,250764489173889	
3600	1,94586884975433	3600	-0,25343045592308	
3603,125	1,94012057781219	3603,125	-0,254367798566818	
3606,25	1,94415521621704	3606,25	-0,248297408223152	
3609,375	1,93632566928864	3609,375	-0,253134876489639	
3612,5	1,93732869625092	3612,5	-0,250506013631821	
3615,625	1,94166171550751	3615,625	-0,248666703701019	
3618,75	1,93634617328644	3618,75	-0,246710300445557	
3621,875	1,93760097026825	3621,875	-0,241999074816704	
3625	1,93562722206116	3625	-0,238890945911407	
3628,125	1,93699908256531	3628,125	-0,241969481110573	
3631,25	1,9353541135788	3631,25	-0,247369781136513	
3634,375	1,9380362033844	3634,375	-0,244935005903244	
3637,5	1,93519616127014	3637,5	-0,238818377256393	
3640,625	1,92886769771576	3640,625	-0,238735258579254	
3643,75	1,93077301979065	3643,75	-0,241282999515533	
3646,875	1,92968153953552	3646,875	-0,23748579621315	
3650	1,93095719814301	3650	-0,239486217498779	
3653,125	1,92769122123718	3653,125	-0,237040296196938	
3656,25	1,92791771888733	3656,25	-0,23560956120491	
3659,375	1,93113386631012	3659,375	-0,23663341999054	
3662,5	1,92935764789581	3662,5	-0,23775814473629	
3665,625	1,93639171123505	3665,625	-0,233606904745102	
3668,75	1,92633497714996	3668,75	-0,240060940384865	
3671,875	1,92241191864014	3671,875	-0,231108114123344	
3675	1,92432415485382	3675	-0,232045024633408	
3678,125	1,92399823665619	3678,125	-0,232686832547188	
3681,25	1,92846834659576	3681,25	-0,2238979190588	
3684,375	1,91085827350616	3684,375	-0,234793528914452	
3687,5	1,91750609874725	3687,5	-0,22571887075901	
3690,625	1,91937279701233	3690,625	-0,222561627626419	
3693,75	1,91826164722443	3693,75	-0,227859035134315	
3696,875	1,92256963253021	3696,875	-0,225320518016815	
3700	1,91922831535339	3700	-0,221665114164352	
3703,125	1,91415226459503	3703,125	-0,222627311944962	
3706,25	1,91920053958893	3706,25	-0,2279953956604	
3709,375	1,91990649700165	3709,375	-0,220529615879059	
3712,5	1,91434490680695	3712,5	-0,21780689060688	
3715,625	1,90567529201508	3715,625	-0,218914613127708	
3718,75	1,91588389873505	3718,75	-0,222098499536514	
3721,875	1,91200721263885	3721,875	-0,221311703324318	
3725	1,91591346263885	3725	-0,217940092086792	
3728,125	1,90977597236633	3728,125	-0,220549836754799	
3731,25	1,91191649436951	3731,25	-0,215832784771919	
3734,375	1,90810894966125	3734,375	-0,218990191817284	
3737,5	1,91049253940582	3737,5	-0,214966639876366	
3740,625	1,90843737125397	3740,625	-0,220298454165459	
3743,75	1,90737867355347	3743,75	-0,216028556227684	
3746,875	1,90913879871368	3746,875	-0,211170896887779	
3750	1,90537929534912	3750	-0,214700683951378	
3753,125	1,90375351905823	3753,125	-0,213696196675301	
3756,25	1,90153467655182	3756,25	-0,214938342571259	
3759,375	1,89883625507355	3759,375	-0,211784973740578	
3762,5	1,90502917766571	3762,5	-0,205426931381226	
3765,625	1,89342045783997	3765,625	-0,218178689479828	
3768,75	1,89653694629669	3768,75	-0,207801520824432	
3771,875	1,89160573482513	3771,875	-0,206211239099503	
3775	1,89481806755066	3775	-0,206471055746078	
3778,125	1,89181423187256	3778,125	-0,205486491322517	
3781,25	1,8908439874649	3781,25	-0,20879539847374	
3784,375	1,89569783210754	3784,375	-0,204317003488541	
3787,5	1,89633750915527	3787,5	-0,209153577685356	
3790,625	1,89289057254791	3790,625	-0,202723756432533	
3793,75	1,88418018817902	3793,75	-0,207239031791687	
3796,875	1,88572120666504	3796,875	-0,201115265488625	
3800	1,88087677955627	3800	-0,199732601642609	
3803,125	1,88479375839233	3803,125	-0,200536116957664	
3806,25	1,88871765136719	3806,25	-0,19964861869812	
3809,375	1,88226246833801	3809,375	-0,200243800878525	
3812,5	1,87804305553436	3812,5	-0,198089838027954	
3815,625	1,87515771389008	3815,625	-0,194302067160606	
3818,75	1,87895274162292	3818,75	-0,196660280227661	
3821,875	1,87586498260498	3821,875	-0,193654388189316	
3825	1,87987542152405	3825	-0,189081504940987	
3828,125	1,87695634365082	3828,125	-0,195411935448647	
3831,25	1,87581098079681	3831,25	-0,195293232798576	
3834,375	1,87607371807098	3834,375	-0,197525933384895	
3837,5	1,87896943092346	3837,5	-0,191673412919044	
3840,625	1,87165319919586	3840,625	-0,191583856940269	
3843,75	1,86581575870514	3843,75	-0,188866689801216	
3846,875	1,86802053451538	3846,875	-0,193813189864159	
3850	1,86846709251404	3850	-0,190487399697304	
3853,125	1,86932444572449	3853,125	-0,189503371715546	
3856,25	1,87200689315796	3856,25	-0,192171677947044	
3859,375	1,8653107881546	3859,375	-0,189198911190033	
3862,5	1,86021935939789	3862,5	-0,190351083874702	
3865,625	1,86487126350403	3865,625	-0,186704054474831	
3868,75	1,86494421958923	3868,75	-0,185183212161064	
3871,875	1,86062479019165	3871,875	-0,185329839587212	
3875	1,85996794700623	3875	-0,184757128357887	
3878,125	1,86285614967346	3878,125	-0,185935288667679	
3881,25	1,85912370681763	3881,25	-0,186580836772919	
3884,375	1,85881268978119	3884,375	-0,192299276590347	
3887,5	1,85887134075165	3887,5	-0,185746639966965	
3890,625	1,85502171516418	3890,625	-0,185365363955498	
3893,75	1,86027681827545	3893,75	-0,18714664876461	
3896,875	1,85694622993469	3896,875	-0,190603405237198	
3900	1,85848236083984	3900	-0,187439545989037	
3903,125	1,8569118976593	3903,125	-0,186476573348045	
3906,25	1,85297787189484	3906,25	-0,188657015562057	
3909,375	1,85173463821411	3909,375	-0,186425298452377	
3912,5	1,84792053699493	3912,5	-0,183321341872215	
3915,625	1,84924280643463	3915,625	-0,189038798213005	
3918,75	1,84981155395508	3918,75	-0,178236067295074	
3921,875	1,8427369594574	3921,875	-0,195766195654869	
3925	1,83976304531097	3925	-0,184699490666389	
3928,125	1,83983325958252	3928,125	-0,186083063483238	
3931,25	1,84339821338654	3931,25	-0,17896243929863	
3934,375	1,84150826931	3934,375	-0,18403534591198	
3937,5	1,83601486682892	3937,5	-0,187822893261909	
3940,625	1,83733880519867	3940,625	-0,18543815612793	
3943,75	1,83765733242035	3943,75	-0,181850984692574	
3946,875	1,83078145980835	3946,875	-0,184794709086418	
3950	1,82465028762817	3950	-0,184882402420044	
3953,125	1,82656645774841	3953,125	-0,185934111475945	
3956,25	1,82534992694855	3956,25	-0,180920228362083	
3959,375	1,81689643859863	3959,375	-0,179841905832291	
3962,5	1,81859982013702	3962,5	-0,185494527220726	
3965,625	1,82394313812256	3965,625	-0,181973665952682	
3968,75	1,8213427066803	3968,75	-0,181958958506584	
3971,875	1,81794679164886	3971,875	-0,183509320020676	
3975	1,81656754016876	3975	-0,18646602332592	
3978,125	1,81248664855957	3978,125	-0,182201534509659	
3981,25	1,80780029296875	3981,25	-0,175296649336815	
3984,375	1,80326461791992	3984,375	-0,174156606197357	
3987,5	1,80568051338196	3987,5	-0,173187747597694	
3990,625	1,80704951286316	3990,625	-0,176813527941704	
3993,75	1,80524730682373	3993,75	-0,172552585601807	
3996,875	1,80515778064728	3996,875	-0,172801345586777	
4000	1,80823528766632	4000	-0,176794931292534	
4003,125	1,80505931377411	4003,125	-0,174026012420654	
4006,25	1,80125558376312	4006,25	-0,171052783727646	
4009,375	1,79975593090057	4009,375	-0,169603362679482	
4012,5	1,80084478855133	4012,5	-0,168041914701462	
4015,625	1,80032467842102	4015,625	-0,167420640587807	
4018,75	1,79869186878204	4018,75	-0,167091697454453	
4021,875	1,79679071903229	4021,875	-0,169202193617821	
4025	1,79485321044922	4025	-0,168315753340721	
4028,125	1,79204154014587	4028,125	-0,159362286329269	
4031,25	1,78650963306427	4031,25	-0,165365129709244	
4034,375	1,78839528560638	4034,375	-0,163306415081024	
4037,5	1,79557740688324	4037,5	-0,164970606565475	
4040,625	1,78258967399597	4040,625	-0,159532815217972	
4043,75	1,78285384178162	4043,75	-0,15983983874321	
4046,875	1,78088653087616	4046,875	-0,159845873713493	
4050	1,77723467350006	4050	-0,16118560731411	
4053,125	1,78136885166168	4053,125	-0,155681863427162	
4056,25	1,77965307235718	4056,25	-0,158102855086327	
4059,375	1,77854585647583	4059,375	-0,153112351894379	
4062,5	1,77233898639679	4062,5	-0,154863700270653	
4065,625	1,77711617946625	4065,625	-0,154635027050972	
4068,75	1,77567327022552	4068,75	-0,152142509818077	
4071,875	1,77143442630768	4071,875	-0,149355411529541	
4075	1,77903306484222	4075	-0,154012262821198	
4078,125	1,77773773670197	4078,125	-0,149436593055725	
4081,25	1,775435090065	4081,25	-0,149846270680428	
4084,375	1,76829242706299	4084,375	-0,149520173668861	
4087,5	1,77270233631134	4087,5	-0,151400476694107	
4090,625	1,76626145839691	4090,625	-0,145194262266159	
4093,75	1,76293802261353	4093,75	-0,147686094045639	
4096,875	1,76654183864594	4096,875	-0,143583372235298	
4100	1,76473546028137	4100	-0,148954629898071	
4103,125	1,76307022571564	4103,125	-0,145714327692986	
4106,25	1,76306223869324	4106,25	-0,138059258460999	
4109,375	1,76737558841705	4109,375	-0,140116661787033	
4112,5	1,76058447360992	4112,5	-0,141069933772087	
4115,625	1,75826120376587	4115,625	-0,137728124856949	
4118,75	1,75977325439453	4118,75	-0,137223094701767	
4121,875	1,75976932048798	4121,875	-0,133779987692833	
4125	1,75554466247559	4125	-0,137111246585846	
4128,125	1,7538948059082	4128,125	-0,1366156488657	
4131,25	1,75362181663513	4131,25	-0,133360356092453	
4134,375	1,75479030609131	4134,375	-0,137680798768997	
4137,5	1,75641489028931	4137,5	-0,136668890714645	
4140,625	1,75321245193481	4140,625	-0,129480913281441	
4143,75	1,75103580951691	4143,75	-0,131920218467712	
4146,875	1,75160181522369	4146,875	-0,127172127366066	
4150	1,74912405014038	4150	-0,133829697966576	
4153,125	1,75442004203796	4153,125	-0,131983667612076	
4156,25	1,75464200973511	4156,25	-0,130557119846344	
4159,375	1,74928975105286	4159,375	-0,12442771345377	
4162,5	1,74622631072998	4162,5	-0,129071667790413	
4165,625	1,74661958217621	4165,625	-0,12883035838604	
4168,75	1,74645566940308	4168,75	-0,125034466385841	
4171,875	1,7442729473114	4171,875	-0,122276127338409	
4175	1,74609673023224	4175	-0,120557390153408	
4178,125	1,74789369106293	4178,125	-0,123015508055687	
4181,25	1,74476599693298	4181,25	-0,127460658550262	
4184,375	1,7446631193161	4184,375	-0,122793912887573	
4187,5	1,74522411823273	4187,5	-0,122419506311417	
4190,625	1,7446916103363	4190,625	-0,120730809867382	
4193,75	1,74145638942719	4193,75	-0,119309984147549	
4196,875	1,73940229415894	4196,875	-0,119048118591309	
4200	1,73845887184143	4200	-0,117139436304569	
4203,125	1,73990035057068	4203,125	-0,117776565253735	
4206,25	1,73456656932831	4206,25	-0,116625756025314	
4209,375	1,73716235160828	4209,375	-0,117008246481419	
4212,5	1,73721647262573	4212,5	-0,117736920714378	
4215,625	1,73686635494232	4215,625	-0,116960369050503	
4218,75	1,73628640174866	4218,75	-0,115675210952759	
4221,875	1,73400330543518	4221,875	-0,113729402422905	
4225	1,73223459720612	4225	-0,116651870310307	
4228,125	1,72848629951477	4228,125	-0,116471998393536	
4231,25	1,73222088813782	4231,25	-0,110773652791977	
4234,375	1,72921788692474	4234,375	-0,110164597630501	
4237,5	1,72707259654999	4237,5	-0,109444111585617	
4240,625	1,7306512594223	4240,625	-0,105974979698658	
4243,75	1,72645604610443	4243,75	-0,108547769486904	
4246,875	1,72932422161102	4246,875	-0,108567401766777	
4250	1,72394490242004	4250	-0,10821158438921	
4253,125	1,72122871875763	4253,125	-0,105495311319828	
4256,25	1,72354912757874	4256,25	-0,105650685727596	
4259,375	1,72329759597778	4259,375	-0,0995466560125351	
4262,5	1,72301411628723	4262,5	-0,10217197239399	
4265,625	1,72065150737762	4265,625	-0,104172639548779	
4268,75	1,71977436542511	4268,75	-0,0974371209740639	
4271,875	1,71523427963257	4271,875	-0,0954499095678329	
4275	1,71405744552612	4275	-0,0984130725264549	
4278,125	1,71582579612732	4278,125	-0,0952129662036896	
4281,25	1,71314251422882	4281,25	-0,0909368097782135	
4284,375	1,71790444850922	4284,375	-0,0980017781257629	
4287,5	1,7188663482666	4287,5	-0,0953851193189621	
4290,625	1,71600890159607	4290,625	-0,0931384563446045	
4293,75	1,70965707302094	4293,75	-0,0921149924397469	
4296,875	1,70925271511078	4296,875	-0,0913733318448067	
4300	1,70855164527893	4300	-0,089938223361969	
4303,125	1,7067164182663	4303,125	-0,0914073586463928	
4306,25	1,70466327667236	4306,25	-0,0896756052970886	
4309,375	1,70488381385803	4309,375	-0,0829916670918465	
4312,5	1,70527005195618	4312,5	-0,0805314257740974	
4315,625	1,69966888427734	4315,625	-0,0818038955330849	
4318,75	1,69873380661011	4318,75	-0,0798426568508148	
4321,875	1,69909727573395	4321,875	-0,0803884491324425	
4325	1,69570302963257	4325	-0,0785290449857712	
4328,125	1,69862115383148	4328,125	-0,0713925287127495	
4331,25	1,69836795330048	4331,25	-0,073013462126255	
4334,375	1,69253039360046	4334,375	-0,0695857703685761	
4337,5	1,69579470157623	4337,5	-0,066724494099617	
4340,625	1,69444918632507	4340,625	-0,0665514916181564	
4343,75	1,69312107563019	4343,75	-0,0604027770459652	
4346,875	1,68775868415833	4346,875	-0,0584009252488613	
4350	1,68712067604065	4350	-0,0598787404596806	
4353,125	1,68926119804382	4353,125	-0,0547504834830761	
4356,25	1,68847417831421	4356,25	-0,0537936314940453	
4359,375	1,68416786193848	4359,375	-0,0558696538209915	
4362,5	1,69395041465759	4362,5	-0,0490866377949715	
4365,625	1,69229769706726	4365,625	-0,0446362532675266	
4368,75	1,69388949871063	4368,75	-0,0456159263849258	
4371,875	1,68918871879578	4371,875	-0,0433497875928879	
4375	1,68808043003082	4375	-0,041593674570322	
4378,125	1,69693946838379	4378,125	-0,0417328402400017	
4381,25	1,69393420219421	4381,25	-0,0381381139159203	
4384,375	1,69305026531219	4384,375	-0,0337783135473728	
4387,5	1,68934273719788	4387,5	-0,0307310707867146	
4390,625	1,69159018993378	4390,625	-0,0309962909668684	
4393,75	1,69501614570618	4393,75	-0,0327284298837185	
4396,875	1,6977653503418	4396,875	-0,0291038639843464	
4400	1,70043075084686	4400	-0,026802534237504	
4403,125	1,69866943359375	4403,125	-0,0262355878949165	
4406,25	1,70260083675385	4406,25	-0,0282754097133875	
4409,375	1,70812511444092	4409,375	-0,0289170723408461	
4412,5	1,70816731452942	4412,5	-0,0272395983338356	
4415,625	1,71037316322327	4415,625	-0,0252878647297621	
4418,75	1,70734965801239	4418,75	-0,027364319190383	
4421,875	1,70937561988831	4421,875	-0,0262166038155556	
4425	1,71045327186584	4425	-0,0289273858070374	
4428,125	1,71599316596985	4428,125	-0,0313457362353802	
4431,25	1,71779489517212	4431,25	-0,0257606580853462	
4434,375	1,71684193611145	4434,375	-0,0292230229824781	
4437,5	1,71716570854187	4437,5	-0,0314667969942093	
4440,625	1,71643447875977	4440,625	-0,0311155952513218	
4443,75	1,71741187572479	4443,75	-0,03732780367136	
4446,875	1,72138726711273	4446,875	-0,0362084582448006	
4450	1,71934926509857	4450	-0,0368553586304188	
4453,125	1,71810507774353	4453,125	-0,0399000234901905	
4456,25	1,71750366687775	4456,25	-0,0375539176166058	
4459,375	1,71762049198151	4459,375	-0,04329814016819	
4462,5	1,72098696231842	4462,5	-0,0475060343742371	
4465,625	1,7185206413269	4465,625	-0,045622430741787	
4468,75	1,72068643569946	4468,75	-0,0475621782243252	
4471,875	1,71847832202911	4471,875	-0,0549016073346138	
4475	1,71335220336914	4475	-0,0542929843068123	
4478,125	1,7114554643631	4478,125	-0,0555865168571472	
4481,25	1,71390652656555	4481,25	-0,0609342306852341	
4484,375	1,71499705314636	4484,375	-0,0585419908165932	
4487,5	1,71203029155731	4487,5	-0,0583738498389721	
4490,625	1,70952594280243	4490,625	-0,0621958673000336	
4493,75	1,70653545856476	4493,75	-0,0645442008972168	
4496,875	1,70528841018677	4496,875	-0,0701502189040184	
4500	1,70568704605103	4500	-0,066664032638073	
4503,125	1,70275270938873	4503,125	-0,0667865350842476	
4506,25	1,7031683921814	4506,25	-0,0684244483709335	
4509,375	1,70011365413666	4509,375	-0,0686945766210556	
4512,5	1,69930911064148	4512,5	-0,0688514485955238	
4515,625	1,69914853572845	4515,625	-0,0726626962423325	
4518,75	1,69751441478729	4518,75	-0,0720379129052162	
4521,875	1,69695782661438	4521,875	-0,0751854181289673	
4525	1,69341886043549	4525	-0,0783355236053467	
4528,125	1,69005107879639	4528,125	-0,0783126279711723	
4531,25	1,68962860107422	4531,25	-0,0777191519737244	
4534,375	1,6882404088974	4534,375	-0,0755751803517342	
4537,5	1,68786525726318	4537,5	-0,0780436471104622	
4540,625	1,6856644153595	4540,625	-0,082970418035984	
4543,75	1,68678534030914	4543,75	-0,0841096043586731	
4546,875	1,68352699279785	4546,875	-0,0830861777067184	
4550	1,68395268917084	4550	-0,0809965059161186	
4553,125	1,67723751068115	4553,125	-0,084038533270359	
4556,25	1,68088674545288	4556,25	-0,0870390087366104	
4559,375	1,68497967720032	4559,375	-0,0848154574632645	
4562,5	1,68465745449066	4562,5	-0,0904196798801422	
4565,625	1,67917764186859	4565,625	-0,0896904021501541	
4568,75	1,67903923988342	4568,75	-0,0901348888874054	
4571,875	1,67508208751678	4571,875	-0,0895324200391769	
4575	1,67188942432404	4575	-0,0947717949748039	
4578,125	1,6706610918045	4578,125	-0,0971009507775307	
4581,25	1,67006182670593	4581,25	-0,0989657938480377	
4584,375	1,66935729980469	4584,375	-0,0991699323058128	
4587,5	1,67044901847839	4587,5	-0,0991863012313843	
4590,625	1,66545212268829	4590,625	-0,102547951042652	
4593,75	1,66415119171143	4593,75	-0,103869117796421	
4596,875	1,65907716751099	4596,875	-0,102732770144939	
4600	1,65898299217224	4600	-0,102804370224476	
4603,125	1,66064476966858	4603,125	-0,103537820279598	
4606,25	1,65590286254883	4606,25	-0,102342955768108	
4609,375	1,65521049499512	4609,375	-0,100678093731403	
4612,5	1,65533006191254	4612,5	-0,105594478547573	
4615,625	1,65183675289154	4615,625	-0,101216293871403	
4618,75	1,65272176265717	4618,75	-0,100179307162762	
4621,875	1,65272963047028	4621,875	-0,101311154663563	
4625	1,64953100681305	4625	-0,106073625385761	
4628,125	1,64790105819702	4628,125	-0,104411736130714	
4631,25	1,64743089675903	4631,25	-0,102711215615273	
4634,375	1,64994561672211	4634,375	-0,105335205793381	
4637,5	1,64722692966461	4637,5	-0,103141531348228	
4640,625	1,64639508724213	4640,625	-0,10023033618927	
4643,75	1,65155839920044	4643,75	-0,103991769254208	
4646,875	1,65093624591827	4646,875	-0,103517234325409	
4650	1,6494300365448	4650	-0,102567128837109	
4653,125	1,64889919757843	4653,125	-0,102543197572231	
4656,25	1,65077197551727	4656,25	-0,10400515794754	
4659,375	1,65248143672943	4659,375	-0,10421684384346	
4662,5	1,65884053707123	4662,5	-0,100891597568989	
4665,625	1,65516817569733	4665,625	-0,107526473701	
4668,75	1,65273857116699	4668,75	-0,104249559342861	
4671,875	1,65533745288849	4671,875	-0,106877222657204	
4675	1,65237295627594	4675	-0,107942573726177	
4678,125	1,65683162212372	4678,125	-0,106991685926914	
4681,25	1,65585196018219	4681,25	-0,106156930327415	
4684,375	1,65901660919189	4684,375	-0,107759580016136	
4687,5	1,661581158638	4687,5	-0,110406950116158	
4690,625	1,66311824321747	4690,625	-0,109704971313477	
4693,75	1,66100990772247	4693,75	-0,109923765063286	
4696,875	1,6622748374939	4696,875	-0,111147060990334	
4700	1,66877174377441	4700	-0,113055229187012	
4703,125	1,66985046863556	4703,125	-0,114158891141415	
4706,25	1,67042779922485	4706,25	-0,112752050161362	
4709,375	1,67220890522003	4709,375	-0,11293126642704	
4712,5	1,67487323284149	4712,5	-0,115528628230095	
4715,625	1,67598676681519	4715,625	-0,116385973989964	
4718,75	1,67306888103485	4718,75	-0,114482253789902	
4721,875	1,67725479602814	4721,875	-0,118110977113247	
4725	1,68107295036316	4725	-0,120046384632587	
4728,125	1,6825760602951	4728,125	-0,118434511125088	
4731,25	1,69221794605255	4731,25	-0,117657944560051	
4734,375	1,68985950946808	4734,375	-0,119105190038681	
4737,5	1,68975865840912	4737,5	-0,121615141630173	
4740,625	1,68816661834717	4740,625	-0,119834035634995	
4743,75	1,68816912174225	4743,75	-0,121600016951561	
4746,875	1,69046020507813	4746,875	-0,120906613767147	
4750	1,69517123699188	4750	-0,119969442486763	
4753,125	1,70275044441223	4753,125	-0,124623708426952	
4756,25	1,70162332057953	4756,25	-0,127827137708664	
4759,375	1,70363748073578	4759,375	-0,125990942120552	
4762,5	1,70517122745514	4762,5	-0,125593647360802	
4765,625	1,70700037479401	4765,625	-0,12560273706913	
4768,75	1,70962262153625	4768,75	-0,125513598322868	
4771,875	1,71071517467499	4771,875	-0,123349130153656	
4775	1,71141910552979	4775	-0,12623430788517	
4778,125	1,71642422676086	4778,125	-0,126716196537018	
4781,25	1,71906340122223	4781,25	-0,124937862157822	
4784,375	1,72282886505127	4784,375	-0,125213429331779	
4787,5	1,72465169429779	4787,5	-0,128275260329247	
4790,625	1,72616684436798	4790,625	-0,127035856246948	
4793,75	1,73132956027985	4793,75	-0,125146090984344	
4796,875	1,73304402828217	4796,875	-0,123724967241287	
4800	1,73573589324951	4800	-0,123324006795883	
4803,125	1,73970246315002	4803,125	-0,124431237578392	
4806,25	1,74440920352936	4806,25	-0,12416709959507	
4809,375	1,74860668182373	4809,375	-0,121643900871277	
4812,5	1,75458693504333	4812,5	-0,118360437452793	
4815,625	1,75738275051117	4815,625	-0,118171907961369	
4818,75	1,75906705856323	4818,75	-0,116388358175755	
4821,875	1,76419544219971	4821,875	-0,115625083446503	
4825	1,76732969284058	4825	-0,109877437353134	
4828,125	1,77379977703094	4828,125	-0,10726235806942	
4831,25	1,77526080608368	4831,25	-0,107032522559166	
4834,375	1,78375673294067	4834,375	-0,103067949414253	
4837,5	1,79108726978302	4837,5	-0,100565195083618	
4840,625	1,79881739616394	4840,625	-0,0987739264965057	
4843,75	1,80457055568695	4843,75	-0,0965712070465088	
4846,875	1,81787812709808	4846,875	-0,0995374992489815	
4850	1,82552111148834	4850	-0,0965126231312752	
4853,125	1,82867419719696	4853,125	-0,09443698823452	
4856,25	1,83261001110077	4856,25	-0,093646839261055	
4859,375	1,84101641178131	4859,375	-0,0892415195703506	
4862,5	1,8451339006424	4862,5	-0,0904837921261787	
4865,625	1,8557163476944	4865,625	-0,0909019410610199	
4868,75	1,86684226989746	4868,75	-0,0870336964726448	
4871,875	1,87343430519104	4871,875	-0,0853970348834991	
4875	1,88185882568359	4875	-0,0825826302170753	
4878,125	1,88964426517487	4878,125	-0,0829973444342613	
4881,25	1,89767158031464	4881,25	-0,0832234993577003	
4884,375	1,90268290042877	4884,375	-0,0819801539182663	
4887,5	1,9098596572876	4887,5	-0,0830473452806473	
4890,625	1,91723012924194	4890,625	-0,0896521210670471	
4893,75	1,92253744602203	4893,75	-0,0806637555360794	
4896,875	1,93025982379913	4896,875	-0,0783081203699112	
4900	1,93633008003235	4900	-0,0753226205706596	
4903,125	1,94459319114685	4903,125	-0,0711230263113976	
4906,25	1,95088422298431	4906,25	-0,066468246281147	
4909,375	1,95843112468719	4909,375	-0,0702208057045937	
4912,5	1,96345150470734	4912,5	-0,0703535228967667	
4915,625	1,9723311662674	4915,625	-0,0645268931984901	
4918,75	1,98374950885773	4918,75	-0,0663950070738792	
4921,875	1,98970544338226	4921,875	-0,061048049479723	
4925	1,99689924716949	4925	-0,0582695975899696	
4928,125	2,00544595718384	4928,125	-0,0527038127183914	
4931,25	2,01170134544373	4931,25	-0,0483615137636662	
4934,375	2,0153226852417	4934,375	-0,0397418141365051	
4937,5	2,02341246604919	4937,5	-0,0338911265134811	
4940,625	2,03419137001038	4940,625	-0,0292895641177893	
4943,75	2,04499244689941	4943,75	-0,0173534508794546	
4946,875	2,05530023574829	4946,875	-0,013494816608727	
4950	2,06778526306152	4950	-0,00877886917442083	
4953,125	2,07506990432739	4953,125	0,00710865948349237	
4956,25	2,08511590957642	4956,25	0,0185062251985073	
4959,375	2,09636616706848	4959,375	0,0304408501833677	
4962,5	2,10943913459778	4962,5	0,0368169471621513	
4965,625	2,12375950813293	4965,625	0,0407015830278397	
4968,75	2,13586282730103	4968,75	0,0599484257400036	
4971,875	2,15445852279663	4971,875	0,0721112713217735	
4975	2,16807842254639	4975	0,0849713012576103	
				
