Frequency in Hz	Wool_98 Sound Reflection Factor continuous Re	Frequency in Hz	Wool_98 Sound Reflection Factor continuous Im	
100	0,963396012783051	100	-0,126121520996094	
103,125	0,956542372703552	103,125	-0,11655992269516	
106,25	0,95801717042923	106,25	-0,149985328316689	
109,375	0,969937145709991	109,375	-0,13505057990551	
112,5	0,957885324954987	112,5	-0,140425756573677	
115,625	0,956543147563934	115,625	-0,151528894901276	
118,75	0,961541533470154	118,75	-0,143608823418617	
121,875	0,94833105802536	121,875	-0,151437297463417	
125	0,960543751716614	125	-0,15354198217392	
128,125	0,959465444087982	128,125	-0,165045812726021	
131,25	0,959854066371918	131,25	-0,163204938173294	
134,375	0,968658149242401	134,375	-0,163659155368805	
137,5	0,943906426429749	137,5	-0,179503902792931	
140,625	0,942935883998871	140,625	-0,168408110737801	
143,75	0,940052151679993	143,75	-0,179763421416283	
146,875	0,957570374011993	146,875	-0,168952569365501	
150	0,944766044616699	150	-0,180449739098549	
153,125	0,945102155208588	153,125	-0,194311171770096	
156,25	0,945963263511658	156,25	-0,189234986901283	
159,375	0,945855259895325	159,375	-0,194837614893913	
162,5	0,947589635848999	162,5	-0,194760337471962	
165,625	0,942700922489166	165,625	-0,194537818431854	
168,75	0,940417230129242	168,75	-0,212180837988853	
171,875	0,935852348804474	171,875	-0,202604308724403	
175	0,92975378036499	175	-0,210641801357269	
178,125	0,937595367431641	178,125	-0,214990183711052	
181,25	0,937667489051819	181,25	-0,212408870458603	
184,375	0,931543707847595	184,375	-0,213352486491203	
187,5	0,923109710216522	187,5	-0,223667740821838	
190,625	0,923227369785309	190,625	-0,219333201646805	
193,75	0,918787479400635	193,75	-0,232650831341743	
196,875	0,922730565071106	196,875	-0,227818861603737	
200	0,93023669719696	200	-0,228819161653519	
203,125	0,934531569480896	203,125	-0,228745326399803	
206,25	0,92184841632843	206,25	-0,247921764850616	
209,375	0,921111106872559	209,375	-0,242122054100037	
212,5	0,929667711257935	212,5	-0,236874505877495	
215,625	0,914966225624084	215,625	-0,252224534749985	
218,75	0,919703006744385	218,75	-0,244754180312157	
221,875	0,915240943431854	221,875	-0,254239231348038	
225	0,910686492919922	225	-0,253630846738815	
228,125	0,908387422561646	228,125	-0,257138669490814	
231,25	0,908849537372589	231,25	-0,258640587329865	
234,375	0,904701590538025	234,375	-0,26248961687088	
237,5	0,912316024303436	237,5	-0,26243668794632	
240,625	0,911030650138855	240,625	-0,278916329145432	
243,75	0,909023344516754	243,75	-0,273787915706635	
246,875	0,899184465408325	246,875	-0,274820446968079	
250	0,897344768047333	250	-0,276424795389175	
253,125	0,901517450809479	253,125	-0,281121075153351	
256,25	0,897050082683563	256,25	-0,288366734981537	
259,375	0,892171204090118	259,375	-0,284140527248383	
262,5	0,895066320896149	262,5	-0,292236536741257	
265,625	0,896616339683533	265,625	-0,299597650766373	
268,75	0,893871307373047	268,75	-0,295467019081116	
271,875	0,888910591602325	271,875	-0,303557485342026	
275	0,892735302448273	275	-0,305525153875351	
278,125	0,885333240032196	278,125	-0,31047847867012	
281,25	0,885328650474548	281,25	-0,310118228197098	
284,375	0,884702861309052	284,375	-0,312609881162643	
287,5	0,89482843875885	287,5	-0,311055779457092	
290,625	0,878427088260651	290,625	-0,330158710479736	
293,75	0,880606055259705	293,75	-0,330033779144287	
296,875	0,875937223434448	296,875	-0,33238896727562	
300	0,870927155017853	300	-0,335937887430191	
303,125	0,868430197238922	303,125	-0,343553900718689	
306,25	0,863007247447968	306,25	-0,345694720745087	
309,375	0,85736757516861	309,375	-0,345556378364563	
312,5	0,846120595932007	312,5	-0,351472139358521	
315,625	0,837233781814575	315,625	-0,336377650499344	
318,75	0,835545361042023	318,75	-0,339926213026047	
321,875	0,84460324048996	321,875	-0,333081066608429	
325	0,84776097536087	325	-0,328911989927292	
328,125	0,845075666904449	328,125	-0,325892239809036	
331,25	0,85413134098053	331,25	-0,341223299503326	
334,375	0,855061292648315	334,375	-0,343987107276917	
337,5	0,852628648281097	337,5	-0,341571509838104	
340,625	0,855204105377197	340,625	-0,347906291484833	
343,75	0,849084675312042	343,75	-0,356130868196487	
346,875	0,850285470485687	346,875	-0,357970714569092	
350	0,848160862922668	350	-0,357280313968658	
353,125	0,849438905715942	353,125	-0,359603673219681	
356,25	0,852008879184723	356,25	-0,369403898715973	
359,375	0,846293210983276	359,375	-0,37962344288826	
362,5	0,84249609708786	362,5	-0,378623574972153	
365,625	0,834346115589142	365,625	-0,375438988208771	
368,75	0,842818915843964	368,75	-0,381425350904465	
371,875	0,85343736410141	371,875	-0,391235291957855	
375	0,819503843784332	375	-0,383429348468781	
378,125	0,823276042938232	378,125	-0,391949981451035	
381,25	0,838554978370667	381,25	-0,387313723564148	
384,375	0,818863809108734	384,375	-0,39006182551384	
387,5	0,81633323431015	387,5	-0,406609684228897	
390,625	0,819565713405609	390,625	-0,414981186389923	
393,75	0,832062244415283	393,75	-0,400816708803177	
396,875	0,831279814243317	396,875	-0,400939553976059	
400	0,829636454582214	400	-0,400194406509399	
403,125	0,828360319137573	403,125	-0,401897072792053	
406,25	0,816896259784698	406,25	-0,407391965389252	
409,375	0,801053822040558	409,375	-0,415747493505478	
412,5	0,795514225959778	412,5	-0,426836133003235	
415,625	0,811846077442169	415,625	-0,429464042186737	
418,75	0,798135817050934	418,75	-0,427179276943207	
421,875	0,796852648258209	421,875	-0,440510451793671	
425	0,797500491142273	425	-0,435348957777023	
428,125	0,803604185581207	428,125	-0,419880092144012	
431,25	0,798115253448486	431,25	-0,440560162067413	
434,375	0,797999799251556	434,375	-0,435876160860062	
437,5	0,79797625541687	437,5	-0,436554074287415	
440,625	0,795387446880341	440,625	-0,43448194861412	
443,75	0,788754463195801	443,75	-0,443617582321167	
446,875	0,786579072475433	446,875	-0,440737217664719	
450	0,799319267272949	450	-0,443163961172104	
453,125	0,798119843006134	453,125	-0,445349395275116	
456,25	0,8023801445961	456,25	-0,451116025447845	
459,375	0,791236460208893	459,375	-0,456855416297913	
462,5	0,781316459178925	462,5	-0,465561598539352	
465,625	0,781961560249329	465,625	-0,468649655580521	
468,75	0,781439006328583	468,75	-0,467491447925568	
471,875	0,770820736885071	471,875	-0,479725629091263	
475	0,768125116825104	475	-0,477841109037399	
478,125	0,768401086330414	478,125	-0,468386471271515	
481,25	0,776062428951263	481,25	-0,47102165222168	
484,375	0,764733970165253	484,375	-0,478346645832062	
487,5	0,765788197517395	487,5	-0,474623173475266	
490,625	0,762237131595612	490,625	-0,479208916425705	
493,75	0,756113231182098	493,75	-0,480242848396301	
496,875	0,755018651485443	496,875	-0,482158839702606	
500	0,758438289165497	500	-0,49171444773674	
503,125	0,754710137844086	503,125	-0,494747549295425	
506,25	0,754615366458893	506,25	-0,494787931442261	
509,375	0,752653121948242	509,375	-0,501493394374847	
512,5	0,744645655155182	512,5	-0,50262188911438	
515,625	0,745401978492737	515,625	-0,498318582773209	
518,75	0,744847357273102	518,75	-0,497334271669388	
521,875	0,739244818687439	521,875	-0,509315729141235	
525	0,735335469245911	525	-0,508929193019867	
528,125	0,740485906600952	528,125	-0,510669827461243	
531,25	0,73325103521347	531,25	-0,513469457626343	
534,375	0,731312036514282	534,375	-0,514474272727966	
537,5	0,729019224643707	537,5	-0,517219841480255	
540,625	0,727351367473602	540,625	-0,520243108272552	
543,75	0,726093411445618	543,75	-0,51689875125885	
546,875	0,722219586372375	546,875	-0,528609156608582	
550	0,720068693161011	550	-0,526584386825562	
553,125	0,714967608451843	553,125	-0,528150677680969	
556,25	0,737182259559631	556,25	-0,499780029058456	
559,375	0,730902075767517	559,375	-0,499265193939209	
562,5	0,730044841766357	562,5	-0,500914931297302	
565,625	0,728356838226318	565,625	-0,504555940628052	
568,75	0,725359797477722	568,75	-0,504849910736084	
571,875	0,723605990409851	571,875	-0,505241096019745	
575	0,72286993265152	575	-0,509055376052856	
578,125	0,719841063022614	578,125	-0,507237076759338	
581,25	0,720260918140411	581,25	-0,511952936649323	
584,375	0,718212008476257	584,375	-0,515990495681763	
587,5	0,717280983924866	587,5	-0,516887068748474	
590,625	0,713802218437195	590,625	-0,51769083738327	
593,75	0,71119624376297	593,75	-0,51984053850174	
596,875	0,711223959922791	596,875	-0,5208460688591	
600	0,707435667514801	600	-0,525572240352631	
603,125	0,707173943519592	603,125	-0,525437653064728	
606,25	0,703561127185822	606,25	-0,528315722942352	
609,375	0,704513430595398	609,375	-0,529778957366943	
612,5	0,701983630657196	612,5	-0,53230619430542	
615,625	0,698488175868988	615,625	-0,536033391952515	
618,75	0,697266936302185	618,75	-0,537062466144562	
621,875	0,696963965892792	621,875	-0,538044095039368	
625	0,692693173885345	625	-0,53876781463623	
628,125	0,6890789270401	628,125	-0,543224334716797	
631,25	0,68448269367218	631,25	-0,543072640895844	
634,375	0,682495713233948	634,375	-0,544948816299438	
637,5	0,681641161441803	637,5	-0,547386527061462	
640,625	0,681658983230591	640,625	-0,546565115451813	
643,75	0,677061319351196	643,75	-0,55211216211319	
646,875	0,67398726940155	646,875	-0,551539182662964	
650	0,673647403717041	650	-0,555478513240814	
653,125	0,670541942119598	653,125	-0,5547896027565	
656,25	0,667765080928802	656,25	-0,554915308952332	
659,375	0,664095163345337	659,375	-0,558265507221222	
662,5	0,665512323379517	662,5	-0,559780895709991	
665,625	0,663978815078735	665,625	-0,562846839427948	
668,75	0,659821748733521	668,75	-0,563183724880219	
671,875	0,658644378185272	671,875	-0,562086939811707	
675	0,653764605522156	675	-0,564553141593933	
678,125	0,650403738021851	678,125	-0,566367387771606	
681,25	0,649836003780365	681,25	-0,567654490470886	
684,375	0,648902058601379	684,375	-0,568817257881165	
687,5	0,650776863098145	687,5	-0,571092188358307	
690,625	0,642450332641602	690,625	-0,576888382434845	
693,75	0,644513189792633	693,75	-0,574363470077515	
696,875	0,642915189266205	696,875	-0,575666129589081	
700	0,638485014438629	700	-0,577402234077454	
703,125	0,637612164020538	703,125	-0,57995343208313	
706,25	0,638155877590179	706,25	-0,579983651638031	
709,375	0,63537472486496	709,375	-0,579566419124603	
712,5	0,628627598285675	712,5	-0,586067259311676	
715,625	0,631771743297577	715,625	-0,585902214050293	
718,75	0,631780862808228	718,75	-0,588736474514008	
721,875	0,628372192382813	721,875	-0,589367628097534	
725	0,628757476806641	725	-0,593571841716766	
728,125	0,624348342418671	728,125	-0,594127237796783	
731,25	0,624886035919189	731,25	-0,597281455993652	
734,375	0,622975468635559	734,375	-0,599744737148285	
737,5	0,623500287532806	737,5	-0,603296995162964	
740,625	0,61602109670639	740,625	-0,60467404127121	
743,75	0,609668731689453	743,75	-0,60698264837265	
746,875	0,607863664627075	746,875	-0,616275310516357	
750	0,605471074581146	750	-0,618078112602234	
753,125	0,603563785552979	753,125	-0,616970002651215	
756,25	0,599540531635284	756,25	-0,617266178131104	
759,375	0,596817970275879	759,375	-0,615103304386139	
762,5	0,597195386886597	762,5	-0,618420660495758	
765,625	0,592296123504639	765,625	-0,618157804012299	
768,75	0,585887253284454	768,75	-0,623376667499542	
771,875	0,579386591911316	771,875	-0,622725546360016	
775	0,580609977245331	775	-0,623374879360199	
778,125	0,577922284603119	778,125	-0,622558057308197	
781,25	0,573498785495758	781,25	-0,625377178192139	
784,375	0,568216800689697	784,375	-0,625735282897949	
787,5	0,563020825386047	787,5	-0,628532648086548	
790,625	0,561550080776215	790,625	-0,629142105579376	
793,75	0,562156200408936	793,75	-0,627739906311035	
796,875	0,562931060791016	796,875	-0,629567861557007	
800	0,5585657954216	800	-0,630715787410736	
803,125	0,560702443122864	803,125	-0,632550060749054	
806,25	0,554532766342163	806,25	-0,632596433162689	
809,375	0,541660010814667	809,375	-0,63642418384552	
812,5	0,549230396747589	812,5	-0,633159220218658	
815,625	0,550965070724487	815,625	-0,632707357406616	
818,75	0,541275143623352	818,75	-0,634685873985291	
821,875	0,540816903114319	821,875	-0,633536398410797	
825	0,547673106193542	825	-0,632265031337738	
828,125	0,543492317199707	828,125	-0,633837997913361	
831,25	0,538291990756989	831,25	-0,617714464664459	
834,375	0,52688729763031	834,375	-0,631294131278992	
837,5	0,528599143028259	837,5	-0,638797044754028	
840,625	0,526079714298248	840,625	-0,641738653182983	
843,75	0,519640266895294	843,75	-0,640324771404266	
846,875	0,521734595298767	846,875	-0,644142627716064	
850	0,520688831806183	850	-0,648086190223694	
853,125	0,522209227085114	853,125	-0,6463782787323	
856,25	0,522165358066559	856,25	-0,638889908790588	
859,375	0,515750885009766	859,375	-0,636427402496338	
862,5	0,512446701526642	862,5	-0,641105651855469	
865,625	0,511996746063232	865,625	-0,643119692802429	
868,75	0,512235164642334	868,75	-0,644833564758301	
871,875	0,506944179534912	871,875	-0,647544682025909	
875	0,503980100154877	875	-0,64259260892868	
878,125	0,502230823040009	878,125	-0,646234035491943	
881,25	0,497099041938782	881,25	-0,645821094512939	
884,375	0,527339935302734	884,375	-0,62388288974762	
887,5	0,523861289024353	887,5	-0,62048614025116	
890,625	0,520458221435547	890,625	-0,623567223548889	
893,75	0,520458996295929	893,75	-0,630300581455231	
896,875	0,515973806381226	896,875	-0,630226612091064	
900	0,516688466072083	900	-0,629312694072723	
903,125	0,512935996055603	903,125	-0,628489017486572	
906,25	0,510752260684967	906,25	-0,630063235759735	
909,375	0,511494815349579	909,375	-0,634359359741211	
912,5	0,506135106086731	912,5	-0,63731461763382	
915,625	0,502856969833374	915,625	-0,637155771255493	
918,75	0,500170707702637	918,75	-0,635235011577606	
921,875	0,497695028781891	921,875	-0,633578240871429	
925	0,496168494224548	925	-0,634823739528656	
928,125	0,498199731111526	928,125	-0,637445986270905	
931,25	0,490023761987686	931,25	-0,638603746891022	
934,375	0,488758385181427	934,375	-0,638949453830719	
937,5	0,485585570335388	937,5	-0,639293372631073	
940,625	0,484802722930908	940,625	-0,639747142791748	
943,75	0,480049699544907	943,75	-0,643552541732788	
946,875	0,478703230619431	946,875	-0,64367151260376	
950	0,47668132185936	950	-0,643083274364471	
953,125	0,476676017045975	953,125	-0,643352270126343	
956,25	0,472572952508926	956,25	-0,642708003520966	
959,375	0,467947721481323	959,375	-0,643808543682098	
962,5	0,466240376234055	962,5	-0,646813452243805	
965,625	0,464284360408783	965,625	-0,64699912071228	
968,75	0,464692831039429	968,75	-0,648550689220428	
971,875	0,458601921796799	971,875	-0,648740172386169	
975	0,457399994134903	975	-0,647895514965057	
978,125	0,45534160733223	978,125	-0,648352026939392	
981,25	0,451568752527237	981,25	-0,647617280483246	
984,375	0,450338006019592	984,375	-0,650216102600098	
987,5	0,447922170162201	987,5	-0,650891661643982	
990,625	0,446194261312485	990,625	-0,650481462478638	
993,75	0,442839622497559	993,75	-0,654033124446869	
996,875	0,441411197185516	996,875	-0,654268503189087	
1000	0,437756389379501	1000	-0,655942976474762	
1003,125	0,436279624700546	1003,125	-0,654564023017883	
1006,25	0,433952033519745	1006,25	-0,654963850975037	
1009,375	0,430273205041885	1009,375	-0,656102776527405	
1012,5	0,429476022720337	1012,5	-0,655866920948029	
1015,625	0,42866113781929	1015,625	-0,657713174819946	
1018,75	0,422664046287537	1018,75	-0,659382939338684	
1021,875	0,422308713197708	1021,875	-0,658467292785645	
1025	0,417870879173279	1025	-0,65863299369812	
1028,125	0,41659340262413	1028,125	-0,659102976322174	
1031,25	0,416272580623627	1031,25	-0,660996377468109	
1034,375	0,412605822086334	1034,375	-0,661304295063019	
1037,5	0,409988850355148	1037,5	-0,661219537258148	
1040,625	0,407431364059448	1040,625	-0,662845432758331	
1043,75	0,405830413103104	1043,75	-0,662453413009644	
1046,875	0,403840959072113	1046,875	-0,661629855632782	
1050	0,400111943483353	1050	-0,665364742279053	
1053,125	0,398896217346191	1053,125	-0,667375087738037	
1056,25	0,394581884145737	1056,25	-0,667297005653381	
1059,375	0,394405543804169	1059,375	-0,667271494865417	
1062,5	0,392657518386841	1062,5	-0,668570339679718	
1065,625	0,38725358247757	1065,625	-0,670592308044434	
1068,75	0,386540800333023	1068,75	-0,667565524578094	
1071,875	0,383240789175034	1071,875	-0,66771525144577	
1075	0,380977511405945	1075	-0,669283032417297	
1078,125	0,37941712141037	1078,125	-0,672181665897369	
1081,25	0,371516644954681	1081,25	-0,669650256633759	
1084,375	0,371610045433044	1084,375	-0,671402215957642	
1087,5	0,36955514550209	1087,5	-0,671878933906555	
1090,625	0,368224561214447	1090,625	-0,671335756778717	
1093,75	0,366257101297379	1093,75	-0,672409951686859	
1096,875	0,361723214387894	1096,875	-0,672203004360199	
1100	0,358276754617691	1100	-0,672430038452148	
1103,125	0,355299979448318	1103,125	-0,673115670681	
1106,25	0,354473054409027	1106,25	-0,670456528663635	
1109,375	0,349555283784866	1109,375	-0,675373792648315	
1112,5	0,350018203258514	1112,5	-0,675772666931152	
1115,625	0,346243172883987	1115,625	-0,671127557754517	
1118,75	0,344393134117126	1118,75	-0,676836967468262	
1121,875	0,343648731708527	1121,875	-0,67402458190918	
1125	0,340338200330734	1125	-0,676369071006775	
1128,125	0,338277608156204	1128,125	-0,679017186164856	
1131,25	0,330289006233215	1131,25	-0,677500665187836	
1134,375	0,331598192453384	1134,375	-0,676070928573608	
1137,5	0,33222508430481	1137,5	-0,679881930351257	
1140,625	0,32394477725029	1140,625	-0,682171702384949	
1143,75	0,324305921792984	1143,75	-0,679837882518768	
1146,875	0,321936964988709	1146,875	-0,680161952972412	
1150	0,314850598573685	1150	-0,677706480026245	
1153,125	0,31499382853508	1153,125	-0,67593240737915	
1156,25	0,316655218601227	1156,25	-0,678880155086517	
1159,375	0,309698075056076	1159,375	-0,681857705116272	
1162,5	0,311521232128143	1162,5	-0,679271399974823	
1165,625	0,305953592061996	1165,625	-0,677948117256165	
1168,75	0,304546535015106	1168,75	-0,678238213062286	
1171,875	0,303904801607132	1171,875	-0,680079638957977	
1175	0,297866851091385	1175	-0,679559469223022	
1178,125	0,296328127384186	1178,125	-0,679791688919067	
1181,25	0,296229332685471	1181,25	-0,679796695709229	
1184,375	0,291363805532455	1184,375	-0,679921090602875	
1187,5	0,28574475646019	1187,5	-0,681094408035278	
1190,625	0,284391015768051	1190,625	-0,680541098117828	
1193,75	0,288360089063644	1193,75	-0,680860936641693	
1196,875	0,285162299871445	1196,875	-0,677056729793549	
1200	0,276430070400238	1200	-0,678917706012726	
1203,125	0,275775671005249	1203,125	-0,678874731063843	
1206,25	0,275588601827621	1206,25	-0,673873245716095	
1209,375	0,265543878078461	1209,375	-0,67915016412735	
1212,5	0,260986626148224	1212,5	-0,680526971817017	
1215,625	0,265373647212982	1215,625	-0,678782045841217	
1218,75	0,259000420570374	1218,75	-0,679452240467072	
1221,875	0,259575217962265	1221,875	-0,677149057388306	
1225	0,261154681444168	1225	-0,677684783935547	
1228,125	0,251579791307449	1228,125	-0,67952698469162	
1231,25	0,252863854169846	1231,25	-0,67860996723175	
1234,375	0,254936128854752	1234,375	-0,678946912288666	
1237,5	0,248014733195305	1237,5	-0,683140933513641	
1240,625	0,246077626943588	1240,625	-0,679192185401917	
1243,75	0,242274284362793	1243,75	-0,680742621421814	
1246,875	0,24075248837471	1246,875	-0,680091977119446	
1250	0,236204072833061	1250	-0,677124261856079	
1253,125	0,233780667185783	1253,125	-0,68073296546936	
1256,25	0,227285817265511	1256,25	-0,680110275745392	
1259,375	0,227124392986298	1259,375	-0,67974066734314	
1262,5	0,228416636586189	1262,5	-0,678743064403534	
1265,625	0,22600631415844	1265,625	-0,677960515022278	
1268,75	0,221528366208076	1268,75	-0,679282605648041	
1271,875	0,218813061714172	1271,875	-0,676848471164703	
1275	0,217218026518822	1275	-0,677921116352081	
1278,125	0,213641241192818	1278,125	-0,676868557929993	
1281,25	0,210952043533325	1281,25	-0,678684592247009	
1284,375	0,210851684212685	1284,375	-0,677814483642578	
1287,5	0,208897098898888	1287,5	-0,679412364959717	
1290,625	0,204383373260498	1290,625	-0,679669857025146	
1293,75	0,203913629055023	1293,75	-0,676788032054901	
1296,875	0,199018448591232	1296,875	-0,676130771636963	
1300	0,198123678565025	1300	-0,68124520778656	
1303,125	0,195155993103981	1303,125	-0,682233870029449	
1306,25	0,19421760737896	1306,25	-0,6796595454216	
1309,375	0,190458208322525	1309,375	-0,678258240222931	
1312,5	0,187958315014839	1312,5	-0,678610980510712	
1315,625	0,187039270997047	1315,625	-0,679482698440552	
1318,75	0,183134749531746	1318,75	-0,676423132419586	
1321,875	0,182583764195442	1321,875	-0,675570785999298	
1325	0,180136322975159	1325	-0,676551401615143	
1328,125	0,176594376564026	1328,125	-0,676815330982208	
1331,25	0,174378782510757	1331,25	-0,67498105764389	
1334,375	0,169522359967232	1334,375	-0,677199363708496	
1337,5	0,16955640912056	1337,5	-0,67565780878067	
1340,625	0,16648380458355	1340,625	-0,673250615596771	
1343,75	0,166189983487129	1343,75	-0,674183428287506	
1346,875	0,162678584456444	1346,875	-0,67242830991745	
1350	0,160139590501785	1350	-0,673551201820374	
1353,125	0,159827128052711	1353,125	-0,67366361618042	
1356,25	0,153591305017471	1356,25	-0,676628887653351	
1359,375	0,152995869517326	1359,375	-0,672337472438812	
1362,5	0,150279656052589	1362,5	-0,671608567237854	
1365,625	0,148662924766541	1365,625	-0,672461986541748	
1368,75	0,147603660821915	1368,75	-0,671296238899231	
1371,875	0,14348928630352	1371,875	-0,671657681465149	
1375	0,141558781266212	1375	-0,67411071062088	
1378,125	0,141972944140434	1378,125	-0,674558997154236	
1381,25	0,134336873888969	1381,25	-0,674858450889587	
1384,375	0,133219927549362	1384,375	-0,675009667873383	
1387,5	0,133449703454971	1387,5	-0,673472285270691	
1390,625	0,130746200680733	1390,625	-0,670846223831177	
1393,75	0,127514138817787	1393,75	-0,66970282793045	
1396,875	0,124881498515606	1396,875	-0,670368254184723	
1400	0,122493498027325	1400	-0,668314397335052	
1403,125	0,119926817715168	1403,125	-0,669820427894592	
1406,25	0,117495395243168	1406,25	-0,670736193656921	
1409,375	0,113952226936817	1409,375	-0,669646263122559	
1412,5	0,113579891622066	1412,5	-0,667846918106079	
1415,625	0,109659671783447	1415,625	-0,668487370014191	
1418,75	0,107896976172924	1418,75	-0,66892272233963	
1421,875	0,106916591525078	1421,875	-0,666988849639893	
1425	0,105610921978951	1425	-0,6671062707901	
1428,125	0,0989930629730225	1428,125	-0,668819010257721	
1431,25	0,0993698090314865	1431,25	-0,666784703731537	
1434,375	0,097124956548214	1434,375	-0,66534548997879	
1437,5	0,0932884737849236	1437,5	-0,661936938762665	
1440,625	0,0959035828709602	1440,625	-0,663488924503326	
1443,75	0,0863394513726234	1443,75	-0,664621233940125	
1446,875	0,0884302034974098	1446,875	-0,662001252174377	
1450	0,0855424553155899	1450	-0,661057889461517	
1453,125	0,0834848880767822	1453,125	-0,660599648952484	
1456,25	0,0795001834630966	1456,25	-0,6610067486763	
1459,375	0,0787671506404877	1459,375	-0,659565687179565	
1462,5	0,0773927047848701	1462,5	-0,657378196716309	
1465,625	0,0749947056174278	1465,625	-0,659500479698181	
1468,75	0,0705541372299194	1468,75	-0,657284319400787	
1471,875	0,0679663047194481	1471,875	-0,657506883144379	
1475	0,0675191506743431	1475	-0,65777999162674	
1478,125	0,0645560026168823	1478,125	-0,65620094537735	
1481,25	0,0635795816779137	1481,25	-0,653902292251587	
1484,375	0,0580456517636776	1484,375	-0,653635859489441	
1487,5	0,0568634010851383	1487,5	-0,65744423866272	
1490,625	0,0545245744287968	1490,625	-0,655878245830536	
1493,75	0,0517962090671062	1493,75	-0,656206369400024	
1496,875	0,0531348250806332	1496,875	-0,655942320823669	
1500	0,0462766289710999	1500	-0,655057847499847	
1503,125	0,0439394637942314	1503,125	-0,652416884899139	
1506,25	0,0442423820495605	1506,25	-0,650331377983093	
1509,375	0,0382723324000835	1509,375	-0,652571737766266	
1512,5	0,0358878560364246	1512,5	-0,651344656944275	
1515,625	0,0339124388992786	1515,625	-0,652563512325287	
1518,75	0,0330137833952904	1518,75	-0,648121178150177	
1521,875	0,0336637645959854	1521,875	-0,647863686084747	
1525	0,0255483705550432	1525	-0,651147365570068	
1528,125	0,025620099157095	1528,125	-0,644887804985046	
1531,25	0,0236973315477371	1531,25	-0,645003616809845	
1534,375	0,0214783046394587	1534,375	-0,643029510974884	
1537,5	0,0177478548139334	1537,5	-0,64589786529541	
1540,625	0,0184694677591324	1540,625	-0,644878327846527	
1543,75	0,0097591420635581	1543,75	-0,643242418766022	
1546,875	0,0109585300087929	1546,875	-0,641107499599457	
1550	0,00656808260828257	1550	-0,641593217849731	
1553,125	0,00664339354261756	1553,125	-0,641797363758087	
1556,25	0,00270626973360777	1556,25	-0,639047920703888	
1559,375	0,000921177677810192	1559,375	-0,638690531253815	
1562,5	-0,00183812703471631	1562,5	-0,638015747070313	
1565,625	-0,00471260398626328	1565,625	-0,6339350938797	
1568,75	-0,00660127261653543	1568,75	-0,638306379318237	
1571,875	-0,00821227580308914	1571,875	-0,635039865970612	
1575	-0,0079677626490593	1575	-0,634776771068573	
1578,125	-0,0101468469947577	1578,125	-0,63110089302063	
1581,25	-0,0148726608604193	1581,25	-0,632342040538788	
1584,375	-0,0137665728107095	1584,375	-0,629918158054352	
1587,5	-0,019747544080019	1587,5	-0,629918813705444	
1590,625	-0,025070933625102	1590,625	-0,632537841796875	
1593,75	-0,0273237377405167	1593,75	-0,629894614219666	
1596,875	-0,0276639852672815	1596,875	-0,628125488758087	
1600	-0,0288603007793427	1600	-0,629440903663635	
1603,125	-0,0304834600538015	1603,125	-0,629478335380554	
1606,25	-0,0344805344939232	1606,25	-0,627849876880646	
1609,375	-0,0335864573717117	1609,375	-0,620738327503204	
1612,5	-0,0376459769904613	1612,5	-0,616247296333313	
1615,625	-0,04116066172719	1615,625	-0,618689596652985	
1618,75	-0,0433660335838795	1618,75	-0,621145904064178	
1621,875	-0,0437860004603863	1621,875	-0,619312226772308	
1625	-0,0474791564047337	1625	-0,618487656116486	
1628,125	-0,0468821339309216	1628,125	-0,617255330085754	
1631,25	-0,0524460263550282	1631,25	-0,615322768688202	
1634,375	-0,0541695542633533	1634,375	-0,616624891757965	
1637,5	-0,0569765008985996	1637,5	-0,61755383014679	
1640,625	-0,0525398142635822	1640,625	-0,610832095146179	
1643,75	-0,0655468329787254	1643,75	-0,607778131961823	
1646,875	-0,0623922981321812	1646,875	-0,610816776752472	
1650	-0,0652759075164795	1650	-0,612941026687622	
1653,125	-0,0671527832746506	1653,125	-0,609135210514069	
1656,25	-0,0686537548899651	1656,25	-0,608265280723572	
1659,375	-0,069072350859642	1659,375	-0,607803702354431	
1662,5	-0,0708784461021423	1662,5	-0,606732130050659	
1665,625	-0,0773080289363861	1665,625	-0,607692837715149	
1668,75	-0,0772546231746674	1668,75	-0,607088446617126	
1671,875	-0,0801064744591713	1671,875	-0,606183350086212	
1675	-0,0832705348730087	1675	-0,601200461387634	
1678,125	-0,0876445844769478	1678,125	-0,601107180118561	
1681,25	-0,0865150168538094	1681,25	-0,601639568805695	
1684,375	-0,0917529538273811	1684,375	-0,593855142593384	
1687,5	-0,0931138247251511	1687,5	-0,594362318515778	
1690,625	-0,0936162248253822	1690,625	-0,592917740345001	
1693,75	-0,0927106365561485	1693,75	-0,58949613571167	
1696,875	-0,0996350944042206	1696,875	-0,590498566627502	
1700	-0,100652188062668	1700	-0,589200139045715	
1703,125	-0,102650195360184	1703,125	-0,590246737003326	
1706,25	-0,105403937399387	1706,25	-0,58822226524353	
1709,375	-0,108523830771446	1709,375	-0,584195256233215	
1712,5	-0,108996175229549	1712,5	-0,583972156047821	
1715,625	-0,111376762390137	1715,625	-0,58201801776886	
1718,75	-0,113664105534554	1718,75	-0,583625555038452	
1721,875	-0,116401791572571	1721,875	-0,581936120986938	
1725	-0,120669193565845	1725	-0,577271640300751	
1728,125	-0,120475769042969	1728,125	-0,578781306743622	
1731,25	-0,121823504567146	1731,25	-0,579120814800262	
1734,375	-0,126484915614128	1734,375	-0,578422665596008	
1737,5	-0,126662477850914	1737,5	-0,574340105056763	
1740,625	-0,126502156257629	1740,625	-0,575483620166779	
1743,75	-0,131099686026573	1743,75	-0,569487988948822	
1746,875	-0,131343692541122	1746,875	-0,567668378353119	
1750	-0,132138311862946	1750	-0,568566620349884	
1753,125	-0,135925158858299	1753,125	-0,567177772521973	
1756,25	-0,139414340257645	1756,25	-0,565796136856079	
1759,375	-0,137738272547722	1759,375	-0,566412210464478	
1762,5	-0,141392737627029	1762,5	-0,564185678958893	
1765,625	-0,144256696105003	1765,625	-0,562101662158966	
1768,75	-0,146588549017906	1768,75	-0,559051871299744	
1771,875	-0,147468492388725	1771,875	-0,559574484825134	
1775	-0,148185759782791	1775	-0,558776140213013	
1778,125	-0,151488393545151	1778,125	-0,557785212993622	
1781,25	-0,153575196862221	1781,25	-0,554775953292847	
1784,375	-0,155360594391823	1784,375	-0,554714798927307	
1787,5	-0,158125340938568	1787,5	-0,556520223617554	
1790,625	-0,159593358635902	1790,625	-0,551561594009399	
1793,75	-0,164953634142876	1793,75	-0,552507758140564	
1796,875	-0,163685992360115	1796,875	-0,551451027393341	
1800	-0,162455305457115	1800	-0,549017906188965	
1803,125	-0,17006516456604	1803,125	-0,546794533729553	
1806,25	-0,168800368905067	1806,25	-0,544859290122986	
1809,375	-0,171548545360565	1809,375	-0,5423464179039	
1812,5	-0,169990986585617	1812,5	-0,543809652328491	
1815,625	-0,178254902362823	1815,625	-0,54148405790329	
1818,75	-0,176334396004677	1818,75	-0,53793865442276	
1821,875	-0,179433897137642	1821,875	-0,537590742111206	
1825	-0,181416720151901	1825	-0,537310302257538	
1828,125	-0,182981416583061	1828,125	-0,536370992660522	
1831,25	-0,182951152324677	1831,25	-0,533171117305756	
1834,375	-0,18643045425415	1834,375	-0,53120094537735	
1837,5	-0,187812060117722	1837,5	-0,530918061733246	
1840,625	-0,19247730076313	1840,625	-0,532510221004486	
1843,75	-0,193648666143417	1843,75	-0,529130578041077	
1846,875	-0,196959361433983	1846,875	-0,528405666351318	
1850	-0,197771012783051	1850	-0,526537358760834	
1853,125	-0,199327275156975	1853,125	-0,526217877864838	
1856,25	-0,198415473103523	1856,25	-0,5222128033638	
1859,375	-0,201604664325714	1859,375	-0,522081077098846	
1862,5	-0,206349045038223	1862,5	-0,518351316452026	
1865,625	-0,205790817737579	1865,625	-0,518402755260468	
1868,75	-0,20548290014267	1868,75	-0,516606569290161	
1871,875	-0,20929591357708	1871,875	-0,514942824840546	
1875	-0,210756212472916	1875	-0,516036629676819	
1878,125	-0,212157621979713	1878,125	-0,512246549129486	
1881,25	-0,216101363301277	1881,25	-0,510663270950317	
1884,375	-0,218299686908722	1884,375	-0,511196970939636	
1887,5	-0,22020797431469	1887,5	-0,508906900882721	
1890,625	-0,220674410462379	1890,625	-0,504141509532928	
1893,75	-0,221221596002579	1893,75	-0,502893447875977	
1896,875	-0,222525432705879	1896,875	-0,500319361686707	
1900	-0,225164487957954	1900	-0,500397920608521	
1903,125	-0,22643406689167	1903,125	-0,497811079025269	
1906,25	-0,230258196592331	1906,25	-0,495108276605606	
1909,375	-0,231034517288208	1909,375	-0,495028525590897	
1912,5	-0,230968356132507	1912,5	-0,494750410318375	
1915,625	-0,234173834323883	1915,625	-0,491618782281876	
1918,75	-0,237719759345055	1918,75	-0,488200575113297	
1921,875	-0,237942531704903	1921,875	-0,490673184394836	
1925	-0,240809813141823	1925	-0,491629421710968	
1928,125	-0,242107689380646	1928,125	-0,485768556594849	
1931,25	-0,242523893713951	1931,25	-0,484660118818283	
1934,375	-0,245415315032005	1934,375	-0,483795791864395	
1937,5	-0,246312215924263	1937,5	-0,483140349388123	
1940,625	-0,248465925455093	1940,625	-0,481457769870758	
1943,75	-0,251776963472366	1943,75	-0,478175222873688	
1946,875	-0,252310216426849	1946,875	-0,475886583328247	
1950	-0,253081679344177	1950	-0,475510954856873	
1953,125	-0,258726388216019	1953,125	-0,473220586776733	
1956,25	-0,258239269256592	1956,25	-0,472399115562439	
1959,375	-0,259976863861084	1959,375	-0,47075617313385	
1962,5	-0,261854201555252	1962,5	-0,472609430551529	
1965,625	-0,261094689369202	1965,625	-0,46957391500473	
1968,75	-0,263409703969955	1968,75	-0,468610495328903	
1971,875	-0,265078961849213	1971,875	-0,463374882936478	
1975	-0,266512989997864	1975	-0,461767017841339	
1978,125	-0,271294593811035	1978,125	-0,461946904659271	
1981,25	-0,267661452293396	1981,25	-0,462273508310318	
1984,375	-0,270747393369675	1984,375	-0,457367420196533	
1987,5	-0,271997660398483	1987,5	-0,456168085336685	
1990,625	-0,275812089443207	1990,625	-0,456359833478928	
1993,75	-0,277268320322037	1993,75	-0,45205345749855	
1996,875	-0,279516965150833	1996,875	-0,45189568400383	
2000	-0,282621920108795	2000	-0,451889365911484	
2003,125	-0,283506155014038	2003,125	-0,452764689922333	
2006,25	-0,287400513887405	2006,25	-0,449064165353775	
2009,375	-0,286955118179321	2009,375	-0,444242715835571	
2012,5	-0,285971820354462	2012,5	-0,442211002111435	
2015,625	-0,289574295282364	2015,625	-0,44047138094902	
2018,75	-0,289390653371811	2018,75	-0,438693732023239	
2021,875	-0,292538017034531	2021,875	-0,439769119024277	
2025	-0,295135736465454	2025	-0,437637150287628	
2028,125	-0,293371289968491	2028,125	-0,43565821647644	
2031,25	-0,291378110647202	2031,25	-0,430385112762451	
2034,375	-0,299424886703491	2034,375	-0,430668383836746	
2037,5	-0,298722088336945	2037,5	-0,431360632181168	
2040,625	-0,299354940652847	2040,625	-0,42384672164917	
2043,75	-0,299146562814713	2043,75	-0,424021273851395	
2046,875	-0,301174640655518	2046,875	-0,423342138528824	
2050	-0,304847002029419	2050	-0,421522587537766	
2053,125	-0,308030396699905	2053,125	-0,421274363994598	
2056,25	-0,307706952095032	2056,25	-0,418232053518295	
2059,375	-0,309215098619461	2059,375	-0,416110038757324	
2062,5	-0,310407906770706	2062,5	-0,414521157741547	
2065,625	-0,313657224178314	2065,625	-0,412536352872849	
2068,75	-0,314199149608612	2068,75	-0,412442028522491	
2071,875	-0,315515011548996	2071,875	-0,411625027656555	
2075	-0,317097634077072	2075	-0,408850580453873	
2078,125	-0,317037642002106	2078,125	-0,405676066875458	
2081,25	-0,316572099924088	2081,25	-0,403155028820038	
2084,375	-0,321542173624039	2084,375	-0,401071131229401	
2087,5	-0,322025150060654	2087,5	-0,401219636201859	
2090,625	-0,323590010404587	2090,625	-0,39967080950737	
2093,75	-0,325731307268143	2093,75	-0,396623134613037	
2096,875	-0,324618875980377	2096,875	-0,395770996809006	
2100	-0,329390227794647	2100	-0,390583544969559	
2103,125	-0,327237874269485	2103,125	-0,389460623264313	
2106,25	-0,328824162483215	2106,25	-0,388615965843201	
2109,375	-0,332063168287277	2109,375	-0,387131810188293	
2112,5	-0,333267420530319	2112,5	-0,386609703302383	
2115,625	-0,333970844745636	2115,625	-0,383198320865631	
2118,75	-0,335578352212906	2118,75	-0,382280647754669	
2121,875	-0,3356753885746	2121,875	-0,379203647375107	
2125	-0,336521625518799	2125	-0,3773592710495	
2128,125	-0,339718401432037	2128,125	-0,375973433256149	
2131,25	-0,340493708848953	2131,25	-0,374607354402542	
2134,375	-0,342518746852875	2134,375	-0,371716141700745	
2137,5	-0,343638896942139	2137,5	-0,370290517807007	
2140,625	-0,343760162591934	2140,625	-0,367619037628174	
2143,75	-0,344448149204254	2143,75	-0,365498065948486	
2146,875	-0,346469700336456	2146,875	-0,366635322570801	
2150	-0,349374562501907	2150	-0,363976657390594	
2153,125	-0,348926037549973	2153,125	-0,361318945884705	
2156,25	-0,35110080242157	2156,25	-0,360760271549225	
2159,375	-0,352113962173462	2159,375	-0,357484936714172	
2162,5	-0,350647389888763	2162,5	-0,357148736715317	
2165,625	-0,352435827255249	2165,625	-0,354270279407501	
2168,75	-0,356088399887085	2168,75	-0,351099342107773	
2171,875	-0,356596440076828	2171,875	-0,350216299295425	
2175	-0,35938835144043	2175	-0,349728524684906	
2178,125	-0,359590113162994	2178,125	-0,346583396196365	
2181,25	-0,359130412340164	2181,25	-0,344805866479874	
2184,375	-0,360283613204956	2184,375	-0,341551601886749	
2187,5	-0,361597120761871	2187,5	-0,339670568704605	
2190,625	-0,362325817346573	2190,625	-0,340044617652893	
2193,75	-0,365748584270477	2193,75	-0,338221162557602	
2196,875	-0,367180973291397	2196,875	-0,33494508266449	
2200	-0,366361349821091	2200	-0,333133429288864	
2203,125	-0,367751568555832	2203,125	-0,331633359193802	
2206,25	-0,368157893419266	2206,25	-0,329408913850784	
2209,375	-0,368754088878632	2209,375	-0,327605903148651	
2212,5	-0,372729331254959	2212,5	-0,327403366565704	
2215,625	-0,374380558729172	2215,625	-0,326324969530106	
2218,75	-0,374477803707123	2218,75	-0,323462724685669	
2221,875	-0,373658061027527	2221,875	-0,321114420890808	
2225	-0,37640592455864	2225	-0,318331569433212	
2228,125	-0,378006726503372	2228,125	-0,317207425832748	
2231,25	-0,377268940210342	2231,25	-0,314905554056168	
2234,375	-0,378787606954575	2234,375	-0,31198439002037	
2237,5	-0,379951357841492	2237,5	-0,312003880739212	
2240,625	-0,383515059947968	2240,625	-0,310058623552322	
2243,75	-0,384001821279526	2243,75	-0,30920284986496	
2246,875	-0,384116977453232	2246,875	-0,307640224695206	
2250	-0,383861362934113	2250	-0,304131329059601	
2253,125	-0,385050356388092	2253,125	-0,301621079444885	
2256,25	-0,385317742824554	2256,25	-0,299264907836914	
2259,375	-0,387353420257568	2259,375	-0,297147065401077	
2262,5	-0,388171643018723	2262,5	-0,296317458152771	
2265,625	-0,389389604330063	2265,625	-0,29452982544899	
2268,75	-0,388374447822571	2268,75	-0,291360020637512	
2271,875	-0,390383213758469	2271,875	-0,289997309446335	
2275	-0,393510073423386	2275	-0,288024991750717	
2278,125	-0,39361447095871	2278,125	-0,286120146512985	
2281,25	-0,3931645154953	2281,25	-0,284738570451736	
2284,375	-0,393693327903748	2284,375	-0,283689081668854	
2287,5	-0,397921651601791	2287,5	-0,281871885061264	
2290,625	-0,397089868783951	2290,625	-0,279114633798599	
2293,75	-0,395952433347702	2293,75	-0,276784241199493	
2296,875	-0,399585008621216	2296,875	-0,275124967098236	
2300	-0,401227355003357	2300	-0,27266925573349	
2303,125	-0,400801062583923	2303,125	-0,270150452852249	
2306,25	-0,401338785886765	2306,25	-0,268295437097549	
2309,375	-0,401707321405411	2309,375	-0,267620354890823	
2312,5	-0,401901066303253	2312,5	-0,265354335308075	
2315,625	-0,403036892414093	2315,625	-0,262854903936386	
2318,75	-0,405152946710587	2318,75	-0,259973108768463	
2321,875	-0,403716117143631	2321,875	-0,25683405995369	
2325	-0,406416594982147	2325	-0,256132692098618	
2328,125	-0,406526923179626	2328,125	-0,255852162837982	
2331,25	-0,407127976417542	2331,25	-0,25449874997139	
2334,375	-0,409196525812149	2334,375	-0,253254592418671	
2337,5	-0,408994942903519	2337,5	-0,250560164451599	
2340,625	-0,407410144805908	2340,625	-0,247192054986954	
2343,75	-0,411606967449188	2343,75	-0,246283322572708	
2346,875	-0,411989152431488	2346,875	-0,243824943900108	
2350	-0,412933707237244	2350	-0,242882341146469	
2353,125	-0,414836704730988	2353,125	-0,241160914301872	
2356,25	-0,414688348770142	2356,25	-0,239479601383209	
2359,375	-0,414298892021179	2359,375	-0,238102912902832	
2362,5	-0,41629433631897	2362,5	-0,235793247818947	
2365,625	-0,41702726483345	2365,625	-0,231618732213974	
2368,75	-0,41578021645546	2368,75	-0,231965616345406	
2371,875	-0,41361927986145	2371,875	-0,227915465831757	
2375	-0,416492998600006	2375	-0,225910604000092	
2378,125	-0,418986201286316	2378,125	-0,223537787795067	
2381,25	-0,420797765254974	2381,25	-0,221438825130463	
2384,375	-0,421054363250732	2384,375	-0,221821069717407	
2387,5	-0,419133603572845	2387,5	-0,218898013234138	
2390,625	-0,420619338750839	2390,625	-0,218062967061996	
2393,75	-0,42185452580452	2393,75	-0,216449216008186	
2396,875	-0,424263805150986	2396,875	-0,213751643896103	
2400	-0,42358872294426	2400	-0,211448729038239	
2403,125	-0,424676299095154	2403,125	-0,209126576781273	
2406,25	-0,42692843079567	2406,25	-0,208050489425659	
2409,375	-0,426679313182831	2409,375	-0,20502495765686	
2412,5	-0,424507468938828	2412,5	-0,205198779702187	
2415,625	-0,424829423427582	2415,625	-0,199264034628868	
2418,75	-0,426630079746246	2418,75	-0,198559552431107	
2421,875	-0,428405255079269	2421,875	-0,198517262935638	
2425	-0,427829742431641	2425	-0,196011617779732	
2428,125	-0,428196728229523	2428,125	-0,192445203661919	
2431,25	-0,429435580968857	2431,25	-0,191625133156776	
2434,375	-0,428674608469009	2434,375	-0,188979834318161	
2437,5	-0,429105758666992	2437,5	-0,188128590583801	
2440,625	-0,430137723684311	2440,625	-0,187476843595505	
2443,75	-0,431188374757767	2443,75	-0,18335235118866	
2446,875	-0,430811375379562	2446,875	-0,181639954447746	
2450	-0,432659506797791	2450	-0,180676147341728	
2453,125	-0,432934612035751	2453,125	-0,179237097501755	
2456,25	-0,432908236980438	2456,25	-0,177093550562859	
2459,375	-0,434235453605652	2459,375	-0,175544589757919	
2462,5	-0,434315472841263	2462,5	-0,171961069107056	
2465,625	-0,435062140226364	2465,625	-0,171232625842094	
2468,75	-0,434340059757233	2468,75	-0,171046584844589	
2471,875	-0,43531408905983	2471,875	-0,166226148605347	
2475	-0,436676293611526	2475	-0,167201533913612	
2478,125	-0,438733965158463	2478,125	-0,164399564266205	
2481,25	-0,437479704618454	2481,25	-0,163768500089645	
2484,375	-0,438239514827728	2484,375	-0,160685196518898	
2487,5	-0,441645503044128	2487,5	-0,157292425632477	
2490,625	-0,439208596944809	2490,625	-0,156220078468323	
2493,75	-0,438365399837494	2493,75	-0,153481677174568	
2496,875	-0,438560903072357	2496,875	-0,152669489383698	
2500	-0,440828025341034	2500	-0,15209199488163	
2503,125	-0,4414202272892	2503,125	-0,14767099916935	
2506,25	-0,443715631961823	2506,25	-0,147947564721107	
2509,375	-0,443404227495193	2509,375	-0,146033614873886	
2512,5	-0,443009406328201	2512,5	-0,144160151481628	
2515,625	-0,441561251878738	2515,625	-0,141155287623405	
2518,75	-0,443144828081131	2518,75	-0,139817267656326	
2521,875	-0,443133145570755	2521,875	-0,139022424817085	
2525	-0,445591986179352	2525	-0,134114995598793	
2528,125	-0,443024635314941	2528,125	-0,134564384818077	
2531,25	-0,443015664815903	2531,25	-0,132589504122734	
2534,375	-0,444103717803955	2534,375	-0,131757065653801	
2537,5	-0,445172697305679	2537,5	-0,126529335975647	
2540,625	-0,442390739917755	2540,625	-0,127437636256218	
2543,75	-0,442710041999817	2543,75	-0,124233908951283	
2546,875	-0,446340709924698	2546,875	-0,12316095083952	
2550	-0,446872919797897	2550	-0,122315935790539	
2553,125	-0,447333425283432	2553,125	-0,119533896446228	
2556,25	-0,44794026017189	2556,25	-0,118075102567673	
2559,375	-0,447677135467529	2559,375	-0,116407312452793	
2562,5	-0,447032451629639	2562,5	-0,113941341638565	
2565,625	-0,447145313024521	2565,625	-0,113110437989235	
2568,75	-0,448182165622711	2568,75	-0,111726567149162	
2571,875	-0,449684679508209	2571,875	-0,109588667750359	
2575	-0,448721647262573	2575	-0,107853814959526	
2578,125	-0,445372581481934	2578,125	-0,103796489536762	
2581,25	-0,449078917503357	2581,25	-0,104280911386013	
2584,375	-0,448488682508469	2584,375	-0,101545974612236	
2587,5	-0,449103832244873	2587,5	-0,0999807789921761	
2590,625	-0,448226124048233	2590,625	-0,0982984155416489	
2593,75	-0,448382288217545	2593,75	-0,0960532277822495	
2596,875	-0,450652778148651	2596,875	-0,0953303501009941	
2600	-0,449754893779755	2600	-0,0931876823306084	
2603,125	-0,449948012828827	2603,125	-0,0903650671243668	
2606,25	-0,448811739683151	2606,25	-0,0898651853203774	
2609,375	-0,451260298490524	2609,375	-0,0876907706260681	
2612,5	-0,451263099908829	2612,5	-0,0858791470527649	
2615,625	-0,450649678707123	2615,625	-0,0829703435301781	
2618,75	-0,452192336320877	2618,75	-0,0827212482690811	
2621,875	-0,451097995042801	2621,875	-0,0802597403526306	
2625	-0,449047535657883	2625	-0,0790314227342606	
2628,125	-0,450343996286392	2628,125	-0,0768364295363426	
2631,25	-0,450838476419449	2631,25	-0,0739854574203491	
2634,375	-0,449161499738693	2634,375	-0,0734203457832336	
2637,5	-0,449062943458557	2637,5	-0,0702472180128098	
2640,625	-0,450587451457977	2640,625	-0,0691290646791458	
2643,75	-0,451957255601883	2643,75	-0,0676634013652802	
2646,875	-0,45295724272728	2646,875	-0,0688822790980339	
2650	-0,452930778264999	2650	-0,060807429254055	
2653,125	-0,452288210391998	2653,125	-0,0620452873408794	
2656,25	-0,453941524028778	2656,25	-0,0609532482922077	
2659,375	-0,452665150165558	2659,375	-0,0588415153324604	
2662,5	-0,452376246452332	2662,5	-0,0581552684307098	
2665,625	-0,452603757381439	2665,625	-0,0550947785377502	
2668,75	-0,448824137449265	2668,75	-0,0538392104208469	
2671,875	-0,451747983694077	2671,875	-0,0525314323604107	
2675	-0,453486502170563	2675	-0,0513229481875896	
2678,125	-0,453276991844177	2678,125	-0,0497829094529152	
2681,25	-0,454013973474503	2681,25	-0,047394935041666	
2684,375	-0,454316258430481	2684,375	-0,0442437380552292	
2687,5	-0,454272478818893	2687,5	-0,0451490394771099	
2690,625	-0,45409169793129	2690,625	-0,0401810370385647	
2693,75	-0,454203486442566	2693,75	-0,040407232940197	
2696,875	-0,452457636594772	2696,875	-0,0376518778502941	
2700	-0,452933549880981	2700	-0,0370692051947117	
2703,125	-0,452978491783142	2703,125	-0,0340695530176163	
2706,25	-0,451598763465881	2706,25	-0,0325749404728413	
2709,375	-0,452728033065796	2709,375	-0,0313047617673874	
2712,5	-0,45453092455864	2712,5	-0,0307480022311211	
2715,625	-0,454249709844589	2715,625	-0,0277807340025902	
2718,75	-0,452404409646988	2718,75	-0,0259914323687553	
2721,875	-0,451542556285858	2721,875	-0,0247385874390602	
2725	-0,453431516885757	2725	-0,0223551131784916	
2728,125	-0,454064786434174	2728,125	-0,0193682555109262	
2731,25	-0,453816920518875	2731,25	-0,0192602425813675	
2734,375	-0,452215999364853	2734,375	-0,0179317425936461	
2737,5	-0,451116859912872	2737,5	-0,0154179381206632	
2740,625	-0,45209789276123	2740,625	-0,0152278710156679	
2743,75	-0,455576807260513	2743,75	-0,0134794544428587	
2746,875	-0,45372661948204	2746,875	-0,010940995067358	
2750	-0,449162483215332	2750	-0,00852599553763866	
2753,125	-0,451830893754959	2753,125	-0,00786157418042421	
2756,25	-0,452128916978836	2756,25	-0,00265532382763922	
2759,375	-0,452012151479721	2759,375	-0,00359973148442805	
2762,5	-0,450530469417572	2762,5	-0,00193836831022054	
2765,625	-0,451462537050247	2765,625	-0,00156975456047803	
2768,75	-0,453496307134628	2768,75	0,00155286898370832	
2771,875	-0,450519204139709	2771,875	0,00412011845037341	
2775	-0,449836134910584	2775	0,00590627873316407	
2778,125	-0,449336022138596	2778,125	0,00676921056583524	
2781,25	-0,450020432472229	2781,25	0,00925097148865461	
2784,375	-0,44831171631813	2784,375	0,00955822505056858	
2787,5	-0,446559339761734	2787,5	0,0106267426162958	
2790,625	-0,447764277458191	2790,625	0,0135476179420948	
2793,75	-0,447882354259491	2793,75	0,0144568588584661	
2796,875	-0,448038846254349	2796,875	0,0154716866090894	
2800	-0,448882550001144	2800	0,0168863441795111	
2803,125	-0,451808840036392	2803,125	0,0183223802596331	
2806,25	-0,447517037391663	2806,25	0,0204352792352438	
2809,375	-0,448783487081528	2809,375	0,020441684871912	
2812,5	-0,449343919754028	2812,5	0,0246242750436068	
2815,625	-0,447657972574234	2815,625	0,0265301410108805	
2818,75	-0,445912301540375	2818,75	0,0269425120204687	
2821,875	-0,446297466754913	2821,875	0,028678871691227	
2825	-0,44469952583313	2825	0,0276947021484375	
2828,125	-0,445089936256409	2828,125	0,0294152349233627	
2831,25	-0,44408991932869	2831,25	0,0345704182982445	
2834,375	-0,443358570337296	2834,375	0,0342621505260468	
2837,5	-0,44715279340744	2837,5	0,0364705808460712	
2840,625	-0,446920841932297	2840,625	0,0375976637005806	
2843,75	-0,443365007638931	2843,75	0,0372009091079235	
2846,875	-0,44312646985054	2846,875	0,0415463410317898	
2850	-0,443032830953598	2850	0,0413699261844158	
2853,125	-0,442151784896851	2853,125	0,0424430780112743	
2856,25	-0,44374880194664	2856,25	0,043470773845911	
2859,375	-0,440845251083374	2859,375	0,045785553753376	
2862,5	-0,442048877477646	2862,5	0,0472641326487064	
2865,625	-0,441150844097137	2865,625	0,0495812073349953	
2868,75	-0,442270249128342	2868,75	0,0497613362967968	
2871,875	-0,444395631551743	2871,875	0,0510945804417133	
2875	-0,442003846168518	2875	0,0535383783280849	
2878,125	-0,44202733039856	2878,125	0,0549099668860435	
2881,25	-0,44230055809021	2881,25	0,0563647150993347	
2884,375	-0,440784275531769	2884,375	0,0576856546103954	
2887,5	-0,441863089799881	2887,5	0,059210516512394	
2890,625	-0,443033427000046	2890,625	0,0626609399914742	
2893,75	-0,442638397216797	2893,75	0,063279315829277	
2896,875	-0,440987467765808	2896,875	0,0640073791146278	
2900	-0,4409399330616	2900	0,0652018114924431	
2903,125	-0,440869092941284	2903,125	0,0669498071074486	
2906,25	-0,43848317861557	2906,25	0,069371685385704	
2909,375	-0,439913094043732	2909,375	0,0704735741019249	
2912,5	-0,437952935695648	2912,5	0,0709009319543839	
2915,625	-0,437808185815811	2915,625	0,0742940083146095	
2918,75	-0,437764495611191	2918,75	0,0761702582240105	
2921,875	-0,438964903354645	2921,875	0,0752355679869652	
2925	-0,441039383411407	2925	0,0778519436717033	
2928,125	-0,437411159276962	2928,125	0,0793429911136627	
2931,25	-0,435349494218826	2931,25	0,0812429860234261	
2934,375	-0,43774151802063	2934,375	0,0828575938940048	
2937,5	-0,437620639801025	2937,5	0,0848061069846153	
2940,625	-0,435428500175476	2940,625	0,0852145850658417	
2943,75	-0,43448880314827	2943,75	0,086709052324295	
2946,875	-0,436147600412369	2946,875	0,0903632044792175	
2950	-0,435930788516998	2950	0,0905286595225334	
2953,125	-0,434659421443939	2953,125	0,0929194688796997	
2956,25	-0,436982363462448	2956,25	0,0937421247363091	
2959,375	-0,436771214008331	2959,375	0,0968021601438522	
2962,5	-0,433746069669724	2962,5	0,0983263105154037	
2965,625	-0,434503644704819	2965,625	0,0993547365069389	
2968,75	-0,435211211442947	2968,75	0,101653210818768	
2971,875	-0,435278505086899	2971,875	0,103760696947575	
2975	-0,433964133262634	2975	0,103962160646915	
2978,125	-0,434266537427902	2978,125	0,105792030692101	
2981,25	-0,431451231241226	2981,25	0,107319496572018	
2984,375	-0,432924628257751	2984,375	0,109241507947445	
2987,5	-0,432889103889465	2987,5	0,1104766279459	
2990,625	-0,430282920598984	2990,625	0,112462848424911	
2993,75	-0,430640250444412	2993,75	0,113263048231602	
2996,875	-0,430210947990417	2996,875	0,114484682679176	
3000	-0,427738428115845	3000	0,119397379457951	
3003,125	-0,432051509618759	3003,125	0,119826532900333	
3006,25	-0,430547058582306	3006,25	0,120943002402782	
3009,375	-0,427944928407669	3009,375	0,122026391327381	
3012,5	-0,426592499017715	3012,5	0,1245212033391	
3015,625	-0,428252100944519	3015,625	0,128361955285072	
3018,75	-0,429294377565384	3018,75	0,127600446343422	
3021,875	-0,426661461591721	3021,875	0,130141347646713	
3025	-0,425602316856384	3025	0,131775423884392	
3028,125	-0,42520272731781	3028,125	0,132544323801994	
3031,25	-0,427543878555298	3031,25	0,136372253298759	
3034,375	-0,424025684595108	3034,375	0,134667530655861	
3037,5	-0,423587203025818	3037,5	0,141407310962677	
3040,625	-0,423249840736389	3040,625	0,141859158873558	
3043,75	-0,422859787940979	3043,75	0,142209693789482	
3046,875	-0,42422279715538	3046,875	0,145598649978638	
3050	-0,419966071844101	3050	0,147001132369041	
3053,125	-0,418610334396362	3053,125	0,150319412350655	
3056,25	-0,418189287185669	3056,25	0,152760714292526	
3059,375	-0,419114530086517	3059,375	0,15411339700222	
3062,5	-0,417245984077454	3062,5	0,155101656913757	
3065,625	-0,415388315916061	3065,625	0,154629662632942	
3068,75	-0,414221346378326	3068,75	0,157104462385178	
3071,875	-0,413194864988327	3071,875	0,157347470521927	
3075	-0,412622362375259	3075	0,159720972180367	
3078,125	-0,409812897443771	3078,125	0,161377191543579	
3081,25	-0,409297734498978	3081,25	0,162908673286438	
3084,375	-0,409790545701981	3084,375	0,163495779037476	
3087,5	-0,409425377845764	3087,5	0,16345639526844	
3090,625	-0,409703105688095	3090,625	0,165798187255859	
3093,75	-0,40948423743248	3093,75	0,167782977223396	
3096,875	-0,408330619335175	3096,875	0,167653813958168	
3100	-0,404315143823624	3100	0,171247616410255	
3103,125	-0,404277086257935	3103,125	0,171401843428612	
3106,25	-0,404357880353928	3106,25	0,174611642956734	
3109,375	-0,402771383523941	3109,375	0,176129564642906	
3112,5	-0,40410989522934	3112,5	0,17655947804451	
3115,625	-0,402479082345963	3115,625	0,175801128149033	
3118,75	-0,403220266103745	3118,75	0,177439600229263	
3121,875	-0,405621767044067	3121,875	0,178770020604134	
3125	-0,401542961597443	3125	0,180764362215996	
3128,125	-0,401429265737534	3128,125	0,180440083146095	
3131,25	-0,400056958198547	3131,25	0,183509573340416	
3134,375	-0,398470729589462	3134,375	0,185513213276863	
3137,5	-0,396883279085159	3137,5	0,184195324778557	
3140,625	-0,397090792655945	3140,625	0,187104299664497	
3143,75	-0,397732377052307	3143,75	0,186058565974236	
3146,875	-0,395434021949768	3146,875	0,187924653291702	
3150	-0,395246952772141	3150	0,189673140645027	
3153,125	-0,396009117364883	3153,125	0,191161453723907	
3156,25	-0,393757581710815	3156,25	0,192747086286545	
3159,375	-0,393360733985901	3159,375	0,193460986018181	
3162,5	-0,391021221876144	3162,5	0,19392092525959	
3165,625	-0,391627550125122	3165,625	0,195504605770111	
3168,75	-0,391786426305771	3168,75	0,195620596408844	
3171,875	-0,388457119464874	3171,875	0,19827339053154	
3175	-0,387288719415665	3175	0,202007174491882	
3178,125	-0,387318342924118	3178,125	0,205821394920349	
3181,25	-0,38973930478096	3181,25	0,203217014670372	
3184,375	-0,389677822589874	3184,375	0,199222072958946	
3187,5	-0,393088757991791	3187,5	0,202072411775589	
3190,625	-0,388616174459457	3190,625	0,202261626720428	
3193,75	-0,387474983930588	3193,75	0,203117981553078	
3196,875	-0,387207895517349	3196,875	0,208359152078629	
3200	-0,393495261669159	3200	0,209361851215363	
3203,125	-0,388031423091888	3203,125	0,210879355669022	
3206,25	-0,387221127748489	3206,25	0,210435420274734	
3209,375	-0,387107372283936	3209,375	0,212767854332924	
3212,5	-0,387415766716003	3212,5	0,215636193752289	
3215,625	-0,389224678277969	3215,625	0,214768454432487	
3218,75	-0,388885021209717	3218,75	0,21444496512413	
3221,875	-0,384512484073639	3221,875	0,216509699821472	
3225	-0,384623259305954	3225	0,221916988492012	
3228,125	-0,388117372989655	3228,125	0,224327519536018	
3231,25	-0,387549161911011	3231,25	0,225268110632896	
3234,375	-0,387289047241211	3234,375	0,228202596306801	
3237,5	-0,386995583772659	3237,5	0,228435829281807	
3240,625	-0,388311326503754	3240,625	0,229543522000313	
3243,75	-0,386667281389236	3243,75	0,231100469827652	
3246,875	-0,385351538658142	3246,875	0,231335505843163	
3250	-0,386160165071487	3250	0,230114698410034	
3253,125	-0,38597247004509	3253,125	0,235495924949646	
3256,25	-0,38504084944725	3256,25	0,23598225414753	
3259,375	-0,385835528373718	3259,375	0,237320616841316	
3262,5	-0,385362356901169	3262,5	0,239299938082695	
3265,625	-0,381657361984253	3265,625	0,24130254983902	
3268,75	-0,381384044885635	3268,75	0,244992822408676	
3271,875	-0,38319718837738	3271,875	0,247478380799294	
3275	-0,381250381469727	3275	0,250589966773987	
3278,125	-0,381335884332657	3278,125	0,248279884457588	
3281,25	-0,381766051054001	3281,25	0,252120584249496	
3284,375	-0,381448358297348	3284,375	0,253682523965836	
3287,5	-0,381869971752167	3287,5	0,254116624593735	
3290,625	-0,382742494344711	3290,625	0,254598736763	
3293,75	-0,380375564098358	3293,75	0,258963316679001	
3296,875	-0,376608937978745	3296,875	0,258901655673981	
3300	-0,376930922269821	3300	0,262190669775009	
3303,125	-0,374816477298737	3303,125	0,262642383575439	
3306,25	-0,374617516994476	3306,25	0,26372292637825	
3309,375	-0,375304609537125	3309,375	0,267781376838684	
3312,5	-0,375359416007996	3312,5	0,268035531044006	
3315,625	-0,373702555894852	3315,625	0,268039643764496	
3318,75	-0,375753492116928	3318,75	0,269742071628571	
3321,875	-0,373850166797638	3321,875	0,273481041193008	
3325	-0,373974442481995	3325	0,275306552648544	
3328,125	-0,372213095426559	3328,125	0,275991082191467	
3331,25	-0,371453791856766	3331,25	0,276845276355743	
3334,375	-0,371462792158127	3334,375	0,278698652982712	
3337,5	-0,368729203939438	3337,5	0,282051473855972	
3340,625	-0,366346597671509	3340,625	0,282265156507492	
3343,75	-0,367762416601181	3343,75	0,282940328121185	
3346,875	-0,367181450128555	3346,875	0,288913577795029	
3350	-0,367649406194687	3350	0,288370698690414	
3353,125	-0,368648111820221	3353,125	0,290611445903778	
3356,25	-0,366978168487549	3356,25	0,288542211055756	
3359,375	-0,366203874349594	3359,375	0,2923863530159	
3362,5	-0,362976610660553	3362,5	0,29433736205101	
3365,625	-0,361878722906113	3365,625	0,293672889471054	
3368,75	-0,361267149448395	3368,75	0,295266062021255	
3371,875	-0,362410336732864	3371,875	0,295405298471451	
3375	-0,362318754196167	3375	0,295668303966522	
3378,125	-0,359904795885086	3378,125	0,303174912929535	
3381,25	-0,359426856040955	3381,25	0,301473885774612	
3384,375	-0,358774483203888	3384,375	0,301781862974167	
3387,5	-0,355236619710922	3387,5	0,302542299032211	
3390,625	-0,356396675109863	3390,625	0,304929584264755	
3393,75	-0,353727966547012	3393,75	0,305870026350021	
3396,875	-0,355120629072189	3396,875	0,306701332330704	
3400	-0,35332852602005	3400	0,308911144733429	
3403,125	-0,354517698287964	3403,125	0,309830993413925	
3406,25	-0,35486114025116	3406,25	0,31151470541954	
3409,375	-0,352238863706589	3409,375	0,313872545957565	
3412,5	-0,353529870510101	3412,5	0,314769089221954	
3415,625	-0,353565454483032	3415,625	0,317238807678223	
3418,75	-0,350407928228378	3418,75	0,317973583936691	
3421,875	-0,35076692700386	3421,875	0,317630976438522	
3425	-0,350550562143326	3425	0,318500131368637	
3428,125	-0,347858637571335	3428,125	0,321930199861526	
3431,25	-0,347385585308075	3431,25	0,321451306343079	
3434,375	-0,347065359354019	3434,375	0,322585463523865	
3437,5	-0,34646925330162	3437,5	0,325787514448166	
3440,625	-0,345966786146164	3440,625	0,327589809894562	
3443,75	-0,345314741134644	3443,75	0,327653259038925	
3446,875	-0,343082338571548	3446,875	0,328466981649399	
3450	-0,342350512742996	3450	0,329850912094116	
3453,125	-0,342163175344467	3453,125	0,330781579017639	
3456,25	-0,342174977064133	3456,25	0,333315998315811	
3459,375	-0,342330515384674	3459,375	0,333728641271591	
3462,5	-0,339426904916763	3462,5	0,334795773029327	
3465,625	-0,339525043964386	3465,625	0,334876239299774	
3468,75	-0,340391784906387	3468,75	0,338064014911652	
3471,875	-0,339426785707474	3471,875	0,338895976543427	
3475	-0,337397783994675	3475	0,340877681970596	
3478,125	-0,337893933057785	3478,125	0,33988693356514	
3481,25	-0,333435386419296	3481,25	0,340731590986252	
3484,375	-0,33350133895874	3484,375	0,341779798269272	
3487,5	-0,335086494684219	3487,5	0,343550890684128	
3490,625	-0,333763629198074	3490,625	0,345682919025421	
3493,75	-0,33368992805481	3493,75	0,347745031118393	
3496,875	-0,33244052529335	3496,875	0,346766263246536	
3500	-0,330914556980133	3500	0,350811064243317	
3503,125	-0,33087882399559	3503,125	0,35091108083725	
3506,25	-0,331244558095932	3506,25	0,353079617023468	
3509,375	-0,330150008201599	3509,375	0,352577686309814	
3512,5	-0,326844125986099	3512,5	0,35340017080307	
3515,625	-0,325893700122833	3515,625	0,354207634925842	
3518,75	-0,326940596103668	3518,75	0,354322105646133	
3521,875	-0,325548231601715	3521,875	0,356186658143997	
3525	-0,324316829442978	3525	0,357917934656143	
3528,125	-0,325081139802933	3528,125	0,36018294095993	
3531,25	-0,325231373310089	3531,25	0,361999809741974	
3534,375	-0,323650151491165	3534,375	0,361184775829315	
3537,5	-0,321190565824509	3537,5	0,361012369394302	
3540,625	-0,320698112249374	3540,625	0,363005787134171	
3543,75	-0,320418804883957	3543,75	0,363617926836014	
3546,875	-0,319793105125427	3546,875	0,363225042819977	
3550	-0,317703694105148	3550	0,365589141845703	
3553,125	-0,317778348922729	3553,125	0,365694165229797	
3556,25	-0,317226648330688	3556,25	0,367701888084412	
3559,375	-0,316563308238983	3559,375	0,368649840354919	
3562,5	-0,316951751708984	3562,5	0,370422095060349	
3565,625	-0,315274685621262	3565,625	0,370647609233856	
3568,75	-0,314265191555023	3568,75	0,370661467313766	
3571,875	-0,313780307769775	3571,875	0,374320507049561	
3575	-0,314480483531952	3575	0,375989735126495	
3578,125	-0,314322233200073	3578,125	0,376913994550705	
3581,25	-0,312766194343567	3581,25	0,377805709838867	
3584,375	-0,310660153627396	3584,375	0,37769627571106	
3587,5	-0,309480130672455	3587,5	0,378287374973297	
3590,625	-0,309836715459824	3590,625	0,380211353302002	
3593,75	-0,309740006923676	3593,75	0,381457358598709	
3596,875	-0,309148639440537	3596,875	0,381801694631577	
3600	-0,307739228010178	3600	0,383685857057571	
3603,125	-0,30537685751915	3603,125	0,383939653635025	
3606,25	-0,306927770376205	3606,25	0,383466303348541	
3609,375	-0,303491204977036	3609,375	0,385509759187698	
3612,5	-0,303060114383698	3612,5	0,385979890823364	
3615,625	-0,304247885942459	3615,625	0,387551844120026	
3618,75	-0,302129060029984	3618,75	0,388331174850464	
3621,875	-0,301630318164825	3621,875	0,388156890869141	
3625	-0,300166845321655	3625	0,388572990894318	
3628,125	-0,299587845802307	3628,125	0,390528619289398	
3631,25	-0,298146545886993	3631,25	0,3932184278965	
3634,375	-0,298858523368835	3634,375	0,393719404935837	
3637,5	-0,298078209161758	3637,5	0,392968982458115	
3640,625	-0,295564144849777	3640,625	0,393091112375259	
3643,75	-0,295192897319794	3643,75	0,395150572061539	
3646,875	-0,294959187507629	3646,875	0,395275503396988	
3650	-0,294749289751053	3650	0,397274076938629	
3653,125	-0,29272335767746	3653,125	0,397302746772766	
3656,25	-0,292117387056351	3656,25	0,397892206907272	
3659,375	-0,292356610298157	3659,375	0,399614214897156	
3662,5	-0,291597902774811	3662,5	0,401040703058243	
3665,625	-0,293574780225754	3665,625	0,401717752218246	
3668,75	-0,289283722639084	3668,75	0,403756082057953	
3671,875	-0,288778513669968	3671,875	0,402286976575851	
3675	-0,288381606340408	3675	0,404426515102386	
3678,125	-0,287592262029648	3678,125	0,405281692743301	
3681,25	-0,289950281381607	3681,25	0,404624968767166	
3684,375	-0,282202035188675	3684,375	0,406640082597733	
3687,5	-0,284814178943634	3687,5	0,406696647405624	
3690,625	-0,284743338823318	3690,625	0,407233715057373	
3693,75	-0,282700061798096	3693,75	0,409186184406281	
3696,875	-0,28365683555603	3696,875	0,410317450761795	
3700	-0,28288072347641	3700	0,410260766744614	
3703,125	-0,28023886680603	3703,125	0,410561680793762	
3706,25	-0,279799729585648	3706,25	0,413720935583115	
3709,375	-0,280054420232773	3709,375	0,413406789302826	
3712,5	-0,277821749448776	3712,5	0,413126170635223	
3715,625	-0,27599048614502	3715,625	0,413388103246689	
3718,75	-0,277183830738068	3718,75	0,417167007923126	
3721,875	-0,27536553144455	3721,875	0,41734254360199	
3725	-0,275854557752609	3725	0,417734086513519	
3728,125	-0,273559302091599	3728,125	0,418155193328857	
3731,25	-0,274293005466461	3731,25	0,418531000614166	
3734,375	-0,271991044282913	3734,375	0,419522374868393	
3737,5	-0,272669821977615	3737,5	0,420092701911926	
3740,625	-0,270039290189743	3740,625	0,423182457685471	
3743,75	-0,269773960113525	3743,75	0,422733724117279	
3746,875	-0,270682752132416	3746,875	0,422859132289886	
3750	-0,268518477678299	3750	0,424587547779083	
3753,125	-0,267692387104034	3753,125	0,424444913864136	
3756,25	-0,266399770975113	3756,25	0,425141930580139	
3759,375	-0,265014618635178	3759,375	0,425298124551773	
3762,5	-0,267825663089752	3762,5	0,426147431135178	
3765,625	-0,261142313480377	3765,625	0,428746610879898	
3768,75	-0,263283789157867	3768,75	0,427668511867523	
3771,875	-0,261802077293396	3771,875	0,427440732717514	
3775	-0,261837810277939	3775	0,429012924432755	
3778,125	-0,259833812713623	3778,125	0,429871171712875	
3781,25	-0,258760869503021	3781,25	0,43145415186882	
3784,375	-0,260199338197708	3784,375	0,43252757191658	
3787,5	-0,258523672819138	3787,5	0,434858679771423	
3790,625	-0,258468598127365	3790,625	0,433668911457062	
3793,75	-0,254683434963226	3793,75	0,434351086616516	
3796,875	-0,255019158124924	3796,875	0,433540374040604	
3800	-0,253272205591202	3800	0,433217614889145	
3803,125	-0,253274589776993	3803,125	0,435534328222275	
3806,25	-0,253989309072495	3806,25	0,437488615512848	
3809,375	-0,251899421215057	3809,375	0,437398046255112	
3812,5	-0,250250905752182	3812,5	0,437351942062378	
3815,625	-0,249402105808258	3815,625	0,43679404258728	
3818,75	-0,249221414327621	3818,75	0,439452648162842	
3821,875	-0,248137772083282	3821,875	0,43874192237854	
3825	-0,248966485261917	3825	0,439517468214035	
3828,125	-0,246759608387947	3828,125	0,441656410694122	
3831,25	-0,246171817183495	3831,25	0,442226856946945	
3834,375	-0,244923159480095	3834,375	0,443805575370789	
3837,5	-0,245680525898933	3837,5	0,444239884614944	
3840,625	-0,243000611662865	3840,625	0,443701148033142	
3843,75	-0,241969481110573	3843,75	0,443060487508774	
3846,875	-0,240538731217384	3846,875	0,445396572351456	
3850	-0,24070417881012	3850	0,445409268140793	
3853,125	-0,240330964326859	3853,125	0,445878684520721	
3856,25	-0,239606648683548	3856,25	0,448386698961258	
3859,375	-0,238231897354126	3859,375	0,447641879320145	
3862,5	-0,235578432679176	3862,5	0,447774559259415	
3865,625	-0,236429840326309	3865,625	0,449366480112076	
3868,75	-0,236112356185913	3868,75	0,449865877628326	
3871,875	-0,234133377671242	3871,875	0,449587047100067	
3875	-0,233721926808357	3875	0,450006991624832	
3878,125	-0,233183369040489	3878,125	0,452577859163284	
3881,25	-0,231977134943008	3881,25	0,45218101143837	
3884,375	-0,229563057422638	3884,375	0,454129427671433	
3887,5	-0,230378851294518	3887,5	0,453967332839966	
3890,625	-0,22918327152729	3890,625	0,454302400350571	
3893,75	-0,229028835892677	3893,75	0,456749081611633	
3896,875	-0,227018132805824	3896,875	0,456913679838181	
3900	-0,227675512433052	3900	0,458172172307968	
3903,125	-0,226550281047821	3903,125	0,457927525043488	
3906,25	-0,224116399884224	3906,25	0,458239555358887	
3909,375	-0,224634766578674	3909,375	0,458915293216705	
3912,5	-0,224428877234459	3912,5	0,459145665168762	
3915,625	-0,220758050680161	3915,625	0,460704416036606	
3918,75	-0,223594397306442	3918,75	0,458925038576126	
3921,875	-0,21730200946331	3921,875	0,462759584188461	
3925	-0,218740403652191	3925	0,459694266319275	
3928,125	-0,217193067073822	3928,125	0,460079044103622	
3931,25	-0,219661504030228	3931,25	0,46002596616745	
3934,375	-0,218277558684349	3934,375	0,461386740207672	
3937,5	-0,215524926781654	3937,5	0,462289094924927	
3940,625	-0,21558453142643	3940,625	0,463250815868378	
3943,75	-0,216193810105324	3943,75	0,463194310665131	
3946,875	-0,213744565844536	3946,875	0,463309347629547	
3950	-0,211693912744522	3950	0,462691843509674	
3953,125	-0,211123362183571	3953,125	0,463554233312607	
3956,25	-0,211340889334679	3956,25	0,463713794946671	
3959,375	-0,209310933947563	3959,375	0,462564140558243	
3962,5	-0,208283647894859	3962,5	0,465088486671448	
3965,625	-0,210135579109192	3965,625	0,46642604470253	
3968,75	-0,208663687109947	3968,75	0,466836035251617	
3971,875	-0,207136288285255	3971,875	0,468242824077606	
3975	-0,204806491732597	3975	0,470282793045044	
3978,125	-0,204869017004967	3978,125	0,468142777681351	
3981,25	-0,205545157194138	3981,25	0,465824604034424	
3984,375	-0,204413369297981	3984,375	0,465680330991745	
3987,5	-0,205112650990486	3987,5	0,466493248939514	
3990,625	-0,203349903225899	3990,625	0,468616962432861	
3993,75	-0,20364060997963	3993,75	0,469332337379456	
3996,875	-0,203339353203773	3996,875	0,470952093601227	
4000	-0,201888874173164	4000	0,474605768918991	
4003,125	-0,201135620474815	4003,125	0,473280012607574	
4006,25	-0,200626775622368	4006,25	0,472485899925232	
4009,375	-0,199724033474922	4009,375	0,472451776266098	
4012,5	-0,199969366192818	4012,5	0,473355084657669	
4015,625	-0,199194028973579	4015,625	0,474522233009338	
4018,75	-0,198378950357437	4018,75	0,475278735160828	
4021,875	-0,197296068072319	4021,875	0,475984364748001	
4025	-0,196426704525948	4025	0,477013438940048	
4028,125	-0,197621867060661	4028,125	0,475410044193268	
4031,25	-0,193255171179771	4031,25	0,474400907754898	
4034,375	-0,193243131041527	4034,375	0,47601243853569	
4037,5	-0,194031849503517	4037,5	0,478998064994812	
4040,625	-0,192804172635078	4040,625	0,473645448684692	
4043,75	-0,191185563802719	4043,75	0,476271033287048	
4046,875	-0,190373510122299	4046,875	0,476810425519943	
4050	-0,188896894454956	4050	0,476506263017654	
4053,125	-0,191212624311447	4053,125	0,477981984615326	
4056,25	-0,188452437520027	4056,25	0,479529708623886	
4059,375	-0,190089955925941	4059,375	0,479021281003952	
4062,5	-0,186980739235878	4062,5	0,47729703783989	
4065,625	-0,186629056930542	4065,625	0,480367511510849	
4068,75	-0,186778172850609	4068,75	0,480360627174377	
4071,875	-0,185863122344017	4071,875	0,479924857616425	
4075	-0,184546917676926	4075	0,484594374895096	
4078,125	-0,184639886021614	4078,125	0,484979659318924	
4081,25	-0,182609885931015	4081,25	0,485444813966751	
4084,375	-0,181741416454315	4084,375	0,483799755573273	
4087,5	-0,181262850761414	4087,5	0,486350685358047	
4090,625	-0,18194092810154	4090,625	0,482973992824554	
4093,75	-0,177623182535172	4093,75	0,481903374195099	
4096,875	-0,179375872015953	4096,875	0,484741598367691	
4100	-0,177282243967056	4100	0,486338824033737	
4103,125	-0,176610618829727	4103,125	0,486547619104385	
4106,25	-0,177636831998825	4106,25	0,486690700054169	
4109,375	-0,176226869225502	4109,375	0,489681959152222	
4112,5	-0,172916918992996	4112,5	0,486672788858414	
4115,625	-0,172608628869057	4115,625	0,486923724412918	
4118,75	-0,172903925180435	4118,75	0,48885914683342	
4121,875	-0,173999756574631	4121,875	0,489144444465637	
4125	-0,169697463512421	4125	0,48824605345726	
4128,125	-0,169763699173927	4128,125	0,488553166389465	
4131,25	-0,170521944761276	4131,25	0,489309698343277	
4134,375	-0,16779351234436	4134,375	0,490909099578857	
4137,5	-0,167600736021996	4137,5	0,4907046854496	
4140,625	-0,168013766407967	4140,625	0,488740891218185	
4143,75	-0,16418182849884	4143,75	0,49028605222702	
4146,875	-0,165999665856361	4146,875	0,490305364131927	
4150	-0,16200190782547	4150	0,490499287843704	
4153,125	-0,162687689065933	4153,125	0,49463027715683	
4156,25	-0,161191195249557	4156,25	0,494441449642181	
4159,375	-0,16273395717144	4159,375	0,491890698671341	
4162,5	-0,15950134396553	4162,5	0,491574257612228	
4165,625	-0,158295959234238	4165,625	0,492076873779297	
4168,75	-0,158229872584343	4168,75	0,491930365562439	
4171,875	-0,158319562673569	4171,875	0,491676449775696	
4175	-0,15799155831337	4175	0,494246989488602	
4178,125	-0,155552163720131	4178,125	0,496583521366119	
4181,25	-0,153599768877029	4181,25	0,495456606149673	
4184,375	-0,154584750533104	4184,375	0,494893312454224	
4187,5	-0,152698576450348	4187,5	0,49541562795639	
4190,625	-0,152845427393913	4190,625	0,496145993471146	
4193,75	-0,152566805481911	4193,75	0,496513098478317	
4196,875	-0,150253415107727	4196,875	0,496415048837662	
4200	-0,150003880262375	4200	0,496092140674591	
4203,125	-0,147975042462349	4203,125	0,495776474475861	
4206,25	-0,147341638803482	4206,25	0,492497593164444	
4209,375	-0,147326037287712	4209,375	0,494239956140518	
4212,5	-0,147633269429207	4212,5	0,496810883283615	
4215,625	-0,146529719233513	4215,625	0,498053222894669	
4218,75	-0,145175769925117	4218,75	0,49802565574646	
4221,875	-0,14482793211937	4221,875	0,497513890266418	
4225	-0,142333656549454	4225	0,497585624456406	
4228,125	-0,141368329524994	4228,125	0,496233910322189	
4231,25	-0,142418816685677	4231,25	0,498165547847748	
4234,375	-0,140666201710701	4234,375	0,498003661632538	
4237,5	-0,13898204267025	4237,5	0,496997445821762	
4240,625	-0,139961317181587	4240,625	0,498433589935303	
4243,75	-0,138353988528252	4243,75	0,496406048536301	
4246,875	-0,138756066560745	4246,875	0,499986827373505	
4250	-0,136255502700806	4250	0,499754548072815	
4253,125	-0,135948970913887	4253,125	0,497810006141663	
4256,25	-0,134792819619179	4256,25	0,498804301023483	
4259,375	-0,137049317359924	4259,375	0,499072998762131	
4262,5	-0,134346634149551	4262,5	0,500814855098724	
4265,625	-0,132756948471069	4265,625	0,500903367996216	
4268,75	-0,134111180901527	4268,75	0,500692486763	
4271,875	-0,132983148097992	4271,875	0,50029730796814	
4275	-0,129172071814537	4275	0,501601457595825	
4278,125	-0,130530178546906	4278,125	0,50158554315567	
4281,25	-0,13127601146698	4281,25	0,501885294914246	
4284,375	-0,127060920000076	4284,375	0,505265533924103	
4287,5	-0,128007426857948	4287,5	0,5048788189888	
4290,625	-0,127368316054344	4290,625	0,504516422748566	
4293,75	-0,126553222537041	4293,75	0,501926779747009	
4296,875	-0,125906273722649	4296,875	0,500518441200256	
4300	-0,123879671096802	4300	0,501645386219025	
4303,125	-0,122427500784397	4303,125	0,503381848335266	
4306,25	-0,120752401649952	4306,25	0,50241482257843	
4309,375	-0,121946170926094	4309,375	0,502108454704285	
4312,5	-0,119813807308674	4312,5	0,505476474761963	
4315,625	-0,119193874299526	4315,625	0,504066288471222	
4318,75	-0,119414940476418	4318,75	0,505107641220093	
4321,875	-0,116797432303429	4321,875	0,504664301872253	
4325	-0,11613092571497	4325	0,503884851932526	
4328,125	-0,117762804031372	4328,125	0,506061255931854	
4331,25	-0,116190373897552	4331,25	0,508130550384521	
4334,375	-0,114273816347122	4334,375	0,505509614944458	
4337,5	-0,113315731287003	4337,5	0,508070945739746	
4340,625	-0,112531200051308	4340,625	0,506664335727692	
4343,75	-0,111752204596996	4343,75	0,507544577121735	
4346,875	-0,109669759869576	4346,875	0,507586359977722	
4350	-0,108113139867783	4350	0,507731020450592	
4353,125	-0,109074704349041	4353,125	0,508037388324738	
4356,25	-0,107509262859821	4356,25	0,508232533931732	
4359,375	-0,105304032564163	4359,375	0,506480395793915	
4362,5	-0,105311900377274	4362,5	0,510156989097595	
4365,625	-0,105484522879124	4365,625	0,511665821075439	
4368,75	-0,101993173360825	4368,75	0,512460887432098	
4371,875	-0,102152787148952	4371,875	0,509045481681824	
4375	-0,100023001432419	4375	0,508294701576233	
4378,125	-0,097383588552475	4378,125	0,512882888317108	
4381,25	-0,0970711708068848	4381,25	0,511433720588684	
4384,375	-0,0964132472872734	4384,375	0,510610997676849	
4387,5	-0,0965290814638138	4387,5	0,508741855621338	
4390,625	-0,0947013348340988	4390,625	0,510111212730408	
4393,75	-0,0932823568582535	4393,75	0,511838853359222	
4396,875	-0,0935843214392662	4396,875	0,513700306415558	
4400	-0,0917440801858902	4400	0,512427806854248	
4403,125	-0,0896883234381676	4403,125	0,510890662670136	
4406,25	-0,0892955884337425	4406,25	0,510930061340332	
4409,375	-0,0864709466695786	4409,375	0,513435959815979	
4412,5	-0,085900641977787	4412,5	0,51336807012558	
4415,625	-0,0853429064154625	4415,625	0,512676775455475	
4418,75	-0,0841211900115013	4418,75	0,513168275356293	
4421,875	-0,0830668434500694	4421,875	0,51450115442276	
4425	-0,0817473903298378	4425	0,513012528419495	
4428,125	-0,0804568529129028	4428,125	0,514104723930359	
4431,25	-0,082481749355793	4431,25	0,515958547592163	
4434,375	-0,0778856799006462	4434,375	0,516011118888855	
4437,5	-0,0769222602248192	4437,5	0,51477313041687	
4440,625	-0,0756837129592896	4440,625	0,515141606330872	
4443,75	-0,0739182010293007	4443,75	0,511836409568787	
4446,875	-0,0739162340760231	4446,875	0,513999760150909	
4450	-0,073813408613205	4450	0,515652596950531	
4453,125	-0,0712542906403542	4453,125	0,51543664932251	
4456,25	-0,0714548826217651	4456,25	0,513228952884674	
4459,375	-0,0674374178051949	4459,375	0,51287454366684	
4462,5	-0,0644026398658752	4462,5	0,517896950244904	
4465,625	-0,0659336745738983	4465,625	0,515642106533051	
4468,75	-0,0656064748764038	4468,75	0,516256153583527	
4471,875	-0,0597024410963058	4471,875	0,5133997797966	
4475	-0,0604720003902912	4475	0,513150095939636	
4478,125	-0,0620604977011681	4478,125	0,512531638145447	
4481,25	-0,0549078397452831	4481,25	0,515836179256439	
4484,375	-0,0537677370011806	4484,375	0,516090273857117	
4487,5	-0,0549944192171097	4487,5	0,513173460960388	
4490,625	-0,0541269071400166	4490,625	0,513878107070923	
4493,75	-0,051560714840889	4493,75	0,514082491397858	
4496,875	-0,0484233573079109	4496,875	0,511127710342407	
4500	-0,0502915196120739	4500	0,514169454574585	
4503,125	-0,0468132682144642	4503,125	0,514444530010223	
4506,25	-0,0453913472592831	4506,25	0,514763355255127	
4509,375	-0,0447052754461765	4509,375	0,514614820480347	
4512,5	-0,0447176620364189	4512,5	0,510424435138702	
4515,625	-0,0423384606838226	4515,625	0,510820508003235	
4518,75	-0,0427936278283596	4518,75	0,513975024223328	
4521,875	-0,0412192195653915	4521,875	0,513101875782013	
4525	-0,0386766344308853	4525	0,51038008928299	
4528,125	-0,0363927260041237	4528,125	0,50855541229248	
4531,25	-0,0345648489892483	4531,25	0,508309185504913	
4534,375	-0,034865565598011	4534,375	0,509332180023193	
4537,5	-0,0329591110348701	4537,5	0,508940041065216	
4540,625	-0,0307289138436317	4540,625	0,507178723812103	
4543,75	-0,0294969547539949	4543,75	0,508558511734009	
4546,875	-0,0287943128496408	4546,875	0,508477330207825	
4550	-0,0282520689070225	4550	0,508787870407104	
4553,125	-0,0268598217517138	4553,125	0,506983876228333	
4556,25	-0,0240795258432627	4556,25	0,50692892074585	
4559,375	-0,0277984440326691	4559,375	0,507827162742615	
4562,5	-0,0181488730013371	4562,5	0,508518397808075	
4565,625	-0,0204167570918798	4565,625	0,507718801498413	
4568,75	-0,0189508758485317	4568,75	0,508864462375641	
4571,875	-0,0191358327865601	4571,875	0,506892740726471	
4575	-0,0170998238027096	4575	0,505350112915039	
4578,125	-0,016155369579792	4578,125	0,503824889659882	
4581,25	-0,0130342617630959	4581,25	0,502745389938354	
4584,375	-0,0110434126108885	4584,375	0,503643929958344	
4587,5	-0,0112737221643329	4587,5	0,504678308963776	
4590,625	-0,00862866267561913	4590,625	0,504642128944397	
4593,75	-0,0069366586394608	4593,75	0,50440913438797	
4596,875	-0,00650247279554605	4596,875	0,501911282539368	
4600	-0,00438837660476565	4600	0,503918349742889	
4603,125	-0,00155397946946323	4603,125	0,504620552062988	
4606,25	-0,00216163485310972	4606,25	0,501633942127228	
4609,375	-0,00171598338056356	4609,375	0,503139972686768	
4612,5	0,00168680853676051	4612,5	0,501742541790009	
4615,625	0,00191798759624362	4615,625	0,4998379945755	
4618,75	0,00373969646170735	4618,75	0,501811265945435	
4621,875	0,00314148026518524	4621,875	0,499486327171326	
4625	0,00939036346971989	4625	0,495902866125107	
4628,125	0,0103236548602581	4628,125	0,498201280832291	
4631,25	0,0106295607984066	4631,25	0,497732371091843	
4634,375	0,0144247645512223	4634,375	0,498948395252228	
4637,5	0,0125866960734129	4637,5	0,498103141784668	
4640,625	0,0130574963986874	4640,625	0,497843772172928	
4643,75	0,0178411025553942	4643,75	0,496813207864761	
4646,875	0,0169352795928717	4646,875	0,496135175228119	
4650	0,0189900025725365	4650	0,495650291442871	
4653,125	0,021824499592185	4653,125	0,496300309896469	
4656,25	0,0234234221279621	4656,25	0,49591389298439	
4659,375	0,0225779451429844	4659,375	0,495484322309494	
4662,5	0,0253458917140961	4662,5	0,499883651733398	
4665,625	0,0296254642307758	4665,625	0,495476990938187	
4668,75	0,0279364585876465	4668,75	0,493693739175797	
4671,875	0,0334282405674458	4671,875	0,492594867944717	
4675	0,0336656048893929	4675	0,492140978574753	
4678,125	0,0350589156150818	4678,125	0,494083613157272	
4681,25	0,0356189757585526	4681,25	0,489939242601395	
4684,375	0,0379810556769371	4684,375	0,492569416761398	
4687,5	0,0409112758934498	4687,5	0,493056952953339	
4690,625	0,040669322013855	4690,625	0,490788966417313	
4693,75	0,041547853499651	4693,75	0,490042924880981	
4696,875	0,0444252714514732	4696,875	0,491010218858719	
4700	0,045144896954298	4700	0,492405116558075	
4703,125	0,0482777245342731	4703,125	0,490173012018204	
4706,25	0,0499668456614017	4706,25	0,489994764328003	
4709,375	0,0521981418132782	4709,375	0,490653902292252	
4712,5	0,0533482693135738	4712,5	0,490829169750214	
4715,625	0,0553635098040104	4715,625	0,489211231470108	
4718,75	0,0565282069146633	4718,75	0,486830115318298	
4721,875	0,0581316389143467	4721,875	0,488644927740097	
4725	0,0585928708314896	4725	0,489429265260696	
4728,125	0,0609966740012169	4728,125	0,488477021455765	
4731,25	0,063467912375927	4731,25	0,490228086709976	
4734,375	0,0640140250325203	4734,375	0,490596532821655	
4737,5	0,0671689510345459	4737,5	0,489662647247314	
4740,625	0,0689875259995461	4740,625	0,488262534141541	
4743,75	0,0713665336370468	4743,75	0,487346619367599	
4746,875	0,0718040987849236	4746,875	0,48710423707962	
4750	0,0736736953258514	4750	0,488186836242676	
4753,125	0,0779839158058167	4753,125	0,489611834287643	
4756,25	0,0781781449913979	4756,25	0,489122450351715	
4759,375	0,081476591527462	4759,375	0,487536132335663	
4762,5	0,0832269191741943	4762,5	0,487842947244644	
4765,625	0,0836666971445084	4765,625	0,488875567913055	
4768,75	0,0855046957731247	4768,75	0,489238083362579	
4771,875	0,0869018584489822	4771,875	0,489732623100281	
4775	0,092733770608902	4775	0,48721182346344	
4778,125	0,0939062088727951	4778,125	0,490140318870544	
4781,25	0,0943983495235443	4781,25	0,489545434713364	
4784,375	0,0968048721551895	4784,375	0,490403980016708	
4787,5	0,101087637245655	4787,5	0,489101529121399	
4790,625	0,102286718785763	4790,625	0,487971365451813	
4793,75	0,106433212757111	4793,75	0,490234464406967	
4796,875	0,107032477855682	4796,875	0,490338683128357	
4800	0,108644269406796	4800	0,488268584012985	
4803,125	0,113646037876606	4803,125	0,488158792257309	
4806,25	0,116268984973431	4806,25	0,489758491516113	
4809,375	0,116639226675034	4809,375	0,490495651960373	
4812,5	0,121153146028519	4812,5	0,49108874797821	
4815,625	0,121417842805386	4815,625	0,490749448537827	
4818,75	0,122327730059624	4818,75	0,490648746490479	
4821,875	0,126971334218979	4821,875	0,490216761827469	
4825	0,128194451332092	4825	0,490145295858383	
4828,125	0,130520090460777	4828,125	0,488907754421234	
4831,25	0,132470488548279	4831,25	0,488438338041306	
4834,375	0,136761039495468	4834,375	0,490537792444229	
4837,5	0,138742953538895	4837,5	0,49037966132164	
4840,625	0,141395002603531	4840,625	0,48972362279892	
4843,75	0,142697393894196	4843,75	0,490719884634018	
4846,875	0,145539596676826	4846,875	0,491589725017548	
4850	0,149802669882774	4850	0,491373836994171	
4853,125	0,151862442493439	4853,125	0,491919726133347	
4856,25	0,153559774160385	4856,25	0,491337567567825	
4859,375	0,157163947820663	4859,375	0,491075843572617	
4862,5	0,157434925436974	4862,5	0,489264190196991	
4865,625	0,160812273621559	4865,625	0,48952928185463	
4868,75	0,162794470787048	4868,75	0,490231037139893	
4871,875	0,165948197245598	4871,875	0,491170108318329	
4875	0,166954174637794	4875	0,489934176206589	
4878,125	0,17219340801239	4878,125	0,488984912633896	
4881,25	0,174034550786018	4881,25	0,490340203046799	
4884,375	0,175362214446068	4884,375	0,488830178976059	
4887,5	0,177183493971825	4887,5	0,489029079675674	
4890,625	0,181083858013153	4890,625	0,486077398061752	
4893,75	0,183532208204269	4893,75	0,485334903001785	
4896,875	0,184668883681297	4896,875	0,487239718437195	
4900	0,186729654669762	4900	0,487196862697601	
4903,125	0,18684133887291	4903,125	0,486421465873718	
4906,25	0,187602460384369	4906,25	0,484388649463654	
4909,375	0,192711487412453	4909,375	0,483791381120682	
4912,5	0,194347336888313	4912,5	0,485042124986649	
4915,625	0,195147514343262	4915,625	0,487021774053574	
4918,75	0,19620443880558	4918,75	0,485573828220367	
4921,875	0,19745759665966	4921,875	0,485419481992722	
4925	0,199810087680817	4925	0,485877454280853	
4928,125	0,202436417341232	4928,125	0,486519366502762	
4931,25	0,202884927392006	4931,25	0,487085372209549	
4934,375	0,20434907078743	4934,375	0,486580848693848	
4937,5	0,205647468566895	4937,5	0,485133051872253	
4940,625	0,20803439617157	4940,625	0,48652121424675	
4943,75	0,208851888775826	4943,75	0,4890096783638	
4946,875	0,210403755307198	4946,875	0,48859515786171	
4950	0,213590547442436	4950	0,489255964756012	
4953,125	0,212147280573845	4953,125	0,490997016429901	
4956,25	0,213320896029472	4956,25	0,49204432964325	
4959,375	0,213931679725647	4959,375	0,493956446647644	
4962,5	0,216518983244896	4962,5	0,495487034320831	
4965,625	0,219802677631378	4965,625	0,493822008371353	
4968,75	0,22169141471386	4968,75	0,49578133225441	
4971,875	0,223669558763504	4971,875	0,496946036815643	
4975	0,223487555980682	4975	0,498237282037735	
				
