Frequency in Hz	Wool_98 Normalized Surface Impedance continuous Re	Frequency in Hz	Wool_98 Normalized Surface Impedance continuous Im	
100	3,24480533599854	100	-14,6257600784302	
103,125	4,61657476425171	103,125	-15,0644998550415	
106,25	2,46133732795715	106,25	-12,3657646179199	
109,375	2,14096212387085	109,375	-14,1100749969482	
112,5	2,91891407966614	112,5	-13,0670909881592	
115,625	2,4976019859314	115,625	-12,195728302002	
118,75	2,4800021648407	118,75	-12,9947757720947	
121,875	3,03617262840271	121,875	-11,829683303833	
125	2,13992762565613	125	-12,2188749313354	
128,125	1,80679333209991	128,125	-11,4285106658936	
131,25	1,84243512153625	131,25	-11,5553359985352	
134,375	1,25751972198486	134,375	-11,7881898880005	
137,5	2,17198252677917	137,5	-10,1505994796753	
140,625	2,60964107513428	140,625	-10,6528072357178	
143,75	2,33890986442566	143,75	-10,0122680664063	
146,875	1,79645967483521	146,875	-11,1353578567505	
150	2,1019082069397	150	-10,1339540481567	
153,125	1,69300973415375	153,125	-9,53192520141602	
156,25	1,79044473171234	156,25	-9,772047996521	
159,375	1,64809417724609	159,375	-9,52906227111816	
162,5	1,57681262493134	162,5	-9,57560634613037	
165,625	1,78636837005615	165,625	-9,46008205413818	
168,75	1,45344007015228	168,75	-8,73696804046631	
171,875	1,84069097042084	171,875	-8,9720516204834	
175	1,84948587417603	175	-8,54452610015869	
178,125	1,49045062065125	178,125	-8,57985401153564	
181,25	1,54403555393219	181,25	-8,6692419052124	
184,375	1,72704172134399	184,375	-8,49915885925293	
187,5	1,74905824661255	187,5	-7,99679040908813	
190,625	1,84337377548218	190,625	-8,12328720092773	
193,75	1,67490112781525	193,75	-7,66283321380615	
196,875	1,67035734653473	196,875	-7,87319755554199	
200	1,43820476531982	200	-7,99715709686279	
203,125	1,31294167041779	203,125	-8,0813684463501	
206,25	1,31310546398163	206,25	-7,33790826797485	
209,375	1,43309485912323	209,375	-7,46753883361816	
212,5	1,3038547039032	212,5	-7,7592339515686	
215,625	1,40045857429504	215,625	-7,12016344070435	
218,75	1,42032587528229	218,75	-7,37742280960083	
221,875	1,36026418209076	221,875	-7,07973432540894	
225	1,47044825553894	225	-7,01553297042847	
228,125	1,45896351337433	228,125	-6,90183258056641	
231,25	1,42410612106323	231,25	-6,87843179702759	
234,375	1,44409441947937	234,375	-6,73200607299805	
237,5	1,2905501127243	237,5	-6,85557889938354	
240,625	1,07605803012848	240,625	-6,50838375091553	
243,75	1,18597829341888	243,75	-6,57854795455933	
246,875	1,35302746295929	246,875	-6,41429090499878	
250	1,36128115653992	250	-6,35833740234375	
253,125	1,21987879276276	253,125	-6,33670234680176	
256,25	1,19616961479187	256,25	-6,15155744552612	
259,375	1,33489394187927	259,375	-6,15269947052002	
262,5	1,17674744129181	262,5	-6,06216430664063	
265,625	1,05847322940826	265,625	-5,96529197692871	
268,75	1,15349686145782	268,75	-5,99543142318726	
271,875	1,12635695934296	271,875	-5,81037998199463	
275	1,04603433609009	275	-5,82777786254883	
278,125	1,09350311756134	278,125	-5,66849184036255	
281,25	1,09784817695618	281,25	-5,67343902587891	
284,375	1,07708203792572	284,375	-5,63167858123779	
287,5	0,950931549072266	287,5	-5,77008247375488	
290,625	0,964263021945953	290,625	-5,33440065383911	
293,75	0,938572406768799	293,75	-5,35868215560913	
296,875	0,971221506595612	296,875	-5,2812967300415	
300	0,993186891078949	300	-5,18766641616821	
303,125	0,944287240505219	303,125	-5,07690477371216	
306,25	0,981499075889587	306,25	-5,0002179145813	
309,375	1,04120397567749	309,375	-4,94523668289185	
312,5	1,0905886888504	312,5	-4,77506256103516	
315,625	1,33117997646332	315,625	-4,81768846511841	
318,75	1,30659508705139	318,75	-4,76771020889282	
321,875	1,30062067508698	321,875	-4,9312047958374	
325	1,31789362430573	325	-5,00780200958252	
328,125	1,37965655326843	328,125	-5,00574445724487	
331,25	1,11847531795502	331,25	-4,95564270019531	
334,375	1,08044445514679	334,375	-4,93757772445679	
337,5	1,12980675697327	337,5	-4,93638229370117	
340,625	1,03931188583374	340,625	-4,89992904663086	
343,75	1,0175222158432	343,75	-4,7609601020813	
346,875	0,988802194595337	346,875	-4,75527000427246	
350	1,01505994796753	350	-4,74147319793701	
353,125	0,981282711029053	353,125	-4,73214292526245	
356,25	0,869039475917816	356,25	-4,66535091400146	
359,375	0,832681655883789	359,375	-4,52633905410767	
362,5	0,873225629329681	362,5	-4,50304698944092	
365,625	0,967436730861664	365,625	-4,4590106010437	
368,75	0,847111999988556	368,75	-4,48231601715088	
371,875	0,679361283779144	371,875	-4,48289918899536	
375	1,01001358032227	375	-4,26988792419434	
378,125	0,912015914916992	378,125	-4,2405948638916	
381,25	0,833806574344635	381,25	-4,3993821144104	
384,375	0,958668053150177	384,375	-4,21782970428467	
387,5	0,845295310020447	387,5	-4,08519649505615	
390,625	0,762346982955933	390,625	-4,05322504043579	
393,75	0,778463542461395	393,75	-4,24465560913086	
396,875	0,783332228660584	396,875	-4,23783540725708	
400	0,801080107688904	400	-4,23084783554077	
403,125	0,797448933124542	403,125	-4,2087550163269	
406,25	0,835670650005341	406,25	-4,084228515625	
409,375	0,873090922832489	409,375	-3,91428852081299	
412,5	0,825737178325653	412,5	-3,8109769821167	
415,625	0,711725354194641	415,625	-3,90703749656677	
418,75	0,808565318584442	418,75	-3,82723498344421	
421,875	0,726575016975403	421,875	-3,74395394325256	
425	0,756780445575714	425	-3,77686190605164	
428,125	0,828037917613983	428,125	-3,9082133769989	
431,25	0,719260394573212	431,25	-3,75183153152466	
434,375	0,750495076179504	434,375	-3,77721881866455	
437,5	0,746152281761169	437,5	-3,77326846122742	
440,625	0,7742959856987	440,625	-3,76760578155518	
443,75	0,750016212463379	443,75	-3,67505025863647	
446,875	0,780007421970367	446,875	-3,67590737342834	
450	0,695890843868256	450	-3,74504137039185	
453,125	0,688725888729095	453,125	-3,72534418106079	
456,25	0,629456162452698	456,25	-3,7196352481842	
459,375	0,654889285564423	459,375	-3,62153840065002	
462,5	0,653123736381531	462,5	-3,5193817615509	
465,625	0,632187604904175	465,625	-3,50820779800415	
468,75	0,641358852386475	468,75	-3,51078701019287	
471,875	0,621590673923492	471,875	-3,39436745643616	
475	0,643930852413177	475	-3,38776588439941	
478,125	0,696546614170074	478,125	-3,43110179901123	
481,25	0,646542727947235	481,25	-3,46327424049377	
484,375	0,655837416648865	484,375	-3,36667490005493	
487,5	0,672210991382599	487,5	-3,38868498802185	
490,625	0,661675930023193	490,625	-3,34909296035767	
493,75	0,681317090988159	493,75	-3,31071877479553	
496,875	0,675126194953918	496,875	-3,29689145088196	
500	0,609686136245728	500	-3,27662014961243	
503,125	0,608762681484222	503,125	-3,24486064910889	
506,25	0,608928084373474	506,25	-3,24420571327209	
509,375	0,582128465175629	509,375	-3,20775008201599	
512,5	0,606837928295136	512,5	-3,16278886795044	
515,625	0,626089096069336	515,625	-3,18270468711853	
518,75	0,633268415927887	518,75	-3,18350720405579	
521,875	0,592904984951019	521,875	-3,11131525039673	
525	0,60862797498703	525	-3,09326577186584	
528,125	0,581770241260529	528,125	-3,11259484291077	
531,25	0,593454539775848	531,25	-3,0672664642334	
534,375	0,59516966342926	534,375	-3,05437445640564	
537,5	0,589577198028564	537,5	-3,03401970863342	
540,625	0,58061671257019	540,625	-3,01598811149597	
543,75	0,600813865661621	543,75	-3,02095246315002	
546,875	0,557983815670013	546,875	-2,96480417251587	
550	0,574183702468872	550	-2,9612283706665	
553,125	0,582692980766296	553,125	-2,93265008926392	
556,25	0,648518562316895	556,25	-3,13485932350159	
559,375	0,673081278800964	559,375	-3,10411643981934	
562,5	0,667462646961212	562,5	-3,0940580368042	
565,625	0,654510974884033	565,625	-3,07312488555908	
568,75	0,662970900535584	568,75	-3,05691123008728	
571,875	0,666719853878021	571,875	-3,0467209815979	
575	0,649886071681976	575	-3,03064656257629	
578,125	0,668712854385376	578,125	-3,02126026153564	
581,25	0,643832921981812	581,25	-3,00839328765869	
584,375	0,63047844171524	584,375	-2,98561859130859	
587,5	0,629024207592011	587,5	-2,97829818725586	
590,625	0,635822653770447	590,625	-2,95896911621094	
593,75	0,633312463760376	593,75	-2,93992686271667	
596,875	0,628410875797272	596,875	-2,93705582618713	
600	0,617181360721588	600	-2,90515804290771	
603,125	0,618575513362885	603,125	-2,90431952476501	
606,25	0,615499138832092	606,25	-2,87915587425232	
609,375	0,606001138687134	609,375	-2,87940502166748	
612,5	0,601534068584442	612,5	-2,86060285568237	
615,625	0,594283401966095	615,625	-2,83434724807739	
618,75	0,592982292175293	618,75	-2,82602429389954	
621,875	0,589395821094513	621,875	-2,82199144363403	
625	0,597609758377075	625	-2,80091643333435	
628,125	0,587285220623016	628,125	-2,77321815490723	
631,25	0,599665701389313	631,25	-2,75336599349976	
634,375	0,596388697624207	634,375	-2,73996329307556	
637,5	0,587886571884155	637,5	-2,73021388053894	
640,625	0,591409087181091	640,625	-2,7323169708252	
643,75	0,578709781169891	643,75	-2,69904136657715	
646,875	0,588447153568268	646,875	-2,68729066848755	
650	0,572547197341919	650	-2,67660236358643	
653,125	0,582661807537079	653,125	-2,66511726379395	
656,25	0,588458716869354	656,25	-2,6531229019165	
659,375	0,582618713378906	659,375	-2,63027310371399	
662,5	0,573183596134186	662,5	-2,63279700279236	
665,625	0,563955664634705	665,625	-2,61967849731445	
668,75	0,57163542509079	668,75	-2,60192847251892	
671,875	0,578649401664734	671,875	-2,599454164505	
675	0,578823685646057	675	-2,57434630393982	
678,125	0,578349828720093	678,125	-2,55702352523804	
681,25	0,574314057826996	681,25	-2,55213665962219	
684,375	0,571530878543854	684,375	-2,54605269432068	
687,5	0,558673202991486	687,5	-2,54893207550049	
690,625	0,552397310733795	690,625	-2,50471472740173	
693,75	0,558249711990356	693,75	-2,51767873764038	
696,875	0,556260526180267	696,875	-2,50889015197754	
700	0,557964026927948	700	-2,4883394241333	
703,125	0,549755692481995	703,125	-2,48017740249634	
706,25	0,54861843585968	706,25	-2,48221039772034	
709,375	0,55540657043457	709,375	-2,47229552268982	
712,5	0,542909622192383	712,5	-2,4348840713501	
715,625	0,537893831729889	715,625	-2,44700217247009	
718,75	0,527259290218353	718,75	-2,44189715385437	
721,875	0,531029224395752	721,875	-2,42807197570801	
725	0,514816343784332	725	-2,42200803756714	
728,125	0,52054500579834	728,125	-2,40488004684448	
731,25	0,508130371570587	731,25	-2,40134572982788	
734,375	0,50256484746933	734,375	-2,39017724990845	
737,5	0,488967150449753	737,5	-2,38589668273926	
740,625	0,496788114309311	740,625	-2,35707974433899	
743,75	0,499007016420364	743,75	-2,33102321624756	
746,875	0,469869494438171	746,875	-2,31002402305603	
750	0,467540502548218	750	-2,29908299446106	
753,125	0,474251240491867	753,125	-2,29436349868774	
756,25	0,47938796877861	756,25	-2,28032112121582	
759,375	0,490760505199432	759,375	-2,27433705329895	
762,5	0,4790078997612	762,5	-2,27070164680481	
765,625	0,487043589353561	765,625	-2,25464534759521	
768,75	0,478742152452469	768,75	-2,22599601745605	
771,875	0,489680737257004	771,875	-2,20549845695496	
775	0,485922932624817	775	-2,20865297317505	
778,125	0,492157399654388	778,125	-2,20090889930725	
781,25	0,488660722970963	781,25	-2,18281769752502	
784,375	0,494107723236084	784,375	-2,16524362564087	
787,5	0,491386085748672	787,5	-2,14514780044556	
790,625	0,491178870201111	790,625	-2,13972759246826	
793,75	0,494947999715805	793,75	-2,14331817626953	
796,875	0,488185733556747	796,875	-2,14362955093384	
800	0,489654541015625	800	-2,12840008735657	
803,125	0,481356054544449	803,125	-2,13302302360535	
806,25	0,488315582275391	806,25	-2,11351847648621	
809,375	0,490266859531403	809,375	-2,06929779052734	
812,5	0,492407411336899	812,5	-2,09626269340515	
815,625	0,491931855678558	815,625	-2,10218906402588	
818,75	0,496033906936646	818,75	-2,06989336013794	
821,875	0,500065267086029	821,875	-2,06964492797852	
825	0,496882230043411	825	-2,09235024452209	
828,125	0,496378839015961	828,125	-2,0776469707489	
831,25	0,552623987197876	831,25	-2,0772397518158	
834,375	0,520363390445709	834,375	-2,02868485450745	
837,5	0,495844811201096	837,5	-2,02702474594116	
840,625	0,489310920238495	840,625	-2,016685962677	
843,75	0,499340653419495	843,75	-1,99863755702972	
846,875	0,48608660697937	846,875	-2,00150728225708	
850	0,475359916687012	850	-1,99486351013184	
853,125	0,479024827480316	853,125	-2,00089573860168	
856,25	0,501429498195648	856,25	-2,0074896812439	
859,375	0,514373898506165	859,375	-1,99027538299561	
862,5	0,503113150596619	862,5	-1,97651076316833	
865,625	0,497516483068466	865,625	-1,97351610660553	
868,75	0,492263406515121	868,75	-1,97279798984528	
871,875	0,488654285669327	871,875	-1,95509350299835	
875	0,505460560321808	875	-1,95032060146332	
878,125	0,496166914701462	878,125	-1,94241428375244	
881,25	0,501209735870361	881,25	-1,92784070968628	
884,375	0,54303365945816	884,375	-2,03671169281006	
887,5	0,556743621826172	887,5	-2,02869009971619	
890,625	0,549917876720428	890,625	-2,01541948318481	
893,75	0,529054999351501	893,75	-2,00976419448853	
896,875	0,533021450042725	896,875	-1,99607157707214	
900	0,535237371921539	900	-1,99900960922241	
903,125	0,540781617164612	903,125	-1,98816645145416	
906,25	0,537685573101044	906,25	-1,98026275634766	
909,375	0,524080395698547	909,375	-1,97912859916687	
912,5	0,519414901733398	912,5	-1,96074938774109	
915,625	0,522366583347321	915,625	-1,95111799240112	
918,75	0,53004401922226	918,75	-1,94453883171082	
921,875	0,536731362342834	921,875	-1,93834340572357	
925	0,534090042114258	925	-1,93294143676758	
928,125	0,52490234375	928,125	-1,93711090087891	
931,25	0,527125239372253	931,25	-1,91230082511902	
934,375	0,526950359344482	934,375	-1,90838170051575	
937,5	0,527997970581055	937,5	-1,89893388748169	
940,625	0,527178704738617	940,625	-1,89637684822083	
943,75	0,519193828105927	943,75	-1,88033545017242	
946,875	0,519675314426422	946,875	-1,87642014026642	
950	0,522562026977539	950	-1,87100946903229	
953,125	0,521799147129059	953,125	-1,87083506584167	
956,25	0,526003181934357	956,25	-1,85954535007477	
959,375	0,525446891784668	959,375	-1,84586322307587	
962,5	0,517943143844604	962,5	-1,83945345878601	
965,625	0,518470287322998	965,625	-1,83390009403229	
968,75	0,513938188552856	968,75	-1,83420979976654	
971,875	0,516572833061218	971,875	-1,81726133823395	
975	0,519497811794281	975	-1,81436729431152	
978,125	0,519242465496063	978,125	-1,80848026275635	
981,25	0,52302885055542	981,25	-1,79847478866577	
984,375	0,516498684883118	984,375	-1,79392409324646	
987,5	0,515760660171509	987,5	-1,78705954551697	
990,625	0,517635881900787	990,625	-1,78256356716156	
993,75	0,509537220001221	993,75	-1,77199840545654	
996,875	0,509518504142761	996,875	-1,7680811882019	
1000	0,506589949131012	1000	-1,75766718387604	
1003,125	0,510839223861694	1003,125	-1,75431144237518	
1006,25	0,510694086551666	1006,25	-1,7479966878891	
1009,375	0,509091138839722	1009,375	-1,73788380622864	
1012,5	0,510003745555878	1012,5	-1,73588061332703	
1015,625	0,505475044250488	1015,625	-1,7330709695816	
1018,75	0,503278076648712	1018,75	-1,71691358089447	
1021,875	0,505764245986938	1021,875	-1,71630871295929	
1025	0,506795406341553	1025	-1,70481967926025	
1028,125	0,505992949008942	1028,125	-1,70139384269714	
1031,25	0,501252412796021	1031,25	-1,69997572898865	
1034,375	0,501604616641998	1034,375	-1,6905472278595	
1037,5	0,502592146396637	1037,5	-1,68393981456757	
1040,625	0,499221742153168	1040,625	-1,67702484130859	
1043,75	0,500651776790619	1043,75	-1,67311131954193	
1046,875	0,503251016139984	1046,875	-1,66833961009979	
1050	0,494906663894653	1050	-1,6580730676651	
1053,125	0,490250170230865	1053,125	-1,65454936027527	
1056,25	0,491514921188354	1056,25	-1,64396035671234	
1059,375	0,491619497537613	1059,375	-1,6435341835022	
1062,5	0,488856017589569	1062,5	-1,63895165920258	
1065,625	0,485171884298325	1065,625	-1,62537837028503	
1068,75	0,492645144462585	1068,75	-1,62429463863373	
1071,875	0,492937862873077	1071,875	-1,61628305912018	
1075	0,48959493637085	1075	-1,61054015159607	
1078,125	0,482960551977158	1078,125	-1,60626232624054	
1081,25	0,490316271781921	1081,25	-1,58793497085571	
1084,375	0,48616173863411	1084,375	-1,58788704872131	
1087,5	0,485353350639343	1087,5	-1,5829735994339	
1090,625	0,486824482679367	1090,625	-1,57992601394653	
1093,75	0,484583556652069	1093,75	-1,57516372203827	
1096,875	0,485653102397919	1096,875	-1,56461977958679	
1100	0,485520541667938	1100	-1,55660343170166	
1103,125	0,484247893095016	1103,125	-1,54966735839844	
1106,25	0,490450918674469	1106,25	-1,54801058769226	
1109,375	0,479614973068237	1109,375	-1,53632295131683	
1112,5	0,478667974472046	1112,5	-1,53734052181244	
1115,625	0,489517539739609	1115,625	-1,5290949344635	
1118,75	0,476710677146912	1118,75	-1,52453005313873	
1121,875	0,48310187458992	1121,875	-1,52303671836853	
1125	0,478020429611206	1125	-1,51545417308807	
1128,125	0,472226709127426	1128,125	-1,51070499420166	
1131,25	0,475914627313614	1131,25	-1,49308156967163	
1134,375	0,479038506746292	1134,375	-1,49600863456726	
1137,5	0,470606237649918	1137,5	-1,49726891517639	
1140,625	0,465847134590149	1140,625	-1,47910904884338	
1143,75	0,47091144323349	1143,75	-1,47993195056915	
1146,875	0,470231056213379	1146,875	-1,47478210926056	
1150	0,475477039813995	1150	-1,4594486951828	
1153,125	0,479306310415268	1153,125	-1,45971119403839	
1156,25	0,472982406616211	1156,25	-1,46335864067078	
1159,375	0,466470569372177	1159,375	-1,44853174686432	
1162,5	0,472032189369202	1162,5	-1,45234596729279	
1165,625	0,474633067846298	1165,625	-1,44042909145355	
1168,75	0,473945170640945	1168,75	-1,43745911121368	
1171,875	0,47001776099205	1171,875	-1,43619608879089	
1175	0,470756202936172	1175	-1,4234710931778	
1178,125	0,47016254067421	1178,125	-1,42027032375336	
1181,25	0,470144957304001	1181,25	-1,42006433010101	
1184,375	0,469501465559006	1184,375	-1,40995490550995	
1187,5	0,466567695140839	1187,5	-1,39847922325134	
1190,625	0,467566043138504	1190,625	-1,39564907550812	
1193,75	0,467294275760651	1193,75	-1,40383267402649	
1196,875	0,47480633854866	1196,875	-1,39685904979706	
1200	0,469949543476105	1200	-1,37923741340637	
1203,125	0,469951450824738	1203,125	-1,3779057264328	
1206,25	0,480086624622345	1206,25	-1,37682914733887	
1209,375	0,467927664518356	1209,375	-1,35738980770111	
1212,5	0,464469075202942	1212,5	-1,34856927394867	
1215,625	0,468634486198425	1215,625	-1,35699284076691	
1218,75	0,466257840394974	1218,75	-1,34447062015533	
1221,875	0,470906645059586	1221,875	-1,34520494937897	
1225	0,470120877027512	1225	-1,34842646121979	
1228,125	0,46477684378624	1228,125	-1,32994198799133	
1231,25	0,466807931661606	1231,25	-1,33227443695068	
1234,375	0,466532558202744	1234,375	-1,33639252185822	
1237,5	0,457105100154877	1237,5	-1,32370698451996	
1240,625	0,464352071285248	1240,625	-1,31920278072357	
1243,75	0,460593342781067	1243,75	-1,31220054626465	
1246,875	0,461522161960602	1246,875	-1,30915081501007	
1250	0,466185808181763	1250	-1,29981052875519	
1253,125	0,45878541469574	1253,125	-1,29603016376495	
1256,25	0,458450496196747	1256,25	-1,2836662530899	
1259,375	0,459103673696518	1259,375	-1,28327524662018	
1262,5	0,461286395788193	1262,5	-1,28545796871185	
1265,625	0,462163239717484	1265,625	-1,28074550628662	
1268,75	0,458572804927826	1268,75	-1,27272868156433	
1271,875	0,462380826473236	1271,875	-1,26705932617188	
1275	0,459971964359283	1275	-1,26439523696899	
1278,125	0,46093937754631	1278,125	-1,25752258300781	
1281,25	0,456870526075363	1281,25	-1,25309944152832	
1284,375	0,458431720733643	1284,375	-1,25267469882965	
1287,5	0,454975515604019	1287,5	-1,24955725669861	
1290,625	0,453238219022751	1290,625	-1,24145495891571	
1293,75	0,458306699991226	1293,75	-1,23977065086365	
1296,875	0,458021074533463	1296,875	-1,23075604438782	
1300	0,448605984449387	1300	-1,23068344593048	
1303,125	0,445978760719299	1303,125	-1,22569799423218	
1306,25	0,450263112783432	1306,25	-1,22326469421387	
1309,375	0,451582342386246	1309,375	-1,21617901325226	
1312,5	0,450172126293182	1312,5	-1,21188688278198	
1315,625	0,448350936174393	1315,625	-1,21054971218109	
1318,75	0,452441066503525	1318,75	-1,20272552967072	
1321,875	0,453746289014816	1321,875	-1,20147907733917	
1325	0,451216846704483	1325	-1,1975439786911	
1328,125	0,449561029672623	1328,125	-1,19149672985077	
1331,25	0,451961010694504	1331,25	-1,18704104423523	
1334,375	0,446457147598267	1334,375	-1,17948973178864	
1337,5	0,449101001024246	1337,5	-1,17900419235229	
1340,625	0,452099025249481	1340,625	-1,17289447784424	
1343,75	0,450404018163681	1343,75	-1,17273509502411	
1346,875	0,452085971832275	1346,875	-1,16612780094147	
1350	0,449238657951355	1350	-1,16226029396057	
1353,125	0,448932260274887	1353,125	-1,161776304245	
1356,25	0,441635072231293	1356,25	-1,15245974063873	
1359,375	0,448546707630157	1359,375	-1,14983177185059	
1362,5	0,448696404695511	1362,5	-1,14503180980682	
1365,625	0,446646690368652	1365,625	-1,14269065856934	
1368,75	0,448153555393219	1368,75	-1,1404789686203	
1371,875	0,44591149687767	1371,875	-1,13385331630707	
1375	0,441127598285675	1375	-1,13167858123779	
1378,125	0,440560877323151	1378,125	-1,13253223896027	
1381,25	0,437015950679779	1381,25	-1,12027680873871	
1384,375	0,436319828033447	1384,375	-1,11854195594788	
1387,5	0,438885450363159	1387,5	-1,11828410625458	
1390,625	0,441982835531235	1390,625	-1,11284959316254	
1393,75	0,442443132400513	1393,75	-1,10719072818756	
1396,875	0,440256416797638	1396,875	-1,10328161716461	
1400	0,442482203245163	1400	-1,09860348701477	
1403,125	0,438982456922531	1403,125	-1,09520423412323	
1406,25	0,436483412981033	1406,25	-1,09178066253662	
1409,375	0,436632186174393	1409,375	-1,08576011657715	
1412,5	0,439273923635483	1412,5	-1,08437824249268	
1415,625	0,436517864465714	1415,625	-1,07856965065002	
1418,75	0,435050487518311	1418,75	-1,07603931427002	
1421,875	0,437591075897217	1421,875	-1,07364797592163	
1425	0,43681275844574	1425	-1,07168889045715	
1428,125	0,431155234575272	1428,125	-1,06234896183014	
1431,25	0,434425354003906	1431,25	-1,06198179721832	
1434,375	0,43556410074234	1434,375	-1,05789399147034	
1437,5	0,438897699117661	1437,5	-1,05045485496521	
1440,625	0,437803357839584	1440,625	-1,05516028404236	
1443,75	0,431512266397476	1443,75	-1,04132056236267	
1446,875	0,436442017555237	1446,875	-1,04317450523376	
1450	0,436437159776688	1450	-1,03839492797852	
1453,125	0,436103045940399	1453,125	-1,03510475158691	
1456,25	0,433521419763565	1456,25	-1,0294052362442	
1459,375	0,435281008481979	1459,375	-1,02760350704193	
1462,5	0,43781054019928	1462,5	-1,02447187900543	
1465,625	0,433477014303207	1465,625	-1,02202522754669	
1468,75	0,434449255466461	1468,75	-1,01441192626953	
1471,875	0,432793527841568	1471,875	-1,01076984405518	
1475	0,432167708873749	1475	-1,01026332378387	
1478,125	0,432911276817322	1478,125	-1,00516736507416	
1481,25	0,435708612203598	1481,25	-1,00255513191223	
1484,375	0,433155685663223	1484,375	-0,994487643241882	
1487,5	0,427114129066467	1487,5	-0,994816601276398	
1490,625	0,42810270190239	1490,625	-0,990677773952484	
1493,75	0,426195025444031	1493,75	-0,987001180648804	
1496,875	0,427276432514191	1496,875	-0,988747954368591	
1500	0,424861699342728	1500	-0,978655695915222	
1503,125	0,427276045084	1503,125	-0,973974943161011	
1506,25	0,430342853069305	1506,25	-0,973256051540375	
1509,375	0,423969566822052	1509,375	-0,966221868991852	
1512,5	0,424345016479492	1512,5	-0,962273418903351	
1515,625	0,421590566635132	1515,625	-0,960242211818695	
1518,75	0,4271559715271	1518,75	-0,956549286842346	
1521,875	0,427872389554977	1521,875	-0,957292675971985	
1525	0,418881624937058	1525	-0,9481241106987	
1528,125	0,427352845668793	1528,125	-0,944685339927673	
1531,25	0,426095694303513	1531,25	-0,942163646221161	
1534,375	0,427465587854385	1534,375	-0,938050210475922	
1537,5	0,421490252017975	1537,5	-0,93472695350647	
1540,625	0,423260658979416	1540,625	-0,935100734233856	
1543,75	0,42037445306778	1543,75	-0,922649323940277	
1546,875	0,423878371715546	1546,875	-0,92297351360321	
1550	0,420661062002182	1550	-0,917512774467468	
1553,125	0,420439213514328	1553,125	-0,917730987071991	
1556,25	0,421682178974152	1556,25	-0,910988450050354	
1559,375	0,421079754829407	1559,375	-0,908467054367065	
1562,5	0,420297831296921	1562,5	-0,904509842395782	
1565,625	0,423790216445923	1565,625	-0,898356974124908	
1568,75	0,417068511247635	1568,75	-0,898592054843903	
1571,875	0,420249730348587	1571,875	-0,894568681716919	
1575	0,420732885599136	1575	-0,894719362258911	
1578,125	0,424060821533203	1578,125	-0,889698386192322	
1581,25	0,419578075408936	1581,25	-0,884503960609436	
1584,375	0,423310130834579	1584,375	-0,884393870830536	
1587,5	0,41958624124527	1587,5	-0,876907348632813	
1590,625	0,413038700819016	1590,625	-0,871940135955811	
1593,75	0,414889305830002	1593,75	-0,867527067661285	
1596,875	0,416847169399261	1596,875	-0,866000831127167	
1600	0,414484620094299	1600	-0,865359902381897	
1603,125	0,413422673940659	1603,125	-0,863399505615234	
1606,25	0,412891387939453	1606,25	-0,857516050338745	
1609,375	0,422089070081711	1609,375	-0,854060292243958	
1612,5	0,424878031015396	1612,5	-0,846220433712006	
1615,625	0,419642895460129	1615,625	-0,843595325946808	
1618,75	0,415275812149048	1618,75	-0,842554450035095	
1621,875	0,41718927025795	1621,875	-0,840864479541779	
1625	0,415761500597	1625	-0,835941255092621	
1628,125	0,417611360549927	1628,125	-0,835842072963715	
1631,25	0,416229546070099	1631,25	-0,828012347221375	
1634,375	0,413569927215576	1634,375	-0,826852202415466	
1637,5	0,410644888877869	1637,5	-0,82418966293335	
1640,625	0,421433001756668	1640,625	-0,824916005134583	
1643,75	0,416212052106857	1643,75	-0,807794332504272	
1646,875	0,414849281311035	1646,875	-0,813459992408752	
1650	0,410485595464706	1650	-0,81156861782074	
1653,125	0,413577735424042	1653,125	-0,806876063346863	
1656,25	0,413556158542633	1656,25	-0,804579734802246	
1659,375	0,413798004388809	1659,375	-0,80379182100296	
1662,5	0,413790017366409	1662,5	-0,801017045974731	
1665,625	0,408353328704834	1665,625	-0,794430375099182	
1668,75	0,409065723419189	1668,75	-0,794081032276154	
1671,875	0,408141255378723	1671,875	-0,790284872055054	
1675	0,411503702402115	1675	-0,783365368843079	
1678,125	0,408591836690903	1678,125	-0,778484702110291	
1681,25	0,408785134553909	1681,25	-0,780091285705566	
1684,375	0,413648992776871	1684,375	-0,768949329853058	
1687,5	0,412141799926758	1687,5	-0,767828464508057	
1690,625	0,413353621959686	1690,625	-0,766267359256744	
1693,75	0,41770339012146	1693,75	-0,764823377132416	
1696,875	0,411701709032059	1696,875	-0,758076786994934	
1700	0,412367284297943	1700	-0,756067156791687	
1703,125	0,40983247756958	1703,125	-0,754680931568146	
1706,25	0,410023003816605	1706,25	-0,750320196151733	
1709,375	0,412034064531326	1709,375	-0,74414598941803	
1712,5	0,411928176879883	1712,5	-0,743489325046539	
1715,625	0,412255465984344	1715,625	-0,739585518836975	
1718,75	0,408928692340851	1718,75	-0,738361537456512	
1721,875	0,408706575632095	1721,875	-0,734303057193756	
1725	0,410407871007919	1725	-0,726519882678986	
1728,125	0,409001380205154	1728,125	-0,727819085121155	
1731,25	0,407673478126526	1731,25	-0,726685643196106	
1734,375	0,404996663331985	1734,375	-0,721431732177734	
1737,5	0,409001857042313	1737,5	-0,718268573284149	
1740,625	0,407961815595627	1740,625	-0,719269812107086	
1743,75	0,410609871149063	1743,75	-0,710216224193573	
1746,875	0,412250190973282	1746,875	-0,708617329597473	
1750	0,410759717226028	1750	-0,708491921424866	
1753,125	0,409321904182434	1753,125	-0,703687250614166	
1756,25	0,408083498477936	1756,25	-0,699208498001099	
1759,375	0,408727288246155	1759,375	-0,701321542263031	
1762,5	0,408185571432114	1762,5	-0,696060240268707	
1765,625	0,408071875572205	1765,625	-0,691697537899017	
1768,75	0,409274250268936	1768,75	-0,687131762504578	
1771,875	0,408103048801422	1771,875	-0,686675608158112	
1775	0,408331900835037	1775	-0,685378909111023	
1778,125	0,406784743070602	1778,125	-0,681451678276062	
1781,25	0,408076524734497	1781,25	-0,677170395851135	
1784,375	0,40677472949028	1784,375	-0,675424456596375	
1787,5	0,402964323759079	1787,5	-0,674174010753632	
1790,625	0,406525045633316	1790,625	-0,669014871120453	
1793,75	0,401547640562058	1793,75	-0,664718270301819	
1796,875	0,403499633073807	1796,875	-0,665094614028931	
1800	0,406715244054794	1800	-0,664379775524139	
1803,125	0,402924925088882	1803,125	-0,655614495277405	
1806,25	0,405681669712067	1806,25	-0,655286192893982	
1809,375	0,405859142541885	1809,375	-0,650816142559052	
1812,5	0,405725657939911	1812,5	-0,653378665447235	
1815,625	0,401441782712936	1815,625	-0,644052803516388	
1818,75	0,406139314174652	1818,75	-0,643028616905212	
1821,875	0,404031038284302	1821,875	-0,63996297121048	
1825	0,402734696865082	1825	-0,637966096401215	
1828,125	0,402352154254913	1828,125	-0,63583505153656	
1831,25	0,405226439237595	1831,25	-0,633353412151337	
1834,375	0,404232829809189	1834,375	-0,628717660903931	
1837,5	0,403393268585205	1837,5	-0,627276659011841	
1840,625	0,398333489894867	1840,625	-0,624436914920807	
1843,75	0,400358110666275	1843,75	-0,620762467384338	
1846,875	0,398378878831863	1846,875	-0,617323637008667	
1850	0,399349421262741	1850	-0,615150809288025	
1853,125	0,398394972085953	1853,125	-0,613561034202576	
1856,25	0,402552932500839	1856,25	-0,61116623878479	
1859,375	0,400126963853836	1859,375	-0,608336389064789	
1862,5	0,399504363536835	1862,5	-0,601347506046295	
1865,625	0,399906873703003	1865,625	-0,601858615875244	
1868,75	0,401666134595871	1868,75	-0,600680351257324	
1871,875	0,400002330541611	1871,875	-0,596149504184723	
1875	0,397920727729797	1875	-0,595808088779449	
1878,125	0,399944305419922	1878,125	-0,591603457927704	
1881,25	0,39807516336441	1881,25	-0,587077379226685	
1884,375	0,395870864391327	1884,375	-0,585705578327179	
1887,5	0,396203845739365	1887,5	-0,582308769226074	
1890,625	0,399691700935364	1890,625	-0,578076124191284	
1893,75	0,400255471467972	1893,75	-0,576618790626526	
1896,875	0,401265293359756	1896,875	-0,573468744754791	
1900	0,399047881364822	1900	-0,571417629718781	
1903,125	0,400073736906052	1903,125	-0,56829160451889	
1906,25	0,399079978466034	1906,25	-0,56304931640625	
1909,375	0,398506164550781	1909,375	-0,562372922897339	
1912,5	0,398779153823853	1912,5	-0,562196850776672	
1915,625	0,398597061634064	1915,625	-0,557114899158478	
1918,75	0,398324280977249	1918,75	-0,551548719406128	
1921,875	0,396232038736343	1921,875	-0,553413093090057	
1925	0,393144220113754	1925	-0,551986873149872	
1928,125	0,396566063165665	1928,125	-0,546174764633179	
1931,25	0,397066652774811	1931,25	-0,544941186904907	
1934,375	0,39533132314682	1934,375	-0,542032361030579	
1937,5	0,395084947347641	1937,5	-0,540812969207764	
1940,625	0,394568800926209	1940,625	-0,537800848484039	
1943,75	0,39427375793457	1943,75	-0,53260862827301	
1946,875	0,395526915788651	1946,875	-0,530309915542603	
1950	0,395161926746368	1950	-0,529426574707031	
1953,125	0,392142474651337	1953,125	-0,523378610610962	
1956,25	0,393146723508835	1956,25	-0,523049414157867	
1959,375	0,392891377210617	1959,375	-0,520416080951691	
1962,5	0,389986097812653	1962,5	-0,52059942483902	
1965,625	0,392813414335251	1965,625	-0,518619954586029	
1968,75	0,39157372713089	1968,75	-0,51614773273468	
1971,875	0,393918067216873	1971,875	-0,510566234588623	
1975	0,39385262131691	1975	-0,5081946849823	
1978,125	0,389708250761032	1978,125	-0,504974544048309	
1981,25	0,392527788877487	1981,25	-0,507808029651642	
1984,375	0,393375664949417	1984,375	-0,501503765583038	
1987,5	0,393155246973038	1987,5	-0,499617993831635	
1990,625	0,389803171157837	1990,625	-0,49713459610939	
1993,75	0,39153665304184	1993,75	-0,492495566606522	
1996,875	0,389742016792297	1996,875	-0,490824609994888	
2000	0,387125909328461	2000	-0,48870787024498	
2003,125	0,385788470506668	2003,125	-0,488845407962799	
2006,25	0,38500252366066	2006,25	-0,483109205961227	
2009,375	0,388596892356873	2009,375	-0,479328334331512	
2012,5	0,390785545110703	2012,5	-0,47825363278389	
2015,625	0,388866513967514	2015,625	-0,474385976791382	
2018,75	0,390193253755569	2018,75	-0,472990125417709	
2021,875	0,38680511713028	2021,875	-0,471842259168625	
2025	0,38598507642746	2025	-0,468335896730423	
2028,125	0,388774991035461	2028,125	-0,46779391169548	
2031,25	0,393907874822617	2031,25	-0,46455579996109	
2034,375	0,386807441711426	2034,375	-0,459629565477371	
2037,5	0,386967152357101	2037,5	-0,460670560598373	
2040,625	0,391195178031921	2040,625	-0,453804820775986	
2043,75	0,391265124082565	2043,75	-0,454087346792221	
2046,875	0,38994038105011	2046,875	-0,452222436666489	
2050	0,387908488512039	2050	-0,448355078697205	
2053,125	0,385320484638214	2053,125	-0,446167021989822	
2056,25	0,387476056814194	2056,25	-0,443743884563446	
2059,375	0,38747438788414	2059,375	-0,440983325242996	
2062,5	0,387411564588547	2062,5	-0,438879728317261	
2065,625	0,385800927877426	2065,625	-0,435192108154297	
2068,75	0,385388880968094	2068,75	-0,43478387594223	
2071,875	0,38474178314209	2071,875	-0,433286100625992	
2075	0,385029911994934	2075	-0,429937958717346	
2078,125	0,386967688798904	2078,125	-0,427215993404388	
2081,25	0,388865262269974	2081,25	-0,42529234290123	
2084,375	0,385749667882919	2084,375	-0,420557290315628	
2087,5	0,385242283344269	2087,5	-0,420405328273773	
2090,625	0,384778320789337	2090,625	-0,418147206306458	
2093,75	0,384667336940765	2093,75	-0,414255201816559	
2096,875	0,386128425598145	2096,875	-0,41414886713028	
2100	0,384901314973831	2100	-0,406893104314804	
2103,125	0,387424379587173	2103,125	-0,407121568918228	
2106,25	0,386505544185638	2106,25	-0,405484944581985	
2109,375	0,384491562843323	2109,375	-0,40236884355545	
2112,5	0,383725613355637	2112,5	-0,401241153478622	
2115,625	0,384994596242905	2115,625	-0,397855460643768	
2118,75	0,384084969758987	2118,75	-0,396164655685425	
2121,875	0,38568177819252	2121,875	-0,3934006690979	
2125	0,385937184095383	2125	-0,391311466693878	
2128,125	0,383862644433975	2128,125	-0,388361930847168	
2131,25	0,383911103010178	2131,25	-0,386740565299988	
2134,375	0,383662283420563	2134,375	-0,383107930421829	
2137,5	0,383425831794739	2137,5	-0,381255328655243	
2140,625	0,384723663330078	2140,625	-0,378825634717941	
2143,75	0,385222434997559	2143,75	-0,376582860946655	
2146,875	0,382836848497391	2146,875	-0,37653785943985	
2150	0,381642311811447	2150	-0,372680485248566	
2153,125	0,383405447006226	2153,125	-0,370554476976395	
2156,25	0,381761133670807	2156,25	-0,368946969509125	
2159,375	0,382524222135544	2159,375	-0,36552506685257	
2162,5	0,383999317884445	2162,5	-0,365967929363251	
2165,625	0,383856207132339	2165,625	-0,362500846385956	
2168,75	0,382179439067841	2168,75	-0,35785448551178	
2171,875	0,382162749767303	2171,875	-0,356816440820694	
2175	0,379916876554489	2175	-0,355009853839874	
2178,125	0,381272435188293	2178,125	-0,352110624313354	
2181,25	0,382546216249466	2181,25	-0,350746363401413	
2184,375	0,383084446191788	2184,375	-0,347276628017426	
2187,5	0,382807463407516	2187,5	-0,344961822032928	
2190,625	0,381976157426834	2190,625	-0,34494948387146	
2193,75	0,379779011011124	2193,75	-0,341695725917816	
2196,875	0,380034625530243	2196,875	-0,338094085454941	
2200	0,381613522768021	2200	-0,336852073669434	
2203,125	0,381061524152756	2203,125	-0,334860563278198	
2206,25	0,381722092628479	2206,25	-0,332674741744995	
2209,375	0,382012188434601	2209,375	-0,330779194831848	
2212,5	0,378533810377121	2212,5	-0,32878777384758	
2215,625	0,377542078495026	2215,625	-0,327075600624084	
2218,75	0,378739953041077	2218,75	-0,324465781450272	
2221,875	0,380525529384613	2221,875	-0,322719812393188	
2225	0,379282921552658	2225	-0,31899693608284	
2228,125	0,378335416316986	2228,125	-0,317283093929291	
2231,25	0,380004644393921	2231,25	-0,315531075000763	
2234,375	0,379898756742477	2234,375	-0,312235802412033	
2237,5	0,378839910030365	2237,5	-0,311752587556839	
2240,625	0,376460522413254	2240,625	-0,308477640151978	
2243,75	0,376385301351547	2243,75	-0,307501196861267	
2246,875	0,376941531896591	2246,875	-0,306045383214951	
2250	0,378644496202469	2250	-0,302984833717346	
2253,125	0,378612369298935	2253,125	-0,300219058990479	
2256,25	0,379341930150986	2256,25	-0,297973990440369	
2259,375	0,378362417221069	2259,375	-0,295221358537674	
2262,5	0,377957850694656	2262,5	-0,294137209653854	
2265,625	0,377575993537903	2265,625	-0,292025536298752	
2268,75	0,379768639802933	2268,75	-0,28955402970314	
2271,875	0,378484189510345	2271,875	-0,287515491247177	
2275	0,376422673463821	2275	-0,284493178129196	
2278,125	0,377071708440781	2278,125	-0,282723784446716	
2281,25	0,378017753362656	2281,25	-0,281642824411392	
2284,375	0,37794303894043	2284,375	-0,280483067035675	
2287,5	0,374799787998199	2287,5	-0,277209669351578	
2290,625	0,376602530479431	2290,625	-0,275021612644196	
2293,75	0,378519207239151	2293,75	-0,273327618837357	
2296,875	0,375829964876175	2296,875	-0,27045527100563	
2300	0,375244438648224	2300	-0,267613142728806	
2303,125	0,376556545495987	2303,125	-0,265474796295166	
2306,25	0,376741349697113	2306,25	-0,263586074113846	
2309,375	0,376649498939514	2309,375	-0,262836217880249	
2312,5	0,377289265394211	2312,5	-0,260695785284042	
2315,625	0,377143025398254	2315,625	-0,258003771305084	
2318,75	0,376224160194397	2318,75	-0,254620879888535	
2321,875	0,37863689661026	2321,875	-0,252245366573334	
2325	0,376403003931046	2325	-0,250666677951813	
2328,125	0,376398712396622	2328,125	-0,250371724367142	
2331,25	0,376313179731369	2331,25	-0,24892546236515	
2334,375	0,374844163656235	2334,375	-0,247080937027931	
2337,5	0,375939965248108	2337,5	-0,244682043790817	
2340,625	0,378525048494339	2340,625	-0,242118790745735	
2343,75	0,374971091747284	2343,75	-0,239891469478607	
2346,875	0,375427573919296	2346,875	-0,237511441111565	
2350	0,374868094921112	2350	-0,236338898539543	
2353,125	0,373680204153061	2353,125	-0,23414571583271	
2356,25	0,374355405569077	2356,25	-0,232652008533478	
2359,375	0,375152200460434	2359,375	-0,231512412428856	
2362,5	0,374050438404083	2362,5	-0,228760227560997	
2365,625	0,374677896499634	2365,625	-0,224696561694145	
2368,75	0,375718146562576	2368,75	-0,225401729345322	
2371,875	0,37896254658699	2371,875	-0,222327813506126	
2375	0,376914918422699	2375	-0,219598457217216	
2378,125	0,375325798988342	2378,125	-0,216659814119339	
2381,25	0,374277502298355	2381,25	-0,214188396930695	
2384,375	0,373928546905518	2384,375	-0,214464917778969	
2387,5	0,376559048891068	2387,5	-0,212330996990204	
2390,625	0,375429093837738	2390,625	-0,211126327514648	
2393,75	0,374755054712296	2393,75	-0,209279254078865	
2396,875	0,373302489519119	2396,875	-0,206103429198265	
2400	0,374574542045593	2400	-0,204168543219566	
2403,125	0,374217450618744	2403,125	-0,201719790697098	
2406,25	0,372436046600342	2406,25	-0,200105339288712	
2409,375	0,37349146604538	2409,375	-0,197381436824799	
2412,5	0,375453233718872	2412,5	-0,198132559657097	
2415,625	0,376749843358994	2415,625	-0,192540049552917	
2418,75	0,375264465808868	2418,75	-0,191410452127457	
2421,875	0,373631238937378	2421,875	-0,190904870629311	
2425	0,374817907810211	2425	-0,18873418867588	
2428,125	0,375394582748413	2428,125	-0,185330271720886	
2431,25	0,374453127384186	2431,25	-0,184254378080368	
2434,375	0,37582603096962	2434,375	-0,181989222764969	
2437,5	0,375637710094452	2437,5	-0,181090012192726	
2440,625	0,374840617179871	2440,625	-0,180227935314178	
2443,75	0,374874711036682	2443,75	-0,176137894392014	
2446,875	0,375638455152512	2446,875	-0,17463581264019	
2450	0,374150156974792	2450	-0,173297390341759	
2453,125	0,374235808849335	2453,125	-0,171894818544388	
2456,25	0,3747638463974	2456,25	-0,169907465577126	
2459,375	0,373889267444611	2459,375	-0,168158456683159	
2462,5	0,374634683132172	2462,5	-0,1648059040308	
2465,625	0,374104142189026	2465,625	-0,163959071040154	
2468,75	0,374818444252014	2468,75	-0,163948580622673	
2471,875	0,37498152256012	2471,875	-0,159238934516907	
2475	0,37349870800972	2475	-0,159848883748055	
2478,125	0,372194439172745	2478,125	-0,156796306371689	
2481,25	0,37349671125412	2481,25	-0,156479075551033	
2484,375	0,373445391654968	2484,375	-0,153446167707443	
2487,5	0,370983213186264	2487,5	-0,149582728743553	
2490,625	0,37347012758255	2490,625	-0,149084433913231	
2493,75	0,37481352686882	2493,75	-0,146700337529182	
2496,875	0,374794214963913	2496,875	-0,145902156829834	
2500	0,37279412150383	2500	-0,144910410046577	
2503,125	0,373108774423599	2503,125	-0,140672609210014	
2506,25	0,370917648077011	2506,25	-0,14048744738102	
2509,375	0,371573835611343	2509,375	-0,138766318559647	
2512,5	0,372296154499054	2512,5	-0,137095734477043	
2515,625	0,374208778142929	2515,625	-0,134560257196426	
2518,75	0,372974932193756	2518,75	-0,133018955588341	
2521,875	0,373130619525909	2521,875	-0,132278814911842	
2525	0,371709614992142	2525	-0,127260535955429	
2528,125	0,374029368162155	2528,125	-0,128130450844765	
2531,25	0,374382972717285	2531,25	-0,126283288002014	
2534,375	0,373508483171463	2534,375	-0,125316098332405	
2537,5	0,37338986992836	2537,5	-0,120244532823563	
2540,625	0,375846952199936	2540,625	-0,121558383107185	
2543,75	0,376076102256775	2543,75	-0,118495963513851	
2546,875	0,372845411300659	2546,875	-0,116902574896812	
2550	0,372482687234879	2550	-0,116027116775513	
2553,125	0,372489899396896	2553,125	-0,113352634012699	
2556,25	0,372147798538208	2556,25	-0,111894465982914	
2559,375	0,372648358345032	2559,375	-0,110374271869659	
2562,5	0,373622268438339	2562,5	-0,108160920441151	
2565,625	0,373639434576035	2565,625	-0,107365138828754	
2568,75	0,372870326042175	2568,75	-0,105916284024715	
2571,875	0,371771246194839	2571,875	-0,103698812425137	
2575	0,372918128967285	2575	-0,10221042484045	
2578,125	0,3766268491745	2578,125	-0,0988596528768539	
2581,25	0,373076260089874	2581,25	-0,0988114923238754	
2584,375	0,373996704816818	2584,375	-0,0963237285614014	
2587,5	0,373624473810196	2587,5	-0,0947730913758278	
2590,625	0,374666690826416	2590,625	-0,0933055654168129	
2593,75	0,374804496765137	2593,75	-0,0911737307906151	
2596,875	0,372761398553848	2596,875	-0,0902116820216179	
2600	0,373867183923721	2600	-0,08830975741148	
2603,125	0,374022871255875	2603,125	-0,0856331810355186	
2606,25	0,375150948762894	2606,25	-0,0852962359786034	
2609,375	0,373099267482758	2609,375	-0,0829679816961288	
2612,5	0,373300939798355	2612,5	-0,0812657028436661	
2615,625	0,37419718503952	2615,625	-0,0785976201295853	
2618,75	0,372773706912994	2618,75	-0,0781973227858543	
2621,875	0,374063193798065	2621,875	-0,0759989768266678	
2625	0,376123487949371	2625	-0,0750541239976883	
2628,125	0,375123679637909	2628,125	-0,0728514045476913	
2631,25	0,37493771314621	2631,25	-0,070114903151989	
2634,375	0,376574963331223	2634,375	-0,069742813706398	
2637,5	0,376966297626495	2637,5	-0,0667521357536316	
2640,625	0,37562757730484	2640,625	-0,0655567795038223	
2643,75	0,374466091394424	2643,75	-0,0640521943569183	
2646,875	0,373416155576706	2646,875	-0,065111368894577	
2650	0,374121218919754	2650	-0,0575091242790222	
2653,125	0,374628156423569	2653,125	-0,058727465569973	
2656,25	0,373157799243927	2656,25	-0,0575665757060051	
2659,375	0,374524533748627	2659,375	-0,0556763559579849	
2662,5	0,374849319458008	2662,5	-0,0550509765744209	
2665,625	0,374860167503357	2665,625	-0,0521460995078087	
2668,75	0,378526151180267	2668,75	-0,0512268953025341	
2671,875	0,375848114490509	2671,875	-0,0497849993407726	
2675	0,374288320541382	2675	-0,04852644354105	
2678,125	0,374587148427963	2678,125	-0,047087337821722	
2681,25	0,374042689800262	2681,25	-0,04478819668293	
2684,375	0,373945087194443	2684,375	-0,0417986586689949	
2687,5	0,373933851718903	2687,5	-0,0426548607647419	
2690,625	0,374379605054855	2690,625	-0,0379783473908901	
2693,75	0,374262303113937	2693,75	-0,0381859466433525	
2696,875	0,376051783561707	2696,875	-0,0356712192296982	
2700	0,375629991292953	2700	-0,0350969322025776	
2703,125	0,375726491212845	2703,125	-0,0322581417858601	
2706,25	0,377097696065903	2706,25	-0,0309030804783106	
2709,375	0,376081168651581	2709,375	-0,0296531040221453	
2712,5	0,374399542808533	2712,5	-0,0290540680289268	
2715,625	0,374777942895889	2715,625	-0,0262625738978386	
2718,75	0,376586109399796	2718,75	-0,0246346313506365	
2721,875	0,377444446086884	2721,875	-0,0234757345169783	
2725	0,375728368759155	2725	-0,0211599674075842	
2728,125	0,375210553407669	2728,125	-0,0183179117739201	
2731,25	0,375447630882263	2731,25	-0,018222002312541	
2734,375	0,376995652914047	2734,375	-0,0170029327273369	
2737,5	0,378093153238297	2737,5	-0,0146420700475574	
2740,625	0,377166152000427	2740,625	-0,0144420759752393	
2743,75	0,373907923698425	2743,75	-0,0127231553196907	
2746,875	0,375696539878845	2746,875	-0,0103537272661924	
2750	0,380059719085693	2750	-0,0081194369122386	
2753,125	0,377530515193939	2753,125	-0,00745924236252904	
2756,25	0,377283573150635	2756,25	-0,00251846364699304	
2759,375	0,377390474081039	2759,375	-0,00341473426669836	
2762,5	0,378803491592407	2762,5	-0,00184251845348626	
2765,625	0,377918899059296	2765,625	-0,00149021728429943	
2768,75	0,375990927219391	2768,75	0,00147006462793797	
2771,875	0,37880551815033	2771,875	0,00391641957685351	
2775	0,379443347454071	2775	0,00561951566487551	
2778,125	0,379912137985229	2778,125	0,00644496222957969	
2781,25	0,379234790802002	2781,25	0,00879936665296555	
2784,375	0,380858063697815	2784,375	0,00911306031048298	
2787,5	0,382516443729401	2787,5	0,0101562701165676	
2790,625	0,381319403648376	2790,625	0,0129258520901203	
2793,75	0,381190001964569	2793,75	0,0137909483164549	
2796,875	0,381020754575729	2796,875	0,0147556271404028	
2800	0,380186647176743	2800	0,0160857122391462	
2803,125	0,377372443675995	2803,125	0,0173829644918442	
2806,25	0,381401002407074	2806,25	0,0195018891245127	
2809,375	0,380193769931793	2809,375	0,0194739140570164	
2812,5	0,379536509513855	2812,5	0,0234382506459951	
2815,625	0,381077975034714	2815,625	0,0253099799156189	
2818,75	0,382729679346085	2818,75	0,0257651954889297	
2821,875	0,382297843694687	2821,875	0,0274098105728626	
2825	0,383862376213074	2825	0,026528462767601	
2828,125	0,383423715829849	2828,125	0,0281600002199411	
2831,25	0,384162068367004	2831,25	0,0331357903778553	
2834,375	0,384876728057861	2834,375	0,0328739210963249	
2837,5	0,381146907806396	2837,5	0,034807126969099	
2840,625	0,381312966346741	2840,625	0,0358928702771664	
2843,75	0,38473105430603	2843,75	0,0356896929442883	
2846,875	0,384732246398926	2846,875	0,0398652255535126	
2850	0,384831637144089	2850	0,039701372385025	
2853,125	0,385616451501846	2853,125	0,0407792218029499	
2856,25	0,384027779102325	2856,25	0,041672594845295	
2859,375	0,386673897504807	2859,375	0,0440641567111015	
2862,5	0,385427236557007	2862,5	0,0454083196818829	
2865,625	0,386139124631882	2865,625	0,0476885922253132	
2868,75	0,385053902864456	2868,75	0,0477872490882874	
2871,875	0,382931649684906	2871,875	0,0489203296601772	
2875	0,385049611330032	2875	0,0514237955212593	
2878,125	0,384928166866302	2878,125	0,0527357272803783	
2881,25	0,384559005498886	2881,25	0,0541081875562668	
2884,375	0,385911196470261	2884,375	0,0554886609315872	
2887,5	0,384759038686752	2887,5	0,0568655245006084	
2890,625	0,383360862731934	2890,625	0,0600697733461857	
2893,75	0,383686572313309	2893,75	0,0606934800744057	
2896,875	0,385204046964645	2896,875	0,061529528349638	
2900	0,385146826505661	2900	0,0626771971583366	
2903,125	0,38506081700325	2903,125	0,0643566846847534	
2906,25	0,387127339839935	2906,25	0,0668950155377388	
2909,375	0,385653525590897	2909,375	0,0678179562091827	
2912,5	0,387492895126343	2912,5	0,0684129074215889	
2915,625	0,387302070856094	2915,625	0,0716842710971832	
2918,75	0,387155085802078	2918,75	0,0734890550374985	
2921,875	0,386098802089691	2921,875	0,072471484541893	
2925	0,383848071098328	2925	0,074762187898159	
2928,125	0,387163817882538	2928,125	0,0765694081783295	
2931,25	0,388939082622528	2931,25	0,0786160826683044	
2934,375	0,386465817689896	2934,375	0,0799025520682335	
2937,5	0,386363208293915	2937,5	0,0817824006080627	
2940,625	0,388419061899185	2940,625	0,0824238583445549	
2943,75	0,389149338006973	2943,75	0,0839684680104256	
2946,875	0,3871228992939	2946,875	0,0872785449028015	
2950	0,387310653924942	2950	0,0874633938074112	
2953,125	0,388235658407211	2953,125	0,0899127200245857	
2956,25	0,385907560586929	2956,25	0,0904102399945259	
2959,375	0,385719805955887	2959,375	0,0933625847101212	
2962,5	0,38841712474823	2962,5	0,0952176451683044	
2965,625	0,387554317712784	2965,625	0,0961029902100563	
2968,75	0,386567264795303	2968,75	0,0982078611850739	
2971,875	0,386213034391403	2971,875	0,100213602185249	
2975	0,387442320585251	2975	0,100589334964752	
2978,125	0,386895418167114	2978,125	0,1022979170084	
2981,25	0,389373987913132	2981,25	0,104164861142635	
2984,375	0,387681573629379	2984,375	0,105792321264744	
2987,5	0,387533217668533	2987,5	0,106979660689831	
2990,625	0,389732509851456	2990,625	0,109274379909039	
2993,75	0,389267832040787	2993,75	0,109987616539001	
2996,875	0,389491826295853	2996,875	0,111225225031376	
3000	0,391088277101517	3000	0,116332441568375	
3003,125	0,386887550354004	3003,125	0,116047449409962	
3006,25	0,388144731521606	3006,25	0,117358185350895	
3009,375	0,390460103750229	3009,375	0,11882309615612	
3012,5	0,391341686248779	3012,5	0,121444314718246	
3015,625	0,389092981815338	3015,625	0,124842591583729	
3018,75	0,388227641582489	3018,75	0,123934209346771	
3021,875	0,390305191278458	3021,875	0,126824900507927	
3025	0,391030520200729	3025	0,128579780459404	
3028,125	0,39127591252327	3028,125	0,129389122128487	
3031,25	0,388337969779968	3031,25	0,132626935839653	
3034,375	0,392020046710968	3034,375	0,131640806794167	
3037,5	0,391175210475922	3037,5	0,138187780976295	
3040,625	0,391411483287811	3040,625	0,138685747981071	
3043,75	0,391717612743378	3043,75	0,139097154140472	
3046,875	0,389750331640244	3046,875	0,142074525356293	
3050	0,393549263477325	3050	0,144266352057457	
3053,125	0,394176542758942	3053,125	0,147730350494385	
3056,25	0,394074112176895	3056,25	0,150163143873215	
3059,375	0,392902225255966	3059,375	0,151266798377037	
3062,5	0,394486099481583	3062,5	0,152610838413239	
3065,625	0,396373599767685	3065,625	0,15255232155323	
3068,75	0,396966129541397	3068,75	0,155187591910362	
3071,875	0,397903233766556	3071,875	0,155644863843918	
3075	0,397935152053833	3075	0,158060342073441	
3078,125	0,400280475616455	3078,125	0,160286039113998	
3081,25	0,400433450937271	3081,25	0,161884009838104	
3084,375	0,399823635816574	3084,375	0,162339895963669	
3087,5	0,400185644626617	3087,5	0,162384837865829	
3090,625	0,399381339550018	3090,625	0,164584219455719	
3093,75	0,399132788181305	3093,75	0,166550755500793	
3096,875	0,400276958942413	3096,875	0,166695058345795	
3100	0,403314054012299	3100	0,171125546097755	
3103,125	0,403313905000687	3103,125	0,171284273266792	
3106,25	0,40245732665062	3106,25	0,174375340342522	
3109,375	0,403621166944504	3109,375	0,176236271858215	
3112,5	0,40221843123436	3112,5	0,176321640610695	
3115,625	0,40398582816124	3115,625	0,175990000367165	
3118,75	0,402861177921295	3118,75	0,177394181489944	
3121,875	0,400209069252014	3121,875	0,1780816167593	
3125	0,403649568557739	3125	0,181036069989204	
3128,125	0,403842031955719	3128,125	0,180750742554665	
3131,25	0,404385805130005	3131,25	0,184076964855194	
3134,375	0,405402511358261	3134,375	0,186432734131813	
3137,5	0,407289624214172	3137,5	0,185567528009415	
3140,625	0,406322807073593	3140,625	0,188340693712234	
3143,75	0,405975908041	3143,75	0,187155902385712	
3146,875	0,407715082168579	3146,875	0,18957856297493	
3150	0,40742826461792	3150	0,191329091787338	
3153,125	0,406286150217056	3153,125	0,192568734288216	
3156,25	0,408041000366211	3156,25	0,194722384214401	
3159,375	0,408230721950531	3159,375	0,195525616407394	
3162,5	0,410381972789764	3162,5	0,196619987487793	
3165,625	0,409350633621216	3165,625	0,197994455695152	
3168,75	0,409163594245911	3168,75	0,198063015937805	
3171,875	0,411660939455032	3171,875	0,201586931943893	
3175	0,41172793507576	3175	0,205565840005875	
3178,125	0,410582631826401	3178,125	0,209272861480713	
3181,25	0,408991426229477	3181,25	0,206032186746597	
3184,375	0,410200536251068	3184,375	0,20216415822506	
3187,5	0,406074166297913	3187,5	0,203955978155136	
3190,625	0,410360634326935	3190,625	0,20542885363102	
3193,75	0,411223202943802	3193,75	0,206594571471214	
3196,875	0,409936606884003	3196,875	0,2117730230093	
3200	0,403557747602463	3200	0,210873648524284	
3203,125	0,408381581306458	3203,125	0,213971078395844	
3206,25	0,409300982952118	3206,25	0,213784843683243	
3209,375	0,408704906702042	3209,375	0,21608068048954	
3212,5	0,407528311014175	3212,5	0,218762144446373	
3215,625	0,40604755282402	3215,625	0,217369213700294	
3218,75	0,406474232673645	3218,75	0,217160746455193	
3221,875	0,410069078207016	3221,875	0,220506221055984	
3225	0,408261835575104	3225	0,225705593824387	
3228,125	0,40412962436676	3228,125	0,226915195584297	
3231,25	0,404374718666077	3231,25	0,227999731898308	
3234,375	0,403678894042969	3234,375	0,230898648500443	
3237,5	0,403884559869766	3237,5	0,231217429041862	
3240,625	0,402264893054962	3240,625	0,231850609183311	
3243,75	0,403329312801361	3243,75	0,23387736082077	
3246,875	0,404512584209442	3246,875	0,23453514277935	
3250	0,40413823723793	3250	0,233099222183228	
3253,125	0,402537822723389	3253,125	0,238310605287552	
3256,25	0,403265208005905	3256,25	0,239087298512459	
3259,375	0,402056485414505	3259,375	0,240098416805267	
3262,5	0,401838630437851	3262,5	0,242145955562592	
3265,625	0,404691487550735	3265,625	0,245325401425362	
3268,75	0,403672009706497	3268,75	0,248945668339729	
3271,875	0,401074916124344	3271,875	0,250677019357681	
3275	0,401823580265045	3275	0,254322409629822	
3278,125	0,402562469244003	3278,125	0,252095133066177	
3281,25	0,400787174701691	3281,25	0,255591243505478	
3284,375	0,400527477264404	3284,375	0,257186114788055	
3287,5	0,399971693754196	3287,5	0,257445424795151	
3290,625	0,398972421884537	3290,625	0,257587075233459	
3293,75	0,399621278047562	3293,75	0,262573897838593	
3296,875	0,403212249279022	3296,875	0,263904988765717	
3300	0,401682734489441	3300	0,266903817653656	
3303,125	0,403517425060272	3303,125	0,268125355243683	
3306,25	0,403298765420914	3306,25	0,26922544836998	
3309,375	0,401106238365173	3309,375	0,272805124521255	
3312,5	0,40095728635788	3312,5	0,273024141788483	
3315,625	0,40252161026001	3315,625	0,273662865161896	
3318,75	0,399931371212006	3318,75	0,274482607841492	
3321,875	0,400276035070419	3321,875	0,278741389513016	
3325	0,399444699287415	3325	0,280410081148148	
3328,125	0,400832176208496	3328,125	0,281747192144394	
3331,25	0,401209324598312	3331,25	0,282851815223694	
3334,375	0,400464206933975	3334,375	0,284592092037201	
3337,5	0,401688009500504	3337,5	0,288843214511871	
3340,625	0,40384566783905	3340,625	0,29001185297966	
3343,75	0,402236938476563	3343,75	0,290071845054626	
3346,875	0,400329947471619	3346,875	0,295918554067612	
3350	0,400116294622421	3350	0,295216381549835	
3353,125	0,398254245519638	3353,125	0,296897828578949	
3356,25	0,400674253702164	3356,25	0,295654773712158	
3359,375	0,399797022342682	3359,375	0,299575746059418	
3362,5	0,401994287967682	3362,5	0,302763283252716	
3365,625	0,403306126594543	3365,625	0,302606225013733	
3368,75	0,403201639652252	3368,75	0,304361909627914	
3371,875	0,402070581912994	3371,875	0,304004669189453	
3375	0,402044177055359	3375	0,304290026426315	
3378,125	0,401056587696075	3378,125	0,312349230051041	
3381,25	0,402245938777924	3381,25	0,310969680547714	
3384,375	0,402721464633942	3384,375	0,311542421579361	
3387,5	0,405702650547028	3387,5	0,313808292150497	
3390,625	0,403560519218445	3390,625	0,31553241610527	
3393,75	0,405641198158264	3393,75	0,317599654197693	
3396,875	0,403966277837753	3396,875	0,317756444215775	
3400	0,404651522636414	3400	0,320626139640808	
3403,125	0,40312659740448	3403,125	0,320949763059616	
3406,25	0,402046948671341	3406,25	0,32236385345459	
3409,375	0,403417348861694	3409,375	0,325751721858978	
3412,5	0,401806205511093	3412,5	0,325995951890945	
3415,625	0,400641083717346	3415,625	0,328272044658661	
3418,75	0,403233498334885	3418,75	0,330412149429321	
3421,875	0,403058409690857	3421,875	0,329927235841751	
3425	0,402856647968292	3425	0,330835491418839	
3428,125	0,403754770755768	3428,125	0,335280746221542	
3431,25	0,404419869184494	3431,25	0,335058212280273	
3434,375	0,404183000326157	3434,375	0,336263597011566	
3437,5	0,403217494487762	3437,5	0,339518159627914	
3440,625	0,402821987867355	3440,625	0,341427564620972	
3443,75	0,403395354747772	3443,75	0,3417988717556	
3446,875	0,405073702335358	3446,875	0,343627721071243	
3450	0,405082881450653	3450	0,345265924930573	
3453,125	0,40480449795723	3453,125	0,346219778060913	
3456,25	0,403557270765305	3456,25	0,348559677600861	
3459,375	0,403211653232574	3459,375	0,348864853382111	
3462,5	0,405372142791748	3462,5	0,351279079914093	
3465,625	0,405241549015045	3465,625	0,351305097341537	
3468,75	0,402863085269928	3468,75	0,353820085525513	
3471,875	0,403338611125946	3471,875	0,355066686868668	
3475	0,404217153787613	3475	0,357908695936203	
3478,125	0,404256761074066	3478,125	0,356746166944504	
3481,25	0,407952725887299	3481,25	0,359772920608521	
3484,375	0,407360136508942	3484,375	0,360709995031357	
3487,5	0,404996931552887	3487,5	0,361540585756302	
3490,625	0,405128657817841	3490,625	0,364179223775864	
3493,75	0,404138773679733	3493,75	0,366113781929016	
3496,875	0,405791521072388	3496,875	0,365855783224106	
3500	0,405102580785751	3500	0,370366007089615	
3503,125	0,405083358287811	3503,125	0,370476484298706	
3506,25	0,403616935014725	3506,25	0,372274607419968	
3509,375	0,404882699251175	3509,375	0,372386783361435	
3512,5	0,407488286495209	3512,5	0,374879449605942	
3515,625	0,407936125993729	3515,625	0,376124948263168	
3518,75	0,40691265463829	3518,75	0,375676393508911	
3521,875	0,407203286886215	3521,875	0,378128111362457	
3525	0,407410085201263	3525	0,380375236272812	
3528,125	0,405495315790176	3528,125	0,382041096687317	
3531,25	0,404380857944489	3531,25	0,383620262145996	
3534,375	0,406265318393707	3534,375	0,38372802734375	
3537,5	0,408612996339798	3537,5	0,384900331497192	
3540,625	0,407981187105179	3540,625	0,386996299028397	
3543,75	0,407903224229813	3543,75	0,387709438800812	
3546,875	0,408691197633743	3546,875	0,387690991163254	
3550	0,409309923648834	3550	0,391004741191864	
3553,125	0,409183651208878	3553,125	0,391059875488281	
3556,25	0,408579587936401	3556,25	0,393202930688858	
3559,375	0,408660352230072	3559,375	0,394437849521637	
3562,5	0,407319635152817	3562,5	0,3958400785923	
3565,625	0,408724427223206	3565,625	0,396981984376907	
3568,75	0,409639328718185	3568,75	0,397559762001038	
3571,875	0,408023148775101	3571,875	0,401172041893005	
3575	0,406442672014236	3575	0,402294278144836	
3578,125	0,406062841415405	3578,125	0,403222858905792	
3581,25	0,406968176364899	3581,25	0,404916435480118	
3584,375	0,408944964408875	3584,375	0,406019270420074	
3587,5	0,409680515527725	3587,5	0,407233595848084	
3590,625	0,408250242471695	3590,625	0,408778220415115	
3593,75	0,407619833946228	3593,75	0,409964501857758	
3596,875	0,407957166433334	3596,875	0,410618335008621	
3600	0,408142060041428	3600	0,413143664598465	
3603,125	0,410137057304382	3603,125	0,414751887321472	
3606,25	0,409005582332611	3606,25	0,413416981697083	
3609,375	0,410928398370743	3609,375	0,417284488677979	
3612,5	0,411042869091034	3612,5	0,417965471744537	
3615,625	0,409038811922073	3615,625	0,418690025806427	
3618,75	0,410496681928635	3618,75	0,420649439096451	
3621,875	0,411052286624908	3621,875	0,420787394046783	
3625	0,412132889032364	3625	0,422035604715347	
3628,125	0,411489933729172	3628,125	0,424155414104462	
3631,25	0,411178261041641	3631,25	0,427456557750702	
3634,375	0,410232752561569	3634,375	0,427479982376099	
3637,5	0,411390513181686	3637,5	0,427272200584412	
3640,625	0,413594245910645	3640,625	0,428902983665466	
3643,75	0,412679374217987	3643,75	0,43099457025528	
3646,875	0,412814766168594	3646,875	0,43124994635582	
3650	0,411784529685974	3650	0,433184564113617	
3653,125	0,413597881793976	3653,125	0,434452027082443	
3656,25	0,413783699274063	3656,25	0,435357928276062	
3659,375	0,412506431341171	3659,375	0,436766177415848	
3662,5	0,412308812141418	3662,5	0,438521414995193	
3665,625	0,410111427307129	3665,625	0,43790802359581	
3668,75	0,412703484296799	3668,75	0,442406594753265	
3671,875	0,41407635807991	3671,875	0,441398203372955	
3675	0,41309580206871	3675	0,443574666976929	
3678,125	0,413269311189651	3678,125	0,444839686155319	
3681,25	0,411561161279678	3681,25	0,442771255970001	
3684,375	0,417269021272659	3684,375	0,449475526809692	
3687,5	0,414877027273178	3687,5	0,447866916656494	
3690,625	0,414600282907486	3690,625	0,44839534163475	
3693,75	0,415195792913437	3693,75	0,451452821493149	
3696,875	0,413613677024841	3696,875	0,451857805252075	
3700	0,414346486330032	3700	0,45230308175087	
3703,125	0,416528433561325	3703,125	0,454268574714661	
3706,25	0,414884120225906	3706,25	0,457389682531357	
3709,375	0,414858996868134	3709,375	0,456943303346634	
3712,5	0,417045265436172	3712,5	0,458137840032578	
3715,625	0,418522626161575	3715,625	0,459564834833145	
3718,75	0,414984285831451	3718,75	0,46217679977417	
3721,875	0,416496723890305	3721,875	0,463525414466858	
3725	0,415801882743835	3725	0,463554948568344	
3728,125	0,417580485343933	3728,125	0,465442478656769	
3731,25	0,416675359010696	3731,25	0,465295314788818	
3734,375	0,418081641197205	3734,375	0,467705339193344	
3737,5	0,417095720767975	3737,5	0,467765927314758	
3740,625	0,417388737201691	3740,625	0,472279906272888	
3743,75	0,41792619228363	3743,75	0,47205662727356	
3746,875	0,417030453681946	3746,875	0,471560835838318	
3750	0,417803466320038	3750	0,47455495595932	
3753,125	0,418637186288834	3753,125	0,474983811378479	
3756,25	0,419321745634079	3756,25	0,476479232311249	
3759,375	0,420454621315002	3759,375	0,477557063102722	
3762,5	0,417369842529297	3762,5	0,476412892341614	
3765,625	0,421563148498535	3765,625	0,4832843542099	
3768,75	0,420388489961624	3768,75	0,480854272842407	
3771,875	0,421868920326233	3771,875	0,481664031744003	
3775	0,42075914144516	3775	0,483044654130936	
3778,125	0,421958029270172	3778,125	0,485189974308014	
3781,25	0,421821296215057	3781,25	0,487344950437546	
3784,375	0,419796973466873	3784,375	0,487304925918579	
3787,5	0,419667333364487	3787,5	0,490538775920868	
3790,625	0,4205442070961	3790,625	0,489520251750946	
3793,75	0,423438131809235	3793,75	0,492771208286285	
3796,875	0,423706829547882	3796,875	0,491812705993652	
3800	0,425494194030762	3800	0,492749482393265	
3803,125	0,423862308263779	3803,125	0,494816482067108	
3806,25	0,421848893165588	3806,25	0,496051043272018	
3809,375	0,423770427703857	3809,375	0,497447609901428	
3812,5	0,425271332263947	3812,5	0,498576074838638	
3815,625	0,42642530798912	3815,625	0,49868181347847	
3818,75	0,424691557884216	3818,75	0,501179754734039	
3821,875	0,426164150238037	3821,875	0,501321315765381	
3825	0,424872010946274	3825	0,501419484615326	
3828,125	0,425299853086472	3828,125	0,504903137683868	
3831,25	0,425410985946655	3831,25	0,505833148956299	
3834,375	0,425378143787384	3834,375	0,508136391639709	
3837,5	0,424392610788345	3837,5	0,507972896099091	
3840,625	0,427160531282425	3840,625	0,509438812732697	
3843,75	0,428543895483017	3843,75	0,509619116783142	
3846,875	0,428110748529434	3846,875	0,512741446495056	
3850	0,427954524755478	3850	0,512631595134735	
3853,125	0,42794206738472	3853,125	0,513321816921234	
3856,25	0,426741421222687	3856,25	0,516076505184174	
3859,375	0,428508132696152	3859,375	0,516429960727692	
3862,5	0,430766344070435	3862,5	0,518510818481445	
3865,625	0,42882964015007	3865,625	0,519291996955872	
3868,75	0,428740054368973	3868,75	0,519970059394836	
3871,875	0,430702030658722	3871,875	0,521195769309998	
3875	0,430753827095032	3875	0,521875500679016	
3878,125	0,429307222366333	3878,125	0,524555265903473	
3881,25	0,430672258138657	3881,25	0,525109469890594	
3884,375	0,431339859962463	3884,375	0,528654158115387	
3887,5	0,430740892887115	3887,5	0,527894020080566	
3890,625	0,431544899940491	3890,625	0,529094636440277	
3893,75	0,429825186729431	3893,75	0,531371891498566	
3896,875	0,431472808122635	3896,875	0,53304797410965	
3900	0,429933190345764	3900	0,533655345439911	
3903,125	0,431111007928848	3903,125	0,534299433231354	
3906,25	0,433018654584885	3906,25	0,536440670490265	
3909,375	0,43204203248024	3909,375	0,536638379096985	
3912,5	0,432046383619308	3912,5	0,536999642848969	
3915,625	0,4340780377388	3915,625	0,541209697723389	
3918,75	0,432951956987381	3918,75	0,537447333335876	
3921,875	0,435522526502609	3921,875	0,545716524124146	
3925	0,436645835638046	3925	0,541885614395142	
3928,125	0,437715888023376	3928,125	0,543433010578156	
3931,25	0,435573071241379	3931,25	0,541462481021881	
3934,375	0,435735553503037	3934,375	0,543742537498474	
3937,5	0,437460094690323	3937,5	0,546695590019226	
3940,625	0,43665137887001	3940,625	0,547497868537903	
3943,75	0,436158448457718	3943,75	0,5469691157341	
3946,875	0,438229620456696	3946,875	0,548999607563019	
3950	0,440532714128494	3950	0,550075173377991	
3953,125	0,440354019403458	3953,125	0,551291704177856	
3956,25	0,440034806728363	3956,25	0,55126017332077	
3959,375	0,442748755216599	3959,375	0,55185467004776	
3962,5	0,44164514541626	3962,5	0,554913222789764	
3965,625	0,438940525054932	3965,625	0,554614961147308	
3968,75	0,439910590648651	3968,75	0,556153178215027	
3971,875	0,440127819776535	3971,875	0,558619201183319	
3975	0,440531820058823	3975	0,56229555606842	
3978,125	0,442208170890808	3978,125	0,560359120368958	
3981,25	0,443479955196381	3981,25	0,557762980461121	
3984,375	0,444599956274033	3984,375	0,558547258377075	
3987,5	0,443324357271194	3987,5	0,5587038397789	
3990,625	0,443165957927704	3990,625	0,562007784843445	
3993,75	0,442329078912735	3993,75	0,562403500080109	
3996,875	0,441279053688049	3996,875	0,564074754714966	
4000	0,439571052789688	4000	0,568462491035461	
4003,125	0,441315978765488	4003,125	0,567917585372925	
4006,25	0,442413002252579	4006,25	0,567636728286743	
4009,375	0,443234980106354	4009,375	0,568346440792084	
4012,5	0,442278206348419	4012,5	0,56893926858902	
4015,625	0,441999584436417	4015,625	0,570600628852844	
4018,75	0,44209086894989	4018,75	0,57193523645401	
4021,875	0,442456752061844	4021,875	0,57344788312912	
4025	0,442365378141403	4025	0,575068771839142	
4028,125	0,442646026611328	4028,125	0,572675287723541	
4031,25	0,447322398424149	4031,25	0,575410068035126	
4034,375	0,445989847183228	4034,375	0,576838970184326	
4037,5	0,442806959152222	4037,5	0,578796744346619	
4040,625	0,448349684476852	4040,625	0,575118899345398	
4043,75	0,447583645582199	4043,75	0,578786492347717	
4046,875	0,447845935821533	4046,875	0,579942345619202	
4050	0,449402272701263	4050	0,580916047096252	
4053,125	0,446125239133835	4053,125	0,580267369747162	
4056,25	0,447242617607117	4056,25	0,583949148654938	
4059,375	0,446236103773117	4059,375	0,582122266292572	
4062,5	0,450424432754517	4062,5	0,583230435848236	
4065,625	0,448131591081619	4065,625	0,58622819185257	
4068,75	0,448006719350815	4068,75	0,586095571517944	
4071,875	0,449179619550705	4071,875	0,586490392684937	
4075	0,446348130702972	4075	0,591696381568909	
4078,125	0,44593745470047	4078,125	0,591952264308929	
4081,25	0,447305560112	4081,25	0,594098687171936	
4084,375	0,449478149414063	4084,375	0,593409955501556	
4087,5	0,447697967290878	4087,5	0,596047639846802	
4090,625	0,45001345872879	4090,625	0,592515885829926	
4093,75	0,454729318618774	4093,75	0,595299899578094	
4096,875	0,450734406709671	4096,875	0,596274077892303	
4100	0,451178431510925	4100	0,599486172199249	
4103,125	0,451583206653595	4103,125	0,600253283977509	
4106,25	0,45056289434433	4106,25	0,599484860897064	
4109,375	0,449181616306305	4109,375	0,603317379951477	
4112,5	0,454704433679581	4112,5	0,603593528270721	
4115,625	0,454754024744034	4115,625	0,604084134101868	
4118,75	0,452794283628464	4118,75	0,605515718460083	
4121,875	0,451588720083237	4121,875	0,604801297187805	
4125	0,456136763095856	4125	0,60780930519104	
4128,125	0,455806970596313	4128,125	0,608019471168518	
4131,25	0,45447501540184	4131,25	0,608009696006775	
4134,375	0,455436140298843	4134,375	0,611826360225677	
4137,5	0,455786317586899	4137,5	0,611819744110107	
4140,625	0,457172244787216	4140,625	0,609735667705536	
4143,75	0,459148973226547	4143,75	0,614509165287018	
4146,875	0,457540959119797	4146,875	0,612899124622345	
4150	0,460867702960968	4150	0,616655290126801	
4153,125	0,456544190645218	4153,125	0,619642674922943	
4156,25	0,458016037940979	4156,25	0,620831072330475	
4159,375	0,458973675966263	4159,375	0,617213904857636	
4162,5	0,462088972330093	4162,5	0,619857251644135	
4165,625	0,462689578533173	4165,625	0,621391892433167	
4168,75	0,462880700826645	4168,75	0,621323525905609	
4171,875	0,463032752275467	4171,875	0,621019244194031	
4175	0,460981130599976	4175	0,623567223548889	
4178,125	0,460971087217331	4178,125	0,627833366394043	
4181,25	0,463708639144897	4181,25	0,628644466400146	
4184,375	0,463365614414215	4184,375	0,627247035503387	
4187,5	0,464534014463425	4187,5	0,629438698291779	
4190,625	0,463732361793518	4190,625	0,629941344261169	
4193,75	0,463636845350266	4193,75	0,630518674850464	
4196,875	0,465747684240341	4196,875	0,632572948932648	
4200	0,466265320777893	4200	0,63252192735672	
4203,125	0,468335807323456	4203,125	0,634130775928497	
4206,25	0,471944659948349	4206,25	0,631833791732788	
4209,375	0,470336884260178	4209,375	0,633385121822357	
4212,5	0,4676713347435	4212,5	0,635355472564697	
4215,625	0,467475950717926	4215,625	0,63747251033783	
4218,75	0,468685179948807	4218,75	0,638716697692871	
4221,875	0,469469755887985	4221,875	0,638595163822174	
4225	0,471588641405106	4225	0,641004800796509	
4228,125	0,473712891340256	4228,125	0,640727758407593	
4231,25	0,470966875553131	4231,25	0,641432881355286	
4234,375	0,472656756639481	4234,375	0,642947435379028	
4237,5	0,475091576576233	4237,5	0,643659591674805	
4240,625	0,472867846488953	4240,625	0,643992722034454	
4243,75	0,47620701789856	4243,75	0,643734812736511	
4246,875	0,472447961568832	4246,875	0,64649897813797	
4250	0,474860489368439	4250	0,64868175983429	
4253,125	0,476989656686783	4253,125	0,647265195846558	
4256,25	0,477055847644806	4256,25	0,649247884750366	
4259,375	0,474815160036087	4259,375	0,647324979305267	
4262,5	0,475517392158508	4262,5	0,651441991329193	
4265,625	0,476826041936874	4265,625	0,653050184249878	
4268,75	0,47584143280983	4268,75	0,651561141014099	
4271,875	0,477211713790894	4271,875	0,65230005979538	
4275	0,479296743869781	4275	0,657134056091309	
4278,125	0,478120058774948	4278,125	0,655801773071289	
4281,25	0,477175712585449	4281,25	0,655342102050781	
4284,375	0,477570503950119	4284,375	0,662400305271149	
4287,5	0,477122962474823	4287,5	0,661137580871582	
4290,625	0,478034943342209	4290,625	0,661445677280426	
4293,75	0,481281042098999	4293,75	0,659972906112671	
4296,875	0,48322805762291	4296,875	0,659364819526672	
4300	0,483910888433456	4300	0,662345826625824	
4303,125	0,483479022979736	4303,125	0,665304839611053	
4306,25	0,485909849405289	4306,25	0,666108846664429	
4309,375	0,48515972495079	4309,375	0,664658606052399	
4312,5	0,483698785305023	4312,5	0,669731736183167	
4315,625	0,485644638538361	4315,625	0,669109582901001	
4318,75	0,484415173530579	4318,75	0,669804751873016	
4321,875	0,487157136201859	4321,875	0,672024369239807	
4325	0,488523691892624	4325	0,672004103660584	
4328,125	0,484913945198059	4328,125	0,672287046909332	
4331,25	0,484219133853912	4331,25	0,675670683383942	
4334,375	0,488530516624451	4334,375	0,675297617912292	
4337,5	0,486791908740997	4337,5	0,678509950637817	
4340,625	0,488899320363998	4340,625	0,678068339824677	
4343,75	0,488693535327911	4343,75	0,679628431797028	
4346,875	0,490479022264481	4346,875	0,681776523590088	
4350	0,491699546575546	4350	0,683488070964813	
4353,125	0,490542858839035	4353,125	0,68277770280838	
4356,25	0,49171844124794	4356,25	0,684544920921326	
4359,375	0,495453298091888	4359,375	0,685257434844971	
4362,5	0,491674602031708	4362,5	0,688482820987701	
4365,625	0,489973783493042	4365,625	0,689624011516571	
4368,75	0,492199540138245	4368,75	0,693918883800507	
4371,875	0,495592206716537	4371,875	0,690761208534241	
4375	0,498246312141418	4375	0,692304253578186	
4378,125	0,495786666870117	4378,125	0,699084103107452	
4381,25	0,497575610876083	4381,25	0,698141276836395	
4384,375	0,499014317989349	4384,375	0,698106467723846	
4387,5	0,500866889953613	4387,5	0,696336984634399	
4390,625	0,501046240329742	4390,625	0,699460685253143	
4393,75	0,500478148460388	4393,75	0,702474534511566	
4396,875	0,498250901699066	4396,875	0,70378839969635	
4400	0,501208066940308	4400	0,704616367816925	
4403,125	0,504647612571716	4403,125	0,705440700054169	
4406,25	0,504952669143677	4406,25	0,705892443656921	
4409,375	0,504770278930664	4409,375	0,71111261844635	
4412,5	0,50534462928772	4412,5	0,711663484573364	
4415,625	0,506576716899872	4415,625	0,711652398109436	
4418,75	0,507125854492188	4418,75	0,713397324085236	
4421,875	0,506618559360504	4421,875	0,715705633163452	
4425	0,509387671947479	4425	0,715818464756012	
4428,125	0,509343981742859	4428,125	0,718178510665894	
4431,25	0,505558907985687	4431,25	0,717615783214569	
4434,375	0,509532809257507	4434,375	0,722651541233063	
4437,5	0,511731922626495	4437,5	0,722613871097565	
4440,625	0,512420654296875	4440,625	0,72429358959198	
4443,75	0,51760870218277	4443,75	0,723302185535431	
4446,875	0,515234470367432	4446,875	0,725224316120148	
4450	0,513508021831512	4450	0,726796984672546	
4453,125	0,516003787517548	4453,125	0,729429006576538	
4456,25	0,518265664577484	4456,25	0,727252125740051	
4459,375	0,522232592105865	4459,375	0,731391251087189	
4462,5	0,519305229187012	4462,5	0,739234864711761	
4465,625	0,520480155944824	4465,625	0,735527515411377	
4468,75	0,520082592964172	4468,75	0,73643696308136	
4471,875	0,528547167778015	4471,875	0,74054354429245	
4475	0,528141438961029	4475	0,739449918270111	
4478,125	0,527418076992035	4478,125	0,737105011940002	
4481,25	0,530052125453949	4481,25	0,74817556142807	
4484,375	0,53077632188797	4484,375	0,749708652496338	
4487,5	0,533020794391632	4487,5	0,745696425437927	
4490,625	0,53299206495285	4490,625	0,747320950031281	
4493,75	0,535057067871094	4493,75	0,750452101230621	
4496,875	0,541296899318695	4496,875	0,751413524150848	
4500	0,536095023155212	4500	0,75199419260025	
4503,125	0,538898110389709	4503,125	0,756274104118347	
4506,25	0,539803445339203	4506,25	0,758217930793762	
4509,375	0,540593385696411	4509,375	0,758885979652405	
4512,5	0,545476794242859	4512,5	0,755083501338959	
4515,625	0,547176778316498	4515,625	0,758227467536926	
4518,75	0,543063342571259	4518,75	0,760549366474152	
4521,875	0,545510947704315	4521,875	0,761611521244049	
4525	0,551031053066254	4525	0,762138426303864	
4528,125	0,555282950401306	4528,125	0,763173639774323	
4531,25	0,557255625724792	4531,25	0,765121042728424	
4534,375	0,555760681629181	4534,375	0,765702307224274	
4537,5	0,557978928089142	4537,5	0,767617881298065	
4540,625	0,562145590782166	4540,625	0,768666684627533	
4543,75	0,561623513698578	4543,75	0,771422326564789	
4546,875	0,562369227409363	4546,875	0,772194564342499	
4550	0,562494337558746	4550	0,773135483264923	
4553,125	0,565963208675385	4553,125	0,773151338100433	
4556,25	0,56861013174057	4556,25	0,776476621627808	
4559,375	0,564074039459229	4559,375	0,772796750068665	
4562,5	0,572165906429291	4562,5	0,785224318504334	
4565,625	0,571045696735382	4565,625	0,781689882278442	
4568,75	0,570995688438416	4568,75	0,784555912017822	
4571,875	0,573252618312836	4571,875	0,782496631145477	
4575	0,57705694437027	4575	0,783567011356354	
4578,125	0,579829752445221	4578,125	0,783302962779999	
4581,25	0,584114372730255	4581,25	0,786159217357636	
4584,375	0,584873974323273	4584,375	0,789493441581726	
4587,5	0,583362638950348	4587,5	0,790180444717407	
4590,625	0,585899829864502	4590,625	0,793465316295624	
4593,75	0,58778989315033	4593,75	0,795378446578979	
4596,875	0,591355860233307	4596,875	0,793559312820435	
4600	0,590820848941803	4600	0,798141300678253	
4603,125	0,592609286308289	4603,125	0,802416384220123	
4606,25	0,59584379196167	4606,25	0,798802733421326	
4609,375	0,594346880912781	4609,375	0,800805449485779	
4612,5	0,599380552768707	4612,5	0,803833186626434	
4615,625	0,602050423622131	4615,625	0,802304446697235	
4618,75	0,601255238056183	4618,75	0,806544184684753	
4621,875	0,603680312633514	4621,875	0,803540706634521	
4625	0,614386856555939	4625	0,808168053627014	
4628,125	0,612292170524597	4628,125	0,811624944210052	
4631,25	0,61320298910141	4631,25	0,811569929122925	
4634,375	0,615289270877838	4634,375	0,817741692066193	
4637,5	0,614618480205536	4637,5	0,814498424530029	
4640,625	0,615417540073395	4640,625	0,81486564874649	
4643,75	0,621447384357452	4643,75	0,820189595222473	
4646,875	0,62146133184433	4646,875	0,818322539329529	
4650	0,624121725559235	4650	0,82057923078537	
4653,125	0,626035928726196	4653,125	0,825007498264313	
4656,25	0,628126382827759	4656,25	0,826776444911957	
4659,375	0,627872049808502	4659,375	0,825216770172119	
4662,5	0,624647855758667	4662,5	0,833254456520081	
4665,625	0,634832382202148	4665,625	0,834751725196838	
4668,75	0,635588049888611	4668,75	0,830686032772064	
4671,875	0,642557561397552	4671,875	0,837098181247711	
4675	0,643418967723846	4675	0,836970925331116	
4678,125	0,642131567001343	4678,125	0,840828895568848	
4681,25	0,648414254188538	4681,25	0,837451994419098	
4684,375	0,647144556045532	4684,375	0,843364894390106	
4687,5	0,649397671222687	4687,5	0,847937166690826	
4690,625	0,652324557304382	4690,625	0,845321297645569	
4693,75	0,654254078865051	4693,75	0,845796525478363	
4696,875	0,65580153465271	4696,875	0,850813031196594	
4700	0,654558897018433	4700	0,853232383728027	
4703,125	0,660881340503693	4703,125	0,855416774749756	
4706,25	0,662847995758057	4706,25	0,857640385627747	
4709,375	0,664168477058411	4709,375	0,861499428749084	
4712,5	0,665082633495331	4712,5	0,863328158855438	
4715,625	0,669462025165558	4715,625	0,864586114883423	
4718,75	0,67409485578537	4718,75	0,86383056640625	
4721,875	0,673109233379364	4721,875	0,86801552772522	
4725	0,672440648078918	4725	0,869487106800079	
4728,125	0,676287174224854	4728,125	0,872017979621887	
4731,25	0,676246166229248	4731,25	0,877431690692902	
4734,375	0,676260650157928	4734,375	0,878611087799072	
4737,5	0,680862545967102	4737,5	0,882320106029511	
4740,625	0,68480908870697	4740,625	0,883585572242737	
4743,75	0,688628911972046	4743,75	0,886192083358765	
4746,875	0,689444065093994	4746,875	0,886596620082855	
4750	0,689749300479889	4750	0,89052140712738	
4753,125	0,69203120470047	4753,125	0,898507654666901	
4756,25	0,692975163459778	4756,25	0,89829957485199	
4759,375	0,698803722858429	4759,375	0,901695251464844	
4762,5	0,700146496295929	4762,5	0,904699862003326	
4765,625	0,699012041091919	4765,625	0,906444668769836	
4768,75	0,700349688529968	4768,75	0,909655690193176	
4771,875	0,701024293899536	4771,875	0,912330269813538	
4775	0,711004078388214	4775	0,918827831745148	
4778,125	0,707607746124268	4778,125	0,923709452152252	
4781,25	0,70905464887619	4781,25	0,92387193441391	
4784,375	0,710179805755615	4784,375	0,928568959236145	
4787,5	0,716687619686127	4787,5	0,934056043624878	
4790,625	0,719748675823212	4790,625	0,934806406497955	
4793,75	0,720396935939789	4793,75	0,943855404853821	
4796,875	0,720847368240356	4796,875	0,944936990737915	
4800	0,725892901420593	4800	0,945412993431091	
4803,125	0,731291353702545	4803,125	0,953507423400879	
4806,25	0,731373488903046	4806,25	0,959516942501068	
4809,375	0,730532228946686	4809,375	0,960896849632263	
4812,5	0,734212577342987	4812,5	0,969056487083435	
4815,625	0,73505687713623	4815,625	0,969150304794312	
4818,75	0,73616886138916	4818,75	0,970577657222748	
4821,875	0,74171781539917	4821,875	0,97799688577652	
4825	0,743110239505768	4825	0,980009019374847	
4828,125	0,747652471065521	4828,125	0,982703387737274	
4831,25	0,750499367713928	4831,25	0,985569953918457	
4834,375	0,751331388950348	4834,375	0,995198547840118	
4837,5	0,753666341304779	4837,5	0,998496651649475	
4840,625	0,757578432559967	4840,625	1,0024721622467	
4843,75	0,757174968719482	4843,75	1,00580668449402	
4846,875	0,758577704429626	4846,875	1,01174807548523	
4850	0,763375818729401	4850	1,0191478729248	
4853,125	0,764522731304169	4853,125	1,02342307567596	
4856,25	0,767331659793854	4856,25	1,02589225769043	
4859,375	0,771542131900787	4859,375	1,03218352794647	
4862,5	0,775137901306152	4862,5	1,03079450130463	
4865,625	0,77817565202713	4865,625	1,03727567195892	
4868,75	0,778942465782166	4868,75	1,04167115688324	
4871,875	0,780468106269836	4871,875	1,04851126670837	
4875	0,783822417259216	4875	1,04910862445831	
4878,125	0,791071951389313	4878,125	1,05798530578613	
4881,25	0,790415167808533	4881,25	1,06289255619049	
4884,375	0,794675827026367	4884,375	1,06385099887848	
4887,5	0,796196579933167	4887,5	1,06754350662231	
4890,625	0,805978119373322	4890,625	1,07195973396301	
4893,75	0,810009479522705	4893,75	1,07592821121216	
4896,875	0,807494163513184	4896,875	1,08015370368958	
4900	0,809741854667664	4900	1,08414208889008	
4903,125	0,811380922794342	4903,125	1,08354568481445	
4906,25	0,816180288791656	4906,25	1,08288991451263	
4909,375	0,822797238826752	4909,375	1,09236478805542	
4912,5	0,822038531303406	4912,5	1,09695589542389	
4915,625	0,818921446800232	4915,625	1,1006418466568	
4918,75	0,822935938835144	4918,75	1,10123765468597	
4921,875	0,824568808078766	4921,875	1,1035943031311	
4925	0,826123774051666	4925	1,10882723331451	
4928,125	0,827579259872437	4928,125	1,1148362159729	
4931,25	0,826895117759705	4931,25	1,11634302139282	
4934,375	0,829458296298981	4934,375	1,1188063621521	
4937,5	0,833791196346283	4937,5	1,11994695663452	
4940,625	0,833439588546753	4940,625	1,12632071971893	
4943,75	0,829147338867188	4943,75	1,13059830665588	
4946,875	0,831611514091492	4946,875	1,13338494300842	
4950	0,833525657653809	4950	1,14070773124695	
4953,125	0,828410029411316	4953,125	1,1394819021225	
4956,25	0,82742166519165	4956,25	1,14299774169922	
4959,375	0,824043691158295	4959,375	1,14620840549469	
4962,5	0,823427259922028	4962,5	1,15316712856293	
4965,625	0,830228865146637	4965,625	1,15843427181244	
4968,75	0,827952206134796	4968,75	1,16440272331238	
4971,875	0,8274245262146	4971,875	1,16977429389954	
4975	0,824486672878265	4975	1,17065382003784	
				
