Frequency in Hz	Acrylic_98 Sound Reflection Factor continuous Re	Frequency in Hz	Acrylic_98 Sound Reflection Factor continuous Im	
100	0.97329843044281	100	-0.132288873195648	
103.125	0.974002361297607	103.125	-0.130384281277657	
106.25	0.975101113319397	106.25	-0.144104942679405	
109.375	0.97717547416687	109.375	-0.133887603878975	
112.5	0.96780252456665	112.5	-0.148839145898819	
115.625	0.959684610366821	115.625	-0.151119977235794	
118.75	0.960389614105225	118.75	-0.149979263544083	
121.875	0.962544858455658	121.875	-0.153389990329742	
125	0.962435364723206	125	-0.154479831457138	
128.125	0.960268557071686	128.125	-0.157759964466095	
131.25	0.963973999023438	131.25	-0.174037933349609	
134.375	0.960243999958038	134.375	-0.1668641269207	
137.5	0.950669765472412	137.5	-0.174318477511406	
140.625	0.953925728797913	140.625	-0.167867138981819	
143.75	0.948524177074432	143.75	-0.181951954960823	
146.875	0.95237535238266	146.875	-0.183902382850647	
150	0.961501061916351	150	-0.182195603847504	
153.125	0.941911339759827	153.125	-0.192059710621834	
156.25	0.948202311992645	156.25	-0.194022700190544	
159.375	0.950925946235657	159.375	-0.196754544973373	
162.5	0.951708674430847	162.5	-0.197739526629448	
165.625	0.954035878181458	165.625	-0.20653960108757	
168.75	0.933202087879181	168.75	-0.205720812082291	
171.875	0.933397829532623	171.875	-0.214503064751625	
175	0.937692940235138	175	-0.210413038730621	
178.125	0.930407702922821	178.125	-0.21669964492321	
181.25	0.934334754943848	181.25	-0.215862423181534	
184.375	0.930963635444641	184.375	-0.229082614183426	
187.5	0.933307349681854	187.5	-0.22507256269455	
190.625	0.935703933238983	190.625	-0.227359265089035	
193.75	0.93033903837204	193.75	-0.231073766946793	
196.875	0.926848590373993	196.875	-0.237365618348122	
200	0.924911499023438	200	-0.233671858906746	
203.125	0.920775353908539	203.125	-0.247425392270088	
206.25	0.92553573846817	206.25	-0.241665810346603	
209.375	0.918932795524597	209.375	-0.248076468706131	
212.5	0.927182495594025	212.5	-0.247526705265045	
215.625	0.924179136753082	215.625	-0.252371937036514	
218.75	0.920543551445007	218.75	-0.249357685446739	
221.875	0.922124862670898	221.875	-0.267731428146362	
225	0.919328033924103	225	-0.260962784290314	
228.125	0.911517560482025	228.125	-0.267723739147186	
231.25	0.907804310321808	231.25	-0.271550297737122	
234.375	0.914856374263763	234.375	-0.27217498421669	
237.5	0.909853518009186	237.5	-0.274861514568329	
240.625	0.911611914634705	240.625	-0.280832409858704	
243.75	0.905560612678528	243.75	-0.279824823141098	
246.875	0.89730316400528	246.875	-0.282561153173447	
250	0.900443196296692	250	-0.293883323669434	
253.125	0.901321113109589	253.125	-0.287332564592361	
256.25	0.892898678779602	256.25	-0.291318297386169	
259.375	0.888861477375031	259.375	-0.299604564905167	
262.5	0.900826752185822	262.5	-0.30164110660553	
265.625	0.89839506149292	265.625	-0.305031597614288	
268.75	0.898343920707703	268.75	-0.306995511054993	
271.875	0.890160441398621	271.875	-0.313295841217041	
275	0.879237234592438	275	-0.310263335704803	
278.125	0.880813121795654	278.125	-0.309230536222458	
281.25	0.884355187416077	281.25	-0.325892210006714	
284.375	0.883217453956604	284.375	-0.32579517364502	
287.5	0.875207364559174	287.5	-0.324116140604019	
290.625	0.870719254016876	290.625	-0.328204870223999	
293.75	0.870015442371368	293.75	-0.33438503742218	
296.875	0.872704565525055	296.875	-0.345350563526154	
300	0.864349842071533	300	-0.347261726856232	
303.125	0.858619332313538	303.125	-0.340441852807999	
306.25	0.843418478965759	306.25	-0.361992090940475	
309.375	0.84808361530304	309.375	-0.353726983070374	
312.5	0.836121439933777	312.5	-0.355651646852493	
315.625	0.835841000080109	315.625	-0.35563462972641	
318.75	0.838377833366394	318.75	-0.351497739553452	
321.875	0.840087234973907	321.875	-0.343048900365829	
325	0.842382609844208	325	-0.342665284872055	
328.125	0.852598130702972	328.125	-0.342319309711456	
331.25	0.856462419033051	331.25	-0.357797741889954	
334.375	0.847819864749908	334.375	-0.354870349168777	
337.5	0.851073563098907	337.5	-0.36047950387001	
340.625	0.852296233177185	340.625	-0.353930443525314	
343.75	0.845507800579071	343.75	-0.362999528646469	
346.875	0.843608856201172	346.875	-0.37897577881813	
350	0.838043987751007	350	-0.376839995384216	
353.125	0.835647761821747	353.125	-0.401020407676697	
356.25	0.845691919326782	356.25	-0.391710579395294	
359.375	0.845549523830414	359.375	-0.390438795089722	
362.5	0.826947212219238	362.5	-0.404479295015335	
365.625	0.837626934051514	365.625	-0.392401427030563	
368.75	0.838366150856018	368.75	-0.390004098415375	
371.875	0.821393370628357	371.875	-0.384791046380997	
375	0.80792361497879	375	-0.412545800209045	
378.125	0.81913286447525	378.125	-0.406855195760727	
381.25	0.848029792308807	381.25	-0.400345236063004	
384.375	0.832711517810822	384.375	-0.407620042562485	
387.5	0.818375527858734	387.5	-0.41210213303566	
390.625	0.80482941865921	390.625	-0.417294472455978	
393.75	0.809801638126373	393.75	-0.434352785348892	
396.875	0.812698900699615	396.875	-0.433379054069519	
400	0.824568927288055	400	-0.435190081596375	
403.125	0.812444686889648	403.125	-0.432520031929016	
406.25	0.803290903568268	406.25	-0.428019285202026	
409.375	0.816576898097992	409.375	-0.44380509853363	
412.5	0.806932210922241	412.5	-0.443274229764938	
415.625	0.792947173118591	415.625	-0.424623399972916	
418.75	0.776076436042786	418.75	-0.419871777296066	
421.875	0.785061836242676	421.875	-0.424488365650177	
425	0.777141809463501	425	-0.443006813526154	
428.125	0.808807253837585	428.125	-0.442775011062622	
431.25	0.807279706001282	431.25	-0.432539761066437	
434.375	0.775496959686279	434.375	-0.426533967256546	
437.5	0.772487223148346	437.5	-0.432575106620789	
440.625	0.77576357126236	440.625	-0.446389228105545	
443.75	0.766914129257202	443.75	-0.447514832019806	
446.875	0.776312708854675	446.875	-0.452974557876587	
450	0.777064204216003	450	-0.452310919761658	
453.125	0.764239192008972	453.125	-0.461152702569962	
456.25	0.750242292881012	456.25	-0.460787087678909	
459.375	0.754499912261963	459.375	-0.46339225769043	
462.5	0.75229287147522	462.5	-0.472081273794174	
465.625	0.753374457359314	465.625	-0.477539449930191	
468.75	0.758559346199036	468.75	-0.470351427793503	
471.875	0.752532362937927	471.875	-0.471084237098694	
475	0.753117203712463	475	-0.485874146223068	
478.125	0.753043949604034	478.125	-0.485330253839493	
481.25	0.747951686382294	481.25	-0.477495133876801	
484.375	0.745619297027588	484.375	-0.480325222015381	
487.5	0.744613349437714	487.5	-0.481280118227005	
490.625	0.741374492645264	490.625	-0.490332067012787	
493.75	0.739762187004089	493.75	-0.492881447076797	
496.875	0.729247689247131	496.875	-0.492530912160873	
500	0.734032094478607	500	-0.49150225520134	
503.125	0.732533693313599	503.125	-0.493898957967758	
506.25	0.733196437358856	506.25	-0.499127328395844	
509.375	0.730173528194427	509.375	-0.501762926578522	
512.5	0.725699126720428	512.5	-0.501268863677979	
515.625	0.720880627632141	515.625	-0.502329230308533	
518.75	0.72053462266922	518.75	-0.514330804347992	
521.875	0.721217691898346	521.875	-0.516014099121094	
525	0.714315712451935	525	-0.513527035713196	
528.125	0.715159893035889	528.125	-0.512987613677979	
531.25	0.714540421962738	531.25	-0.516418218612671	
534.375	0.714914083480835	534.375	-0.517064154148102	
537.5	0.711900949478149	537.5	-0.517571985721588	
540.625	0.712486565113068	540.625	-0.521567106246948	
543.75	0.706336915493011	543.75	-0.526884496212006	
546.875	0.702070593833923	546.875	-0.524013638496399	
550	0.701161086559296	550	-0.532220244407654	
553.125	0.704782664775848	553.125	-0.530327260494232	
556.25	0.713499069213867	556.25	-0.503498494625092	
559.375	0.715031921863556	559.375	-0.502555727958679	
562.5	0.715094685554504	562.5	-0.510287940502167	
565.625	0.718825876712799	565.625	-0.513154566287994	
568.75	0.708697199821472	568.75	-0.51399028301239	
571.875	0.706658005714417	571.875	-0.514955580234528	
575	0.705150067806244	575	-0.520266652107239	
578.125	0.704813539981842	578.125	-0.522810399532318	
581.25	0.701106727123261	581.25	-0.519255757331848	
584.375	0.695180356502533	584.375	-0.527557373046875	
587.5	0.695539653301239	587.5	-0.527985453605652	
590.625	0.692345499992371	590.625	-0.531086981296539	
593.75	0.687518954277039	593.75	-0.533362090587616	
596.875	0.686409413814545	596.875	-0.5327028632164	
600	0.68731552362442	600	-0.533976018428802	
603.125	0.680736184120178	603.125	-0.538598299026489	
606.25	0.677768528461456	606.25	-0.534766793251038	
609.375	0.669264137744904	609.375	-0.539601683616638	
612.5	0.671716749668121	612.5	-0.53938227891922	
615.625	0.667273044586182	615.625	-0.540539622306824	
618.75	0.666974067687988	618.75	-0.543975651264191	
621.875	0.662135004997253	621.875	-0.545363306999207	
625	0.66096693277359	625	-0.543490648269653	
628.125	0.658296942710876	628.125	-0.548427283763886	
631.25	0.657760977745056	631.25	-0.549026906490326	
634.375	0.654561579227448	634.375	-0.549538850784302	
637.5	0.651287794113159	637.5	-0.547979891300201	
640.625	0.648102939128876	640.625	-0.552095770835876	
643.75	0.648167729377747	643.75	-0.55607008934021	
646.875	0.645564079284668	646.875	-0.555160582065582	
650	0.643474161624908	650	-0.555762410163879	
653.125	0.643279850482941	653.125	-0.559242486953735	
656.25	0.64316314458847	656.25	-0.560470640659332	
659.375	0.639470219612122	659.375	-0.565516710281372	
662.5	0.636807680130005	662.5	-0.563511073589325	
665.625	0.636883616447449	665.625	-0.567016124725342	
668.75	0.634231865406036	668.75	-0.568114459514618	
671.875	0.631929457187653	671.875	-0.568516194820404	
675	0.629904270172119	675	-0.569983303546906	
678.125	0.624802470207214	678.125	-0.571827411651611	
681.25	0.621774792671204	681.25	-0.57605504989624	
684.375	0.620830357074738	684.375	-0.577239274978638	
687.5	0.614609837532043	687.5	-0.578801870346069	
690.625	0.611689865589142	690.625	-0.581293046474457	
693.75	0.610811293125153	693.75	-0.580190181732178	
696.875	0.60672652721405	696.875	-0.580483317375183	
700	0.607016801834106	700	-0.586083352565765	
703.125	0.605167388916016	703.125	-0.590294420719147	
706.25	0.596000254154205	706.25	-0.590855538845062	
709.375	0.594334244728088	709.375	-0.590868532657623	
712.5	0.592102766036987	712.5	-0.596629559993744	
715.625	0.588846325874329	715.625	-0.594094514846802	
718.75	0.582783877849579	718.75	-0.59338366985321	
721.875	0.583530962467194	721.875	-0.597523987293243	
725	0.58111834526062	725	-0.595799386501312	
728.125	0.576485335826874	728.125	-0.596021473407745	
731.25	0.575597405433655	731.25	-0.602726638317108	
734.375	0.571954190731049	734.375	-0.601078152656555	
737.5	0.569748342037201	737.5	-0.600873053073883	
740.625	0.564632713794708	740.625	-0.602419853210449	
743.75	0.562278389930725	743.75	-0.603055655956268	
746.875	0.56243097782135	746.875	-0.604592084884644	
750	0.555159330368042	750	-0.603499829769135	
753.125	0.553956389427185	753.125	-0.602335274219513	
756.25	0.552675724029541	756.25	-0.603546380996704	
759.375	0.55068039894104	759.375	-0.608396947383881	
762.5	0.545635640621185	762.5	-0.606729447841644	
765.625	0.544284045696259	765.625	-0.606717586517334	
768.75	0.53851443529129	768.75	-0.602642476558685	
771.875	0.533500969409943	771.875	-0.608229756355286	
775	0.536974847316742	775	-0.607650399208069	
778.125	0.53350955247879	778.125	-0.603882372379303	
781.25	0.529704868793488	781.25	-0.608150780200958	
784.375	0.52561354637146	784.375	-0.610220015048981	
787.5	0.523638129234314	787.5	-0.605247557163239	
790.625	0.519417464733124	790.625	-0.611345291137695	
793.75	0.519431054592133	793.75	-0.608318388462067	
796.875	0.514296054840088	796.875	-0.611618041992188	
800	0.51291698217392	800	-0.612365484237671	
803.125	0.519244134426117	803.125	-0.611863195896149	
806.25	0.519405782222748	806.25	-0.616038262844086	
809.375	0.514019906520844	809.375	-0.61642062664032	
812.5	0.509238600730896	812.5	-0.61465060710907	
815.625	0.505199134349823	815.625	-0.610375583171844	
818.75	0.501529812812805	818.75	-0.614657640457153	
821.875	0.500568509101868	821.875	-0.616555750370026	
825	0.496296048164368	825	-0.619718313217163	
828.125	0.493365079164505	828.125	-0.616392552852631	
831.25	0.493146777153015	831.25	-0.613306403160095	
834.375	0.493192285299301	834.375	-0.616327404975891	
837.5	0.494220465421677	837.5	-0.621304988861084	
840.625	0.492930948734283	840.625	-0.619527399539948	
843.75	0.484826505184174	843.75	-0.621574580669403	
846.875	0.484426528215408	846.875	-0.624051809310913	
850	0.474972546100616	850	-0.621640563011169	
853.125	0.477312624454498	853.125	-0.622387707233429	
856.25	0.479895740747452	856.25	-0.62238484621048	
859.375	0.478611975908279	859.375	-0.621602118015289	
862.5	0.474035441875458	862.5	-0.624937653541565	
865.625	0.469337373971939	865.625	-0.626252055168152	
868.75	0.468689262866974	868.75	-0.625688374042511	
871.875	0.465255945920944	871.875	-0.629637062549591	
875	0.463097214698792	875	-0.631785988807678	
878.125	0.458356767892838	878.125	-0.624953329563141	
881.25	0.456426531076431	881.25	-0.628119230270386	
884.375	0.483140110969543	884.375	-0.606346607208252	
887.5	0.481489956378937	887.5	-0.604357540607452	
890.625	0.478356868028641	890.625	-0.60773766040802	
893.75	0.47730028629303	893.75	-0.609136462211609	
896.875	0.473334431648254	896.875	-0.609878063201904	
900	0.471876680850983	900	-0.611772775650024	
903.125	0.468155741691589	903.125	-0.613073527812958	
906.25	0.465810656547546	906.25	-0.609444737434387	
909.375	0.465502381324768	909.375	-0.60998660326004	
912.5	0.459074378013611	912.5	-0.614023983478546	
915.625	0.458979904651642	915.625	-0.611887514591217	
918.75	0.455684095621109	918.75	-0.61032646894455	
921.875	0.450185596942902	921.875	-0.61654931306839	
925	0.448052257299423	925	-0.615027844905853	
928.125	0.447064071893692	928.125	-0.618193030357361	
931.25	0.445634067058563	931.25	-0.621173739433289	
934.375	0.443585425615311	934.375	-0.621059477329254	
937.5	0.438343822956085	937.5	-0.625667691230774	
940.625	0.434439241886139	940.625	-0.624180138111115	
943.75	0.432314902544022	943.75	-0.62244838476181	
946.875	0.429180800914764	946.875	-0.621753990650177	
950	0.42668804526329	950	-0.623562633991241	
953.125	0.421317666769028	953.125	-0.624245762825012	
956.25	0.418751090764999	956.25	-0.621912479400635	
959.375	0.414864808320999	959.375	-0.621735692024231	
962.5	0.411650508642197	962.5	-0.623329520225525	
965.625	0.410857796669006	965.625	-0.621705114841461	
968.75	0.409620642662048	968.75	-0.623490929603577	
971.875	0.404359936714172	971.875	-0.624207198619843	
975	0.39909103512764	975	-0.623474657535553	
978.125	0.399349868297577	978.125	-0.624812245368958	
981.25	0.393888115882874	981.25	-0.622893393039703	
984.375	0.393244743347168	984.375	-0.62481290102005	
987.5	0.392592310905457	987.5	-0.624642789363861	
990.625	0.387958496809006	990.625	-0.623968303203583	
993.75	0.386752754449844	993.75	-0.627500653266907	
996.875	0.383652597665787	996.875	-0.624154210090637	
1000	0.380025327205658	1000	-0.623693466186523	
1003.125	0.378967821598053	1003.125	-0.623804688453674	
1006.25	0.375284999608994	1006.25	-0.622073590755463	
1009.375	0.373779147863388	1009.375	-0.623198866844177	
1012.5	0.37133777141571	1012.5	-0.625442147254944	
1015.625	0.369978606700897	1015.625	-0.619078397750854	
1018.75	0.362619608640671	1018.75	-0.623177826404572	
1021.875	0.36370250582695	1021.875	-0.623155117034912	
1025	0.359590768814087	1025	-0.62446516752243	
1028.125	0.358011215925217	1028.125	-0.622545540332794	
1031.25	0.355880379676819	1031.25	-0.624054849147797	
1034.375	0.354318827390671	1034.375	-0.623792588710785	
1037.5	0.348117142915726	1037.5	-0.62415474653244	
1040.625	0.347449272871017	1040.625	-0.623723387718201	
1043.75	0.344408214092255	1043.75	-0.622966825962067	
1046.875	0.343895554542542	1046.875	-0.623665452003479	
1050	0.340049684047699	1050	-0.624348878860474	
1053.125	0.340197294950485	1053.125	-0.626623928546906	
1056.25	0.334665566682816	1056.25	-0.627271473407745	
1059.375	0.332440286874771	1059.375	-0.622914135456085	
1062.5	0.33149191737175	1062.5	-0.623024821281433	
1065.625	0.326010406017303	1065.625	-0.624557554721832	
1068.75	0.324569672346115	1068.75	-0.623204171657562	
1071.875	0.323496997356415	1071.875	-0.623592376708984	
1075	0.319581359624863	1075	-0.623022735118866	
1078.125	0.317378580570221	1078.125	-0.623281836509705	
1081.25	0.316465616226196	1081.25	-0.621647357940674	
1084.375	0.312746196985245	1084.375	-0.621799528598785	
1087.5	0.308999270200729	1087.5	-0.620800256729126	
1090.625	0.307258188724518	1090.625	-0.620182037353516	
1093.75	0.305379927158356	1093.75	-0.620058476924896	
1096.875	0.301745623350143	1096.875	-0.621960878372192	
1100	0.301280230283737	1100	-0.621913552284241	
1103.125	0.297786861658096	1103.125	-0.62154483795166	
1106.25	0.29395255446434	1106.25	-0.615452945232391	
1109.375	0.29019233584404	1109.375	-0.616914808750153	
1112.5	0.291424721479416	1112.5	-0.621013760566711	
1115.625	0.289340972900391	1115.625	-0.618714690208435	
1118.75	0.28524973988533	1118.75	-0.618262827396393	
1121.875	0.283405870199203	1121.875	-0.618400275707245	
1125	0.283079028129578	1125	-0.618791401386261	
1128.125	0.280439615249634	1128.125	-0.617477774620056	
1131.25	0.275041252374649	1131.25	-0.618463635444641	
1134.375	0.273527294397354	1134.375	-0.616541087627411	
1137.5	0.270338267087936	1137.5	-0.618375539779663	
1140.625	0.269767016172409	1140.625	-0.620258390903473	
1143.75	0.264304041862488	1143.75	-0.619530558586121	
1146.875	0.262969434261322	1146.875	-0.622077107429504	
1150	0.26566156744957	1150	-0.621195077896118	
1153.125	0.26294481754303	1153.125	-0.620444118976593	
1156.25	0.259168982505798	1156.25	-0.617749989032745	
1159.375	0.254994451999664	1159.375	-0.618487656116486	
1162.5	0.253085404634476	1162.5	-0.618569791316986	
1165.625	0.251521736383438	1165.625	-0.616495668888092	
1168.75	0.250946253538132	1168.75	-0.620455682277679	
1171.875	0.24614754319191	1171.875	-0.621775031089783	
1175	0.247649192810059	1175	-0.620192527770996	
1178.125	0.244254991412163	1178.125	-0.620374858379364	
1181.25	0.241370022296906	1181.25	-0.61866968870163	
1184.375	0.23744198679924	1184.375	-0.617727339267731	
1187.5	0.236365363001823	1187.5	-0.617377161979675	
1190.625	0.231372252106667	1190.625	-0.615266561508179	
1193.75	0.22956171631813	1193.75	-0.612846195697784	
1196.875	0.224099487066269	1196.875	-0.611697375774384	
1200	0.220413282513618	1200	-0.614701330661774	
1203.125	0.217417016625404	1203.125	-0.613141238689423	
1206.25	0.219294473528862	1206.25	-0.614538431167603	
1209.375	0.219794750213623	1209.375	-0.611925601959229	
1212.5	0.214035376906395	1212.5	-0.611948728561401	
1215.625	0.211633190512657	1215.625	-0.61464262008667	
1218.75	0.208629667758942	1218.75	-0.616112649440765	
1221.875	0.204733610153198	1221.875	-0.612693905830383	
1225	0.203671112656593	1225	-0.613401293754578	
1228.125	0.203847572207451	1228.125	-0.609018623828888	
1231.25	0.205432876944542	1231.25	-0.610117852687836	
1234.375	0.198509395122528	1234.375	-0.609109818935394	
1237.5	0.193976506590843	1237.5	-0.609991312026978	
1240.625	0.190338879823685	1240.625	-0.612298309803009	
1243.75	0.189415380358696	1243.75	-0.60760772228241	
1246.875	0.189279705286026	1246.875	-0.60964435338974	
1250	0.183364585042	1250	-0.607303321361542	
1253.125	0.183162689208984	1253.125	-0.605944931507111	
1256.25	0.182981193065643	1256.25	-0.607064366340637	
1259.375	0.183461353182793	1259.375	-0.603695690631866	
1262.5	0.174319341778755	1262.5	-0.599419832229614	
1265.625	0.172951400279999	1265.625	-0.603677928447723	
1268.75	0.171490237116814	1268.75	-0.601305842399597	
1271.875	0.168522879481316	1271.875	-0.600108206272125	
1275	0.166081607341766	1275	-0.601089298725128	
1278.125	0.167006745934486	1278.125	-0.60131847858429	
1281.25	0.161946132779121	1281.25	-0.598963677883148	
1284.375	0.161273270845413	1284.375	-0.59935200214386	
1287.5	0.158154040575027	1287.5	-0.598943293094635	
1290.625	0.155327051877975	1290.625	-0.599220097064972	
1293.75	0.155903071165085	1293.75	-0.598073124885559	
1296.875	0.152464792132378	1296.875	-0.59343147277832	
1300	0.14806455373764	1300	-0.59336531162262	
1303.125	0.14795084297657	1303.125	-0.594523906707764	
1306.25	0.147694155573845	1306.25	-0.59328693151474	
1309.375	0.140775889158249	1309.375	-0.596428632736206	
1312.5	0.140207856893539	1312.5	-0.596678793430328	
1315.625	0.137526348233223	1315.625	-0.593364894390106	
1318.75	0.137649655342102	1318.75	-0.589709758758545	
1321.875	0.13250470161438	1321.875	-0.588575005531311	
1325	0.132929459214211	1325	-0.590123534202576	
1328.125	0.130880489945412	1328.125	-0.586326897144318	
1331.25	0.126588001847267	1331.25	-0.587147057056427	
1334.375	0.125417336821556	1334.375	-0.58826357126236	
1337.5	0.12231407314539	1337.5	-0.587971329689026	
1340.625	0.12047440558672	1340.625	-0.586715936660767	
1343.75	0.12027545273304	1343.75	-0.586483240127563	
1346.875	0.116480760276318	1346.875	-0.586036741733551	
1350	0.113522432744503	1350	-0.582373440265656	
1353.125	0.111285962164402	1353.125	-0.583578169345856	
1356.25	0.109509244561195	1356.25	-0.586143612861633	
1359.375	0.107746936380863	1359.375	-0.584582090377808	
1362.5	0.106767810881138	1362.5	-0.58307957649231	
1365.625	0.102800101041794	1365.625	-0.585821568965912	
1368.75	0.101080432534218	1368.75	-0.580451607704163	
1371.875	0.10144554823637	1371.875	-0.576097011566162	
1375	0.0976134464144707	1375	-0.57655280828476	
1378.125	0.0955325365066528	1378.125	-0.578063011169434	
1381.25	0.092506043612957	1381.25	-0.576790571212769	
1384.375	0.0909973829984665	1384.375	-0.574932038784027	
1387.5	0.0893633216619492	1387.5	-0.574691593647003	
1390.625	0.0873301699757576	1390.625	-0.57281631231308	
1393.75	0.0863457545638084	1393.75	-0.572493851184845	
1396.875	0.0839935466647148	1396.875	-0.571463048458099	
1400	0.0813334509730339	1400	-0.57219535112381	
1403.125	0.0790163353085518	1403.125	-0.570030868053436	
1406.25	0.0775160491466522	1406.25	-0.568446636199951	
1409.375	0.0737396031618118	1409.375	-0.567228496074677	
1412.5	0.073994979262352	1412.5	-0.568141639232636	
1415.625	0.0712931603193283	1415.625	-0.567015528678894	
1418.75	0.0674479901790619	1418.75	-0.566577076911926	
1421.875	0.0667237713932991	1421.875	-0.569067478179932	
1425	0.065267875790596	1425	-0.565537393093109	
1428.125	0.062585212290287	1428.125	-0.561877191066742	
1431.25	0.0611074082553387	1431.25	-0.561476290225983	
1434.375	0.0574800781905651	1434.375	-0.561118364334106	
1437.5	0.0573251433670521	1437.5	-0.55953586101532	
1440.625	0.0547200217843056	1440.625	-0.559133887290955	
1443.75	0.0521379821002483	1443.75	-0.557790696620941	
1446.875	0.0491220131516457	1446.875	-0.557417571544647	
1450	0.0479985848069191	1450	-0.554371178150177	
1453.125	0.047392800450325	1453.125	-0.553221821784973	
1456.25	0.0440544225275517	1456.25	-0.552514672279358	
1459.375	0.0453755296766758	1459.375	-0.554689764976501	
1462.5	0.0401181094348431	1462.5	-0.550832211971283	
1465.625	0.0375105403363705	1465.625	-0.549788057804108	
1468.75	0.0351024568080902	1468.75	-0.550364017486572	
1471.875	0.0315983146429062	1471.875	-0.548783361911774	
1475	0.0336378365755081	1475	-0.547316253185272	
1478.125	0.0327773690223694	1478.125	-0.546516716480255	
1481.25	0.0286285113543272	1481.25	-0.547730386257172	
1484.375	0.0254901926964521	1484.375	-0.545344352722168	
1487.5	0.0247960444539785	1487.5	-0.543771982192993	
1490.625	0.0219697002321482	1490.625	-0.54166716337204	
1493.75	0.0217950884252787	1493.75	-0.540097951889038	
1496.875	0.0190477930009365	1496.875	-0.541398584842682	
1500	0.0167266372591257	1500	-0.542300522327423	
1503.125	0.0162131264805794	1503.125	-0.539216101169586	
1506.25	0.0136468727141619	1506.25	-0.531950652599335	
1509.375	0.0109788961708546	1509.375	-0.533206939697266	
1512.5	0.00965697783976793	1512.5	-0.535417139530182	
1515.625	0.00772816594690084	1515.625	-0.534889340400696	
1518.75	0.00378825864754617	1518.75	-0.533493995666504	
1521.875	0.00382517650723457	1521.875	-0.533046662807465	
1525	-0.000357894285116345	1525	-0.532776892185211	
1528.125	-0.00165382539853454	1528.125	-0.529533207416534	
1531.25	-0.00214284518733621	1531.25	-0.529077649116516	
1534.375	-0.00470005255192518	1534.375	-0.526218593120575	
1537.5	-0.00531934341415763	1537.5	-0.526514410972595	
1540.625	-0.00631160801276565	1540.625	-0.52690851688385	
1543.75	-0.00937063153833151	1543.75	-0.52346795797348	
1546.875	-0.012470425106585	1546.875	-0.521844565868378	
1550	-0.014599927701056	1550	-0.52273827791214	
1553.125	-0.0159156192094088	1553.125	-0.520221829414368	
1556.25	-0.0165852252393961	1556.25	-0.522527277469635	
1559.375	-0.0214262530207634	1559.375	-0.518353819847107	
1562.5	-0.0215030051767826	1562.5	-0.516626060009003	
1565.625	-0.0234092399477959	1565.625	-0.51537024974823	
1568.75	-0.0244957450777292	1568.75	-0.511695981025696	
1571.875	-0.0261935330927372	1571.875	-0.513048946857452	
1575	-0.0288818720728159	1575	-0.51358026266098	
1578.125	-0.0298485402017832	1578.125	-0.509999573230743	
1581.25	-0.0352670401334763	1581.25	-0.5083909034729	
1584.375	-0.0352860316634178	1584.375	-0.506514549255371	
1587.5	-0.0365181602537632	1587.5	-0.504970550537109	
1590.625	-0.0379325076937675	1590.625	-0.505628049373627	
1593.75	-0.0385902412235737	1593.75	-0.505508542060852	
1596.875	-0.0426918230950832	1596.875	-0.503578722476959	
1600	-0.0440752133727074	1600	-0.502637684345245	
1603.125	-0.0471172407269478	1603.125	-0.498734086751938	
1606.25	-0.0464688315987587	1606.25	-0.500158131122589	
1609.375	-0.0530439466238022	1609.375	-0.496327549219131	
1612.5	-0.0522943399846554	1612.5	-0.492956787347794	
1615.625	-0.0533021800220013	1615.625	-0.491121232509613	
1618.75	-0.0590735524892807	1618.75	-0.489222377538681	
1621.875	-0.0570662096142769	1621.875	-0.489891469478607	
1625	-0.0569398477673531	1625	-0.486237525939941	
1628.125	-0.0585934221744537	1628.125	-0.485365986824036	
1631.25	-0.0624843277037144	1631.25	-0.480161011219025	
1634.375	-0.0651880428195	1634.375	-0.482494026422501	
1637.5	-0.0653508380055428	1637.5	-0.477270752191544	
1640.625	-0.0681344270706177	1640.625	-0.481516540050507	
1643.75	-0.0725138783454895	1643.75	-0.478567242622375	
1646.875	-0.0705075114965439	1646.875	-0.477614551782608	
1650	-0.0708828717470169	1650	-0.473775893449783	
1653.125	-0.0722513124346733	1653.125	-0.471564680337906	
1656.25	-0.0706716552376747	1656.25	-0.473209828138351	
1659.375	-0.072968989610672	1659.375	-0.471518725156784	
1662.5	-0.0728459656238556	1662.5	-0.470519691705704	
1665.625	-0.0729197785258293	1665.625	-0.469511151313782	
1668.75	-0.0781467333436012	1668.75	-0.466044187545776	
1671.875	-0.0812724456191063	1671.875	-0.465117514133453	
1675	-0.0809483304619789	1675	-0.468367397785187	
1678.125	-0.0848273038864136	1678.125	-0.465882897377014	
1681.25	-0.0849466472864151	1681.25	-0.465772956609726	
1684.375	-0.0872074812650681	1684.375	-0.464856624603271	
1687.5	-0.0905138626694679	1687.5	-0.459850758314133	
1690.625	-0.090673916041851	1690.625	-0.459803640842438	
1693.75	-0.0941227972507477	1693.75	-0.457021415233612	
1696.875	-0.094535119831562	1696.875	-0.457130998373032	
1700	-0.0981200039386749	1700	-0.456335842609406	
1703.125	-0.0992133542895317	1703.125	-0.455455452203751	
1706.25	-0.099206417798996	1706.25	-0.454184502363205	
1709.375	-0.102091997861862	1709.375	-0.453190535306931	
1712.5	-0.101977303624153	1712.5	-0.450498104095459	
1715.625	-0.10499445348978	1715.625	-0.447887063026428	
1718.75	-0.105400204658508	1718.75	-0.445794612169266	
1721.875	-0.108849704265594	1721.875	-0.445823580026627	
1725	-0.109005644917488	1725	-0.445219069719315	
1728.125	-0.112794153392315	1728.125	-0.442864805459976	
1731.25	-0.112115770578384	1731.25	-0.440255552530289	
1734.375	-0.112946696579456	1734.375	-0.438650727272034	
1737.5	-0.117071934044361	1737.5	-0.438421458005905	
1740.625	-0.118881464004517	1740.625	-0.4400335252285	
1743.75	-0.119521856307983	1743.75	-0.434506267309189	
1746.875	-0.120142698287964	1746.875	-0.432110667228699	
1750	-0.122782841324806	1750	-0.431425243616104	
1753.125	-0.124686732888222	1753.125	-0.429482579231262	
1756.25	-0.125864580273628	1756.25	-0.428695648908615	
1759.375	-0.128159046173096	1759.375	-0.426618576049805	
1762.5	-0.129338920116425	1762.5	-0.425563186407089	
1765.625	-0.130332946777344	1765.625	-0.423117935657501	
1768.75	-0.13356876373291	1768.75	-0.422748237848282	
1771.875	-0.133319348096848	1771.875	-0.41982427239418	
1775	-0.133309155702591	1775	-0.41753488779068	
1778.125	-0.13578836619854	1778.125	-0.417313605546951	
1781.25	-0.138628393411636	1781.25	-0.416526138782501	
1784.375	-0.13817286491394	1784.375	-0.413086026906967	
1787.5	-0.139976471662521	1787.5	-0.410966992378235	
1790.625	-0.140377715229988	1790.625	-0.410656422376633	
1793.75	-0.14306503534317	1793.75	-0.410160928964615	
1796.875	-0.146812483668327	1796.875	-0.408632963895798	
1800	-0.146243810653687	1800	-0.408073872327805	
1803.125	-0.147652968764305	1803.125	-0.404881089925766	
1806.25	-0.150009125471115	1806.25	-0.402706146240234	
1809.375	-0.150064155459404	1809.375	-0.401571661233902	
1812.5	-0.151929691433907	1812.5	-0.400378465652466	
1815.625	-0.153303012251854	1815.625	-0.399525016546249	
1818.75	-0.153943687677383	1818.75	-0.396867603063583	
1821.875	-0.156030535697937	1821.875	-0.395408689975739	
1825	-0.158199340105057	1825	-0.394881278276443	
1828.125	-0.159426897764206	1828.125	-0.39216873049736	
1831.25	-0.159727022051811	1831.25	-0.390673220157623	
1834.375	-0.161650121212006	1834.375	-0.390284568071365	
1837.5	-0.161537632346153	1837.5	-0.385122209787369	
1840.625	-0.163604006171227	1840.625	-0.383801102638245	
1843.75	-0.164584264159203	1843.75	-0.382522165775299	
1846.875	-0.167176723480225	1846.875	-0.381347984075546	
1850	-0.170373782515526	1850	-0.38260617852211	
1853.125	-0.170444995164871	1853.125	-0.379349589347839	
1856.25	-0.169597461819649	1856.25	-0.376978069543839	
1859.375	-0.171260789036751	1859.375	-0.376343339681625	
1862.5	-0.173262432217598	1862.5	-0.375352054834366	
1865.625	-0.174824640154839	1865.625	-0.373638719320297	
1868.75	-0.17542390525341	1868.75	-0.372574508190155	
1871.875	-0.177663087844849	1871.875	-0.369836509227753	
1875	-0.178208351135254	1875	-0.368566304445267	
1878.125	-0.179759651422501	1878.125	-0.36523774266243	
1881.25	-0.181656837463379	1881.25	-0.365003705024719	
1884.375	-0.181519493460655	1884.375	-0.363462090492249	
1887.5	-0.183428794145584	1887.5	-0.362148374319077	
1890.625	-0.184751078486443	1890.625	-0.363733291625977	
1893.75	-0.188071250915527	1893.75	-0.35812047123909	
1896.875	-0.187164008617401	1896.875	-0.356777220964432	
1900	-0.187299489974976	1900	-0.356045573949814	
1903.125	-0.188895016908646	1903.125	-0.354925125837326	
1906.25	-0.191318318247795	1906.25	-0.353294163942337	
1909.375	-0.191985905170441	1909.375	-0.351292312145233	
1912.5	-0.192571297287941	1912.5	-0.348250985145569	
1915.625	-0.19437812268734	1915.625	-0.345415890216827	
1918.75	-0.195205569267273	1918.75	-0.346085220575333	
1921.875	-0.196864977478981	1921.875	-0.342614710330963	
1925	-0.197714164853096	1925	-0.341113656759262	
1928.125	-0.198424518108368	1928.125	-0.340325802564621	
1931.25	-0.199550971388817	1931.25	-0.339940667152405	
1934.375	-0.201959356665611	1934.375	-0.338605672121048	
1937.5	-0.202747821807861	1937.5	-0.337397277355194	
1940.625	-0.204402163624763	1940.625	-0.33651414513588	
1943.75	-0.204275965690613	1943.75	-0.332078069448471	
1946.875	-0.203607276082039	1946.875	-0.329956918954849	
1950	-0.207368746399879	1950	-0.328053712844849	
1953.125	-0.205668389797211	1953.125	-0.327184945344925	
1956.25	-0.207044139504433	1956.25	-0.326155483722687	
1959.375	-0.209256947040558	1959.375	-0.325852245092392	
1962.5	-0.211904928088188	1962.5	-0.321688264608383	
1965.625	-0.210450544953346	1965.625	-0.320581406354904	
1968.75	-0.211979016661644	1968.75	-0.320276528596878	
1971.875	-0.215100631117821	1971.875	-0.319164216518402	
1975	-0.212352469563484	1975	-0.317122757434845	
1978.125	-0.215919449925423	1978.125	-0.314792186021805	
1981.25	-0.217093929648399	1981.25	-0.312991559505463	
1984.375	-0.216988801956177	1984.375	-0.310938477516174	
1987.5	-0.219391494989395	1987.5	-0.3114133477211	
1990.625	-0.223012506961823	1990.625	-0.309947222471237	
1993.75	-0.22257387638092	1993.75	-0.307751446962357	
1996.875	-0.224015682935715	1996.875	-0.305950164794922	
2000	-0.225535660982132	2000	-0.304946571588516	
2003.125	-0.22609831392765	2003.125	-0.302538961172104	
2006.25	-0.225337252020836	2006.25	-0.301803439855576	
2009.375	-0.226347252726555	2009.375	-0.298327177762985	
2012.5	-0.227460160851479	2012.5	-0.297200441360474	
2015.625	-0.227969065308571	2015.625	-0.296613425016403	
2018.75	-0.230161920189857	2018.75	-0.293955981731415	
2021.875	-0.23048622906208	2021.875	-0.290793240070343	
2025	-0.230063155293465	2025	-0.289227247238159	
2028.125	-0.230188995599747	2028.125	-0.287387192249298	
2031.25	-0.233587518334389	2031.25	-0.287153840065002	
2034.375	-0.234898462891579	2034.375	-0.28543147444725	
2037.5	-0.234765380620956	2037.5	-0.282117545604706	
2040.625	-0.237454414367676	2040.625	-0.278624087572098	
2043.75	-0.237742587924004	2043.75	-0.277926057577133	
2046.875	-0.239408701658249	2046.875	-0.276204973459244	
2050	-0.240290924906731	2050	-0.274679034948349	
2053.125	-0.239092409610748	2053.125	-0.275251150131226	
2056.25	-0.240746840834618	2056.25	-0.269844859838486	
2059.375	-0.242955535650253	2059.375	-0.270374476909637	
2062.5	-0.242589995265007	2062.5	-0.26953798532486	
2065.625	-0.242849215865135	2065.625	-0.267092853784561	
2068.75	-0.243687838315964	2068.75	-0.265548467636108	
2071.875	-0.245927035808563	2071.875	-0.263132870197296	
2075	-0.246449157595634	2075	-0.262174844741821	
2078.125	-0.245836451649666	2078.125	-0.259757488965988	
2081.25	-0.24799732863903	2081.25	-0.258249551057816	
2084.375	-0.248790726065636	2084.375	-0.255924850702286	
2087.5	-0.249681323766708	2087.5	-0.255631029605865	
2090.625	-0.251537501811981	2090.625	-0.252826392650604	
2093.75	-0.251098722219467	2093.75	-0.251303881406784	
2096.875	-0.251389384269714	2096.875	-0.250031501054764	
2100	-0.253270298242569	2100	-0.247286632657051	
2103.125	-0.254252701997757	2103.125	-0.247267737984657	
2106.25	-0.254942417144775	2106.25	-0.244809985160828	
2109.375	-0.254866778850555	2109.375	-0.244486451148987	
2112.5	-0.255615919828415	2112.5	-0.241047546267509	
2115.625	-0.257350772619247	2115.625	-0.239517942070961	
2118.75	-0.257455676794052	2118.75	-0.238803163170815	
2121.875	-0.257686257362366	2121.875	-0.237716019153595	
2125	-0.259512960910797	2125	-0.235950708389282	
2128.125	-0.261576116085052	2128.125	-0.233679831027985	
2131.25	-0.260267496109009	2131.25	-0.231984972953796	
2134.375	-0.260263174772263	2134.375	-0.229949101805687	
2137.5	-0.262005507946014	2137.5	-0.22816327214241	
2140.625	-0.262693524360657	2140.625	-0.226152449846268	
2143.75	-0.264349579811096	2143.75	-0.224304407835007	
2146.875	-0.264900118112564	2146.875	-0.2233667075634	
2150	-0.265436381101608	2150	-0.220310509204865	
2153.125	-0.266501426696777	2153.125	-0.219219774007797	
2156.25	-0.265927225351334	2156.25	-0.218041747808456	
2159.375	-0.267211765050888	2159.375	-0.21635165810585	
2162.5	-0.267192482948303	2162.5	-0.213923662900925	
2165.625	-0.266947478055954	2165.625	-0.212031930685043	
2168.75	-0.269147992134094	2168.75	-0.212020173668861	
2171.875	-0.269482493400574	2171.875	-0.208854734897614	
2175	-0.269271522760391	2175	-0.20608614385128	
2178.125	-0.271717697381973	2178.125	-0.205345407128334	
2181.25	-0.270529180765152	2181.25	-0.204368963837624	
2184.375	-0.271550565958023	2184.375	-0.203422516584396	
2187.5	-0.272205382585526	2187.5	-0.201323986053467	
2190.625	-0.27358004450798	2190.625	-0.199613243341446	
2193.75	-0.273977965116501	2193.75	-0.196580663323402	
2196.875	-0.274156719446182	2196.875	-0.195973515510559	
2200	-0.27455872297287	2200	-0.194074049592018	
2203.125	-0.275507539510727	2203.125	-0.191960006952286	
2206.25	-0.275889664888382	2206.25	-0.190312683582306	
2209.375	-0.277493476867676	2209.375	-0.189580008387566	
2212.5	-0.278991132974625	2212.5	-0.18730154633522	
2215.625	-0.278587073087692	2215.625	-0.185605362057686	
2218.75	-0.278559535741806	2218.75	-0.183762714266777	
2221.875	-0.27947273850441	2221.875	-0.182962462306023	
2225	-0.280676037073135	2225	-0.180829972028732	
2228.125	-0.281607359647751	2228.125	-0.179076388478279	
2231.25	-0.281369656324387	2231.25	-0.177656397223473	
2234.375	-0.281497150659561	2234.375	-0.175358086824417	
2237.5	-0.281634658575058	2237.5	-0.173650965094566	
2240.625	-0.280819863080978	2240.625	-0.171446114778519	
2243.75	-0.282996088266373	2243.75	-0.169644564390182	
2246.875	-0.283672720193863	2246.875	-0.16889525949955	
2250	-0.283409923315048	2250	-0.168212547898293	
2253.125	-0.285355925559998	2253.125	-0.164719045162201	
2256.25	-0.285272657871246	2256.25	-0.16476859152317	
2259.375	-0.284649223089218	2259.375	-0.162415504455566	
2262.5	-0.286122828722	2262.5	-0.16044656932354	
2265.625	-0.284615218639374	2265.625	-0.16005565226078	
2268.75	-0.28699854016304	2268.75	-0.15633262693882	
2271.875	-0.286028981208801	2271.875	-0.15604130923748	
2275	-0.287186533212662	2275	-0.154352515935898	
2278.125	-0.28731843829155	2278.125	-0.152876853942871	
2281.25	-0.287744045257568	2281.25	-0.149427533149719	
2284.375	-0.288932085037231	2284.375	-0.147668942809105	
2287.5	-0.288458079099655	2287.5	-0.147324085235596	
2290.625	-0.290127217769623	2290.625	-0.145713269710541	
2293.75	-0.289699077606201	2293.75	-0.144774824380875	
2296.875	-0.290972054004669	2296.875	-0.141532227396965	
2300	-0.290837198495865	2300	-0.141411349177361	
2303.125	-0.291213989257813	2303.125	-0.138417646288872	
2306.25	-0.29112297296524	2306.25	-0.136802956461906	
2309.375	-0.291896104812622	2309.375	-0.135049641132355	
2312.5	-0.292744547128677	2312.5	-0.134395807981491	
2315.625	-0.29238086938858	2315.625	-0.13167978823185	
2318.75	-0.29142352938652	2318.75	-0.130179136991501	
2321.875	-0.292293608188629	2321.875	-0.129347994923592	
2325	-0.294121980667114	2325	-0.12720713019371	
2328.125	-0.29418733716011	2328.125	-0.127000823616982	
2331.25	-0.294838219881058	2331.25	-0.125119984149933	
2334.375	-0.293630391359329	2334.375	-0.122748099267483	
2337.5	-0.293971091508865	2337.5	-0.120415337383747	
2340.625	-0.294584006071091	2340.625	-0.120355330407619	
2343.75	-0.297621101140976	2343.75	-0.119108185172081	
2346.875	-0.296192556619644	2346.875	-0.116440713405609	
2350	-0.296570181846619	2350	-0.115695632994175	
2353.125	-0.296873718500137	2353.125	-0.112427905201912	
2356.25	-0.29615718126297	2356.25	-0.111321300268173	
2359.375	-0.298001676797867	2359.375	-0.110764518380165	
2362.5	-0.297475904226303	2362.5	-0.108359225094318	
2365.625	-0.295770883560181	2365.625	-0.105956815183163	
2368.75	-0.298411101102829	2368.75	-0.104873672127724	
2371.875	-0.298147439956665	2371.875	-0.10426976531744	
2375	-0.297688633203506	2375	-0.100948594510555	
2378.125	-0.298609256744385	2378.125	-0.100343033671379	
2381.25	-0.298851788043976	2381.25	-0.099603958427906	
2384.375	-0.297099679708481	2384.375	-0.0981138646602631	
2387.5	-0.299996435642242	2387.5	-0.0935149639844894	
2390.625	-0.299121350049973	2390.625	-0.0930564701557159	
2393.75	-0.300698816776276	2393.75	-0.0924434438347816	
2396.875	-0.300869703292847	2396.875	-0.0920682027935982	
2400	-0.299333959817886	2400	-0.0892104804515839	
2403.125	-0.299853920936584	2403.125	-0.088419035077095	
2406.25	-0.299301028251648	2406.25	-0.0858402922749519	
2409.375	-0.299136102199554	2409.375	-0.0837804228067398	
2412.5	-0.300031095743179	2412.5	-0.0830676183104515	
2415.625	-0.301491469144821	2415.625	-0.0806010067462921	
2418.75	-0.301174819469452	2418.75	-0.0789926871657372	
2421.875	-0.302735418081284	2421.875	-0.0780823603272438	
2425	-0.303304880857468	2425	-0.0768484175205231	
2428.125	-0.301696419715881	2428.125	-0.074909970164299	
2431.25	-0.300947278738022	2431.25	-0.0730448961257935	
2434.375	-0.302104890346527	2434.375	-0.0718466266989708	
2437.5	-0.302986204624176	2437.5	-0.0700129941105843	
2440.625	-0.302396327257156	2440.625	-0.0683503299951553	
2443.75	-0.303094834089279	2443.75	-0.0677165985107422	
2446.875	-0.303026378154755	2446.875	-0.066345639526844	
2450	-0.303424507379532	2450	-0.0652337521314621	
2453.125	-0.304068505764008	2453.125	-0.0634151995182037	
2456.25	-0.302520334720612	2456.25	-0.0605455785989761	
2459.375	-0.303351640701294	2459.375	-0.0590796172618866	
2462.5	-0.304757684469223	2462.5	-0.0577277354896069	
2465.625	-0.303815811872482	2465.625	-0.0573599524796009	
2468.75	-0.301937818527222	2468.75	-0.0543875098228455	
2471.875	-0.303771018981934	2471.875	-0.0520971678197384	
2475	-0.303919523954391	2475	-0.0516573823988438	
2478.125	-0.304248720407486	2478.125	-0.0505933836102486	
2481.25	-0.304865390062332	2481.25	-0.0489746667444706	
2484.375	-0.303460210561752	2484.375	-0.0475280918180943	
2487.5	-0.303426593542099	2487.5	-0.0450994223356247	
2490.625	-0.305719166994095	2490.625	-0.0448775440454483	
2493.75	-0.305397659540176	2493.75	-0.0424189604818821	
2496.875	-0.306048423051834	2496.875	-0.0402775555849075	
2500	-0.305304408073425	2500	-0.0392640121281147	
2503.125	-0.304015308618546	2503.125	-0.0370003171265125	
2506.25	-0.304044187068939	2506.25	-0.0366621389985085	
2509.375	-0.304748237133026	2509.375	-0.0348305106163025	
2512.5	-0.304870575666428	2512.5	-0.0334000550210476	
2515.625	-0.305299311876297	2515.625	-0.0321793407201767	
2518.75	-0.304964333772659	2518.75	-0.0304133500903845	
2521.875	-0.304575562477112	2521.875	-0.0276497583836317	
2525	-0.305927723646164	2525	-0.0276430025696754	
2528.125	-0.305745244026184	2528.125	-0.0243695192039013	
2531.25	-0.305163592100143	2531.25	-0.0238041523844004	
2534.375	-0.304296940565109	2534.375	-0.0236503463238478	
2537.5	-0.30463707447052	2537.5	-0.0206093769520521	
2540.625	-0.304557919502258	2540.625	-0.0187033079564571	
2543.75	-0.305372774600983	2543.75	-0.0187977161258459	
2546.875	-0.305271029472351	2546.875	-0.0179856270551682	
2550	-0.304068326950073	2550	-0.0150121366605163	
2553.125	-0.304272770881653	2553.125	-0.0139828799292445	
2556.25	-0.304899036884308	2556.25	-0.0123909777030349	
2559.375	-0.304390847682953	2559.375	-0.0108707500621676	
2562.5	-0.303423076868057	2562.5	-0.00981880351901054	
2565.625	-0.303640782833099	2565.625	-0.00883703026920557	
2568.75	-0.304484128952026	2568.75	-0.00563835492357612	
2571.875	-0.30399551987648	2571.875	-0.00530051765963435	
2575	-0.304075062274933	2575	-0.00396543554961681	
2578.125	-0.303120940923691	2578.125	-0.00245731906034052	
2581.25	-0.304263323545456	2581.25	-0.00160717184189707	
2584.375	-0.304623544216156	2584.375	0.000840924330987036	
2587.5	-0.303357928991318	2587.5	0.00193979206960648	
2590.625	-0.303946882486343	2590.625	0.00270544970408082	
2593.75	-0.304753810167313	2593.75	0.00518520036712289	
2596.875	-0.304837256669998	2596.875	0.00603206688538194	
2600	-0.304845094680786	2600	0.00752765033394098	
2603.125	-0.303648203611374	2603.125	0.00893501192331314	
2606.25	-0.303878635168076	2606.25	0.0100186774507165	
2609.375	-0.303270369768143	2609.375	0.012290527112782	
2612.5	-0.302441239356995	2612.5	0.0138310696929693	
2615.625	-0.30333685874939	2615.625	0.0154476631432772	
2618.75	-0.304339021444321	2618.75	0.015850568190217	
2621.875	-0.303001523017883	2621.875	0.0177442580461502	
2625	-0.303313821554184	2625	0.0210039094090462	
2628.125	-0.30366712808609	2628.125	0.0217971540987492	
2631.25	-0.303621679544449	2631.25	0.0216696225106716	
2634.375	-0.300769686698914	2634.375	0.0249663926661015	
2637.5	-0.301192224025726	2637.5	0.0266512185335159	
2640.625	-0.301849454641342	2640.625	0.028048787266016	
2643.75	-0.300826519727707	2643.75	0.0290252864360809	
2646.875	-0.301833242177963	2646.875	0.0304342657327652	
2650	-0.301139295101166	2650	0.0316161662340164	
2653.125	-0.300320893526077	2653.125	0.0326123163104057	
2656.25	-0.301560610532761	2656.25	0.0342279300093651	
2659.375	-0.299473315477371	2659.375	0.0369467437267303	
2662.5	-0.298367500305176	2662.5	0.0373543761670589	
2665.625	-0.299349397420883	2665.625	0.0391206219792366	
2668.75	-0.297502964735031	2668.75	0.0410582274198532	
2671.875	-0.298278629779816	2671.875	0.0424689650535584	
2675	-0.300386786460876	2675	0.0437251143157482	
2678.125	-0.298329770565033	2678.125	0.045602772384882	
2681.25	-0.29895955324173	2681.25	0.047223374247551	
2684.375	-0.298395186662674	2684.375	0.0476681254804134	
2687.5	-0.297523945569992	2687.5	0.0496196821331978	
2690.625	-0.297032505273819	2690.625	0.0511674098670483	
2693.75	-0.298411995172501	2693.75	0.0510564856231213	
2696.875	-0.29981192946434	2696.875	0.0545973218977451	
2700	-0.296146333217621	2700	0.0567836835980415	
2703.125	-0.295609176158905	2703.125	0.0572475902736187	
2706.25	-0.295293807983398	2706.25	0.0585599280893803	
2709.375	-0.295081585645676	2709.375	0.0604537129402161	
2712.5	-0.293886691331863	2712.5	0.0615178495645523	
2715.625	-0.293584227561951	2715.625	0.0619164332747459	
2718.75	-0.292944729328156	2718.75	0.0650152340531349	
2721.875	-0.291706293821335	2721.875	0.0656426474452019	
2725	-0.292201012372971	2725	0.0665204226970673	
2728.125	-0.29186800122261	2728.125	0.0687657371163368	
2731.25	-0.291298180818558	2731.25	0.0702094063162804	
2734.375	-0.291113585233688	2734.375	0.0716405361890793	
2737.5	-0.289556324481964	2737.5	0.0724341049790382	
2740.625	-0.288200289011002	2740.625	0.0741286501288414	
2743.75	-0.287924766540527	2743.75	0.0746670588850975	
2746.875	-0.285964727401733	2746.875	0.0754495784640312	
2750	-0.287621051073074	2750	0.0748170837759972	
2753.125	-0.286711484193802	2753.125	0.0778629034757614	
2756.25	-0.284838110208511	2756.25	0.0790294632315636	
2759.375	-0.283863335847855	2759.375	0.0786709487438202	
2762.5	-0.283013910055161	2762.5	0.0800455063581467	
2765.625	-0.28346911072731	2765.625	0.0797455012798309	
2768.75	-0.283437222242355	2768.75	0.0826404690742493	
2771.875	-0.282182842493057	2771.875	0.0832988023757935	
2775	-0.281765252351761	2775	0.0827330723404884	
2778.125	-0.280747383832932	2778.125	0.0839456170797348	
2781.25	-0.279267609119415	2781.25	0.0840586721897125	
2784.375	-0.280084133148193	2784.375	0.0854551196098328	
2787.5	-0.281149178743362	2787.5	0.0862447693943977	
2790.625	-0.281016141176224	2790.625	0.0879516750574112	
2793.75	-0.280303627252579	2793.75	0.0884918794035912	
2796.875	-0.281343877315521	2796.875	0.089642308652401	
2800	-0.281415402889252	2800	0.0925866067409515	
2803.125	-0.280505120754242	2803.125	0.0919079631567001	
2806.25	-0.280473858118057	2806.25	0.0944607555866241	
2809.375	-0.280228525400162	2809.375	0.0946554467082024	
2812.5	-0.278389930725098	2812.5	0.0961904600262642	
2815.625	-0.277984440326691	2815.625	0.0963503047823906	
2818.75	-0.279216021299362	2818.75	0.096434086561203	
2821.875	-0.27732440829277	2821.875	0.0982342734932899	
2825	-0.276053637266159	2825	0.101047836244106	
2828.125	-0.277588337659836	2828.125	0.10051915794611	
2831.25	-0.276084750890732	2831.25	0.101446427404881	
2834.375	-0.27831506729126	2834.375	0.103216037154198	
2837.5	-0.276690900325775	2837.5	0.105307377874851	
2840.625	-0.275623828172684	2840.625	0.1059240847826	
2843.75	-0.277065634727478	2843.75	0.106265269219875	
2846.875	-0.275558590888977	2846.875	0.109553083777428	
2850	-0.275807082653046	2850	0.108797557651997	
2853.125	-0.274263232946396	2853.125	0.110605269670486	
2856.25	-0.275142282247543	2856.25	0.11177284270525	
2859.375	-0.274168938398361	2859.375	0.112188972532749	
2862.5	-0.273693203926086	2862.5	0.115132488310337	
2865.625	-0.273530513048172	2865.625	0.115849494934082	
2868.75	-0.274322539567947	2868.75	0.1162468791008	
2871.875	-0.272208094596863	2871.875	0.119192585349083	
2875	-0.273180603981018	2875	0.120493695139885	
2878.125	-0.273330092430115	2878.125	0.120998777449131	
2881.25	-0.271512985229492	2881.25	0.122832089662552	
2884.375	-0.27098560333252	2884.375	0.124055981636047	
2887.5	-0.270206719636917	2887.5	0.124793350696564	
2890.625	-0.270256102085114	2890.625	0.125103935599327	
2893.75	-0.271224796772003	2893.75	0.128601491451263	
2896.875	-0.268848389387131	2896.875	0.129267320036888	
2900	-0.269187659025192	2900	0.130057439208031	
2903.125	-0.268685013055801	2903.125	0.131579235196114	
2906.25	-0.268646419048309	2906.25	0.133117020130157	
2909.375	-0.268124878406525	2909.375	0.13518100976944	
2912.5	-0.26733660697937	2912.5	0.136328011751175	
2915.625	-0.26772129535675	2915.625	0.138380363583565	
2918.75	-0.266589939594269	2918.75	0.14012511074543	
2921.875	-0.265951633453369	2921.875	0.140433698892593	
2925	-0.264920622110367	2925	0.142889305949211	
2928.125	-0.264172464609146	2928.125	0.14400526881218	
2931.25	-0.26523894071579	2931.25	0.144569456577301	
2934.375	-0.263284623622894	2934.375	0.146618574857712	
2937.5	-0.263109058141708	2937.5	0.148455247282982	
2940.625	-0.261207342147827	2940.625	0.149762988090515	
2943.75	-0.261263817548752	2943.75	0.150245532393456	
2946.875	-0.260884433984756	2946.875	0.15257216989994	
2950	-0.259324371814728	2950	0.152958557009697	
2953.125	-0.259045422077179	2953.125	0.155117377638817	
2956.25	-0.258130729198456	2956.25	0.156709596514702	
2959.375	-0.256755977869034	2959.375	0.156995430588722	
2962.5	-0.255763024091721	2962.5	0.158541604876518	
2965.625	-0.254863321781158	2965.625	0.16010619699955	
2968.75	-0.253457486629486	2968.75	0.160170435905457	
2971.875	-0.252139180898666	2971.875	0.161209240555763	
2975	-0.252739906311035	2975	0.162228897213936	
2978.125	-0.252143085002899	2978.125	0.163736566901207	
2981.25	-0.250446021556854	2981.25	0.164189264178276	
2984.375	-0.248697504401207	2984.375	0.165242046117783	
2987.5	-0.247756883502007	2987.5	0.166471093893051	
2990.625	-0.248802423477173	2990.625	0.166790783405304	
2993.75	-0.248050794005394	2993.75	0.167602062225342	
2996.875	-0.247352197766304	2996.875	0.169370859861374	
3000	-0.244550451636314	3000	0.170224860310555	
3003.125	-0.244711175560951	3003.125	0.171738713979721	
3006.25	-0.245778501033783	3006.25	0.172570273280144	
3009.375	-0.243874460458755	3009.375	0.173623949289322	
3012.5	-0.244410082697868	3012.5	0.174360916018486	
3015.625	-0.243827655911446	3015.625	0.176842257380486	
3018.75	-0.244685083627701	3018.75	0.177141487598419	
3021.875	-0.245006918907166	3021.875	0.177814781665802	
3025	-0.238006621599197	3025	0.182115882635117	
3028.125	-0.241080075502396	3028.125	0.181351810693741	
3031.25	-0.241356909275055	3031.25	0.182047724723816	
3034.375	-0.240434229373932	3034.375	0.182476431131363	
3037.5	-0.239725589752197	3037.5	0.183683201670647	
3040.625	-0.237797230482101	3040.625	0.186218172311783	
3043.75	-0.239540189504623	3043.75	0.186663627624512	
3046.875	-0.239245861768723	3046.875	0.189337104558945	
3050	-0.23851677775383	3050	0.189569592475891	
3053.125	-0.236406207084656	3053.125	0.189817681908607	
3056.25	-0.236638411879539	3056.25	0.192119613289833	
3059.375	-0.235182523727417	3059.375	0.192967802286148	
3062.5	-0.233324587345123	3062.5	0.194207340478897	
3065.625	-0.234025031328201	3065.625	0.193398669362068	
3068.75	-0.232625648379326	3068.75	0.195097371935844	
3071.875	-0.231990605592728	3071.875	0.196600958704948	
3075	-0.232714727520943	3075	0.199326977133751	
3078.125	-0.231257051229477	3078.125	0.200495690107346	
3081.25	-0.229851886630058	3081.25	0.200229153037071	
3084.375	-0.229162275791168	3084.375	0.2019914239645	
3087.5	-0.230538457632065	3087.5	0.203780323266983	
3090.625	-0.230893552303314	3090.625	0.203541949391365	
3093.75	-0.229105666279793	3093.75	0.206356391310692	
3096.875	-0.227436095476151	3096.875	0.206888541579247	
3100	-0.226852312684059	3100	0.207837164402008	
3103.125	-0.227747097611427	3103.125	0.208820343017578	
3106.25	-0.226975694298744	3106.25	0.210127711296082	
3109.375	-0.226057022809982	3109.375	0.211831644177437	
3112.5	-0.226552218198776	3112.5	0.213745355606079	
3115.625	-0.222718179225922	3115.625	0.215881004929543	
3118.75	-0.222559630870819	3118.75	0.215167686343193	
3121.875	-0.220609366893768	3121.875	0.215457305312157	
3125	-0.222317591309547	3125	0.214666232466698	
3128.125	-0.221702858805656	3128.125	0.217348918318748	
3131.25	-0.221750468015671	3131.25	0.220386981964111	
3134.375	-0.218918338418007	3134.375	0.221458092331886	
3137.5	-0.218051686882973	3137.5	0.218824312090874	
3140.625	-0.217562153935432	3140.625	0.223076224327087	
3143.75	-0.217556416988373	3143.75	0.223125874996185	
3146.875	-0.216884672641754	3146.875	0.224058017134666	
3150	-0.215140804648399	3150	0.224934533238411	
3153.125	-0.215312615036964	3153.125	0.228115409612656	
3156.25	-0.212641268968582	3156.25	0.224994838237762	
3159.375	-0.211428686976433	3159.375	0.227699995040894	
3162.5	-0.210705056786537	3162.5	0.229183807969093	
3165.625	-0.211226046085358	3165.625	0.229326725006104	
3168.75	-0.210499480366707	3168.75	0.232293650507927	
3171.875	-0.209325045347214	3171.875	0.233423545956612	
3175	-0.208726331591606	3175	0.231942638754845	
3178.125	-0.210337802767754	3178.125	0.236537128686905	
3181.25	-0.210523322224617	3181.25	0.234432607889175	
3184.375	-0.208130434155464	3184.375	0.23612017929554	
3187.5	-0.207935839891434	3187.5	0.238094642758369	
3190.625	-0.206792309880257	3190.625	0.235029861330986	
3193.75	-0.207453966140747	3193.75	0.237355411052704	
3196.875	-0.206435188651085	3196.875	0.239156499505043	
3200	-0.204608589410782	3200	0.238093852996826	
3203.125	-0.202295705676079	3203.125	0.237943708896637	
3206.25	-0.203178927302361	3206.25	0.239989966154099	
3209.375	-0.203803688287735	3209.375	0.243271097540855	
3212.5	-0.202753141522408	3212.5	0.24295400083065	
3215.625	-0.201002702116966	3215.625	0.243217602372169	
3218.75	-0.198413088917732	3218.75	0.241615861654282	
3221.875	-0.20077458024025	3221.875	0.241473495960236	
3225	-0.200886681675911	3225	0.245373263955116	
3228.125	-0.201659187674522	3228.125	0.246411025524139	
3231.25	-0.20245449244976	3231.25	0.245186373591423	
3234.375	-0.200658172369003	3234.375	0.249251037836075	
3237.5	-0.200985834002495	3237.5	0.245267078280449	
3240.625	-0.201274633407593	3240.625	0.24857696890831	
3243.75	-0.200828045606613	3243.75	0.249601677060127	
3246.875	-0.201307505369186	3246.875	0.251071184873581	
3250	-0.199843719601631	3250	0.251634657382965	
3253.125	-0.199664682149887	3253.125	0.249488472938538	
3256.25	-0.198090717196465	3256.25	0.252977728843689	
3259.375	-0.197954565286636	3259.375	0.253396421670914	
3262.5	-0.200680956244469	3262.5	0.254490256309509	
3265.625	-0.200687095522881	3265.625	0.254751473665237	
3268.75	-0.200277224183083	3268.75	0.258250385522842	
3271.875	-0.199926540255547	3271.875	0.260417580604553	
3275	-0.200569406151772	3275	0.261855870485306	
3278.125	-0.198598578572273	3278.125	0.262191265821457	
3281.25	-0.195990830659866	3281.25	0.262644171714783	
3284.375	-0.196422100067139	3284.375	0.263294070959091	
3287.5	-0.196306332945824	3287.5	0.26572972536087	
3290.625	-0.195216968655586	3290.625	0.266176879405975	
3293.75	-0.194776177406311	3293.75	0.268619507551193	
3296.875	-0.195386990904808	3296.875	0.26818573474884	
3300	-0.195929780602455	3300	0.269746214151382	
3303.125	-0.195955544710159	3303.125	0.271335691213608	
3306.25	-0.193442136049271	3306.25	0.272726655006409	
3309.375	-0.192569226026535	3309.375	0.273523300886154	
3312.5	-0.192424014210701	3312.5	0.274840414524078	
3315.625	-0.191841319203377	3315.625	0.275256305932999	
3318.75	-0.193902745842934	3318.75	0.277880728244781	
3321.875	-0.193201124668121	3321.875	0.279941320419312	
3325	-0.190204232931137	3325	0.280459016561508	
3328.125	-0.1895951628685	3328.125	0.280386745929718	
3331.25	-0.186369925737381	3331.25	0.282438367605209	
3334.375	-0.187732979655266	3334.375	0.283156126737595	
3337.5	-0.188894778490067	3337.5	0.284840494394302	
3340.625	-0.186969235539436	3340.625	0.285925567150116	
3343.75	-0.186471834778786	3343.75	0.285082459449768	
3346.875	-0.186821788549423	3346.875	0.286470264196396	
3350	-0.187194064259529	3350	0.288614630699158	
3353.125	-0.185561701655388	3353.125	0.288089603185654	
3356.25	-0.18474106490612	3356.25	0.290293663740158	
3359.375	-0.183922290802002	3359.375	0.291971802711487	
3362.5	-0.183703258633614	3362.5	0.291561245918274	
3365.625	-0.182132735848427	3365.625	0.293581604957581	
3368.75	-0.182408422231674	3368.75	0.293827652931213	
3371.875	-0.181169286370277	3371.875	0.295650959014893	
3375	-0.180543601512909	3375	0.296429961919785	
3378.125	-0.179347842931747	3378.125	0.296331167221069	
3381.25	-0.178842723369598	3381.25	0.298381626605988	
3384.375	-0.179219931364059	3384.375	0.29942724108696	
3387.5	-0.177741453051567	3387.5	0.299726545810699	
3390.625	-0.177393108606339	3390.625	0.301318407058716	
3393.75	-0.176836490631104	3393.75	0.30218106508255	
3396.875	-0.177159503102303	3396.875	0.302857547998428	
3400	-0.176764160394669	3400	0.305586636066437	
3403.125	-0.174221277236938	3403.125	0.305142104625702	
3406.25	-0.173813715577126	3406.25	0.304573625326157	
3409.375	-0.173539012670517	3409.375	0.305914849042892	
3412.5	-0.173897802829742	3412.5	0.307227581739426	
3415.625	-0.171953558921814	3415.625	0.309120863676071	
3418.75	-0.171545118093491	3418.75	0.309502989053726	
3421.875	-0.171234056353569	3421.875	0.312213152647018	
3425	-0.170399442315102	3425	0.311414390802383	
3428.125	-0.169095665216446	3428.125	0.311450660228729	
3431.25	-0.168920770287514	3431.25	0.312884300947189	
3434.375	-0.168958216905594	3434.375	0.31376451253891	
3437.5	-0.168293535709381	3437.5	0.314190447330475	
3440.625	-0.167446002364159	3440.625	0.316138505935669	
3443.75	-0.16594797372818	3443.75	0.316520363092422	
3446.875	-0.165844157338142	3446.875	0.318299502134323	
3450	-0.165865316987038	3450	0.319671094417572	
3453.125	-0.164857551455498	3453.125	0.319786131381989	
3456.25	-0.163573995232582	3456.25	0.321055769920349	
3459.375	-0.163574516773224	3459.375	0.321211934089661	
3462.5	-0.162329360842705	3462.5	0.322375535964966	
3465.625	-0.16179746389389	3465.625	0.322489559650421	
3468.75	-0.162242546677589	3468.75	0.32365220785141	
3471.875	-0.161352679133415	3471.875	0.324058353900909	
3475	-0.159804984927177	3475	0.324746817350388	
3478.125	-0.160221502184868	3478.125	0.325796484947205	
3481.25	-0.160452872514725	3481.25	0.326136767864227	
3484.375	-0.159735828638077	3484.375	0.326286435127258	
3487.5	-0.157628744840622	3487.5	0.328852087259293	
3490.625	-0.158032119274139	3490.625	0.32912865281105	
3493.75	-0.157209515571594	3493.75	0.329658567905426	
3496.875	-0.156475245952606	3496.875	0.330860555171967	
3500	-0.1560348123312	3500	0.331185936927795	
3503.125	-0.154885947704315	3503.125	0.330447196960449	
3506.25	-0.15479439496994	3506.25	0.332957804203033	
3509.375	-0.15105764567852	3509.375	0.332455366849899	
3512.5	-0.150414198637009	3512.5	0.33442696928978	
3515.625	-0.15120193362236	3515.625	0.334806531667709	
3518.75	-0.151540398597717	3518.75	0.336323499679565	
3521.875	-0.151742920279503	3521.875	0.336275666952133	
3525	-0.15080988407135	3525	0.338706791400909	
3528.125	-0.14994640648365	3528.125	0.338877201080322	
3531.25	-0.149329468607903	3531.25	0.338037520647049	
3534.375	-0.148549512028694	3534.375	0.339234203100204	
3537.5	-0.148718819022179	3537.5	0.339947253465652	
3540.625	-0.1472397595644	3540.625	0.341013669967651	
3543.75	-0.147116973996162	3543.75	0.343076169490814	
3546.875	-0.146141558885574	3546.875	0.344084709882736	
3550	-0.145337417721748	3550	0.344312906265259	
3553.125	-0.145761206746101	3553.125	0.344448775053024	
3556.25	-0.145052209496498	3556.25	0.345461130142212	
3559.375	-0.145690083503723	3559.375	0.345457762479782	
3562.5	-0.143579125404358	3562.5	0.348330080509186	
3565.625	-0.141977712512016	3565.625	0.347711533308029	
3568.75	-0.142065390944481	3568.75	0.348169207572937	
3571.875	-0.141654670238495	3571.875	0.348572999238968	
3575	-0.141292497515678	3575	0.349035710096359	
3578.125	-0.140254095196724	3578.125	0.34992390871048	
3581.25	-0.139291748404503	3581.25	0.350396245718002	
3584.375	-0.13823302090168	3584.375	0.350434333086014	
3587.5	-0.138761103153229	3587.5	0.352181375026703	
3590.625	-0.138051867485046	3590.625	0.352845728397369	
3593.75	-0.137089967727661	3593.75	0.352777659893036	
3596.875	-0.137001976370811	3596.875	0.353118389844894	
3600	-0.135874420404434	3600	0.352484136819839	
3603.125	-0.134736999869347	3603.125	0.356060475111008	
3606.25	-0.135193020105362	3606.25	0.355387002229691	
3609.375	-0.134275138378143	3609.375	0.355659812688828	
3612.5	-0.133072376251221	3612.5	0.357306599617004	
3615.625	-0.132717996835709	3615.625	0.357177555561066	
3618.75	-0.132608085870743	3618.75	0.357576489448547	
3621.875	-0.131368026137352	3621.875	0.360180407762527	
3625	-0.130873054265976	3625	0.35924956202507	
3628.125	-0.129393666982651	3628.125	0.360252141952515	
3631.25	-0.129306927323341	3631.25	0.360659003257751	
3634.375	-0.12918147444725	3634.375	0.360060334205627	
3637.5	-0.128858953714371	3637.5	0.362107694149017	
3640.625	-0.125798135995865	3640.625	0.364693850278854	
3643.75	-0.126361653208733	3643.75	0.364036470651627	
3646.875	-0.125568687915802	3646.875	0.363271594047546	
3650	-0.125048398971558	3650	0.362791329622269	
3653.125	-0.124467313289642	3653.125	0.363429129123688	
3656.25	-0.123869203031063	3656.25	0.365304499864578	
3659.375	-0.12266331911087	3659.375	0.366211861371994	
3662.5	-0.122770048677921	3662.5	0.366844266653061	
3665.625	-0.121741481125355	3665.625	0.366718947887421	
3668.75	-0.121302001178265	3668.75	0.366445481777191	
3671.875	-0.119834803044796	3671.875	0.366958647966385	
3675	-0.119676858186722	3675	0.369158357381821	
3678.125	-0.119188457727432	3678.125	0.368436545133591	
3681.25	-0.118483558297157	3681.25	0.368298709392548	
3684.375	-0.117430411279202	3684.375	0.369206666946411	
3687.5	-0.116577364504337	3687.5	0.369904011487961	
3690.625	-0.116330303251743	3690.625	0.36980414390564	
3693.75	-0.115986421704292	3693.75	0.370001047849655	
3696.875	-0.115641921758652	3696.875	0.3719162940979	
3700	-0.114847958087921	3700	0.37251740694046	
3703.125	-0.114216350018978	3703.125	0.371954292058945	
3706.25	-0.113328643143177	3706.25	0.371530652046204	
3709.375	-0.11240341514349	3709.375	0.37300318479538	
3712.5	-0.111292235553265	3712.5	0.372703373432159	
3715.625	-0.110774993896484	3715.625	0.372798830270767	
3718.75	-0.111836671829224	3718.75	0.37558725476265	
3721.875	-0.109535947442055	3721.875	0.375481426715851	
3725	-0.108720198273659	3725	0.374104350805283	
3728.125	-0.108584679663181	3728.125	0.37561696767807	
3731.25	-0.107222020626068	3731.25	0.375759184360504	
3734.375	-0.108124427497387	3734.375	0.376578778028488	
3737.5	-0.106616042554379	3737.5	0.377668559551239	
3740.625	-0.106460399925709	3740.625	0.377411335706711	
3743.75	-0.105581983923912	3743.75	0.377885639667511	
3746.875	-0.104655534029007	3746.875	0.379431366920471	
3750	-0.104688011109829	3750	0.378643244504929	
3753.125	-0.1028126552701	3753.125	0.379146546125412	
3756.25	-0.102722890675068	3756.25	0.379384547472	
3759.375	-0.101232565939426	3759.375	0.379625856876373	
3762.5	-0.10179265588522	3762.5	0.38104984164238	
3765.625	-0.101074419915676	3765.625	0.382059931755066	
3768.75	-0.100740365684032	3768.75	0.38038781285286	
3771.875	-0.0994486585259438	3771.875	0.379801660776138	
3775	-0.0984714925289154	3775	0.381012916564941	
3778.125	-0.0974802374839783	3778.125	0.381702840328217	
3781.25	-0.0975696593523026	3781.25	0.381881028413773	
3784.375	-0.0964441075921059	3784.375	0.38245901465416	
3787.5	-0.0958582907915115	3787.5	0.384127914905548	
3790.625	-0.0962833985686302	3790.625	0.38468399643898	
3793.75	-0.0950364395976067	3793.75	0.385510146617889	
3796.875	-0.0936879813671112	3796.875	0.385563105344772	
3800	-0.0942760109901428	3800	0.384741365909576	
3803.125	-0.0924627035856247	3803.125	0.384688585996628	
3806.25	-0.0924343913793564	3806.25	0.386080890893936	
3809.375	-0.0914036557078362	3809.375	0.387472599744797	
3812.5	-0.0907948911190033	3812.5	0.386808127164841	
3815.625	-0.0906514376401901	3815.625	0.387108951807022	
3818.75	-0.0905347093939781	3818.75	0.387367218732834	
3821.875	-0.0876738354563713	3821.875	0.38806089758873	
3825	-0.0895442962646484	3825	0.387593328952789	
3828.125	-0.0868893936276436	3828.125	0.388667166233063	
3831.25	-0.0862364545464516	3831.25	0.3896404504776	
3834.375	-0.0869025737047195	3834.375	0.388423621654511	
3837.5	-0.0851893424987793	3837.5	0.389946162700653	
3840.625	-0.0848784521222115	3840.625	0.389532208442688	
3843.75	-0.0830926299095154	3843.75	0.390070348978043	
3846.875	-0.0830909758806229	3846.875	0.390194326639175	
3850	-0.08437629789114	3850	0.391136407852173	
3853.125	-0.0819509476423264	3853.125	0.390623599290848	
3856.25	-0.0816209763288498	3856.25	0.391728430986404	
3859.375	-0.0809352844953537	3859.375	0.392226010560989	
3862.5	-0.0796903818845749	3862.5	0.39276048541069	
3865.625	-0.078913114964962	3865.625	0.391640871763229	
3868.75	-0.0796634778380394	3868.75	0.393440544605255	
3871.875	-0.0778607577085495	3871.875	0.391600877046585	
3875	-0.0766180381178856	3875	0.392172604799271	
3878.125	-0.0775619521737099	3878.125	0.393006533384323	
3881.25	-0.0761813968420029	3881.25	0.393959045410156	
3884.375	-0.0758865103125572	3884.375	0.394995480775833	
3887.5	-0.0747382417321205	3887.5	0.393532037734985	
3890.625	-0.0744945406913757	3890.625	0.394649386405945	
3893.75	-0.0734988749027252	3893.75	0.397705525159836	
3896.875	-0.0729279220104218	3896.875	0.395991891622543	
3900	-0.0724783316254616	3900	0.394071727991104	
3903.125	-0.0731073096394539	3903.125	0.395435005426407	
3906.25	-0.0698673278093338	3906.25	0.397054374217987	
3909.375	-0.0702687352895737	3909.375	0.398794770240784	
3912.5	-0.0702023208141327	3912.5	0.399850726127625	
3915.625	-0.0695381388068199	3915.625	0.397811621427536	
3918.75	-0.0695290789008141	3918.75	0.397271722555161	
3921.875	-0.0702648609876633	3921.875	0.397312432527542	
3925	-0.068093828856945	3925	0.399138540029526	
3928.125	-0.0656497105956078	3928.125	0.398305505514145	
3931.25	-0.0668523013591766	3931.25	0.39714327454567	
3934.375	-0.066240668296814	3934.375	0.397737592458725	
3937.5	-0.0653137639164925	3937.5	0.399064391851425	
3940.625	-0.0646924898028374	3940.625	0.400338679552078	
3943.75	-0.0644712448120117	3943.75	0.399013161659241	
3946.875	-0.0635620728135109	3946.875	0.400368064641953	
3950	-0.0632164254784584	3950	0.400550782680511	
3953.125	-0.0617764592170715	3953.125	0.400357246398926	
3956.25	-0.0634347498416901	3956.25	0.400529503822327	
3959.375	-0.0615737587213516	3959.375	0.403126627206802	
3962.5	-0.0607177875936031	3962.5	0.400932848453522	
3965.625	-0.0605445727705956	3965.625	0.400163561105728	
3968.75	-0.0577424243092537	3968.75	0.400995075702667	
3971.875	-0.060566134750843	3971.875	0.400918513536453	
3975	-0.0584873966872692	3975	0.401218473911285	
3978.125	-0.05769869312644	3978.125	0.404326260089874	
3981.25	-0.0563968978822231	3981.25	0.403496444225311	
3984.375	-0.0563406758010387	3984.375	0.401202619075775	
3987.5	-0.0554576478898525	3987.5	0.401765108108521	
3990.625	-0.0577186718583107	3990.625	0.401947975158691	
3993.75	-0.0541797466576099	3993.75	0.400140047073364	
3996.875	-0.0542880743741989	3996.875	0.402754217386246	
4000	-0.0540217906236649	4000	0.403416872024536	
4003.125	-0.0545238964259624	4003.125	0.402732849121094	
4006.25	-0.0507900305092335	4006.25	0.4036785364151	
4009.375	-0.0493417419493198	4009.375	0.400234311819077	
4012.5	-0.051180724054575	4012.5	0.404928714036942	
4015.625	-0.0526225194334984	4015.625	0.405915111303329	
4018.75	-0.0510331727564335	4018.75	0.403394013643265	
4021.875	-0.0516525432467461	4021.875	0.40380859375	
4025	-0.0497749075293541	4025	0.406707465648651	
4028.125	-0.0485097505152225	4028.125	0.403153955936432	
4031.25	-0.0470047481358051	4031.25	0.404155522584915	
4034.375	-0.0480093881487846	4034.375	0.406361162662506	
4037.5	-0.046762079000473	4037.5	0.405690282583237	
4040.625	-0.0467321276664734	4040.625	0.405175447463989	
4043.75	-0.0468671470880508	4043.75	0.406985908746719	
4046.875	-0.0472359545528889	4046.875	0.408281862735748	
4050	-0.0442447997629642	4050	0.406455218791962	
4053.125	-0.0443580448627472	4053.125	0.405454754829407	
4056.25	-0.043902326375246	4056.25	0.406658738851547	
4059.375	-0.0441963039338589	4059.375	0.406503707170486	
4062.5	-0.0424838028848171	4062.5	0.408974349498749	
4065.625	-0.0433303043246269	4065.625	0.408256471157074	
4068.75	-0.0416469797492027	4068.75	0.408326476812363	
4071.875	-0.0416493490338326	4071.875	0.407799959182739	
4075	-0.0417431481182575	4075	0.40926918387413	
4078.125	-0.0397723168134689	4078.125	0.409954428672791	
4081.25	-0.0393759422004223	4081.25	0.408573061227798	
4084.375	-0.0373148657381535	4084.375	0.406686037778854	
4087.5	-0.0384952202439308	4087.5	0.407745122909546	
4090.625	-0.0382493920624256	4090.625	0.409438073635101	
4093.75	-0.0378390960395336	4093.75	0.407919615507126	
4096.875	-0.034985039383173	4096.875	0.408420324325562	
4100	-0.035394448786974	4100	0.409708648920059	
4103.125	-0.0360077247023582	4103.125	0.409946858882904	
4106.25	-0.0353976711630821	4106.25	0.408129781484604	
4109.375	-0.03255295753479	4109.375	0.408990800380707	
4112.5	-0.0331333205103874	4112.5	0.409350961446762	
4115.625	-0.0311044659465551	4115.625	0.410673141479492	
4118.75	-0.0313614942133427	4118.75	0.409114152193069	
4121.875	-0.0299740433692932	4121.875	0.410599529743195	
4125	-0.0287462305277586	4125	0.412340402603149	
4128.125	-0.0272005312144756	4128.125	0.410358220338821	
4131.25	-0.0279625467956066	4131.25	0.409314513206482	
4134.375	-0.0266908705234528	4134.375	0.409576952457428	
4137.5	-0.0241367965936661	4137.5	0.411679714918137	
4140.625	-0.0258021019399166	4140.625	0.411827743053436	
4143.75	-0.0231191795319319	4143.75	0.41060283780098	
4146.875	-0.0228830855339766	4146.875	0.411609470844269	
4150	-0.0213322378695011	4150	0.412308692932129	
4153.125	-0.0200344044715166	4153.125	0.40979015827179	
4156.25	-0.0202868729829788	4156.25	0.409039109945297	
4159.375	-0.0211089365184307	4159.375	0.40866032242775	
4162.5	-0.0181213263422251	4162.5	0.411083549261093	
4165.625	-0.0170817151665688	4165.625	0.410542964935303	
4168.75	-0.0170139074325562	4168.75	0.407769381999969	
4171.875	-0.0158779639750719	4171.875	0.408095210790634	
4175	-0.013818608596921	4175	0.408215880393982	
4178.125	-0.0137055004015565	4178.125	0.4075528383255	
4181.25	-0.012665644288063	4181.25	0.408084511756897	
4184.375	-0.0116288056597114	4184.375	0.408010751008987	
4187.5	-0.0130398385226727	4187.5	0.405682265758514	
4190.625	-0.011068994179368	4190.625	0.404888182878494	
4193.75	-0.00994494557380676	4193.75	0.406802088022232	
4196.875	-0.00909706391394138	4196.875	0.405519783496857	
4200	-0.00802219472825527	4200	0.406956970691681	
4203.125	-0.00760109815746546	4203.125	0.406972080469131	
4206.25	-0.00602997280657291	4206.25	0.405887126922607	
4209.375	-0.00514319352805614	4209.375	0.407301157712936	
4212.5	-0.00484844017773867	4212.5	0.407937675714493	
4215.625	-0.00345197808928788	4215.625	0.407624334096909	
4218.75	-0.00232560280710459	4218.75	0.406137704849243	
4221.875	-0.00422149756923318	4221.875	0.405582249164581	
4225	-0.00103510776534677	4225	0.40506786108017	
4228.125	-0.00168027321342379	4228.125	0.404496729373932	
4231.25	0.000927276210859418	4231.25	0.407201558351517	
4234.375	0.000691243738401681	4234.375	0.406402826309204	
4237.5	0.00130500644445419	4237.5	0.407327085733414	
4240.625	0.00304563180543482	4240.625	0.407945960760117	
4243.75	0.00413507409393787	4243.75	0.404880374670029	
4246.875	0.00553485471755266	4246.875	0.403826862573624	
4250	0.00393490772694349	4250	0.405227363109589	
4253.125	0.00785942282527685	4253.125	0.401040136814117	
4256.25	0.00842329394072294	4256.25	0.402762085199356	
4259.375	0.00849332846701145	4259.375	0.403576463460922	
4262.5	0.00811258237808943	4262.5	0.40338459610939	
4265.625	0.0108020687475801	4265.625	0.403993904590607	
4268.75	0.0104466378688812	4268.75	0.403266251087189	
4271.875	0.0106469355523586	4271.875	0.400691449642181	
4275	0.0118452664464712	4275	0.400941640138626	
4278.125	0.0133006917312741	4278.125	0.402102321386337	
4281.25	0.0148145966231823	4281.25	0.401298880577087	
4284.375	0.0161682777106762	4284.375	0.400599986314774	
4287.5	0.0175784882158041	4287.5	0.39916929602623	
4290.625	0.0169658754020929	4290.625	0.399365276098251	
4293.75	0.0163879860192537	4293.75	0.396890491247177	
4296.875	0.0187296736985445	4296.875	0.398436695337296	
4300	0.0178248267620802	4300	0.401193708181381	
4303.125	0.0194766949862242	4303.125	0.401792764663696	
4306.25	0.0228839945048094	4306.25	0.400870203971863	
4309.375	0.022103276103735	4309.375	0.39971536397934	
4312.5	0.0235010161995888	4312.5	0.401070803403854	
4315.625	0.0258415676653385	4315.625	0.397629052400589	
4318.75	0.0240566302090883	4318.75	0.397484689950943	
4321.875	0.0268919039517641	4321.875	0.396935075521469	
4325	0.0285620763897896	4325	0.395673722028732	
4328.125	0.0280702337622643	4328.125	0.397611260414124	
4331.25	0.0290182195603848	4331.25	0.397084802389145	
4334.375	0.0298954583704472	4334.375	0.396685034036636	
4337.5	0.03183214366436	4337.5	0.397487998008728	
4340.625	0.0318152122199535	4340.625	0.399211496114731	
4343.75	0.0351120345294476	4343.75	0.395663261413574	
4346.875	0.0328456722199917	4346.875	0.393374443054199	
4350	0.0339334383606911	4350	0.393832057714462	
4353.125	0.03614891320467	4353.125	0.394949346780777	
4356.25	0.0372963063418865	4356.25	0.395433843135834	
4359.375	0.0364439189434052	4359.375	0.393873184919357	
4362.5	0.0386383347213268	4362.5	0.392856031656265	
4365.625	0.0369321741163731	4365.625	0.392897516489029	
4368.75	0.0382384285330772	4368.75	0.39288392663002	
4371.875	0.0385030433535576	4371.875	0.391278296709061	
4375	0.0402279831469059	4375	0.389141708612442	
4378.125	0.0405193753540516	4378.125	0.391104876995087	
4381.25	0.0406619384884834	4381.25	0.391567468643188	
4384.375	0.0403476282954216	4384.375	0.389434099197388	
4387.5	0.0418597497045994	4387.5	0.390936464071274	
4390.625	0.0411704778671265	4390.625	0.39349490404129	
4393.75	0.0430681966245174	4393.75	0.3915756046772	
4396.875	0.0447361059486866	4396.875	0.391690582036972	
4400	0.0440580472350121	4400	0.392320245504379	
4403.125	0.0446206405758858	4403.125	0.396281152963638	
4406.25	0.0476927570998669	4406.25	0.394345909357071	
4409.375	0.0484734214842319	4409.375	0.393964260816574	
4412.5	0.0480680279433727	4412.5	0.39096599817276	
4415.625	0.0477304309606552	4415.625	0.391399562358856	
4418.75	0.0497032031416893	4418.75	0.389629930257797	
4421.875	0.0499911047518253	4421.875	0.390642464160919	
4425	0.05131009593606	4425	0.390389114618301	
4428.125	0.0527984164655209	4428.125	0.390333652496338	
4431.25	0.05217270180583	4431.25	0.390116095542908	
4434.375	0.0547520183026791	4434.375	0.390702456235886	
4437.5	0.0580011829733849	4437.5	0.392579704523087	
4440.625	0.0566979125142097	4440.625	0.390057355165482	
4443.75	0.0561358258128166	4443.75	0.389674693346024	
4446.875	0.057842630892992	4446.875	0.388171523809433	
4450	0.0598605014383793	4450	0.389179766178131	
4453.125	0.0612799301743507	4453.125	0.388234615325928	
4456.25	0.062450934201479	4456.25	0.389501243829727	
4459.375	0.0615085400640965	4459.375	0.389769643545151	
4462.5	0.062403991818428	4462.5	0.389244914054871	
4465.625	0.0637738034129143	4465.625	0.390825629234314	
4468.75	0.065973162651062	4468.75	0.389062762260437	
4471.875	0.0664999857544899	4471.875	0.388945758342743	
4475	0.0670896247029305	4475	0.391041278839111	
4478.125	0.0668511167168617	4478.125	0.388902872800827	
4481.25	0.0691528990864754	4481.25	0.388893991708755	
4484.375	0.0674760490655899	4484.375	0.389252573251724	
4487.5	0.0707899034023285	4487.5	0.388452261686325	
4490.625	0.0715536251664162	4490.625	0.390015542507172	
4493.75	0.0743075683712959	4493.75	0.388763427734375	
4496.875	0.0753196105360985	4496.875	0.387201517820358	
4500	0.0752775967121124	4500	0.389305174350739	
4503.125	0.0746073424816132	4503.125	0.388255834579468	
4506.25	0.0779598653316498	4506.25	0.387370467185974	
4509.375	0.0778117999434471	4509.375	0.387875437736511	
4512.5	0.0788902193307877	4512.5	0.38727194070816	
4515.625	0.0802063345909119	4515.625	0.387320905923843	
4518.75	0.0811734274029732	4518.75	0.388150691986084	
4521.875	0.0824430286884308	4521.875	0.387519508600235	
4525	0.0835732594132423	4525	0.385462820529938	
4528.125	0.0850680395960808	4528.125	0.38509327173233	
4531.25	0.0849748998880386	4531.25	0.384126305580139	
4534.375	0.088033527135849	4534.375	0.38648322224617	
4537.5	0.0885590985417366	4537.5	0.385304540395737	
4540.625	0.0916215628385544	4540.625	0.385317265987396	
4543.75	0.0885782912373543	4543.75	0.384081065654755	
4546.875	0.0927457734942436	4546.875	0.382816761732101	
4550	0.0917045176029205	4550	0.383906096220016	
4553.125	0.0934681072831154	4553.125	0.382552951574326	
4556.25	0.0946483686566353	4556.25	0.3820920586586	
4559.375	0.0958093628287315	4559.375	0.383354842662811	
4562.5	0.0970350205898285	4562.5	0.384682178497314	
4565.625	0.097738191485405	4565.625	0.382400751113892	
4568.75	0.0993112176656723	4568.75	0.381859511137009	
4571.875	0.0988292917609215	4571.875	0.380590170621872	
4575	0.102335572242737	4575	0.379490107297897	
4578.125	0.102713339030743	4578.125	0.38003271818161	
4581.25	0.103192925453186	4581.25	0.380585610866547	
4584.375	0.104547716677189	4584.375	0.381239295005798	
4587.5	0.105906307697296	4587.5	0.382044315338135	
4590.625	0.107030645012856	4590.625	0.380816787481308	
4593.75	0.107508800923824	4593.75	0.380354553461075	
4596.875	0.109143808484077	4596.875	0.379632502794266	
4600	0.108940169215202	4600	0.3802550137043	
4603.125	0.112538814544678	4603.125	0.379826605319977	
4606.25	0.112600170075893	4606.25	0.376664012670517	
4609.375	0.112667135894299	4609.375	0.37669363617897	
4612.5	0.114627093076706	4612.5	0.376847892999649	
4615.625	0.114891685545444	4615.625	0.377860456705093	
4618.75	0.116522073745728	4618.75	0.376169353723526	
4621.875	0.118027195334435	4621.875	0.377093493938446	
4625	0.119619652628899	4625	0.37575700879097	
4628.125	0.120774388313293	4628.125	0.375806331634521	
4631.25	0.12129171192646	4631.25	0.375720739364624	
4634.375	0.121781028807163	4634.375	0.374454349279404	
4637.5	0.123567290604115	4637.5	0.373647660017014	
4640.625	0.124400675296783	4640.625	0.373221129179001	
4643.75	0.126386806368828	4643.75	0.374537646770477	
4646.875	0.127490848302841	4646.875	0.374595880508423	
4650	0.128251105546951	4650	0.372986286878586	
4653.125	0.130629763007164	4653.125	0.373072236776352	
4656.25	0.131442919373512	4656.25	0.372116237878799	
4659.375	0.131436243653297	4659.375	0.373890459537506	
4662.5	0.131900101900101	4662.5	0.375009596347809	
4665.625	0.133969768881798	4665.625	0.372143745422363	
4668.75	0.136087372899055	4668.75	0.371942341327667	
4671.875	0.137073054909706	4671.875	0.372318357229233	
4675	0.138285890221596	4675	0.373205542564392	
4678.125	0.138827964663506	4678.125	0.370898187160492	
4681.25	0.141196578741074	4681.25	0.371891796588898	
4684.375	0.141090780496597	4684.375	0.373708635568619	
4687.5	0.143356621265411	4687.5	0.372294366359711	
4690.625	0.144623443484306	4690.625	0.372715026140213	
4693.75	0.146090909838676	4693.75	0.371755391359329	
4696.875	0.147743165493011	4696.875	0.371557623147964	
4700	0.149433851242065	4700	0.372682094573975	
4703.125	0.151174232363701	4703.125	0.37291494011879	
4706.25	0.151812732219696	4706.25	0.372233271598816	
4709.375	0.151486322283745	4709.375	0.371682584285736	
4712.5	0.15504364669323	4712.5	0.371230453252792	
4715.625	0.155194014310837	4715.625	0.371738851070404	
4718.75	0.15769262611866	4718.75	0.370440244674683	
4721.875	0.160266697406769	4721.875	0.370623469352722	
4725	0.160971358418465	4725	0.371591776609421	
4728.125	0.162560433149338	4728.125	0.37117874622345	
4731.25	0.163977146148682	4731.25	0.371218234300613	
4734.375	0.165257528424263	4734.375	0.370835423469543	
4737.5	0.166398927569389	4737.5	0.371551156044006	
4740.625	0.16719876229763	4740.625	0.372565478086472	
4743.75	0.169246807694435	4743.75	0.370664000511169	
4746.875	0.173428863286972	4746.875	0.370739430189133	
4750	0.174393504858017	4750	0.370882719755173	
4753.125	0.178224965929985	4753.125	0.372500509023666	
4756.25	0.179384261369705	4756.25	0.369774401187897	
4759.375	0.180500835180283	4759.375	0.370068430900574	
4762.5	0.182399109005928	4762.5	0.369304001331329	
4765.625	0.182470098137856	4765.625	0.371365010738373	
4768.75	0.188125133514404	4768.75	0.36847460269928	
4771.875	0.187729194760323	4771.875	0.367143005132675	
4775	0.188939049839973	4775	0.366302847862244	
4778.125	0.191195979714394	4778.125	0.366660982370377	
4781.25	0.192355751991272	4781.25	0.366911351680756	
4784.375	0.194540902972221	4784.375	0.366278052330017	
4787.5	0.196643531322479	4787.5	0.364841848611832	
4790.625	0.194647818803787	4790.625	0.36190277338028	
4793.75	0.19864559173584	4793.75	0.362501978874207	
4796.875	0.198913127183914	4796.875	0.363060146570206	
4800	0.198395952582359	4800	0.36372047662735	
4803.125	0.201644703745842	4803.125	0.36474147439003	
4806.25	0.204462468624115	4806.25	0.364648699760437	
4809.375	0.205823257565498	4809.375	0.362223356962204	
4812.5	0.206745728850365	4812.5	0.361638516187668	
4815.625	0.209544777870178	4815.625	0.361037313938141	
4818.75	0.210241347551346	4818.75	0.361929655075073	
4821.875	0.210614800453186	4821.875	0.361805975437164	
4825	0.210740447044373	4825	0.362830370664597	
4828.125	0.210321769118309	4828.125	0.36249777674675	
4831.25	0.213784500956535	4831.25	0.359942644834518	
4834.375	0.21567091345787	4834.375	0.360828131437302	
4837.5	0.21722200512886	4837.5	0.362265437841415	
4840.625	0.219243496656418	4840.625	0.361842483282089	
4843.75	0.22041180729866	4843.75	0.361139923334122	
4846.875	0.222220197319984	4846.875	0.360139399766922	
4850	0.224483251571655	4850	0.360765129327774	
4853.125	0.225441679358482	4853.125	0.361403256654739	
4856.25	0.225596338510513	4856.25	0.360081940889359	
4859.375	0.228721380233765	4859.375	0.359701335430145	
4862.5	0.230650052428246	4862.5	0.36106875538826	
4865.625	0.232133284211159	4865.625	0.357642620801926	
4868.75	0.233373284339905	4868.75	0.355985790491104	
4871.875	0.232437118887901	4871.875	0.354930281639099	
4875	0.233708292245865	4875	0.352973639965057	
4878.125	0.233062654733658	4878.125	0.3543920814991	
4881.25	0.234025463461876	4881.25	0.353043884038925	
4884.375	0.23331056535244	4884.375	0.353683084249496	
4887.5	0.231896176934242	4887.5	0.355567127466202	
4890.625	0.231370225548744	4890.625	0.358784675598145	
4893.75	0.234670981764793	4893.75	0.358398526906967	
4896.875	0.235956355929375	4896.875	0.358951926231384	
4900	0.237568452954292	4900	0.359329521656036	
4903.125	0.239456281065941	4903.125	0.360060423612595	
4906.25	0.240519225597382	4906.25	0.360679090023041	
4909.375	0.242374032735825	4909.375	0.3617043197155	
4912.5	0.243782743811607	4912.5	0.361689865589142	
4915.625	0.245690941810608	4915.625	0.362920373678207	
4918.75	0.246726378798485	4918.75	0.363679945468903	
4921.875	0.247496962547302	4921.875	0.362915098667145	
4925	0.249008312821388	4925	0.362530708312988	
4928.125	0.249031826853752	4928.125	0.363341242074966	
4931.25	0.250342965126038	4931.25	0.365347534418106	
4934.375	0.251740336418152	4934.375	0.364903599023819	
4937.5	0.251394301652908	4937.5	0.366767048835754	
4940.625	0.254654765129089	4940.625	0.366813033819199	
4943.75	0.254132688045502	4943.75	0.368266254663467	
4946.875	0.254714041948318	4946.875	0.368325680494308	
4950	0.255232602357864	4950	0.369509786367416	
4953.125	0.257185876369476	4953.125	0.371543377637863	
4956.25	0.256896436214447	4956.25	0.374531686306	
4959.375	0.258278667926788	4959.375	0.379326283931732	
4962.5	0.263413935899735	4962.5	0.380986362695694	
4965.625	0.265114635229111	4965.625	0.383561104536057	
4968.75	0.267813742160797	4968.75	0.387434154748917	
4971.875	0.273071110248566	4971.875	0.389213770627975	
				
