Frequency in Hz	Silk_99 Sound Reflection Factor continuous Re	Frequency in Hz	Silk_99 Sound Reflection Factor continuous Im	
556,25	0,72544938325882	556,25	-0,484666764736176	
559,375	0,718626916408539	559,375	-0,484025061130524	
562,5	0,717288732528687	562,5	-0,485044926404953	
565,625	0,71577113866806	565,625	-0,488281428813934	
568,75	0,71317321062088	568,75	-0,488278239965439	
571,875	0,712016761302948	571,875	-0,488036602735519	
575	0,711999714374542	575	-0,492077022790909	
578,125	0,709175050258636	578,125	-0,490608215332031	
581,25	0,710336148738861	581,25	-0,496382355690002	
584,375	0,708559155464172	584,375	-0,501958608627319	
587,5	0,707657992839813	587,5	-0,503715455532074	
590,625	0,703050792217255	590,625	-0,50576913356781	
593,75	0,699373722076416	593,75	-0,509299695491791	
596,875	0,698601186275482	596,875	-0,511016130447388	
600	0,692475557327271	600	-0,517153441905975	
603,125	0,691470623016357	603,125	-0,516972243785858	
606,25	0,685383141040802	606,25	-0,519903421401978	
609,375	0,685287773609161	609,375	-0,521262764930725	
612,5	0,681083619594574	612,5	-0,523272156715393	
615,625	0,675968527793884	615,625	-0,526183485984802	
618,75	0,673698902130127	618,75	-0,526421070098877	
621,875	0,672682404518127	621,875	-0,526784241199493	
625	0,66732519865036	625	-0,526573479175568	
628,125	0,662710547447205	628,125	-0,530347228050232	
631,25	0,657491564750671	631,25	-0,529220581054688	
634,375	0,654883563518524	634,375	-0,530257642269135	
637,5	0,653454422950745	637,5	-0,532187759876251	
640,625	0,653067171573639	640,625	-0,530683696269989	
643,75	0,647712230682373	643,75	-0,535926759243011	
646,875	0,644236922264099	646,875	-0,534476757049561	
650	0,643545150756836	650	-0,538156628608704	
653,125	0,639851927757263	653,125	-0,536646723747253	
656,25	0,636328279972076	656,25	-0,536137461662292	
659,375	0,631944537162781	659,375	-0,539140045642853	
662,5	0,633281052112579	662,5	-0,54003894329071	
665,625	0,631183743476868	665,625	-0,54278165102005	
668,75	0,626385748386383	668,75	-0,542553007602692	
671,875	0,624689936637878	671,875	-0,540750503540039	
675	0,618930995464325	675	-0,542579233646393	
678,125	0,614938378334045	678,125	-0,544094920158386	
681,25	0,614386200904846	681,25	-0,544851779937744	
684,375	0,61292552947998	684,375	-0,545551121234894	
687,5	0,614312767982483	687,5	-0,547316431999207	
690,625	0,605071783065796	690,625	-0,553114473819733	
693,75	0,606941521167755	693,75	-0,549797117710114	
696,875	0,604664981365204	696,875	-0,550641119480133	
700	0,599308490753174	700	-0,551735997200012	
703,125	0,597540378570557	703,125	-0,554195582866669	
706,25	0,597546875476837	706,25	-0,553692519664764	
709,375	0,593940734863281	709,375	-0,552352011203766	
712,5	0,585142135620117	712,5	-0,55837607383728	
715,625	0,587749421596527	715,625	-0,557383418083191	
718,75	0,586517989635468	718,75	-0,559541881084442	
721,875	0,582191646099091	721,875	-0,558694303035736	
725	0,581288576126099	725	-0,561444342136383	
728,125	0,576226353645325	728,125	-0,560396552085876	
731,25	0,575782537460327	731,25	-0,561963081359863	
734,375	0,573283195495605	734,375	-0,562519788742065	
737,5	0,57328188419342	737,5	-0,563896954059601	
740,625	0,566382050514221	740,625	-0,562449276447296	
743,75	0,560755014419556	743,75	-0,56215626001358	
746,875	0,559197962284088	746,875	-0,5696160197258	
750	0,557534575462341	750	-0,570792555809021	
753,125	0,556351780891418	753,125	-0,56891530752182	
756,25	0,553948819637299	756,25	-0,567774653434753	
759,375	0,552800178527832	759,375	-0,565483510494232	
762,5	0,553551971912384	762,5	-0,567869663238525	
765,625	0,54899924993515	765,625	-0,567657768726349	
768,75	0,542975723743439	768,75	-0,573296129703522	
771,875	0,536971926689148	771,875	-0,572005569934845	
775	0,538629591464996	775	-0,572181344032288	
778,125	0,537025690078735	778,125	-0,571180105209351	
781,25	0,532816827297211	781,25	-0,573605716228485	
784,375	0,527752339839935	784,375	-0,573265314102173	
787,5	0,522195160388947	787,5	-0,574727654457092	
790,625	0,521278738975525	790,625	-0,575865864753723	
793,75	0,521478235721588	793,75	-0,57530277967453	
796,875	0,522167026996613	796,875	-0,577071607112885	
800	0,51741635799408	800	-0,577151298522949	
803,125	0,518696546554565	803,125	-0,578999280929565	
806,25	0,51290088891983	806,25	-0,578644335269928	
809,375	0,502629339694977	809,375	-0,581319570541382	
812,5	0,508565127849579	812,5	-0,578179180622101	
815,625	0,510433435440063	815,625	-0,578080713748932	
818,75	0,501079022884369	818,75	-0,579048275947571	
821,875	0,500864565372467	821,875	-0,577343344688416	
825	0,506728768348694	825	-0,576704621315002	
828,125	0,50212836265564	828,125	-0,578048527240753	
831,25	0,496732145547867	831,25	-0,566842615604401	
834,375	0,488169878721237	834,375	-0,576343178749084	
837,5	0,488481462001801	837,5	-0,581656455993652	
840,625	0,487040609121323	840,625	-0,583643615245819	
843,75	0,48238268494606	843,75	-0,583235561847687	
846,875	0,482427984476089	846,875	-0,586184561252594	
850	0,481238722801209	850	-0,590153455734253	
853,125	0,482774972915649	853,125	-0,590252935886383	
856,25	0,482304990291595	856,25	-0,583690047264099	
859,375	0,476181596517563	859,375	-0,581872642040253	
862,5	0,472991198301315	862,5	-0,585894405841827	
865,625	0,472235798835754	865,625	-0,587361931800842	
868,75	0,471244156360626	868,75	-0,589150846004486	
871,875	0,467062592506409	871,875	-0,591627597808838	
875	0,463694751262665	875	-0,589635670185089	
878,125	0,462366223335266	878,125	-0,592253088951111	
881,25	0,45775517821312	881,25	-0,592666208744049	
884,375	0,456360191106796	884,375	-0,593318283557892	
887,5	0,452877342700958	887,5	-0,590183734893799	
890,625	0,449635326862335	890,625	-0,592765927314758	
893,75	0,449144184589386	893,75	-0,598851501941681	
896,875	0,444721251726151	896,875	-0,599015712738037	
900	0,444644063711166	900	-0,597751319408417	
903,125	0,440207242965698	903,125	-0,596659421920776	
906,25	0,437477558851242	906,25	-0,597658455371857	
909,375	0,437503546476364	909,375	-0,601440191268921	
912,5	0,432110100984573	912,5	-0,604236423969269	
915,625	0,428384751081467	915,625	-0,604030013084412	
918,75	0,425164401531219	918,75	-0,602053225040436	
921,875	0,42195063829422	921,875	-0,600418984889984	
925	0,420478075742722	925	-0,600878477096558	
928,125	0,421958059072495	928,125	-0,602955102920532	
931,25	0,412791162729263	931,25	-0,603750586509705	
934,375	0,411229372024536	934,375	-0,603427052497864	
937,5	0,408006727695465	937,5	-0,60331529378891	
940,625	0,406779795885086	940,625	-0,602884352207184	
943,75	0,401433378458023	943,75	-0,606259822845459	
946,875	0,399759382009506	946,875	-0,606095254421234	
950	0,397417783737183	950	-0,604861736297607	
953,125	0,396297663450241	953,125	-0,604728400707245	
956,25	0,392465591430664	956,25	-0,603178679943085	
959,375	0,387916773557663	959,375	-0,603332340717316	
962,5	0,385255098342896	962,5	-0,605802237987518	
965,625	0,382910698652267	965,625	-0,605121493339539	
968,75	0,382887095212936	968,75	-0,606039047241211	
971,875	0,376983940601349	971,875	-0,605005919933319	
975	0,375444293022156	975	-0,603728115558624	
978,125	0,372968167066574	978,125	-0,603596210479736	
981,25	0,368931740522385	981,25	-0,602108538150787	
984,375	0,367170840501785	984,375	-0,60367739200592	
987,5	0,364702463150024	987,5	-0,603411495685577	
990,625	0,362976759672165	990,625	-0,602099537849426	
993,75	0,359414845705032	993,75	-0,604482591152191	
996,875	0,357747435569763	996,875	-0,604089081287384	
1000	0,353986859321594	1000	-0,604628503322601	
1003,125	0,352707296609879	1003,125	-0,6029012799263	
1006,25	0,350230038166046	1006,25	-0,602532148361206	
1009,375	0,346667915582657	1009,375	-0,6026890873909	
1012,5	0,345947057008743	1012,5	-0,60197901725769	
1015,625	0,344855546951294	1015,625	-0,602971732616425	
1018,75	0,338908910751343	1018,75	-0,60328221321106	
1021,875	0,338652670383453	1021,875	-0,602288842201233	
1025	0,334702640771866	1025	-0,601529836654663	
1028,125	0,333253979682922	1028,125	-0,601447522640228	
1031,25	0,332596927881241	1031,25	-0,602744817733765	
1034,375	0,328948795795441	1034,375	-0,602613985538483	
1037,5	0,326475113630295	1037,5	-0,601975619792938	
1040,625	0,324144095182419	1040,625	-0,602772414684296	
1043,75	0,322918325662613	1043,75	-0,602103590965271	
1046,875	0,321075826883316	1046,875	-0,601164281368256	
1050	0,316622853279114	1050	-0,603082239627838	
1053,125	0,315305531024933	1053,125	-0,604569792747498	
1056,25	0,311168432235718	1056,25	-0,603656351566315	
1059,375	0,310623288154602	1059,375	-0,603588163852692	
1062,5	0,308359384536743	1062,5	-0,604653596878052	
1065,625	0,302895545959473	1065,625	-0,605230152606964	
1068,75	0,302216678857803	1068,75	-0,602189183235168	
1071,875	0,298985600471497	1071,875	-0,601616561412811	
1075	0,296978443861008	1075	-0,601932168006897	
1078,125	0,29499876499176	1078,125	-0,604174971580505	
1081,25	0,28826642036438	1081,25	-0,599932253360748	
1084,375	0,287686824798584	1084,375	-0,601015627384186	
1087,5	0,285770654678345	1087,5	-0,600805580615997	
1090,625	0,284140169620514	1090,625	-0,600020587444305	
1093,75	0,281644612550735	1093,75	-0,600185871124268	
1096,875	0,277492105960846	1096,875	-0,598810613155365	
1100	0,27456271648407	1100	-0,597981989383698	
1103,125	0,271650850772858	1103,125	-0,59778892993927	
1106,25	0,270609527826309	1106,25	-0,595239460468292	
1109,375	0,266146034002304	1109,375	-0,5987548828125	
1112,5	0,266400575637817	1112,5	-0,598499357700348	
1115,625	0,26332300901413	1115,625	-0,593554735183716	
1118,75	0,261244624853134	1118,75	-0,598042726516724	
1121,875	0,260995954275131	1121,875	-0,595769464969635	
1125	0,25854355096817	1125	-0,597682654857636	
1128,125	0,2561394572258	1128,125	-0,597733736038208	
1131,25	0,249261289834976	1131,25	-0,594963371753693	
1134,375	0,250704377889633	1134,375	-0,593838095664978	
1137,5	0,250778585672379	1137,5	-0,597866356372833	
1140,625	0,243161395192146	1140,625	-0,598157823085785	
1143,75	0,243526071310043	1143,75	-0,595273792743683	
1146,875	0,239793390035629	1146,875	-0,594583868980408	
1150	0,234871029853821	1150	-0,592370271682739	
1153,125	0,23485392332077	1153,125	-0,591309070587158	
1156,25	0,23584920167923	1156,25	-0,593877851963043	
1159,375	0,230785250663757	1159,375	-0,594642281532288	
1162,5	0,232889503240585	1162,5	-0,592952430248261	
1165,625	0,227671846747398	1165,625	-0,592116415500641	
1168,75	0,225548893213272	1168,75	-0,591581523418427	
1171,875	0,223784580826759	1171,875	-0,593304514884949	
1175	0,218926623463631	1175	-0,592148423194885	
1178,125	0,217875719070435	1178,125	-0,591917932033539	
1181,25	0,217615976929665	1181,25	-0,590762436389923	
1184,375	0,212528124451637	1184,375	-0,590571761131287	
1187,5	0,208329901099205	1187,5	-0,590786814689636	
1190,625	0,207029342651367	1190,625	-0,589362978935242	
1193,75	0,208663612604141	1193,75	-0,589548110961914	
1196,875	0,206061959266663	1196,875	-0,587132036685944	
1200	0,19904226064682	1200	-0,587334156036377	
1203,125	0,197730392217636	1203,125	-0,586267471313477	
1206,25	0,197414457798004	1206,25	-0,581755578517914	
1209,375	0,188922092318535	1209,375	-0,583877384662628	
1212,5	0,183941125869751	1212,5	-0,58468109369278	
1215,625	0,186477780342102	1215,625	-0,583270788192749	
1218,75	0,181445345282555	1218,75	-0,583963871002197	
1221,875	0,181062936782837	1221,875	-0,580904006958008	
1225	0,181266278028488	1225	-0,581847846508026	
1228,125	0,172507911920547	1228,125	-0,580948531627655	
1231,25	0,17297089099884	1231,25	-0,580623745918274	
1234,375	0,173182725906372	1234,375	-0,580505132675171	
1237,5	0,16745214164257	1237,5	-0,581818997859955	
1240,625	0,165977850556374	1240,625	-0,578210532665253	
1243,75	0,16303314268589	1243,75	-0,5778728723526	
1246,875	0,161967977881432	1246,875	-0,576142847537994	
1250	0,158537730574608	1250	-0,573085129261017	
1253,125	0,155314698815346	1253,125	-0,575161218643188	
1256,25	0,150265604257584	1256,25	-0,573012173175812	
1259,375	0,14948196709156	1259,375	-0,571718096733093	
1262,5	0,149395406246185	1262,5	-0,570121586322784	
1265,625	0,147017359733582	1265,625	-0,569383203983307	
1268,75	0,143775373697281	1268,75	-0,569639146327972	
1271,875	0,141789063811302	1271,875	-0,566843032836914	
1275	0,139456212520599	1275	-0,566780507564545	
1278,125	0,136930763721466	1278,125	-0,564810633659363	
1281,25	0,135003283619881	1281,25	-0,565440595149994	
1284,375	0,135186761617661	1284,375	-0,564038276672363	
1287,5	0,133255913853645	1287,5	-0,565065801143646	
1290,625	0,129022642970085	1290,625	-0,564222991466522	
1293,75	0,128558814525604	1293,75	-0,561438679695129	
1296,875	0,124431513249874	1296,875	-0,559638261795044	
1300	0,123421378433704	1300	-0,562916100025177	
1303,125	0,120675936341286	1303,125	-0,562725901603699	
1306,25	0,120040349662304	1306,25	-0,559929072856903	
1309,375	0,116808854043484	1309,375	-0,55774861574173	
1312,5	0,11423647403717	1312,5	-0,557973623275757	
1315,625	0,113372579216957	1315,625	-0,558433949947357	
1318,75	0,110604651272297	1318,75	-0,55525678396225	
1321,875	0,109829932451248	1321,875	-0,553790271282196	
1325	0,10832491517067	1325	-0,553687632083893	
1328,125	0,104757338762283	1328,125	-0,553471446037292	
1331,25	0,102459162473679	1331,25	-0,550624787807465	
1334,375	0,0979218184947968	1334,375	-0,551229417324066	
1337,5	0,0978717803955078	1337,5	-0,549671232700348	
1340,625	0,0957267954945564	1340,625	-0,546820521354675	
1343,75	0,0949812009930611	1343,75	-0,547069191932678	
1346,875	0,0915382727980614	1346,875	-0,54437643289566	
1350	0,0890095755457878	1350	-0,54449188709259	
1353,125	0,0887700319290161	1353,125	-0,544121503829956	
1356,25	0,0831334665417671	1356,25	-0,545149147510529	
1359,375	0,0826686695218086	1359,375	-0,540769755840302	
1362,5	0,0803110674023628	1362,5	-0,53912478685379	
1365,625	0,078897662460804	1365,625	-0,538743078708649	
1368,75	0,0779234394431114	1368,75	-0,536900639533997	
1371,875	0,0744665041565895	1371,875	-0,535991013050079	
1375	0,0725955665111542	1375	-0,537461042404175	
1378,125	0,0724731087684631	1378,125	-0,537250757217407	
1381,25	0,0663723349571228	1381,25	-0,535071074962616	
1384,375	0,0657827407121658	1384,375	-0,534371256828308	
1387,5	0,0662529394030571	1387,5	-0,532408654689789	
1390,625	0,0645553022623062	1390,625	-0,529455661773682	
1393,75	0,0620203390717506	1393,75	-0,527506351470947	
1396,875	0,0599620677530766	1396,875	-0,527270138263702	
1400	0,058766383677721	1400	-0,524736940860748	
1403,125	0,0563897676765919	1403,125	-0,524950683116913	
1406,25	0,0542427748441696	1406,25	-0,525094628334045	
1409,375	0,0515893362462521	1409,375	-0,523054778575897	
1412,5	0,0513837710022926	1412,5	-0,521052360534668	
1415,625	0,0480795651674271	1415,625	-0,520325303077698	
1418,75	0,0470013022422791	1418,75	-0,520005702972412	
1421,875	0,0463843941688538	1421,875	-0,517873108386993	
1425	0,0451569855213165	1425	-0,517397999763489	
1428,125	0,0397997833788395	1428,125	-0,51705527305603	
1431,25	0,0404500514268875	1431,25	-0,51497358083725	
1434,375	0,0388304851949215	1434,375	-0,513083100318909	
1437,5	0,0365030467510223	1437,5	-0,509316802024841	
1440,625	0,0387242771685123	1440,625	-0,510339796543121	
1443,75	0,0304487645626068	1443,75	-0,509609699249268	
1446,875	0,0323467068374157	1446,875	-0,507037937641144	
1450	0,0304029788821936	1450	-0,505224347114563	
1453,125	0,0292971506714821	1453,125	-0,504277646541595	
1456,25	0,0263691619038582	1456,25	-0,503287255764008	
1459,375	0,0257815457880497	1459,375	-0,501433312892914	
1462,5	0,0249995496124029	1462,5	-0,498824030160904	
1465,625	0,0230316389352083	1465,625	-0,499275267124176	
1468,75	0,0200635977089405	1468,75	-0,49700939655304	
1471,875	0,0183266270905733	1471,875	-0,496277302503586	
1475	0,0183160100132227	1475	-0,496012628078461	
1478,125	0,0161954667419195	1478,125	-0,494239687919617	
1481,25	0,0159779768437147	1481,25	-0,491897374391556	
1484,375	0,0121764102950692	1484,375	-0,490055114030838	
1487,5	0,0108362222090364	1487,5	-0,492495507001877	
1490,625	0,00961917266249657	1490,625	-0,490783095359802	
1493,75	0,00778064224869013	1493,75	-0,490446001291275	
1496,875	0,00900441501289606	1496,875	-0,490062832832336	
1500	0,00404575653374195	1500	-0,488180875778198	
1503,125	0,00274241412989795	1503,125	-0,485623002052307	
1506,25	0,00340151507407427	1506,25	-0,483504146337509	
1509,375	-0,0017986575840041	1509,375	-0,483828693628311	
1512,5	-0,00329637085087597	1512,5	-0,482851952314377	
1515,625	-0,00516755366697907	1515,625	-0,483280420303345	
1518,75	-0,00518978899344802	1518,75	-0,479725122451782	
1521,875	-0,00457283249124885	1521,875	-0,47902449965477	
1525	-0,0114922411739826	1525	-0,479914277791977	
1528,125	-0,0103558897972107	1528,125	-0,475526481866837	
1531,25	-0,01156996935606	1531,25	-0,475000232458115	
1534,375	-0,0131038315594196	1534,375	-0,472593814134598	
1537,5	-0,0166249629110098	1537,5	-0,473725736141205	
1540,625	-0,0160442497581244	1540,625	-0,472371280193329	
1543,75	-0,0218057800084352	1543,75	-0,469696968793869	
1546,875	-0,020740794017911	1546,875	-0,468003988265991	
1550	-0,0238741412758827	1550	-0,467453688383102	
1553,125	-0,024131191894412	1553,125	-0,46728128194809	
1556,25	-0,026812331750989	1556,25	-0,463980585336685	
1559,375	-0,0276374574750662	1559,375	-0,463175863027573	
1562,5	-0,0290572755038738	1562,5	-0,462002038955688	
1565,625	-0,0312452465295792	1565,625	-0,458017706871033	
1568,75	-0,033166017383337	1568,75	-0,460590273141861	
1571,875	-0,0345790609717369	1571,875	-0,457973927259445	
1575	-0,0342919230461121	1575	-0,457438498735428	
1578,125	-0,0356749705970287	1578,125	-0,455176651477814	
1581,25	-0,039265688508749	1581,25	-0,454577803611755	
1584,375	-0,0378782227635384	1584,375	-0,451995432376862	
1587,5	-0,0420203022658825	1587,5	-0,45068547129631	
1590,625	-0,0460631363093853	1590,625	-0,451178759336472	
1593,75	-0,0473116114735603	1593,75	-0,449118614196777	
1596,875	-0,0473801083862782	1596,875	-0,447125434875488	
1600	-0,0491359233856201	1600	-0,447308391332626	
1603,125	-0,0507824793457985	1603,125	-0,446612149477005	
1606,25	-0,052514586597681	1606,25	-0,444572001695633	
1609,375	-0,0516907311975956	1609,375	-0,439263254404068	
1612,5	-0,054504569619894	1612,5	-0,435656607151031	
1615,625	-0,0568950921297073	1615,625	-0,436284840106964	
1618,75	-0,0586745925247669	1618,75	-0,437361836433411	
1621,875	-0,0588836073875427	1621,875	-0,435336738824844	
1625	-0,0614760331809521	1625	-0,433910608291626	
1628,125	-0,0608819164335728	1628,125	-0,432434976100922	
1631,25	-0,0646002739667892	1631,25	-0,430110991001129	
1634,375	-0,0655763894319534	1634,375	-0,430630743503571	
1637,5	-0,0677196532487869	1637,5	-0,42983004450798	
1640,625	-0,0639343112707138	1640,625	-0,424796164035797	
1643,75	-0,0727327466011047	1643,75	-0,421075135469437	
1646,875	-0,0708005130290985	1646,875	-0,423008590936661	
1650	-0,0727324038743973	1650	-0,423657864332199	
1653,125	-0,0735847428441048	1653,125	-0,420428603887558	
1656,25	-0,0746622905135155	1656,25	-0,419224828481674	
1659,375	-0,0747553482651711	1659,375	-0,418003678321838	
1662,5	-0,0756374970078468	1662,5	-0,416322886943817	
1665,625	-0,080263763666153	1665,625	-0,415781021118164	
1668,75	-0,0801591500639915	1668,75	-0,414813280105591	
1671,875	-0,0816456004977226	1671,875	-0,41362389922142	
1675	-0,0832011178135872	1675	-0,40962290763855	
1678,125	-0,0862806960940361	1678,125	-0,408871442079544	
1681,25	-0,0850124061107636	1681,25	-0,408835351467133	
1684,375	-0,08779326826334	1684,375	-0,402799934148788	
1687,5	-0,0889684781432152	1687,5	-0,402478069067001	
1690,625	-0,0892318412661552	1690,625	-0,400920361280441	
1693,75	-0,0884944051504135	1693,75	-0,398103266954422	
1696,875	-0,0930560827255249	1696,875	-0,398135930299759	
1700	-0,0931694954633713	1700	-0,396938920021057	
1703,125	-0,0947300568223	1703,125	-0,396943718194962	
1706,25	-0,0965515896677971	1706,25	-0,394881516695023	
1709,375	-0,098377026617527	1709,375	-0,391606837511063	
1712,5	-0,098623588681221	1712,5	-0,390985906124115	
1715,625	-0,100000351667404	1715,625	-0,38913506269455	
1718,75	-0,101252190768719	1718,75	-0,389832496643066	
1721,875	-0,103096678853035	1721,875	-0,388197630643845	
1725	-0,106391787528992	1725	-0,384090602397919	
1728,125	-0,105912573635578	1728,125	-0,384840250015259	
1731,25	-0,106374591588974	1731,25	-0,384593367576599	
1734,375	-0,109680511057377	1734,375	-0,38360670208931	
1737,5	-0,109709352254868	1737,5	-0,380305260419846	
1740,625	-0,109283953905106	1740,625	-0,380595624446869	
1743,75	-0,11240167170763	1743,75	-0,375778377056122	
1746,875	-0,112341567873955	1746,875	-0,374121963977814	
1750	-0,112528830766678	1750	-0,374158471822739	
1753,125	-0,115396775305271	1753,125	-0,37230721116066	
1756,25	-0,11802139133215	1756,25	-0,370691299438477	
1759,375	-0,117024250328541	1759,375	-0,371213465929031	
1762,5	-0,119354099035263	1762,5	-0,369081735610962	
1765,625	-0,121108070015907	1765,625	-0,367050111293793	
1768,75	-0,122398644685745	1768,75	-0,364110171794891	
1771,875	-0,123015232384205	1771,875	-0,364178627729416	
1775	-0,123405359685421	1775	-0,363066077232361	
1778,125	-0,125918000936508	1778,125	-0,361527234315872	
1781,25	-0,127183720469475	1781,25	-0,358780711889267	
1784,375	-0,12863327562809	1784,375	-0,358074814081192	
1787,5	-0,130558595061302	1787,5	-0,358577847480774	
1790,625	-0,131267666816711	1790,625	-0,354352533817291	
1793,75	-0,135280013084412	1793,75	-0,354276299476624	
1796,875	-0,134344980120659	1796,875	-0,353129416704178	
1800	-0,133487910032272	1800	-0,350706219673157	
1803,125	-0,138369768857956	1803,125	-0,348207861185074	
1806,25	-0,137249916791916	1806,25	-0,346044629812241	
1809,375	-0,138691931962967	1809,375	-0,343410044908524	
1812,5	-0,137483760714531	1812,5	-0,34417250752449	
1815,625	-0,142965212464333	1815,625	-0,341024935245514	
1818,75	-0,141302227973938	1818,75	-0,338262945413589	
1821,875	-0,142852112650871	1821,875	-0,337479948997498	
1825	-0,143917769193649	1825	-0,336874127388	
1828,125	-0,144775196909904	1828,125	-0,335883527994156	
1831,25	-0,144285574555397	1831,25	-0,333356261253357	
1834,375	-0,146299839019775	1834,375	-0,330886244773865	
1837,5	-0,147096231579781	1837,5	-0,330030709505081	
1840,625	-0,150526016950607	1840,625	-0,330335706472397	
1843,75	-0,151423871517181	1843,75	-0,32777214050293	
1846,875	-0,15325890481472	1846,875	-0,326452761888504	
1850	-0,153321444988251	1850	-0,32496976852417	
1853,125	-0,154387086629868	1853,125	-0,324078142642975	
1856,25	-0,153233498334885	1856,25	-0,320817530155182	
1859,375	-0,155178025364876	1859,375	-0,320069015026093	
1862,5	-0,157827347517014	1862,5	-0,316696345806122	
1865,625	-0,157482177019119	1865,625	-0,316421955823898	
1868,75	-0,15712970495224	1868,75	-0,314956903457642	
1871,875	-0,15913362801075	1871,875	-0,313036054372787	
1875	-0,160018146038055	1875	-0,313055127859116	
1878,125	-0,16105429828167	1878,125	-0,310235977172852	
1881,25	-0,163239479064941	1881,25	-0,308231830596924	
1884,375	-0,164229318499565	1884,375	-0,307994246482849	
1887,5	-0,164825215935707	1887,5	-0,306036561727524	
1890,625	-0,164799690246582	1890,625	-0,302442342042923	
1893,75	-0,165236040949821	1893,75	-0,301209449768066	
1896,875	-0,165984451770782	1896,875	-0,298960775136948	
1900	-0,167991444468498	1900	-0,298444330692291	
1903,125	-0,16857323050499	1903,125	-0,296266913414001	
1906,25	-0,170151934027672	1906,25	-0,293395936489105	
1909,375	-0,170736506581306	1909,375	-0,293386787176132	
1912,5	-0,170698836445808	1912,5	-0,292790949344635	
1915,625	-0,172372922301292	1915,625	-0,289999186992645	
1918,75	-0,173672258853912	1918,75	-0,286998897790909	
1921,875	-0,174638733267784	1921,875	-0,287955760955811	
1925	-0,176747187972069	1925	-0,287864059209824	
1928,125	-0,176700264215469	1928,125	-0,283799111843109	
1931,25	-0,176973178982735	1931,25	-0,282830685377121	
1934,375	-0,178651243448257	1934,375	-0,281443029642105	
1937,5	-0,179226472973824	1937,5	-0,28034982085228	
1940,625	-0,18063385784626	1940,625	-0,278569638729095	
1943,75	-0,181754574179649	1943,75	-0,275748193264008	
1946,875	-0,182169809937477	1946,875	-0,273941427469254	
1950	-0,182572454214096	1950	-0,273158311843872	
1953,125	-0,185449078679085	1953,125	-0,271151065826416	
1956,25	-0,185210004448891	1956,25	-0,26998046040535	
1959,375	-0,186331152915955	1959,375	-0,268744230270386	
1962,5	-0,187987565994263	1962,5	-0,269242584705353	
1965,625	-0,188014820218086	1965,625	-0,266953617334366	
1968,75	-0,188271135091782	1968,75	-0,2658631503582	
1971,875	-0,188560113310814	1971,875	-0,262008816003799	
1975	-0,189306601881981	1975	-0,260254383087158	
1978,125	-0,19247379899025	1978,125	-0,259284168481827	
1981,25	-0,190355524420738	1981,25	-0,259790033102036	
1984,375	-0,191778257489204	1984,375	-0,25626865029335	
1987,5	-0,192680686712265	1987,5	-0,254722028970718	
1990,625	-0,194541722536087	1990,625	-0,253690868616104	
1993,75	-0,195680931210518	1993,75	-0,2510966360569	
1996,875	-0,197065308690071	1996,875	-0,250397801399231	
2000	-0,198313340544701	2000	-0,249336406588554	
2003,125	-0,198774769902229	2003,125	-0,249338433146477	
2006,25	-0,200348272919655	2006,25	-0,246279045939445	
2009,375	-0,200072169303894	2009,375	-0,243371322751045	
2012,5	-0,199934110045433	2012,5	-0,242036238312721	
2015,625	-0,201905101537704	2015,625	-0,240430235862732	
2018,75	-0,201975524425507	2018,75	-0,238511443138123	
2021,875	-0,203442633152008	2021,875	-0,238349482417107	
2025	-0,204600483179092	2025	-0,23630453646183	
2028,125	-0,203656643629074	2028,125	-0,234725147485733	
2031,25	-0,202727392315865	2031,25	-0,230836853384972	
2034,375	-0,207337141036987	2034,375	-0,230684474110603	
2037,5	-0,206568226218224	2037,5	-0,230576768517494	
2040,625	-0,206346333026886	2040,625	-0,22510926425457	
2043,75	-0,206572040915489	2043,75	-0,224686905741692	
2046,875	-0,207664594054222	2046,875	-0,223794117569923	
2050	-0,209655702114105	2050	-0,222169607877731	
2053,125	-0,211274087429047	2053,125	-0,221133202314377	
2056,25	-0,210946768522263	2056,25	-0,218710541725159	
2059,375	-0,211691319942474	2059,375	-0,216870829463005	
2062,5	-0,212229356169701	2062,5	-0,215466424822807	
2065,625	-0,213646754622459	2065,625	-0,213539555668831	
2068,75	-0,213896319270134	2068,75	-0,212862342596054	
2071,875	-0,214839145541191	2071,875	-0,211404100060463	
2075	-0,215572208166122	2075	-0,208996653556824	
2078,125	-0,215135008096695	2078,125	-0,206869885325432	
2081,25	-0,214560732245445	2081,25	-0,205159798264503	
2084,375	-0,217032387852669	2084,375	-0,20318341255188	
2087,5	-0,217320993542671	2087,5	-0,202605798840523	
2090,625	-0,218038395047188	2090,625	-0,201149120926857	
2093,75	-0,218761876225471	2093,75	-0,198379218578339	
2096,875	-0,218253239989281	2096,875	-0,197364032268524	
2100	-0,220320165157318	2100	-0,193392619490623	
2103,125	-0,219063729047775	2103,125	-0,192938208580017	
2106,25	-0,219659626483917	2106,25	-0,191768392920494	
2109,375	-0,221298232674599	2109,375	-0,190066501498222	
2112,5	-0,221728146076202	2112,5	-0,189233690500259	
2115,625	-0,221613094210625	2115,625	-0,186793103814125	
2118,75	-0,22225446999073	2118,75	-0,185464292764664	
2121,875	-0,222293809056282	2121,875	-0,183323711156845	
2125	-0,222239136695862	2125	-0,181801810860634	
2128,125	-0,223480269312859	2128,125	-0,180251464247704	
2131,25	-0,223776385188103	2131,25	-0,179032102227211	
2134,375	-0,224745258688927	2134,375	-0,176836624741554	
2137,5	-0,225432544946671	2137,5	-0,175454452633858	
2140,625	-0,225096166133881	2140,625	-0,17317396402359	
2143,75	-0,225678473711014	2143,75	-0,171751424670219	
2146,875	-0,226639896631241	2146,875	-0,171879753470421	
2150	-0,22782401740551	2150	-0,169544339179993	
2153,125	-0,227247163653374	2153,125	-0,167562454938889	
2156,25	-0,228342175483704	2156,25	-0,16679447889328	
2159,375	-0,228738352656364	2159,375	-0,164174020290375	
2162,5	-0,227785021066666	2162,5	-0,163790911436081	
2165,625	-0,22832815349102	2165,625	-0,161640241742134	
2168,75	-0,229728788137436	2168,75	-0,158802300691605	
2171,875	-0,230164393782616	2171,875	-0,158381074666977	
2175	-0,231672123074532	2175	-0,157252505421638	
2178,125	-0,231425940990448	2178,125	-0,155184462666512	
2181,25	-0,231053754687309	2181,25	-0,154058277606964	
2184,375	-0,231159776449203	2184,375	-0,151665866374969	
2187,5	-0,231602922081947	2187,5	-0,149953722953796	
2190,625	-0,23198464512825	2190,625	-0,149584919214249	
2193,75	-0,233786731958389	2193,75	-0,148063838481903	
2196,875	-0,234267145395279	2196,875	-0,14523634314537	
2200	-0,233750492334366	2200	-0,144195750355721	
2203,125	-0,234326124191284	2203,125	-0,142935827374458	
2206,25	-0,234024196863174	2206,25	-0,141457587480545	
2209,375	-0,233933076262474	2209,375	-0,139651447534561	
2212,5	-0,236211568117142	2212,5	-0,138610363006592	
2215,625	-0,23728609085083	2215,625	-0,137714579701424	
2218,75	-0,23686258494854	2218,75	-0,135744258761406	
2221,875	-0,236325234174728	2221,875	-0,133824944496155	
2225	-0,237139731645584	2225	-0,131230354309082	
2228,125	-0,237978383898735	2228,125	-0,13034051656723	
2231,25	-0,237189412117004	2231,25	-0,128775537014008	
2234,375	-0,237560093402863	2234,375	-0,126548305153847	
2237,5	-0,2383643835783	2237,5	-0,126129642128944	
2240,625	-0,240029692649841	2240,625	-0,124237947165966	
2243,75	-0,240259274840355	2243,75	-0,123033061623573	
2246,875	-0,240010842680931	2246,875	-0,121809266507626	
2250	-0,239364042878151	2250	-0,119798675179482	
2253,125	-0,240199595689774	2253,125	-0,118100084364414	
2256,25	-0,239516109228134	2256,25	-0,116133727133274	
2259,375	-0,23990061879158	2259,375	-0,114752322435379	
2262,5	-0,240352004766464	2262,5	-0,113545402884483	
2265,625	-0,24077470600605	2265,625	-0,111887745559216	
2268,75	-0,239873871207237	2268,75	-0,109986998140812	
2271,875	-0,240963965654373	2271,875	-0,108594410121441	
2275	-0,242263332009315	2275	-0,106805250048637	
2278,125	-0,242010116577148	2278,125	-0,105119720101357	
2281,25	-0,241683304309845	2281,25	-0,10431519895792	
2284,375	-0,241755947470665	2284,375	-0,103364624083042	
2287,5	-0,243649438023567	2287,5	-0,101284988224506	
2290,625	-0,242687985301018	2290,625	-0,0996533930301666	
2293,75	-0,241734817624092	2293,75	-0,0983672887086868	
2296,875	-0,243630066514015	2296,875	-0,0964887365698814	
2300	-0,243891417980194	2300	-0,0946150794625282	
2303,125	-0,243311703205109	2303,125	-0,0931960716843605	
2306,25	-0,243497848510742	2306,25	-0,0917664542794228	
2309,375	-0,243942633271217	2309,375	-0,0911791771650314	
2312,5	-0,243864819407463	2312,5	-0,0893112197518349	
2315,625	-0,244063422083855	2315,625	-0,0884105116128922	
2318,75	-0,243821904063225	2318,75	-0,0860551074147224	
2321,875	-0,242590978741646	2321,875	-0,0834887847304344	
2325	-0,244309961795807	2325	-0,0825604051351547	
2328,125	-0,24428816139698	2328,125	-0,0822940394282341	
2331,25	-0,244345009326935	2331,25	-0,0813084170222282	
2334,375	-0,245910689234734	2334,375	-0,0798810943961143	
2337,5	-0,245503932237625	2337,5	-0,0779035538434982	
2340,625	-0,244055271148682	2340,625	-0,076324351131916	
2343,75	-0,246134519577026	2343,75	-0,0745007693767548	
2346,875	-0,245583325624466	2346,875	-0,0729672163724899	
2350	-0,246213838458061	2350	-0,0723089948296547	
2353,125	-0,247246354818344	2353,125	-0,0704941228032112	
2356,25	-0,24639767408371	2356,25	-0,0692831799387932	
2359,375	-0,245614796876907	2359,375	-0,068279430270195	
2362,5	-0,246166288852692	2362,5	-0,0668448209762573	
2365,625	-0,246640056371689	2365,625	-0,0637146085500717	
2368,75	-0,246353074908257	2368,75	-0,063613198697567	
2371,875	-0,244412586092949	2371,875	-0,0623307190835476	
2375	-0,245842799544334	2375	-0,0608883537352085	
2378,125	-0,246459811925888	2378,125	-0,0585583485662937	
2381,25	-0,247007474303246	2381,25	-0,0569570064544678	
2384,375	-0,247193858027458	2384,375	-0,0571071654558182	
2387,5	-0,245939865708351	2387,5	-0,0552886836230755	
2390,625	-0,24637071788311	2390,625	-0,0540073849260807	
2393,75	-0,246944949030876	2393,75	-0,0525570325553417	
2396,875	-0,248087882995605	2396,875	-0,0502365753054619	
2400	-0,247426390647888	2400	-0,0491502210497856	
2403,125	-0,247368842363358	2403,125	-0,0477004684507847	
2406,25	-0,248105123639107	2406,25	-0,046047355979681	
2409,375	-0,247693732380867	2409,375	-0,0444124527275562	
2412,5	-0,246987462043762	2412,5	-0,0450007915496826	
2415,625	-0,245679453015327	2415,625	-0,0415576212108135	
2418,75	-0,24663408100605	2418,75	-0,0402439460158348	
2421,875	-0,247894570231438	2421,875	-0,0395198315382004	
2425	-0,247118547558784	2425	-0,038022268563509	
2428,125	-0,246954202651978	2428,125	-0,0362481959164143	
2431,25	-0,247566387057304	2431,25	-0,0354377962648869	
2434,375	-0,246919065713882	2434,375	-0,0335294045507908	
2437,5	-0,247533768415451	2437,5	-0,032588254660368	
2440,625	-0,247805908322334	2440,625	-0,0313237458467484	
2443,75	-0,24732218682766	2443,75	-0,0291497875005007	
2446,875	-0,247011661529541	2446,875	-0,0282311346381903	
2450	-0,248154684901237	2450	-0,0270042456686497	
2453,125	-0,2481459826231	2453,125	-0,0257438868284225	
2456,25	-0,247266471385956	2456,25	-0,0242411941289902	
2459,375	-0,247647523880005	2459,375	-0,0229921564459801	
2462,5	-0,247071146965027	2462,5	-0,0207942835986614	
2465,625	-0,247255459427834	2465,625	-0,019863223657012	
2468,75	-0,247207090258598	2468,75	-0,0197396297007799	
2471,875	-0,247033923864365	2471,875	-0,0168461669236422	
2475	-0,247804909944534	2475	-0,0166541133075953	
2478,125	-0,248354583978653	2478,125	-0,0147255854681134	
2481,25	-0,247830346226692	2481,25	-0,0145504111424088	
2484,375	-0,247683674097061	2484,375	-0,0124547062441707	
2487,5	-0,248823896050453	2487,5	-0,00980481877923012	
2490,625	-0,247398227453232	2490,625	-0,00955537892878056	
2493,75	-0,246525526046753	2493,75	-0,00813690014183521	
2496,875	-0,246705666184425	2496,875	-0,00714644091203809	
2500	-0,248663991689682	2500	-0,00605315435677767	
2503,125	-0,247508868575096	2503,125	-0,0034161526709795	
2506,25	-0,248333275318146	2506,25	-0,00257839215919375	
2509,375	-0,247725546360016	2509,375	-0,00147243868559599	
2512,5	-0,247317954897881	2512,5	-0,000549409887753427	
2515,625	-0,246286273002625	2515,625	0,000896002573426813	
2518,75	-0,246758192777634	2518,75	0,00200851424597204	
2521,875	-0,247010320425034	2521,875	0,00263487570919096	
2525	-0,2474205493927	2525	0,00607627490535378	
2528,125	-0,246192559599876	2528,125	0,00560048827901483	
2531,25	-0,245628297328949	2531,25	0,00662828795611858	
2534,375	-0,246243521571159	2534,375	0,00763691728934646	
2537,5	-0,246188536286354	2537,5	0,0111599862575531	
2540,625	-0,245061054825783	2540,625	0,00994358956813812	
2543,75	-0,24444454908371	2543,75	0,0121545717120171	
2546,875	-0,246125906705856	2546,875	0,0137332621961832	
2550	-0,246741324663162	2550	0,0145648866891861	
2553,125	-0,246491864323616	2553,125	0,0168780963867903	
2556,25	-0,246388286352158	2556,25	0,0179743450134993	
2559,375	-0,245651796460152	2559,375	0,0188556592911482	
2562,5	-0,24497489631176	2562,5	0,0199194550514221	
2565,625	-0,245124652981758	2565,625	0,0204884875565767	
2568,75	-0,245381250977516	2568,75	0,0217113401740789	
2571,875	-0,246115893125534	2571,875	0,0237024817615747	
2575	-0,245336428284645	2575	0,0247540418058634	
2578,125	-0,242305278778076	2578,125	0,0261894818395376	
2581,25	-0,244593605399132	2581,25	0,0269159525632858	
2584,375	-0,243441894650459	2584,375	0,0285785049200058	
2587,5	-0,243497744202614	2587,5	0,0298709534108639	
2590,625	-0,243042826652527	2590,625	0,0305525455623865	
2593,75	-0,242981120944023	2593,75	0,0320566594600677	
2596,875	-0,244053050875664	2596,875	0,0332416370511055	
2600	-0,243277028203011	2600	0,0342827141284943	
2603,125	-0,242827638983727	2603,125	0,0362474136054516	
2606,25	-0,241942703723907	2606,25	0,0362419858574867	
2609,375	-0,243303626775742	2609,375	0,0381116084754467	
2612,5	-0,243193179368973	2612,5	0,0395010821521282	
2615,625	-0,242234945297241	2615,625	0,0407918654382229	
2618,75	-0,2430220246315	2618,75	0,0415244959294796	
2621,875	-0,241549775004387	2621,875	0,0433712191879749	
2625	-0,24042409658432	2625	0,0434676222503185	
2628,125	-0,240518599748611	2628,125	0,0453030169010162	
2631,25	-0,240201562643051	2631,25	0,0474732965230942	
2634,375	-0,23919877409935	2634,375	0,0469783321022987	
2637,5	-0,238168120384216	2637,5	0,048989225178957	
2640,625	-0,238826781511307	2640,625	0,0504357889294624	
2643,75	-0,23953652381897	2643,75	0,0516258180141449	
2646,875	-0,240651786327362	2646,875	0,0509864911437035	
2650	-0,238657996058464	2650	0,0555880516767502	
2653,125	-0,23875230550766	2653,125	0,0550589673221111	
2656,25	-0,239600822329521	2656,25	0,0562278106808662	
2659,375	-0,23855847120285	2659,375	0,0575059168040752	
2662,5	-0,238225340843201	2662,5	0,0577330328524113	
2665,625	-0,237589091062546	2665,625	0,0592489130795002	
2668,75	-0,235339626669884	2668,75	0,0597017295658588	
2671,875	-0,237181827425957	2671,875	0,0612755492329597	
2675	-0,237687528133392	2675	0,0624013617634773	
2678,125	-0,237150520086288	2678,125	0,0631338134407997	
2681,25	-0,23772107064724	2681,25	0,0651167184114456	
2684,375	-0,237570062279701	2684,375	0,0673539116978645	
2687,5	-0,237560719251633	2687,5	0,0671804547309875	
2690,625	-0,236149340867996	2690,625	0,0699771791696548	
2693,75	-0,236450254917145	2693,75	0,0698401257395744	
2696,875	-0,234838113188744	2696,875	0,070689968764782	
2700	-0,234739497303963	2700	0,0710591971874237	
2703,125	-0,234832644462585	2703,125	0,0736277401447296	
2706,25	-0,233879998326302	2706,25	0,0742847993969917	
2709,375	-0,234264090657234	2709,375	0,0753801167011261	
2712,5	-0,235476389527321	2712,5	0,0761471763253212	
2715,625	-0,234319448471069	2715,625	0,0779473632574081	
2718,75	-0,232752770185471	2718,75	0,0788004547357559	
2721,875	-0,232209548354149	2721,875	0,0794378072023392	
2725	-0,233054012060165	2725	0,0810908600687981	
2728,125	-0,23268173635006	2728,125	0,0830181315541267	
2731,25	-0,232085943222046	2731,25	0,0833482593297958	
2734,375	-0,231053873896599	2734,375	0,0839254036545753	
2737,5	-0,230483055114746	2737,5	0,0851942151784897	
2740,625	-0,231224283576012	2740,625	0,0856468975543976	
2743,75	-0,232503280043602	2743,75	0,0881504118442535	
2746,875	-0,230659455060959	2746,875	0,0888877809047699	
2750	-0,227999866008759	2750	0,0893415436148643	
2753,125	-0,2295813113451	2753,125	0,0903073400259018	
2756,25	-0,228682115674019	2756,25	0,0935913696885109	
2759,375	-0,228850767016411	2759,375	0,0932279676198959	
2762,5	-0,227773651480675	2762,5	0,0939198955893517	
2765,625	-0,228359490633011	2765,625	0,0945883616805077	
2768,75	-0,228659108281136	2768,75	0,0974334552884102	
2771,875	-0,226579383015633	2771,875	0,0978081226348877	
2775	-0,226082593202591	2775	0,0991851612925529	
2778,125	-0,225293889641762	2778,125	0,0995157808065414	
2781,25	-0,225469708442688	2781,25	0,101274445652962	
2784,375	-0,224558189511299	2784,375	0,101037219166756	
2787,5	-0,223617821931839	2787,5	0,101636111736298	
2790,625	-0,223708912730217	2790,625	0,104065947234631	
2793,75	-0,223570600152016	2793,75	0,104669980704784	
2796,875	-0,223276525735855	2796,875	0,105470471084118	
2800	-0,223549097776413	2800	0,106735527515411	
2803,125	-0,224866032600403	2803,125	0,10819199681282	
2806,25	-0,221873372793198	2806,25	0,108872085809708	
2809,375	-0,222481369972229	2809,375	0,109085381031036	
2812,5	-0,221909925341606	2812,5	0,111462689936161	
2815,625	-0,220695748925209	2815,625	0,112256802618504	
2818,75	-0,219637498259544	2818,75	0,112325541675091	
2821,875	-0,219508692622185	2821,875	0,113390661776066	
2825	-0,21886520087719	2825	0,11281930655241	
2828,125	-0,218581631779671	2828,125	0,114033125340939	
2831,25	-0,217377409338951	2831,25	0,116817250847816	
2834,375	-0,21685990691185	2834,375	0,116487741470337	
2837,5	-0,218821197748184	2837,5	0,118766032159328	
2840,625	-0,218256875872612	2840,625	0,119376815855503	
2843,75	-0,216332226991653	2843,75	0,118486613035202	
2846,875	-0,215307012200356	2846,875	0,120905242860317	
2850	-0,215052396059036	2850	0,120666831731796	
2853,125	-0,214525938034058	2853,125	0,121316909790039	
2856,25	-0,215542793273926	2856,25	0,122330859303474	
2859,375	-0,213738843798637	2859,375	0,123191818594933	
2862,5	-0,213958457112312	2862,5	0,124205514788628	
2865,625	-0,212923228740692	2865,625	0,125738888978958	
2868,75	-0,213700219988823	2868,75	0,126083940267563	
2871,875	-0,214476972818375	2871,875	0,127406373620033	
2875	-0,213014006614685	2875	0,128067165613174	
2878,125	-0,212266072630882	2878,125	0,128867864608765	
2881,25	-0,212230280041695	2881,25	0,129694774746895	
2884,375	-0,211176574230194	2884,375	0,130528539419174	
2887,5	-0,211712688207626	2887,5	0,131866812705994	
2890,625	-0,212053775787354	2890,625	0,13409660756588	
2893,75	-0,211819306015968	2893,75	0,134375602006912	
2896,875	-0,210766583681107	2896,875	0,134493604302406	
2900	-0,210794374346733	2900	0,134916201233864	
2903,125	-0,210555970668793	2903,125	0,136432081460953	
2906,25	-0,208686456084251	2906,25	0,137412577867508	
2909,375	-0,209422647953033	2909,375	0,138300538063049	
2912,5	-0,208250463008881	2912,5	0,138551622629166	
2915,625	-0,20752190053463	2915,625	0,140157178044319	
2918,75	-0,207171738147736	2918,75	0,141569197177887	
2921,875	-0,208283767104149	2921,875	0,141658872365952	
2925	-0,209007516503334	2925	0,143486529588699	
2928,125	-0,207174628973007	2928,125	0,143813624978065	
2931,25	-0,205511435866356	2931,25	0,144913509488106	
2934,375	-0,206563353538513	2934,375	0,146414682269096	
2937,5	-0,206033810973167	2937,5	0,147381186485291	
2940,625	-0,204685017466545	2940,625	0,147517591714859	
2943,75	-0,204083830118179	2943,75	0,148253545165062	
2946,875	-0,204671040177345	2946,875	0,150949269533157	
2950	-0,20485021173954	2950	0,151019126176834	
2953,125	-0,203931540250778	2953,125	0,152457013726234	
2956,25	-0,204999983310699	2956,25	0,153625145554543	
2959,375	-0,204247832298279	2959,375	0,155471622943878	
2962,5	-0,202386260032654	2962,5	0,155769482254982	
2965,625	-0,202376931905746	2965,625	0,156670138239861	
2968,75	-0,202956080436707	2968,75	0,158355072140694	
2971,875	-0,202640503644943	2971,875	0,159863665699959	
2975	-0,201766327023506	2975	0,159861415624619	
2978,125	-0,201594635844231	2978,125	0,16111321747303	
2981,25	-0,199821576476097	2981,25	0,161561250686646	
2984,375	-0,200393438339233	2984,375	0,163285449147224	
2987,5	-0,200274795293808	2987,5	0,164048492908478	
2990,625	-0,198802635073662	2990,625	0,165016770362854	
2993,75	-0,199331820011139	2993,75	0,165770068764687	
2996,875	-0,198906674981117	2996,875	0,166625544428825	
3000	-0,196704134345055	3000	0,169553384184837	
3003,125	-0,19941134750843	3003,125	0,170761331915855	
3006,25	-0,198277115821838	3006,25	0,1713627576828	
3009,375	-0,196580544114113	3009,375	0,171951726078987	
3012,5	-0,195546746253967	3012,5	0,173545584082603	
3015,625	-0,195966586470604	3015,625	0,176128298044205	
3018,75	-0,196737915277481	3018,75	0,17621985077858	
3021,875	-0,194917649030685	3021,875	0,17793308198452	
3025	-0,19443866610527	3025	0,179085254669189	
3028,125	-0,194255262613297	3028,125	0,179920852184296	
3031,25	-0,195130333304405	3031,25	0,183620497584343	
3034,375	-0,192599534988403	3034,375	0,182624325156212	
3037,5	-0,190286323428154	3037,5	0,187146469950676	
3040,625	-0,189579471945763	3040,625	0,18740040063858	
3043,75	-0,188727870583534	3043,75	0,188302084803581	
3046,875	-0,187744617462158	3046,875	0,191282019019127	
3050	-0,184787720441818	3050	0,190664947032928	
3053,125	-0,183243870735168	3053,125	0,191782101988792	
3056,25	-0,181530609726906	3056,25	0,192706152796745	
3059,375	-0,182034268975258	3059,375	0,194111526012421	
3062,5	-0,180996149778366	3062,5	0,194217503070831	
3065,625	-0,180213078856468	3065,625	0,193333238363266	
3068,75	-0,178933709859848	3068,75	0,194316014647484	
3071,875	-0,17839403450489	3071,875	0,194024637341499	
3075	-0,17793782055378	3075	0,195545315742493	
3078,125	-0,176059275865555	3078,125	0,196469187736511	
3081,25	-0,175393626093864	3081,25	0,196805343031883	
3084,375	-0,175983071327209	3084,375	0,196895480155945	
3087,5	-0,175837337970734	3087,5	0,197049558162689	
3090,625	-0,175926834344864	3090,625	0,199884563684464	
3093,75	-0,175646707415581	3093,75	0,200826749205589	
3096,875	-0,175136730074883	3096,875	0,200270548462868	
3100	-0,171985387802124	3100	0,201664865016937	
3103,125	-0,171719014644623	3103,125	0,201609775424004	
3106,25	-0,170914828777313	3106,25	0,203594282269478	
3109,375	-0,16941200196743	3109,375	0,204393595457077	
3112,5	-0,169806122779846	3112,5	0,205516278743744	
3115,625	-0,169787466526031	3115,625	0,204950585961342	
3118,75	-0,168823063373566	3118,75	0,206900373101234	
3121,875	-0,169470652937889	3121,875	0,207853138446808	
3125	-0,167795330286026	3125	0,208691522479057	
3128,125	-0,167711734771729	3128,125	0,208534225821495	
3131,25	-0,167060613632202	3131,25	0,209856823086739	
3134,375	-0,165836483240128	3134,375	0,211372405290604	
3137,5	-0,164096906781197	3137,5	0,21021731197834	
3140,625	-0,164101660251617	3140,625	0,211331591010094	
3143,75	-0,164568960666656	3143,75	0,211356848478317	
3146,875	-0,162981539964676	3146,875	0,213064283132553	
3150	-0,161596179008484	3150	0,214374974370003	
3153,125	-0,161238789558411	3153,125	0,215652257204056	
3156,25	-0,159815356135368	3156,25	0,215818807482719	
3159,375	-0,1588224619627	3159,375	0,216286465525627	
3162,5	-0,156464904546738	3162,5	0,215844199061394	
3165,625	-0,157211259007454	3165,625	0,217980340123177	
3168,75	-0,159162744879723	3168,75	0,217798218131065	
3171,875	-0,156692519783974	3171,875	0,217771336436272	
3175	-0,154663622379303	3175	0,219176173210144	
3178,125	-0,153090000152588	3178,125	0,221573144197464	
3181,25	-0,154148265719414	3181,25	0,221104636788368	
3184,375	-0,156215652823448	3184,375	0,220809444785118	
3187,5	-0,155915319919586	3187,5	0,221058994531631	
3190,625	-0,15543258190155	3190,625	0,220917448401451	
3193,75	-0,155815228819847	3193,75	0,221380367875099	
3196,875	-0,154185429215431	3196,875	0,224652126431465	
3200	-0,154753908514977	3200	0,22581173479557	
3203,125	-0,150744989514351	3203,125	0,225010111927986	
3206,25	-0,150716483592987	3206,25	0,225120469927788	
3209,375	-0,150122106075287	3209,375	0,225827753543854	
3212,5	-0,151194840669632	3212,5	0,226086691021919	
3215,625	-0,152291297912598	3215,625	0,226597756147385	
3218,75	-0,152478083968163	3218,75	0,227558732032776	
3221,875	-0,15092259645462	3221,875	0,22727857530117	
3225	-0,149688810110092	3225	0,230501666665077	
3228,125	-0,150631532073021	3228,125	0,232594355940819	
3231,25	-0,151132941246033	3231,25	0,232838124036789	
3234,375	-0,151997223496437	3234,375	0,233780920505524	
3237,5	-0,151565372943878	3237,5	0,233754679560661	
3240,625	-0,150692343711853	3240,625	0,234796643257141	
3243,75	-0,149072900414467	3243,75	0,236781373620033	
3246,875	-0,148965030908585	3246,875	0,238187685608864	
3250	-0,149873018264771	3250	0,237258285284042	
3253,125	-0,148914784193039	3253,125	0,239092886447906	
3256,25	-0,148262351751328	3256,25	0,240917518734932	
3259,375	-0,149177581071854	3259,375	0,243140682578087	
3262,5	-0,148335725069046	3262,5	0,243365466594696	
3265,625	-0,146934434771538	3265,625	0,242502644658089	
3268,75	-0,146036922931671	3268,75	0,244670152664185	
3271,875	-0,145819082856178	3271,875	0,247263625264168	
3275	-0,144284635782242	3275	0,248129531741142	
3278,125	-0,144156694412231	3278,125	0,247195363044739	
3281,25	-0,145115360617638	3281,25	0,250337600708008	
3284,375	-0,144958660006523	3284,375	0,251107931137085	
3287,5	-0,144958525896072	3287,5	0,251118063926697	
3290,625	-0,145531162619591	3290,625	0,252725124359131	
3293,75	-0,143572062253952	3293,75	0,253444254398346	
3296,875	-0,141411021351814	3296,875	0,254598438739777	
3300	-0,140881791710854	3300	0,256323009729385	
3303,125	-0,140933528542519	3303,125	0,25554496049881	
3306,25	-0,140802949666977	3306,25	0,257232129573822	
3309,375	-0,140438064932823	3309,375	0,259556710720062	
3312,5	-0,140699848532677	3312,5	0,260124564170837	
3315,625	-0,138725310564041	3315,625	0,259549260139465	
3318,75	-0,138306260108948	3318,75	0,261039823293686	
3321,875	-0,13784085214138	3321,875	0,263255000114441	
3325	-0,138005524873734	3325	0,264097183942795	
3328,125	-0,137457638978958	3328,125	0,264642804861069	
3331,25	-0,13737165927887	3331,25	0,265143752098084	
3334,375	-0,137381449341774	3334,375	0,265892773866653	
3337,5	-0,134795859456062	3337,5	0,267893403768539	
3340,625	-0,133679836988449	3340,625	0,268164664506912	
3343,75	-0,134220793843269	3343,75	0,26928636431694	
3346,875	-0,131509765982628	3346,875	0,272946238517761	
3350	-0,131463035941124	3350	0,271498054265976	
3353,125	-0,132495686411858	3353,125	0,273021280765533	
3356,25	-0,131724506616592	3356,25	0,272318959236145	
3359,375	-0,130861952900887	3359,375	0,275022953748703	
3362,5	-0,129926294088364	3362,5	0,275548219680786	
3365,625	-0,12923575937748	3365,625	0,275095045566559	
3368,75	-0,127767249941826	3368,75	0,276224136352539	
3371,875	-0,128736481070518	3371,875	0,276658594608307	
3375	-0,129226520657539	3375	0,276968151330948	
3378,125	-0,126130789518356	3378,125	0,280730307102203	
3381,25	-0,126518830657005	3381,25	0,279672056436539	
3384,375	-0,126129597425461	3384,375	0,280561476945877	
3387,5	-0,124147817492485	3387,5	0,28034371137619	
3390,625	-0,124988615512848	3390,625	0,281910866498947	
3393,75	-0,123647958040237	3393,75	0,281965106725693	
3396,875	-0,122737281024456	3396,875	0,282872378826141	
3400	-0,121973849833012	3400	0,28458434343338	
3403,125	-0,122950501739979	3403,125	0,285495966672897	
3406,25	-0,12245174497366	3406,25	0,286754786968231	
3409,375	-0,120673291385174	3409,375	0,287370413541794	
3412,5	-0,121752046048641	3412,5	0,288311809301376	
3415,625	-0,121354192495346	3415,625	0,289998859167099	
3418,75	-0,119106464087963	3418,75	0,289740413427353	
3421,875	-0,119653284549713	3421,875	0,289558589458466	
3425	-0,120001815259457	3425	0,290733188390732	
3428,125	-0,118322178721428	3428,125	0,292213678359985	
3431,25	-0,117887064814568	3431,25	0,291942983865738	
3434,375	-0,118005059659481	3434,375	0,293802231550217	
3437,5	-0,11655105650425	3437,5	0,29507178068161	
3440,625	-0,116078779101372	3440,625	0,29552948474884	
3443,75	-0,115928322076797	3443,75	0,295921385288239	
3446,875	-0,113651409745216	3446,875	0,295741379261017	
3450	-0,112993307411671	3450	0,296338349580765	
3453,125	-0,112723283469677	3453,125	0,297209769487381	
3456,25	-0,112414240837097	3456,25	0,299065828323364	
3459,375	-0,112449020147324	3459,375	0,299407571554184	
3462,5	-0,111717619001865	3462,5	0,29982852935791	
3465,625	-0,111876986920834	3465,625	0,299920231103897	
3468,75	-0,111831367015839	3468,75	0,301650285720825	
3471,875	-0,110882073640823	3471,875	0,301817506551743	
3475	-0,109309069812298	3475	0,302653402090073	
3478,125	-0,109705880284309	3478,125	0,303042322397232	
3481,25	-0,107256531715393	3481,25	0,302746593952179	
3484,375	-0,107310935854912	3484,375	0,303144454956055	
3487,5	-0,108026094734669	3487,5	0,304837107658386	
3490,625	-0,106770940124989	3490,625	0,305729061365128	
3493,75	-0,106668144464493	3493,75	0,306733995676041	
3496,875	-0,106016792356968	3496,875	0,306157499551773	
3500	-0,105057865381241	3500	0,307971388101578	
3503,125	-0,104701809585094	3503,125	0,308450281620026	
3506,25	-0,104389384388924	3506,25	0,309839278459549	
3509,375	-0,104514174163342	3509,375	0,309798419475555	
3512,5	-0,102497145533562	3512,5	0,308594346046448	
3515,625	-0,100848108530045	3515,625	0,308987140655518	
3518,75	-0,10211955010891	3518,75	0,31087464094162	
3521,875	-0,10110991448164	3521,875	0,31122699379921	
3525	-0,0998737961053848	3525	0,312082350254059	
3528,125	-0,100106596946716	3528,125	0,313443899154663	
3531,25	-0,100076861679554	3531,25	0,314813405275345	
3534,375	-0,0995281338691711	3534,375	0,314507037401199	
3537,5	-0,0976149812340736	3537,5	0,313966691493988	
3540,625	-0,096969872713089	3540,625	0,314923137426376	
3543,75	-0,0975516363978386	3543,75	0,315574884414673	
3546,875	-0,0982280299067497	3546,875	0,315600097179413	
3550	-0,096095971763134	3550	0,316361963748932	
3553,125	-0,0957038104534149	3553,125	0,31666773557663	
3556,25	-0,0950917676091194	3556,25	0,317599534988403	
3559,375	-0,0942715927958488	3559,375	0,31792077422142	
3562,5	-0,0942990332841873	3562,5	0,319655507802963	
3565,625	-0,0933764204382896	3565,625	0,31980699300766	
3568,75	-0,0927394777536392	3568,75	0,320039927959442	
3571,875	-0,091532364487648	3571,875	0,321339577436447	
3575	-0,0911872833967209	3575	0,322160243988037	
3578,125	-0,0910601764917374	3578,125	0,322507113218308	
3581,25	-0,0904529094696045	3581,25	0,322832822799683	
3584,375	-0,0898340716958046	3584,375	0,322415411472321	
3587,5	-0,0893444716930389	3587,5	0,322430461645126	
3590,625	-0,0891209244728088	3590,625	0,323661118745804	
3593,75	-0,0892598778009415	3593,75	0,324529051780701	
3596,875	-0,089084804058075	3596,875	0,324956566095352	
3600	-0,0878245458006859	3600	0,325980365276337	
3603,125	-0,0864520072937012	3603,125	0,325625360012054	
3606,25	-0,0874999910593033	3606,25	0,325940579175949	
3609,375	-0,085359551012516	3609,375	0,326476871967316	
3612,5	-0,0854832530021667	3612,5	0,32647567987442	
3615,625	-0,085805632174015	3615,625	0,32748955488205	
3618,75	-0,0846525207161903	3618,75	0,327673673629761	
3621,875	-0,0847292616963387	3621,875	0,328253179788589	
3625	-0,0840667337179184	3625	0,328290373086929	
3628,125	-0,083091177046299	3628,125	0,32945305109024	
3631,25	-0,081921175122261	3631,25	0,330254435539246	
3634,375	-0,0821524038910866	3634,375	0,331051468849182	
3637,5	-0,0822395905852318	3637,5	0,330603361129761	
3640,625	-0,0808818116784096	3640,625	0,330103158950806	
3643,75	-0,0807708948850632	3643,75	0,331171840429306	
3646,875	-0,0806118175387383	3646,875	0,331255555152893	
3650	-0,0798777714371681	3650	0,332724422216415	
3653,125	-0,0790982842445374	3653,125	0,333100259304047	
3656,25	-0,0787434279918671	3656,25	0,333322733640671	
3659,375	-0,0783788859844208	3659,375	0,334654152393341	
3662,5	-0,0773031115531921	3662,5	0,335418730974197	
3665,625	-0,0784363746643066	3665,625	0,336798131465912	
3668,75	-0,075385108590126	3668,75	0,337067753076553	
3671,875	-0,0754512771964073	3671,875	0,336045265197754	
3675	-0,0747974812984467	3675	0,337325304746628	
3678,125	-0,0741357430815697	3678,125	0,337550908327103	
3681,25	-0,0757746174931526	3681,25	0,33837965130806	
3684,375	-0,0711458921432495	3684,375	0,337122827768326	
3687,5	-0,0726733356714249	3687,5	0,33747923374176	
3690,625	-0,0727840662002563	3690,625	0,338190495967865	
3693,75	-0,0714347213506699	3693,75	0,339273899793625	
3696,875	-0,0716517716646194	3696,875	0,340421557426453	
3700	-0,0710396841168404	3700	0,339899897575378	
3703,125	-0,069516621530056	3703,125	0,339514315128326	
3706,25	-0,0686915069818497	3706,25	0,341421663761139	
3709,375	-0,0692440643906593	3709,375	0,341733604669571	
3712,5	-0,0684077590703964	3712,5	0,341008216142654	
3715,625	-0,0667648464441299	3715,625	0,340570539236069	
3718,75	-0,0667450800538063	3718,75	0,34374064207077	
3721,875	-0,0660557523369789	3721,875	0,343300759792328	
3725	-0,0662902742624283	3725	0,343840211629868	
3728,125	-0,0645838901400566	3728,125	0,343522191047668	
3731,25	-0,0650935992598534	3731,25	0,343999803066254	
3734,375	-0,0637057945132256	3734,375	0,344238549470901	
3737,5	-0,0640575289726257	3737,5	0,344805955886841	
3740,625	-0,0619312822818756	3740,625	0,346068352460861	
3743,75	-0,062017310410738	3743,75	0,345778524875641	
3746,875	-0,0626311078667641	3746,875	0,34622585773468	
3750	-0,0607652552425861	3750	0,346962720155716	
3753,125	-0,0604320950806141	3753,125	0,34682908654213	
3756,25	-0,0597990863025188	3756,25	0,347088754177094	
3759,375	-0,059350561350584	3759,375	0,346792787313461	
3762,5	-0,0607055239379406	3762,5	0,348181128501892	
3765,625	-0,0557853803038597	3765,625	0,348270058631897	
3768,75	-0,0579152293503284	3768,75	0,348125666379929	
3771,875	-0,0571764931082726	3771,875	0,347444802522659	
3775	-0,0568425245583057	3775	0,348622173070908	
3778,125	-0,0555874779820442	3778,125	0,348529875278473	
3781,25	-0,0544609762728214	3781,25	0,349574595689774	
3784,375	-0,0555330514907837	3784,375	0,350950390100479	
3787,5	-0,0539613552391529	3787,5	0,352357298135757	
3790,625	-0,0543702803552151	3790,625	0,351593255996704	
3793,75	-0,0514107346534729	3793,75	0,350548416376114	
3796,875	-0,0522283911705017	3796,875	0,350425064563751	
3800	-0,0514338761568069	3800	0,349772989749908	
3803,125	-0,051081657409668	3803,125	0,35145577788353	
3806,25	-0,0511043854057789	3806,25	0,353154450654984	
3809,375	-0,0498663820326328	3809,375	0,352512151002884	
3812,5	-0,0490119755268097	3812,5	0,352249383926392	
3815,625	-0,0488119497895241	3815,625	0,351847589015961	
3818,75	-0,0480405539274216	3818,75	0,35333326458931	
3821,875	-0,047791201621294	3821,875	0,352647393941879	
3825	-0,0482668168842793	3825	0,353429168462753	
3828,125	-0,0462123230099678	3828,125	0,354496866464615	
3831,25	-0,0459012016654015	3831,25	0,354923844337463	
3834,375	-0,0448552928864956	3834,375	0,355598509311676	
3837,5	-0,0455232262611389	3837,5	0,356181412935257	
3840,625	-0,0441619157791138	3840,625	0,355584263801575	
3843,75	-0,0438633002340794	3843,75	0,354872018098831	
3846,875	-0,0420882478356361	3846,875	0,35585156083107	
3850	-0,0424820370972157	3850	0,356111913919449	
3853,125	-0,0424345210194588	3853,125	0,35647901892662	
3856,25	-0,0414762869477272	3856,25	0,358105182647705	
3859,375	-0,0410967394709587	3859,375	0,356644928455353	
3862,5	-0,0392226204276085	3862,5	0,356135606765747	
3865,625	-0,0394995994865894	3865,625	0,358205825090408	
3868,75	-0,0392838977277279	3868,75	0,35835012793541	
3871,875	-0,0380774475634098	3871,875	0,357429414987564	
3875	-0,038010012358427	3875	0,357689917087555	
3878,125	-0,0368961952626705	3878,125	0,35963186621666	
3881,25	-0,0362913981080055	3881,25	0,359227657318115	
3884,375	-0,0342027693986893	3884,375	0,359445154666901	
3887,5	-0,035215612500906	3887,5	0,360025316476822	
3890,625	-0,0344100892543793	3890,625	0,359751492738724	
3893,75	-0,0336585342884064	3893,75	0,361426055431366	
3896,875	-0,032360028475523	3896,875	0,360671073198318	
3900	-0,0326587148010731	3900	0,361951529979706	
3903,125	-0,0321844071149826	3903,125	0,361966580152512	
3906,25	-0,0305604077875614	3906,25	0,361790329217911	
3909,375	-0,0308588892221451	3909,375	0,362113982439041	
3912,5	-0,0311175622045994	3912,5	0,362165719270706	
3915,625	-0,0280538592487574	3915,625	0,362792879343033	
3918,75	-0,0308424271643162	3918,75	0,362699389457703	
3921,875	-0,0262052528560162	3921,875	0,36318439245224	
3925	-0,0279528256505728	3925	0,361796110868454	
3928,125	-0,0268690511584282	3928,125	0,361761838197708	
3931,25	-0,028631579130888	3931,25	0,362829625606537	
3934,375	-0,0274893753230572	3934,375	0,363844245672226	
3937,5	-0,025746900588274	3937,5	0,363167285919189	
3940,625	-0,0254402980208397	3940,625	0,363946348428726	
3943,75	-0,0260121319442987	3943,75	0,364370554685593	
3946,875	-0,0242899041622877	3946,875	0,36379736661911	
3950	-0,0234432499855757	3950	0,362722903490067	
3953,125	-0,0234860107302666	3953,125	0,363554567098618	
3956,25	-0,0236589349806309	3956,25	0,36371710896492	
3959,375	-0,0226739253848791	3959,375	0,362052708864212	
3962,5	-0,0208316296339035	3962,5	0,363970130681992	
3965,625	-0,0219225212931633	3965,625	0,366088628768921	
3968,75	-0,0215622801333666	3968,75	0,366199880838394	
3971,875	-0,0199478436261415	3971,875	0,366740047931671	
3975	-0,0176144242286682	3975	0,367833524942398	
3978,125	-0,0187026113271713	3978,125	0,366397619247437	
3981,25	-0,0196219123899937	3981,25	0,364802420139313	
3984,375	-0,0181416738778353	3984,375	0,364869117736816	
3987,5	-0,0188352093100548	3987,5	0,366956800222397	
3990,625	-0,0169307552278042	3990,625	0,367256462574005	
3993,75	-0,0170027650892735	3993,75	0,367705523967743	
3996,875	-0,0164760183542967	3996,875	0,368599355220795	
4000	-0,0145635474473238	4000	0,370657980442047	
4003,125	-0,0146522158756852	4003,125	0,369999617338181	
4006,25	-0,0141723994165659	4006,25	0,369307577610016	
4009,375	-0,0136690819635987	4009,375	0,368849724531174	
4012,5	-0,0138829248026013	4012,5	0,369890719652176	
4015,625	-0,013009556569159	4015,625	0,37090191245079	
4018,75	-0,0122878281399608	4018,75	0,371235907077789	
4021,875	-0,0109056755900383	4021,875	0,371338456869125	
4025	-0,0102117573842406	4025	0,371605902910233	
4028,125	-0,0123145068064332	4028,125	0,370416849851608	
4031,25	-0,00907948147505522	4031,25	0,3685382604599	
4034,375	-0,00849997624754906	4034,375	0,369913697242737	
4037,5	-0,00787861552089453	4037,5	0,37226003408432	
4040,625	-0,00862771831452847	4040,625	0,367944598197937	
4043,75	-0,00689501641318202	4043,75	0,369632393121719	
4046,875	-0,00622739596292377	4046,875	0,369986832141876	
4050	-0,00562802935019135	4050	0,36972188949585	
4053,125	-0,00692935707047582	4053,125	0,370693057775497	
4056,25	-0,00448708282783628	4056,25	0,371360749006271	
4059,375	-0,00600630324333906	4059,375	0,371279925107956	
4062,5	-0,0043923850171268	4062,5	0,368677049875259	
4065,625	-0,00307023548521101	4065,625	0,370773404836655	
4068,75	-0,00323025439865887	4068,75	0,370731621980667	
4071,875	-0,00265371985733509	4071,875	0,370012104511261	
4075	-0,00037518484168686	4075	0,372788608074188	
4078,125	-0,0010374819394201	4078,125	0,37316557765007	
4081,25	0,000108386833744589	4081,25	0,373528867959976	
4084,375	0,000420208321884274	4084,375	0,371565163135529	
4087,5	0,00155688507948071	4087,5	0,373555421829224	
4090,625	-0,000133513283799402	4090,625	0,371623158454895	
4093,75	0,00233777216635644	4093,75	0,369273811578751	
4096,875	0,00208190409466624	4096,875	0,37185925245285	
4100	0,00376042420975864	4100	0,373049944639206	
4103,125	0,00376523588784039	4103,125	0,373051196336746	
4106,25	0,00236441404558718	4106,25	0,372902005910873	
4109,375	0,00490653049200773	4109,375	0,374177366495132	
4112,5	0,00602147914469242	4112,5	0,371148973703384	
4115,625	0,00627732649445534	4115,625	0,37163645029068	
4118,75	0,00651353551074862	4118,75	0,373607158660889	
4121,875	0,00567836407572031	4121,875	0,373742938041687	
4125	0,00841019488871098	4125	0,371640861034393	
4128,125	0,00886800792068243	4128,125	0,37198793888092	
4131,25	0,00850178580731153	4131,25	0,37285789847374	
4134,375	0,0109416181221604	4134,375	0,373509049415588	
4137,5	0,011183007620275	4137,5	0,373494327068329	
4140,625	0,0105267269536853	4140,625	0,372472763061523	
4143,75	0,0129964286461473	4143,75	0,371938288211823	
4146,875	0,0117344167083502	4146,875	0,372494041919708	
4150	0,0145063763484359	4150	0,371473729610443	
4153,125	0,0160113479942083	4153,125	0,374200612306595	
4156,25	0,0169230923056602	4156,25	0,373512029647827	
4159,375	0,0148300128057599	4159,375	0,372596383094788	
4162,5	0,0166585519909859	4162,5	0,371799200773239	
4165,625	0,0177617389708757	4165,625	0,371412813663483	
4168,75	0,0179048515856266	4168,75	0,37064728140831	
4171,875	0,0174799431115389	4171,875	0,370054066181183	
4175	0,0177951790392399	4175	0,371702879667282	
4178,125	0,0196708552539349	4178,125	0,372815549373627	
4181,25	0,0213138237595558	4181,25	0,37112683057785	
4184,375	0,0206926055252552	4184,375	0,370548516511917	
4187,5	0,0213763546198606	4187,5	0,370546907186508	
4190,625	0,0212797690182924	4190,625	0,371145486831665	
4193,75	0,0213017705827951	4193,75	0,371103405952454	
4196,875	0,0225597470998764	4196,875	0,370319247245789	
4200	0,0223074462264776	4200	0,370247900485992	
4203,125	0,0235222578048706	4203,125	0,369451373815537	
4206,25	0,0235181171447039	4206,25	0,367213487625122	
4209,375	0,0240870825946331	4209,375	0,369134128093719	
4212,5	0,0237786136567593	4212,5	0,370560169219971	
4215,625	0,0247883554548025	4215,625	0,370697438716888	
4218,75	0,0254637151956558	4218,75	0,370810478925705	
4221,875	0,0251324027776718	4221,875	0,370359271764755	
4225	0,0262138210237026	4225	0,369771122932434	
4228,125	0,0271358527243137	4228,125	0,369445949792862	
4231,25	0,0265354476869106	4231,25	0,371183902025223	
4234,375	0,0276110246777534	4234,375	0,370529443025589	
4237,5	0,0289051979780197	4237,5	0,36937227845192	
4240,625	0,0288520138710737	4240,625	0,370784729719162	
4243,75	0,0292321443557739	4243,75	0,36869752407074	
4246,875	0,0294445063918829	4246,875	0,371348470449448	
4250	0,0316580273211002	4250	0,370908677577972	
4253,125	0,0313516743481159	4253,125	0,369210511445999	
4256,25	0,0327722281217575	4256,25	0,369994878768921	
4259,375	0,0316554717719555	4259,375	0,370668262243271	
4262,5	0,0342393107712269	4262,5	0,370909601449966	
4265,625	0,0351637564599514	4265,625	0,370886355638504	
4268,75	0,0340452454984188	4268,75	0,371367841959	
4271,875	0,0347309112548828	4271,875	0,370687186717987	
4275	0,0378576666116714	4275	0,371233910322189	
4278,125	0,0367320850491524	4278,125	0,370636463165283	
4281,25	0,0363111607730389	4281,25	0,370600283145905	
4284,375	0,0394455417990685	4284,375	0,371798008680344	
4287,5	0,0394102036952972	4287,5	0,371686607599258	
4290,625	0,0399024374783039	4290,625	0,371605664491653	
4293,75	0,039686344563961	4293,75	0,369387924671173	
4296,875	0,0398113317787647	4296,875	0,368070363998413	
4300	0,0416940823197365	4300	0,367277383804321	
4303,125	0,0434782616794109	4303,125	0,368969708681107	
4306,25	0,0440665185451508	4306,25	0,367819041013718	
4309,375	0,0425433702766895	4309,375	0,367848694324493	
4312,5	0,0464072152972221	4312,5	0,369176894426346	
4315,625	0,0464564003050327	4315,625	0,367646545171738	
4318,75	0,0455602593719959	4318,75	0,367903470993042	
4321,875	0,0471537075936794	4321,875	0,366190016269684	
4325	0,0474038608372211	4325	0,36539489030838	
4328,125	0,0468932762742043	4328,125	0,367200583219528	
4331,25	0,0478406250476837	4331,25	0,368358790874481	
4334,375	0,049174789339304	4334,375	0,367146223783493	
4337,5	0,0501317866146564	4337,5	0,368441641330719	
4340,625	0,050154771655798	4340,625	0,366364449262619	
4343,75	0,0511191487312317	4343,75	0,366345942020416	
4346,875	0,0517370067536831	4346,875	0,366323709487915	
4350	0,0530916005373001	4350	0,365827620029449	
4353,125	0,0527285300195217	4353,125	0,366232335567474	
4356,25	0,0534993447363377	4356,25	0,365602850914001	
4359,375	0,0537347830832005	4359,375	0,362677097320557	
4362,5	0,0553889125585556	4362,5	0,366251438856125	
4365,625	0,0540454350411892	4365,625	0,366763979196548	
4368,75	0,0565515384078026	4368,75	0,365791320800781	
4371,875	0,0566695481538773	4371,875	0,363830745220184	
4375	0,05785171687603	4375	0,363300740718842	
4378,125	0,0604364052414894	4378,125	0,365842878818512	
4381,25	0,060507994145155	4381,25	0,364189475774765	
4384,375	0,0599676482379436	4384,375	0,363199383020401	
4387,5	0,0589094087481499	4387,5	0,361332774162292	
4390,625	0,0606218352913857	4390,625	0,362001925706863	
4393,75	0,0634860768914223	4393,75	0,362774461507797	
4396,875	0,0639101266860962	4396,875	0,363782465457916	
4400	0,0641461610794067	4400	0,3629050552845	
4403,125	0,0641579851508141	4403,125	0,360498279333115	
4406,25	0,0647826343774796	4406,25	0,360410094261169	
4409,375	0,0670971721410751	4409,375	0,361250936985016	
4412,5	0,0670113787055016	4412,5	0,360159516334534	
4415,625	0,0680552050471306	4415,625	0,359559834003448	
4418,75	0,0689038187265396	4418,75	0,359987080097198	
4421,875	0,0685795620083809	4421,875	0,359908998012543	
4425	0,0692642256617546	4425	0,358819723129272	
4428,125	0,0707986801862717	4428,125	0,358839303255081	
4431,25	0,0691583454608917	4431,25	0,359148144721985	
4434,375	0,0715235620737076	4434,375	0,357976049184799	
4437,5	0,0719277709722519	4437,5	0,356933265924454	
4440,625	0,0710789859294891	4440,625	0,356954246759415	
4443,75	0,0713265314698219	4443,75	0,353994101285934	
4446,875	0,0719783380627632	4446,875	0,355712950229645	
4450	0,0719498544931412	4450	0,356823027133942	
4453,125	0,0728668719530106	4453,125	0,356174558401108	
4456,25	0,0718943700194359	4456,25	0,354767143726349	
4459,375	0,0739175826311111	4459,375	0,353539943695068	
4462,5	0,0757466852664948	4462,5	0,355651676654816	
4465,625	0,0740039050579071	4465,625	0,354402840137482	
4468,75	0,0733038634061813	4468,75	0,355155825614929	
4471,875	0,0769045278429985	4471,875	0,353650838136673	
4475	0,0763949900865555	4475	0,354695707559586	
4478,125	0,076068602502346	4478,125	0,353933453559875	
4481,25	0,0800663903355598	4481,25	0,354209721088409	
4484,375	0,079554982483387	4484,375	0,354862660169601	
4487,5	0,0779262855648994	4487,5	0,354040563106537	
4490,625	0,0796825587749481	4490,625	0,35290265083313	
4493,75	0,0820368006825447	4493,75	0,3534936606884	
4496,875	0,0829244181513786	4496,875	0,353462636470795	
4500	0,0823206230998039	4500	0,355372101068497	
4503,125	0,0837949141860008	4503,125	0,354480504989624	
4506,25	0,0844093039631844	4506,25	0,355085998773575	
4509,375	0,0852935090661049	4509,375	0,356047213077545	
4512,5	0,0855435729026794	4512,5	0,353412926197052	
4515,625	0,0876494497060776	4515,625	0,352920830249786	
4518,75	0,0886777117848396	4518,75	0,354038029909134	
4521,875	0,0901904478669167	4521,875	0,353882908821106	
4525	0,0901766642928123	4525	0,351647108793259	
4528,125	0,0917907133698463	4528,125	0,349272847175598	
4531,25	0,0936975851655006	4531,25	0,348940491676331	
4534,375	0,09349075704813	4534,375	0,349603861570358	
4537,5	0,0948222428560257	4537,5	0,348993003368378	
4540,625	0,0963135361671448	4540,625	0,347654402256012	
4543,75	0,0974098220467567	4543,75	0,347907930612564	
4546,875	0,0978039503097534	4546,875	0,347013801336288	
4550	0,0975382924079895	4550	0,347581773996353	
4553,125	0,0987110361456871	4553,125	0,34612101316452	
4556,25	0,100463040173054	4556,25	0,346166342496872	
4559,375	0,0968415886163712	4559,375	0,346776038408279	
4562,5	0,103704184293747	4562,5	0,346116453409195	
4565,625	0,10322942584753	4565,625	0,346072226762772	
4568,75	0,104629263281822	4568,75	0,346344739198685	
4571,875	0,104370348155499	4571,875	0,345005869865417	
4575	0,106140092015266	4575	0,343285143375397	
4578,125	0,106532417237759	4578,125	0,342014998197556	
4581,25	0,107473008334637	4581,25	0,340775817632675	
4584,375	0,109143294394016	4584,375	0,340859949588776	
4587,5	0,109300717711449	4587,5	0,342163145542145	
4590,625	0,111105531454086	4590,625	0,340972155332565	
4593,75	0,111577495932579	4593,75	0,340272277593613	
4596,875	0,11171318590641	4596,875	0,338846743106842	
4600	0,113437324762344	4600	0,338680684566498	
4603,125	0,114729441702366	4603,125	0,33989292383194	
4606,25	0,114552773535252	4606,25	0,338209629058838	
4609,375	0,115681543946266	4609,375	0,338426262140274	
4612,5	0,117901049554348	4612,5	0,33603835105896	
4615,625	0,117508910596371	4615,625	0,335413336753845	
4618,75	0,118661984801292	4618,75	0,336426943540573	
4621,875	0,11841131746769	4621,875	0,335326224565506	
4625	0,121425904333591	4625	0,332695513963699	
4628,125	0,122032694518566	4628,125	0,334112405776978	
4631,25	0,122181124985218	4631,25	0,333011537790298	
4634,375	0,123595051467419	4634,375	0,332925885915756	
4637,5	0,12361154705286	4637,5	0,333297163248062	
4640,625	0,124029316008091	4640,625	0,333054780960083	
4643,75	0,1263407766819	4643,75	0,330439001321793	
4646,875	0,12724144756794	4646,875	0,330535352230072	
4650	0,128771722316742	4650	0,33081191778183	
4653,125	0,130390539765358	4653,125	0,331251323223114	
4656,25	0,131859198212624	4656,25	0,330534189939499	
4659,375	0,131950169801712	4659,375	0,330754160881042	
4662,5	0,134124711155891	4662,5	0,332289606332779	
4665,625	0,135763838887215	4665,625	0,329554587602615	
4668,75	0,134603127837181	4668,75	0,328901082277298	
4671,875	0,137728899717331	4671,875	0,327317833900452	
4675	0,138294294476509	4675	0,326400548219681	
4678,125	0,139817401766777	4678,125	0,328422635793686	
4681,25	0,140232726931572	4681,25	0,324913173913956	
4684,375	0,14226920902729	4684,375	0,325987875461578	
4687,5	0,14322803914547	4687,5	0,326338112354279	
4690,625	0,144010350108147	4690,625	0,325196743011475	
4693,75	0,146118491888046	4693,75	0,325343191623688	
4696,875	0,147806763648987	4696,875	0,32557487487793	
4700	0,148566022515297	4700	0,326735407114029	
4703,125	0,150449126958847	4703,125	0,325157999992371	
4706,25	0,151817142963409	4706,25	0,323750078678131	
4709,375	0,153307884931564	4709,375	0,323507368564606	
4712,5	0,154877305030823	4712,5	0,323229938745499	
4715,625	0,156555816531181	4715,625	0,32179793715477	
4718,75	0,157492354512215	4718,75	0,320576727390289	
4721,875	0,15958259999752	4721,875	0,321020931005478	
4725	0,160775557160378	4725	0,321325987577438	
4728,125	0,162175849080086	4728,125	0,320271521806717	
4731,25	0,163187190890312	4731,25	0,321597456932068	
4734,375	0,164092451334	4734,375	0,321567177772522	
4737,5	0,166230499744415	4737,5	0,320668429136276	
4740,625	0,16755086183548	4740,625	0,319430887699127	
4743,75	0,170182660222054	4743,75	0,317842036485672	
4746,875	0,170729920268059	4746,875	0,317082792520523	
4750	0,172303929924965	4750	0,316377431154251	
4753,125	0,174580067396164	4753,125	0,316818952560425	
4756,25	0,176103636622429	4756,25	0,317441701889038	
4759,375	0,17798039317131	4759,375	0,315649181604385	
4762,5	0,179732590913773	4762,5	0,314986020326614	
4765,625	0,181156232953072	4765,625	0,315332680940628	
4768,75	0,182074204087257	4768,75	0,314936429262161	
4771,875	0,183024629950523	4771,875	0,315231174230576	
4775	0,18766513466835	4775	0,312386512756348	
4778,125	0,188903778791428	4778,125	0,312513768672943	
4781,25	0,189215809106827	4781,25	0,311483472585678	
4784,375	0,192066743969917	4784,375	0,311610966920853	
4787,5	0,194622352719307	4787,5	0,311320871114731	
4790,625	0,195695370435715	4790,625	0,310285001993179	
4793,75	0,199823126196861	4793,75	0,310469001531601	
4796,875	0,200946047902107	4796,875	0,310745686292648	
4800	0,200641304254532	4800	0,308732450008392	
4803,125	0,203836768865585	4803,125	0,307547777891159	
4806,25	0,205746665596962	4806,25	0,306758731603622	
4809,375	0,207589253783226	4809,375	0,306293725967407	
4812,5	0,210922420024872	4812,5	0,305416107177734	
4815,625	0,21084488928318	4815,625	0,304764658212662	
4818,75	0,211507573723793	4818,75	0,303458690643311	
4821,875	0,21458213031292	4821,875	0,301789551973343	
4825	0,215440019965172	4825	0,301270127296448	
4828,125	0,216185554862022	4828,125	0,300465941429138	
4831,25	0,216247841715813	4831,25	0,299114167690277	
4834,375	0,219164714217186	4834,375	0,298647910356522	
4837,5	0,220301270484924	4837,5	0,298457443714142	
4840,625	0,221863433718681	4840,625	0,297580599784851	
4843,75	0,222479939460754	4843,75	0,296844452619553	
4846,875	0,224068596959114	4846,875	0,295609146356583	
4850	0,22715750336647	4850	0,295701265335083	
4853,125	0,228856533765793	4853,125	0,295592218637466	
4856,25	0,228435084223747	4856,25	0,29507240653038	
4859,375	0,228454813361168	4859,375	0,294234961271286	
4862,5	0,229520305991173	4862,5	0,292652368545532	
4865,625	0,23199450969696	4865,625	0,292110443115234	
4868,75	0,232922732830048	4868,75	0,290421545505524	
4871,875	0,233808532357216	4871,875	0,291455924510956	
4875	0,235735073685646	4875	0,291565895080566	
4878,125	0,23709511756897	4878,125	0,290676236152649	
4881,25	0,237347409129143	4881,25	0,291433870792389	
4884,375	0,238414898514748	4884,375	0,290627390146255	
4887,5	0,239425584673882	4887,5	0,291100054979324	
4890,625	0,241330593824387	4890,625	0,289420068264008	
4893,75	0,243708521127701	4893,75	0,287725329399109	
4896,875	0,244063138961792	4896,875	0,288909703493118	
4900	0,244441732764244	4900	0,290668964385986	
4903,125	0,246230155229568	4903,125	0,290346413850784	
4906,25	0,246456548571587	4906,25	0,288781702518463	
4909,375	0,248656064271927	4909,375	0,288382977247238	
4912,5	0,249031543731689	4912,5	0,288921117782593	
4915,625	0,251024037599564	4915,625	0,290609776973724	
4918,75	0,252072155475616	4918,75	0,289640486240387	
4921,875	0,253447711467743	4921,875	0,288009941577911	
4925	0,255983084440231	4925	0,289173930883408	
4928,125	0,258063077926636	4928,125	0,289130330085754	
4931,25	0,259576618671417	4931,25	0,288355350494385	
4934,375	0,261353760957718	4934,375	0,288169264793396	
4937,5	0,261861711740494	4937,5	0,287460893392563	
4940,625	0,26348802447319	4940,625	0,287469476461411	
4943,75	0,265194118022919	4943,75	0,287368088960648	
4946,875	0,265837401151657	4946,875	0,286175966262817	
4950	0,269129127264023	4950	0,284748613834381	
4953,125	0,270556092262268	4953,125	0,285751134157181	
4956,25	0,272119373083115	4956,25	0,285525798797607	
4959,375	0,272706985473633	4959,375	0,286116361618042	
4962,5	0,274986177682877	4962,5	0,285859614610672	
4965,625	0,276361584663391	4965,625	0,283403307199478	
4968,75	0,279573410749435	4968,75	0,282377660274506	
4971,875	0,279851466417313	4971,875	0,283043563365936	
4975	0,280095398426056	4975	0,282534331083298	
				
