Frequency in Hz	Acrylic_99 Normalized Surface Impedance continuous Re	Frequency in Hz	Acrylic_99 Normalized Surface Impedance continuous Im	
100	2,75513792037964	100	-15,1012668609619	
103,125	2,78426265716553	103,125	-15,425820350647	
106,25	1,92436575889587	106,25	-14,1134490966797	
109,375	2,16434216499329	109,375	-15,2309322357178	
112,5	2,37486720085144	112,5	-13,3588771820068	
115,625	2,91774916648865	115,625	-12,8343648910522	
118,75	2,90583086013794	118,75	-12,968620300293	
121,875	2,56467032432556	121,875	-12,8189640045166	
125	2,52526712417603	125	-12,7363615036011	
128,125	2,54120969772339	128,125	-12,4369430541992	
131,25	1,7185640335083	131,25	-11,4987659454346	
134,375	2,20331072807312	134,375	-11,8317136764526	
137,5	2,47875595092773	137,5	-11,0553159713745	
140,625	2,56737470626831	140,625	-11,5666284561157	
143,75	2,32591772079468	143,75	-10,6108341217041	
146,875	2,05366897583008	146,875	-10,6540403366089	
150	1,61712539196014	150	-11,0493650436401	
153,125	2,2980101108551	153,125	-9,95737838745117	
156,25	1,95350420475006	156,25	-10,078483581543	
159,375	1,76067328453064	159,375	-10,0418796539307	
162,5	1,69497299194336	162,5	-10,0385694503784	
165,625	1,36996126174927	165,625	-9,71529674530029	
168,75	2,22664308547974	168,75	-9,20419788360596	
171,875	1,97675395011902	171,875	-8,90732383728027	
175	1,93155515193939	175	-9,18505096435547	
178,125	2,01983737945557	178,125	-8,77937030792236	
181,25	1,91219162940979	181,25	-8,92207717895508	
184,375	1,69655990600586	184,375	-8,41714191436768	
187,5	1,71653282642365	187,5	-8,61051654815674	
190,625	1,58306837081909	190,625	-8,59657669067383	
193,75	1,66883552074432	193,75	-8,36701011657715	
196,875	1,63633704185486	196,875	-8,11199283599854	
200	1,7721301317215	200	-8,18381309509277	
203,125	1,58759558200836	203,125	-7,72799205780029	
206,25	1,58228421211243	206,25	-7,99260091781616	
209,375	1,62365007400513	209,375	-7,69476318359375	
212,5	1,41741740703583	212,5	-7,88442802429199	
215,625	1,40363824367523	215,625	-7,70753812789917	
218,75	1,55412125587463	218,75	-7,72603511810303	
221,875	1,18369817733765	221,875	-7,30847215652466	
225	1,36669600009918	225	-7,43218851089478	
228,125	1,42452228069305	228,125	-7,14744567871094	
231,25	1,43698668479919	231,25	-7,00854873657227	
234,375	1,27246797084808	234,375	-7,12325286865234	
237,5	1,33374762535095	237,5	-6,99147462844849	
240,625	1,19926857948303	240,625	-6,90323114395142	
243,75	1,34015452861786	243,75	-6,83478975296021	
246,875	1,45283019542694	246,875	-6,65294790267944	
250	1,21378576755524	250	-6,50102615356445	
253,125	1,29606902599335	253,125	-6,64359951019287	
256,25	1,38289356231689	256,25	-6,44729566574097	
259,375	1,32384192943573	259,375	-6,25533866882324	
262,5	1,08885657787323	262,5	-6,39838886260986	
265,625	1,08124256134033	265,625	-6,31120634078979	
268,75	1,05422973632813	268,75	-6,28433227539063	
271,875	1,10345709323883	271,875	-6,08109426498413	
275	1,31010258197784	275	-5,98428106307983	
278,125	1,29364359378815	278,125	-6,02425050735474	
281,25	1,02274858951569	281,25	-5,83327054977417	
284,375	1,03846645355225	284,375	-5,83006572723389	
287,5	1,16443800926208	287,5	-5,76217031478882	
290,625	1,15614378452301	290,625	-5,67505598068237	
293,75	1,10494112968445	293,75	-5,61910629272461	
296,875	1,00760507583618	296,875	-5,51341104507446	
300	1,03209412097931	300	-5,35565280914307	
303,125	1,17783677577972	303,125	-5,37243795394897	
306,25	1,09217143058777	306,25	-4,97078657150269	
309,375	1,12904822826385	309,375	-5,11367511749268	
312,5	1,22389769554138	312,5	-4,96204662322998	
315,625	1,22632789611816	315,625	-4,96415233612061	
318,75	1,25172078609467	318,75	-5,03361415863037	
321,875	1,34030306339264	321,875	-5,14807510375977	
325	1,32146179676056	325	-5,18707227706909	
328,125	1,21589839458466	328,125	-5,32575273513794	
331,25	0,992509305477142	331,25	-5,20524120330811	
334,375	1,11375856399536	334,375	-5,15086650848389	
337,5	1,01129865646362	337,5	-5,13090085983276	
340,625	1,07252848148346	340,625	-5,21982669830322	
343,75	1,04273533821106	343,75	-5,05615329742432	
346,875	0,892322897911072	346,875	-4,88945198059082	
350	0,962917745113373	350	-4,86287879943848	
353,125	0,762599885463715	353,125	-4,63101768493652	
356,25	0,750612080097198	356,25	-4,80611705780029	
359,375	0,75760281085968	359,375	-4,82165861129761	
362,5	0,790768086910248	362,5	-4,54538297653198	
365,625	0,807683944702148	365,625	-4,74945783615112	
368,75	0,815928399562836	368,75	-4,78320693969727	
371,875	0,998981058597565	371,875	-4,66375303268433	
375	0,845349133014679	375	-4,33991861343384	
378,125	0,806709587574005	378,125	-4,48113584518433	
381,25	0,610173046588898	381,25	-4,78573656082153	
384,375	0,671014428138733	384,375	-4,59301137924194	
387,5	0,749574661254883	387,5	-4,4403133392334	
390,625	0,798853158950806	390,625	-4,28236293792725	
393,75	0,626711130142212	393,75	-4,20966672897339	
396,875	0,607638239860535	396,875	-4,23169708251953	
400	0,502510547637939	400	-4,31003713607788	
403,125	0,615522801876068	403,125	-4,23327922821045	
406,25	0,71526700258255	406,25	-4,18965721130371	
409,375	0,505097150802612	409,375	-4,1859278678894	
412,5	0,567078649997711	412,5	-4,12084245681763	
415,625	0,802410781383514	415,625	-4,1351523399353	
418,75	0,944085836410522	418,75	-4,02399826049805	
421,875	0,864873647689819	421,875	-4,07427215576172	
425	0,757637977600098	425	-3,89922142028809	
428,125	0,557247340679169	428,125	-4,14397764205933	
431,25	0,646730601787567	431,25	-4,21054124832153	
434,375	0,903433561325073	434,375	-3,99041104316711	
437,5	0,867382407188416	437,5	-3,93477296829224	
440,625	0,740217864513397	440,625	-3,88884735107422	
443,75	0,778033852577209	443,75	-3,81818199157715	
446,875	0,679027199745178	446,875	-3,86134099960327	
450	0,676597535610199	450	-3,87165069580078	
453,125	0,684827864170074	453,125	-3,7332489490509	
456,25	0,757216811180115	456,25	-3,63981485366821	
459,375	0,7151198387146	459,375	-3,65705060958862	
462,5	0,666409254074097	462,5	-3,60291838645935	
465,625	0,623193919658661	465,625	-3,58665108680725	
468,75	0,64276260137558	468,75	-3,65780830383301	
471,875	0,668436944484711	471,875	-3,61681413650513	
475	0,566356301307678	475	-3,54836463928223	
478,125	0,569660186767578	478,125	-3,5533709526062	
481,25	0,641515731811523	481,25	-3,56005477905273	
484,375	0,632996380329132	484,375	-3,53445315361023	
487,5	0,629152357578278	487,5	-3,52672719955444	
490,625	0,587030827999115	490,625	-3,4644467830658	
493,75	0,577037215232849	493,75	-3,44402432441711	
496,875	0,6246617436409	496,875	-3,38278841972351	
500	0,606573224067688	500	-3,41734910011292	
503,125	0,594980418682098	503,125	-3,40008044242859	
506,25	0,559105038642883	506,25	-3,38149523735046	
509,375	0,555265069007874	509,375	-3,35249853134155	
512,5	0,574340999126434	512,5	-3,32829451560974	
515,625	0,587005913257599	515,625	-3,29672932624817	
518,75	0,518896698951721	518,75	-3,24475789070129	
521,875	0,505410134792328	521,875	-3,24001097679138	
525	0,547182261943817	525	-3,21357703208923	
528,125	0,546236217021942	528,125	-3,22034287452698	
531,25	0,529032826423645	531,25	-3,20311999320984	
534,375	0,524492263793945	534,375	-3,20114898681641	
537,5	0,534524619579315	537,5	-3,18204426765442	
540,625	0,511357426643372	540,625	-3,16931128501892	
543,75	0,509589910507202	543,75	-3,11742520332336	
546,875	0,541214108467102	546,875	-3,10789895057678	
550	0,506281018257141	550	-3,07276272773743	
553,125	0,504027128219604	553,125	-3,09700727462769	
556,25	0,615102052688599	556,25	-3,24991703033447	
559,375	0,61584210395813	559,375	-3,26383900642395	
562,5	0,577267348766327	562,5	-3,2374050617218	
565,625	0,551407873630524	565,625	-3,2488112449646	
568,75	0,58832460641861	568,75	-3,20023584365845	
571,875	0,592226803302765	571,875	-3,19194006919861	
575	0,570211291313171	575	-3,17139077186584	
578,125	0,557981193065643	578,125	-3,16722297668457	
581,25	0,587069988250732	581,25	-3,16683554649353	
584,375	0,562107861042023	584,375	-3,11581611633301	
587,5	0,556074500083923	587,5	-3,12136483192444	
590,625	0,547067821025848	590,625	-3,10008716583252	
593,75	0,546838641166687	593,75	-3,07179188728333	
596,875	0,549709618091583	596,875	-3,07206535339355	
600	0,536778092384338	600	-3,07697796821594	
603,125	0,530219852924347	603,125	-3,03140759468079	
606,25	0,555706262588501	606,25	-3,02850651741028	
609,375	0,550276935100555	609,375	-2,97299408912659	
612,5	0,541108846664429	612,5	-2,98895144462585	
615,625	0,54452782869339	615,625	-2,96454858779907	
618,75	0,52431058883667	618,75	-2,95427680015564	
621,875	0,528219819068909	621,875	-2,92799377441406	
625	0,538011193275452	625	-2,9280412197113	
628,125	0,51694518327713	628,125	-2,901535987854	
631,25	0,512246370315552	631,25	-2,89829134941101	
634,375	0,515995502471924	634,375	-2,88155627250671	
637,5	0,53024160861969	637,5	-2,8696608543396	
640,625	0,516205906867981	640,625	-2,84246301651001	
643,75	0,494691461324692	643,75	-2,83253383636475	
646,875	0,504481375217438	646,875	-2,82155752182007	
650	0,506662905216217	650	-2,8096604347229	
653,125	0,490378648042679	653,125	-2,79909610748291	
656,25	0,483609467744827	656,25	-2,79439258575439	
659,375	0,470275521278381	659,375	-2,76273512840271	
662,5	0,487219989299774	662,5	-2,75671195983887	
665,625	0,472663313150406	665,625	-2,74817800521851	
668,75	0,476117014884949	668,75	-2,73432111740112	
671,875	0,482339173555374	671,875	-2,72362160682678	
675	0,483352571725845	675	-2,71243071556091	
678,125	0,488869696855545	678,125	-2,6901535987854	
681,25	0,478329569101334	681,25	-2,67146611213684	
684,375	0,475749969482422	684,375	-2,66872143745422	
687,5	0,481751084327698	687,5	-2,64365792274475	
690,625	0,477417916059494	690,625	-2,62942409515381	
693,75	0,484041631221771	693,75	-2,63250827789307	
696,875	0,489361435174942	696,875	-2,61877870559692	
700	0,463463723659515	700	-2,61389255523682	
703,125	0,447966665029526	703,125	-2,60287952423096	
706,25	0,459221839904785	706,25	-2,56755232810974	
709,375	0,458692491054535	709,375	-2,56326508522034	
712,5	0,435659736394882	712,5	-2,54705858230591	
715,625	0,448758721351624	715,625	-2,54036402702332	
718,75	0,459243625402451	718,75	-2,51824021339417	
721,875	0,43768721818924	721,875	-2,51595258712769	
725	0,446002215147018	725	-2,51000618934631	
728,125	0,450676769018173	728,125	-2,49218702316284	
731,25	0,42183443903923	731,25	-2,47883057594299	
734,375	0,43204265832901	734,375	-2,46809196472168	
737,5	0,433811902999878	737,5	-2,46071767807007	
740,625	0,433096706867218	740,625	-2,43836092948914	
743,75	0,43106809258461	743,75	-2,42828631401062	
746,875	0,423096358776093	746,875	-2,42790555953979	
750	0,436546921730042	750	-2,40217804908752	
753,125	0,440394997596741	753,125	-2,4006085395813	
756,25	0,435000687837601	756,25	-2,39452719688416	
759,375	0,416734367609024	759,375	-2,38104343414307	
762,5	0,42755863070488	762,5	-2,36406087875366	
765,625	0,42718967795372	765,625	-2,35928082466125	
768,75	0,448113560676575	768,75	-2,34137797355652	
771,875	0,43235856294632	771,875	-2,3147919178009	
775	0,429555356502533	775	-2,33033585548401	
778,125	0,448965430259705	778,125	-2,32228994369507	
781,25	0,433552443981171	781,25	-2,30123805999756	
784,375	0,429319143295288	784,375	-2,2815408706665	
787,5	0,449330002069473	787,5	-2,28135776519775	
790,625	0,426812142133713	790,625	-2,25844073295593	
793,75	0,438697218894959	793,75	-2,26164078712463	
796,875	0,430287659168243	796,875	-2,23894214630127	
800	0,427872896194458	800	-2,23348498344421	
803,125	0,423983603715897	803,125	-2,26063799858093	
806,25	0,405266940593719	806,25	-2,25815534591675	
809,375	0,407724320888519	809,375	-2,2364649772644	
812,5	0,419976085424423	812,5	-2,21977663040161	
815,625	0,438777148723602	815,625	-2,21055960655212	
818,75	0,42531481385231	818,75	-2,19278597831726	
821,875	0,418945014476776	821,875	-2,18650102615356	
825	0,411575943231583	825	-2,16666436195374	
828,125	0,425536513328552	828,125	-2,15905523300171	
831,25	0,437575578689575	831,25	-2,16342759132385	
834,375	0,424858450889587	834,375	-2,1609742641449	
837,5	0,403682082891464	837,5	-2,16016149520874	
840,625	0,410564243793488	840,625	-2,15839266777039	
843,75	0,411466151475906	843,75	-2,12685132026672	
846,875	0,404545247554779	846,875	-2,12172293663025	
850	0,423978567123413	850	-2,09313464164734	
853,125	0,420017629861832	853,125	-2,0998375415802	
856,25	0,412773966789246	856,25	-2,11058115959167	
859,375	0,417877525091171	859,375	-2,10955381393433	
862,5	0,41265681385994	862,5	-2,09206390380859	
865,625	0,409616678953171	865,625	-2,07506775856018	
868,75	0,411299258470535	868,75	-2,07318067550659	
871,875	0,400789350271225	871,875	-2,06089806556702	
875	0,395161658525467	875	-2,05408382415771	
878,125	0,418881922960281	878,125	-2,04561305046082	
881,25	0,409471064805985	881,25	-2,03713154792786	
884,375	0,451808601617813	884,375	-2,16359829902649	
887,5	0,458631455898285	887,5	-2,16029787063599	
890,625	0,446678519248962	890,625	-2,14859843254089	
893,75	0,440955340862274	893,75	-2,14250612258911	
896,875	0,441904813051224	896,875	-2,12808632850647	
900	0,437100917100906	900	-2,12057209014893	
903,125	0,435916423797607	903,125	-2,10760378837585	
906,25	0,449987560510635	906,25	-2,10439848899841	
909,375	0,447194367647171	909,375	-2,10398149490356	
912,5	0,439095973968506	912,5	-2,07701349258423	
915,625	0,447511047124863	915,625	-2,08044719696045	
918,75	0,455530852079391	918,75	-2,07000136375427	
921,875	0,439597278833389	921,875	-2,04916572570801	
925	0,446579277515411	925	-2,04454302787781	
928,125	0,435980916023254	928,125	-2,04097294807434	
931,25	0,425343245267868	931,25	-2,03661060333252	
934,375	0,426596969366074	934,375	-2,03114414215088	
937,5	0,416607856750488	937,5	-2,01316213607788	
940,625	0,424576580524445	940,625	-2,00531888008118	
943,75	0,429754436016083	943,75	-2,00309038162231	
946,875	0,430399805307388	946,875	-1,99548363685608	
950	0,425146520137787	950	-1,9897369146347	
953,125	0,425711005926132	953,125	-1,97530210018158	
956,25	0,432430148124695	956,25	-1,96956253051758	
959,375	0,433214724063873	959,375	-1,95810484886169	
962,5	0,428393095731735	962,5	-1,94925057888031	
965,625	0,431575983762741	965,625	-1,94857537746429	
968,75	0,422967165708542	968,75	-1,94641482830048	
971,875	0,422159910202026	971,875	-1,93020117282867	
975	0,425092697143555	975	-1,91573989391327	
978,125	0,419098943471909	978,125	-1,91789638996124	
981,25	0,424373954534531	981,25	-1,90154874324799	
984,375	0,416257619857788	984,375	-1,90030074119568	
987,5	0,415229082107544	987,5	-1,89929437637329	
990,625	0,417201697826386	990,625	-1,88543021678925	
993,75	0,404702097177505	993,75	-1,88142800331116	
996,875	0,414281219244003	996,875	-1,87385952472687	
1000	0,415128290653229	1000	-1,86364495754242	
1003,125	0,413353115320206	1003,125	-1,86124515533447	
1006,25	0,418814897537231	1006,25	-1,8505871295929	
1009,375	0,414542764425278	1009,375	-1,84631454944611	
1012,5	0,406833648681641	1012,5	-1,83957207202911	
1015,625	0,42484238743782	1015,625	-1,83694231510162	
1018,75	0,412872433662415	1018,75	-1,81361615657806	
1021,875	0,41162970662117	1021,875	-1,81835949420929	
1025	0,407227247953415	1025	-1,80678761005402	
1028,125	0,412252694368362	1028,125	-1,80269420146942	
1031,25	0,407300770282745	1031,25	-1,79737269878387	
1034,375	0,406854629516602	1034,375	-1,79404306411743	
1037,5	0,406112283468246	1037,5	-1,77561926841736	
1040,625	0,406020671129227	1040,625	-1,77458429336548	
1043,75	0,407079637050629	1043,75	-1,76688146591187	
1046,875	0,403282850980759	1046,875	-1,7663277387619	
1050	0,402298003435135	1050	-1,75529086589813	
1053,125	0,394265681505203	1053,125	-1,75587153434753	
1056,25	0,391577631235123	1056,25	-1,74087631702423	
1059,375	0,402303695678711	1059,375	-1,73599863052368	
1062,5	0,399553090333939	1062,5	-1,73446440696716	
1065,625	0,395397394895554	1065,625	-1,7175018787384	
1068,75	0,398691356182098	1068,75	-1,71403229236603	
1071,875	0,396060794591904	1071,875	-1,71218144893646	
1075	0,397219240665436	1075	-1,70262742042542	
1078,125	0,395384550094604	1078,125	-1,69627809524536	
1081,25	0,399300187826157	1081,25	-1,69553935527802	
1084,375	0,397629290819168	1084,375	-1,68544113636017	
1087,5	0,396839648485184	1087,5	-1,67310869693756	
1090,625	0,398464292287827	1090,625	-1,66990280151367	
1093,75	0,397448271512985	1093,75	-1,66560053825378	
1096,875	0,392916411161423	1096,875	-1,65602171421051	
1100	0,392923176288605	1100	-1,65487945079803	
1103,125	0,389159202575684	1103,125	-1,64586317539215	
1106,25	0,404904127120972	1106,25	-1,63332176208496	
1109,375	0,39919438958168	1109,375	-1,62623000144958	
1112,5	0,388818323612213	1112,5	-1,62977004051208	
1115,625	0,393211781978607	1115,625	-1,62519729137421	
1118,75	0,392903566360474	1118,75	-1,61449944972992	
1121,875	0,391055703163147	1121,875	-1,61097645759583	
1125	0,390545696020126	1125	-1,61056089401245	
1128,125	0,393682986497879	1128,125	-1,60206305980682	
1131,25	0,387732654809952	1131,25	-1,58994734287262	
1134,375	0,391091763973236	1134,375	-1,5870213508606	
1137,5	0,384256035089493	1137,5	-1,5771290063858	
1140,625	0,378943502902985	1140,625	-1,5761890411377	
1143,75	0,37821227312088	1143,75	-1,56199157238007	
1146,875	0,371662139892578	1146,875	-1,56249487400055	
1150	0,374486804008484	1150	-1,56837284564972	
1153,125	0,377070546150208	1153,125	-1,55998945236206	
1156,25	0,382423937320709	1156,25	-1,55133712291718	
1159,375	0,379180520772934	1159,375	-1,54186153411865	
1162,5	0,379716664552689	1162,5	-1,53578853607178	
1165,625	0,383233428001404	1165,625	-1,52941393852234	
1168,75	0,371063381433487	1168,75	-1,53117346763611	
1171,875	0,366407811641693	1171,875	-1,52260184288025	
1175	0,369804859161377	1175	-1,52543699741364	
1178,125	0,368987500667572	1178,125	-1,5165022611618	
1181,25	0,370486617088318	1181,25	-1,50878572463989	
1184,375	0,370449215173721	1184,375	-1,4977114200592	
1187,5	0,369677513837814	1187,5	-1,4979339838028	
1190,625	0,372861564159393	1190,625	-1,4884637594223	
1193,75	0,380973875522614	1193,75	-1,48379039764404	
1196,875	0,380671322345734	1196,875	-1,46843874454498	
1200	0,368636071681976	1200	-1,4612820148468	
1203,125	0,371262043714523	1203,125	-1,45480167865753	
1206,25	0,372530698776245	1206,25	-1,46312439441681	
1209,375	0,379413515329361	1209,375	-1,46631252765656	
1212,5	0,373115390539169	1212,5	-1,45126366615295	
1215,625	0,364093452692032	1215,625	-1,44355392456055	
1218,75	0,358358830213547	1218,75	-1,43751537799835	
1221,875	0,363911718130112	1221,875	-1,42704176902771	
1225	0,361520111560822	1225	-1,42380690574646	
1228,125	0,372292041778564	1228,125	-1,43048000335693	
1231,25	0,365880310535431	1231,25	-1,43406558036804	
1234,375	0,368102192878723	1234,375	-1,41845560073853	
1237,5	0,365611344575882	1237,5	-1,40581059455872	
1240,625	0,356675505638123	1240,625	-1,39782977104187	
1243,75	0,364024966955185	1243,75	-1,39499855041504	
1246,875	0,359846025705338	1246,875	-1,39354240894318	
1250	0,363583087921143	1250	-1,38336110115051	
1253,125	0,367124229669571	1253,125	-1,38449418544769	
1256,25	0,363337248563766	1256,25	-1,38517808914185	
1259,375	0,370270162820816	1259,375	-1,38419365882874	
1262,5	0,374652653932571	1262,5	-1,36495435237885	
1265,625	0,363148808479309	1265,625	-1,36223328113556	
1268,75	0,366335242986679	1268,75	-1,35917842388153	
1271,875	0,366553604602814	1271,875	-1,35315084457397	
1275	0,364118576049805	1275	-1,34627091884613	
1278,125	0,362700343132019	1278,125	-1,35033750534058	
1281,25	0,364555209875107	1281,25	-1,33879089355469	
1284,375	0,362336963415146	1284,375	-1,33760321140289	
1287,5	0,362215936183929	1287,5	-1,33193874359131	
1290,625	0,360178202390671	1290,625	-1,32586061954498	
1293,75	0,361199647188187	1293,75	-1,3264753818512	
1296,875	0,369730085134506	1296,875	-1,31871604919434	
1300	0,366230845451355	1300	-1,30933821201324	
1303,125	0,362605541944504	1303,125	-1,31100451946259	
1306,25	0,364768803119659	1306,25	-1,31008923053741	
1309,375	0,353455156087875	1309,375	-1,29748201370239	
1312,5	0,351640462875366	1312,5	-1,29701900482178	
1315,625	0,356612265110016	1315,625	-1,29044353961945	
1318,75	0,363711774349213	1318,75	-1,28953647613525	
1321,875	0,361457586288452	1321,875	-1,27805542945862	
1325	0,356726467609406	1325	-1,28052163124084	
1328,125	0,362907856702805	1328,125	-1,2751601934433	
1331,25	0,358716666698456	1331,25	-1,26686561107635	
1334,375	0,355441927909851	1334,375	-1,2654322385788	
1337,5	0,354196965694427	1337,5	-1,25843691825867	
1340,625	0,354627788066864	1340,625	-1,25602281093597	
1343,75	0,352943509817123	1343,75	-1,25546884536743	
1346,875	0,351227790117264	1346,875	-1,24661755561829	
1350	0,35626345872879	1350	-1,23960268497467	
1353,125	0,352115631103516	1353,125	-1,23630654811859	
1356,25	0,345733493566513	1356,25	-1,23405623435974	
1359,375	0,346902459859848	1359,375	-1,23002207279205	
1362,5	0,349348247051239	1362,5	-1,22754883766174	
1365,625	0,339411735534668	1365,625	-1,22213089466095	
1368,75	0,348034828901291	1368,75	-1,21518456935883	
1371,875	0,356132507324219	1371,875	-1,21333110332489	
1375	0,35266900062561	1375	-1,20688879489899	
1378,125	0,3479905128479	1378,125	-1,20408141613007	
1381,25	0,34757786989212	1381,25	-1,19796943664551	
1384,375	0,350076824426651	1384,375	-1,19408166408539	
1387,5	0,34920671582222	1387,5	-1,19137477874756	
1390,625	0,350507169961929	1390,625	-1,18693566322327	
1393,75	0,349565088748932	1393,75	-1,18493688106537	
1396,875	0,349442601203918	1396,875	-1,17944478988647	
1400	0,345852226018906	1400	-1,17568206787109	
1403,125	0,347568541765213	1403,125	-1,17037415504456	
1406,25	0,34916689991951	1406,25	-1,16723120212555	
1409,375	0,349040955305099	1409,375	-1,15976750850677	
1412,5	0,346215784549713	1412,5	-1,16137671470642	
1415,625	0,345788240432739	1415,625	-1,15621089935303	
1418,75	0,343642145395279	1418,75	-1,14842021465302	
1421,875	0,338307321071625	1421,875	-1,14894580841064	
1425	0,342904210090637	1425	-1,1446692943573	
1428,125	0,347819983959198	1428,125	-1,13866686820984	
1431,25	0,347208440303802	1431,25	-1,13598358631134	
1434,375	0,344140708446503	1434,375	-1,12985897064209	
1437,5	0,345956891775131	1437,5	-1,12847781181335	
1440,625	0,344095170497894	1440,625	-1,12375867366791	
1443,75	0,344322770833969	1443,75	-1,11992502212524	
1446,875	0,341967672109604	1446,875	-1,11437153816223	
1450	0,346164256334305	1450	-1,1105409860611	
1453,125	0,347137898206711	1453,125	-1,10846626758575	
1456,25	0,345405966043472	1456,25	-1,10186386108398	
1459,375	0,341741412878037	1459,375	-1,10626864433289	
1462,5	0,343494474887848	1462,5	-1,0957328081131	
1465,625	0,342317700386047	1465,625	-1,09015643596649	
1468,75	0,338904678821564	1468,75	-1,08644127845764	
1471,875	0,338166832923889	1471,875	-1,07958912849426	
1475	0,341615110635757	1475	-1,082111120224	
1478,125	0,341790825128555	1478,125	-1,08022379875183	
1481,25	0,335308700799942	1481,25	-1,07458758354187	
1484,375	0,336570888757706	1484,375	-1,06800198554993	
1487,5	0,338624864816666	1487,5	-1,06569683551788	
1490,625	0,339467734098434	1490,625	-1,059650182724	
1493,75	0,34174656867981	1493,75	-1,05902862548828	
1496,875	0,336828589439392	1496,875	-1,05561518669128	
1500	0,332513332366943	1500	-1,05325424671173	
1503,125	0,336414873600006	1503,125	-1,04984295368195	
1506,25	0,346856266260147	1506,25	-1,040167927742	
1509,375	0,342055708169937	1509,375	-1,03737127780914	
1512,5	0,336768478155136	1512,5	-1,03708803653717	
1515,625	0,336050808429718	1515,625	-1,0341569185257	
1518,75	0,333601206541061	1518,75	-1,02660238742828	
1521,875	0,334479331970215	1521,875	-1,02636802196503	
1525	0,331311285495758	1525	-1,02066266536713	
1528,125	0,33412954211235	1528,125	-1,01626181602478	
1531,25	0,334023833274841	1531,25	-1,01427352428436	
1534,375	0,336611211299896	1534,375	-1,00859928131104	
1537,5	0,336125522851944	1537,5	-1,00876152515411	
1540,625	0,334496557712555	1540,625	-1,00780212879181	
1543,75	0,336785703897476	1543,75	-1,00027918815613	
1546,875	0,335633635520935	1546,875	-0,994925618171692	
1550	0,331780940294266	1550	-0,992893278598785	
1553,125	0,334091514348984	1553,125	-0,989127457141876	
1556,25	0,329953461885452	1556,25	-0,990811765193939	
1559,375	0,331210792064667	1559,375	-0,979875326156616	
1562,5	0,33338251709938	1562,5	-0,979095160961151	
1565,625	0,333144962787628	1565,625	-0,976715624332428	
1568,75	0,338232576847076	1568,75	-0,972924828529358	
1571,875	0,333065181970596	1571,875	-0,972612082958221	
1575	0,329113632440567	1575	-0,969754159450531	
1578,125	0,334127992391586	1578,125	-0,965422928333282	
1581,25	0,330595552921295	1581,25	-0,956136345863342	
1584,375	0,333387166261673	1584,375	-0,956188499927521	
1587,5	0,333643466234207	1587,5	-0,952826201915741	
1590,625	0,330633670091629	1590,625	-0,951106369495392	
1593,75	0,328960001468658	1593,75	-0,953368842601776	
1596,875	0,327343225479126	1596,875	-0,945615291595459	
1600	0,325248211622238	1600	-0,941915690898895	
1603,125	0,327432483434677	1603,125	-0,932863593101501	
1606,25	0,324751436710358	1606,25	-0,937153398990631	
1609,375	0,323790848255157	1609,375	-0,922104835510254	
1612,5	0,330675631761551	1612,5	-0,921914160251617	
1615,625	0,331724166870117	1615,625	-0,919818639755249	
1618,75	0,327059984207153	1618,75	-0,908269345760345	
1621,875	0,325552821159363	1621,875	-0,913793861865997	
1625	0,332376837730408	1625	-0,913617491722107	
1628,125	0,330043017864227	1628,125	-0,910323917865753	
1631,25	0,333050042390823	1631,25	-0,898580312728882	
1634,375	0,324658066034317	1634,375	-0,89711594581604	
1637,5	0,332396149635315	1637,5	-0,892722308635712	
1640,625	0,321160733699799	1640,625	-0,89281439781189	
1643,75	0,320072561502457	1643,75	-0,883072257041931	
1646,875	0,321478575468063	1646,875	-0,885765433311462	
1650	0,325130581855774	1650	-0,881172239780426	
1653,125	0,325982183218002	1653,125	-0,875905811786652	
1656,25	0,323736071586609	1656,25	-0,87942236661911	
1659,375	0,323790788650513	1659,375	-0,874030530452728	
1662,5	0,325065582990646	1662,5	-0,872821092605591	
1665,625	0,326362133026123	1665,625	-0,87090790271759	
1668,75	0,3273766040802	1668,75	-0,859993815422058	
1671,875	0,326554983854294	1671,875	-0,854385435581207	
1675	0,320592373609543	1675	-0,857326924800873	
1678,125	0,321178197860718	1678,125	-0,850236415863037	
1681,25	0,321489095687866	1681,25	-0,85068690776825	
1684,375	0,3212810754776	1684,375	-0,846790611743927	
1687,5	0,325229912996292	1687,5	-0,838616013526917	
1690,625	0,324334055185318	1690,625	-0,838660895824432	
1693,75	0,32515412569046	1693,75	-0,831673800945282	
1696,875	0,323496848344803	1696,875	-0,832252323627472	
1700	0,320751219987869	1700	-0,826898455619812	
1703,125	0,320803165435791	1703,125	-0,825284421443939	
1706,25	0,321845859289169	1706,25	-0,8254554271698	
1709,375	0,319905608892441	1709,375	-0,821409344673157	
1712,5	0,323399871587753	1712,5	-0,819788575172424	
1715,625	0,322973042726517	1715,625	-0,81428998708725	
1718,75	0,324261695146561	1718,75	-0,812229156494141	
1721,875	0,320086926221848	1721,875	-0,808272480964661	
1725	0,320187985897064	1725	-0,807750582695007	
1728,125	0,318649619817734	1728,125	-0,801319062709808	
1731,25	0,32173615694046	1731,25	-0,800766706466675	
1734,375	0,322173357009888	1734,375	-0,798488259315491	
1737,5	0,317014634609222	1737,5	-0,79351532459259	
1740,625	0,312221080064774	1740,625	-0,792482018470764	
1743,75	0,318189203739166	1743,75	-0,786719918251038	
1746,875	0,319992899894714	1746,875	-0,783990085124969	
1750	0,317311346530914	1750	-0,779780447483063	
1753,125	0,317471146583557	1753,125	-0,775668442249298	
1756,25	0,316730737686157	1756,25	-0,774213075637817	
1759,375	0,316581428050995	1759,375	-0,769560277462006	
1762,5	0,315797060728073	1762,5	-0,767169058322906	
1765,625	0,317408293485641	1765,625	-0,764065980911255	
1768,75	0,313610285520554	1768,75	-0,759852886199951	
1771,875	0,31635457277298	1771,875	-0,758010745048523	
1775	0,318461507558823	1775	-0,755889236927032	
1778,125	0,316076785326004	1778,125	-0,752752661705017	
1781,25	0,312853455543518	1781,25	-0,748639762401581	
1784,375	0,316649496555328	1784,375	-0,746186971664429	
1787,5	0,316478163003922	1787,5	-0,742027521133423	
1790,625	0,31574073433876	1790,625	-0,741592049598694	
1793,75	0,312985956668854	1793,75	-0,737664759159088	
1796,875	0,31084880232811	1796,875	-0,732030272483826	
1800	0,311641663312912	1800	-0,732668817043304	
1803,125	0,312901526689529	1803,125	-0,727993607521057	
1806,25	0,312314391136169	1806,25	-0,723303198814392	
1809,375	0,313227534294128	1809,375	-0,722509384155273	
1812,5	0,31181725859642	1812,5	-0,719344913959503	
1815,625	0,310844630002975	1815,625	-0,716898620128632	
1818,75	0,312679678201675	1818,75	-0,713804602622986	
1821,875	0,311695903539658	1821,875	-0,710116147994995	
1825	0,309263318777084	1825	-0,707524120807648	
1828,125	0,310329616069794	1828,125	-0,703246772289276	
1831,25	0,310897678136826	1831,25	-0,701637089252472	
1834,375	0,308194071054459	1834,375	-0,699032366275787	
1837,5	0,314254105091095	1837,5	-0,693931400775909	
1840,625	0,313174873590469	1840,625	-0,690920412540436	
1843,75	0,31276261806488	1843,75	-0,689103126525879	
1846,875	0,310458987951279	1846,875	-0,685390770435333	
1850	0,304684638977051	1850	-0,68331253528595	
1853,125	0,30749773979187	1853,125	-0,679524779319763	
1856,25	0,310800731182098	1856,25	-0,678239941596985	
1859,375	0,309121757745743	1859,375	-0,676048874855042	
1862,5	0,307504147291183	1862,5	-0,673263490200043	
1865,625	0,307292014360428	1865,625	-0,669787585735321	
1868,75	0,306909710168839	1868,75	-0,668225109577179	
1871,875	0,306424379348755	1871,875	-0,662982940673828	
1875	0,306832522153854	1875	-0,660998344421387	
1878,125	0,308108597993851	1878,125	-0,655788064002991	
1881,25	0,305411398410797	1881,25	-0,653649270534515	
1884,375	0,307088822126389	1884,375	-0,652928590774536	
1887,5	0,306232362985611	1887,5	-0,650493860244751	
1890,625	0,302411913871765	1890,625	-0,650969862937927	
1893,75	0,30305477976799	1893,75	-0,64101654291153	
1896,875	0,30494749546051	1896,875	-0,640794575214386	
1900	0,305854082107544	1900	-0,640286564826965	
1903,125	0,305033594369888	1903,125	-0,637799561023712	
1906,25	0,302921772003174	1906,25	-0,633528530597687	
1909,375	0,303231656551361	1909,375	-0,630712509155273	
1912,5	0,305521339178085	1912,5	-0,626259922981262	
1915,625	0,306046485900879	1915,625	-0,621432960033417	
1918,75	0,303778827190399	1918,75	-0,622470200061798	
1921,875	0,304785162210464	1921,875	-0,61734414100647	
1925	0,304216980934143	1925	-0,61440372467041	
1928,125	0,303927391767502	1928,125	-0,614149749279022	
1931,25	0,302826970815659	1931,25	-0,612674534320831	
1934,375	0,301148444414139	1934,375	-0,608182549476624	
1937,5	0,300336509943008	1937,5	-0,606477499008179	
1940,625	0,298610776662827	1940,625	-0,604632675647736	
1943,75	0,303412079811096	1943,75	-0,599167108535767	
1946,875	0,306177586317062	1946,875	-0,597836315631866	
1950	0,301761329174042	1950	-0,592004179954529	
1953,125	0,305238634347916	1953,125	-0,593050181865692	
1956,25	0,304054200649261	1956,25	-0,590816617012024	
1959,375	0,301121145486832	1959,375	-0,588456749916077	
1962,5	0,301452308893204	1962,5	-0,581190466880798	
1965,625	0,304355442523956	1965,625	-0,582220017910004	
1968,75	0,301301836967468	1968,75	-0,580721914768219	
1971,875	0,297508925199509	1971,875	-0,57653933763504	
1975	0,30296590924263	1975	-0,577809035778046	
1978,125	0,300579011440277	1978,125	-0,57186883687973	
1981,25	0,300203323364258	1981,25	-0,568612098693848	
1984,375	0,302121371030808	1984,375	-0,567317426204681	
1987,5	0,297722578048706	1987,5	-0,56591409444809	
1990,625	0,294172346591949	1990,625	-0,560424745082855	
1993,75	0,29666006565094	1993,75	-0,558811008930206	
1996,875	0,295329004526138	1996,875	-0,555918753147125	
2000	0,292916476726532	2000	-0,553840279579163	
2003,125	0,294288039207459	2003,125	-0,55088472366333	
2006,25	0,295757710933685	2006,25	-0,551425993442535	
2009,375	0,299000382423401	2009,375	-0,546260416507721	
2012,5	0,298024892807007	2012,5	-0,544540107250214	
2015,625	0,296575993299484	2015,625	-0,544807016849518	
2018,75	0,29578685760498	2018,75	-0,539381861686707	
2021,875	0,298464149236679	2021,875	-0,53516948223114	
2025	0,300098389387131	2025	-0,533651530742645	
2028,125	0,301634013652802	2028,125	-0,53206878900528	
2031,25	0,29650667309761	2031,25	-0,53012079000473	
2034,375	0,294579744338989	2034,375	-0,526322305202484	
2037,5	0,297507733106613	2037,5	-0,522179484367371	
2040,625	0,298186898231506	2040,625	-0,515283823013306	
2043,75	0,297759979963303	2043,75	-0,514683306217194	
2046,875	0,297284156084061	2046,875	-0,510628342628479	
2050	0,29648619890213	2050	-0,509790539741516	
2053,125	0,295549482107162	2053,125	-0,513101756572723	
2056,25	0,29888579249382	2056,25	-0,504523992538452	
2059,375	0,294828057289124	2059,375	-0,503538846969604	
2062,5	0,294970989227295	2062,5	-0,503511667251587	
2065,625	0,296052724123001	2065,625	-0,500744640827179	
2068,75	0,295865803956985	2068,75	-0,497765153646469	
2071,875	0,294592618942261	2071,875	-0,492985844612122	
2075	0,293631076812744	2075	-0,491998791694641	
2078,125	0,296191066503525	2078,125	-0,490327000617981	
2081,25	0,294560670852661	2081,25	-0,486779540777206	
2084,375	0,295283198356628	2084,375	-0,483511716127396	
2087,5	0,294039577245712	2087,5	-0,483138293027878	
2090,625	0,293631017208099	2090,625	-0,477747350931168	
2093,75	0,294325888156891	2093,75	-0,477548599243164	
2096,875	0,294065296649933	2096,875	-0,475969821214676	
2100	0,294049769639969	2100	-0,470474392175674	
2103,125	0,291983753442764	2103,125	-0,470477253198624	
2106,25	0,292193859815598	2106,25	-0,46765211224556	
2109,375	0,292083561420441	2109,375	-0,467799156904221	
2112,5	0,294794023036957	2112,5	-0,462416589260101	
2115,625	0,292370110750198	2115,625	-0,459423989057541	
2118,75	0,291691392660141	2118,75	-0,459177136421204	
2121,875	0,291891604661942	2121,875	-0,458110004663467	
2125	0,290636628866196	2125	-0,454478919506073	
2128,125	0,289472311735153	2128,125	-0,45054629445076	
2131,25	0,291807383298874	2131,25	-0,449926733970642	
2134,375	0,292772173881531	2134,375	-0,447958499193192	
2137,5	0,291641026735306	2137,5	-0,44445526599884	
2140,625	0,292180210351944	2140,625	-0,441293001174927	
2143,75	0,29060509800911	2143,75	-0,438311636447906	
2146,875	0,289725750684738	2146,875	-0,437927544116974	
2150	0,290651977062225	2150	-0,433743357658386	
2153,125	0,289552986621857	2153,125	-0,432022839784622	
2156,25	0,290280997753143	2156,25	-0,431263446807861	
2159,375	0,289418339729309	2159,375	-0,42805603146553	
2162,5	0,291351675987244	2162,5	-0,425433397293091	
2165,625	0,292778760194778	2165,625	-0,423588812351227	
2168,75	0,288831979036331	2168,75	-0,422480911016464	
2171,875	0,289963155984879	2171,875	-0,418445944786072	
2175	0,292064934968948	2175	-0,415464133024216	
2178,125	0,289199143648148	2178,125	-0,413117200136185	
2181,25	0,290853947401047	2181,25	-0,41281995177269	
2184,375	0,289118677377701	2184,375	-0,41116651892662	
2187,5	0,289368718862534	2187,5	-0,408154338598251	
2190,625	0,288187175989151	2190,625	-0,405210345983505	
2193,75	0,289052903652191	2193,75	-0,401690244674683	
2196,875	0,288828551769257	2196,875	-0,401330202817917	
2200	0,289120048284531	2200	-0,398855119943619	
2203,125	0,289203554391861	2203,125	-0,395283073186874	
2206,25	0,289537489414215	2206,25	-0,393409192562103	
2209,375	0,287315040826797	2209,375	-0,392146825790405	
2212,5	0,286243051290512	2212,5	-0,38881254196167	
2215,625	0,287510305643082	2215,625	-0,387160956859589	
2218,75	0,287877887487412	2218,75	-0,384892135858536	
2221,875	0,286306113004684	2221,875	-0,384057492017746	
2225	0,285202592611313	2225	-0,380958527326584	
2228,125	0,28513690829277	2228,125	-0,377585113048553	
2231,25	0,286165028810501	2231,25	-0,376041382551193	
2234,375	0,286204189062119	2234,375	-0,3730528652668	
2237,5	0,286925703287125	2237,5	-0,371310859918594	
2240,625	0,289279758930206	2240,625	-0,369143396615982	
2243,75	0,286652803421021	2243,75	-0,365919321775436	
2246,875	0,28608775138855	2246,875	-0,36515411734581	
2250	0,286802589893341	2250	-0,364798128604889	
2253,125	0,28541487455368	2253,125	-0,358760148286819	
2256,25	0,285711854696274	2256,25	-0,359469413757324	
2259,375	0,287017911672592	2259,375	-0,356721878051758	
2262,5	0,285057604312897	2262,5	-0,35378360748291	
2265,625	0,287674307823181	2265,625	-0,354070454835892	
2268,75	0,285026490688324	2268,75	-0,348145514726639	
2271,875	0,287055820226669	2271,875	-0,348628282546997	
2275	0,285983860492706	2275	-0,346576333045959	
2278,125	0,285955309867859	2278,125	-0,344509482383728	
2281,25	0,286041080951691	2281,25	-0,339744299650192	
2284,375	0,285710215568542	2284,375	-0,337482184171677	
2287,5	0,286846905946732	2287,5	-0,337504476308823	
2290,625	0,284819900989532	2290,625	-0,335229784250259	
2293,75	0,285688668489456	2293,75	-0,334781974554062	
2296,875	0,28476694226265	2296,875	-0,329173773527145	
2300	0,285071551799774	2300	-0,329547673463821	
2303,125	0,284801810979843	2303,125	-0,325159311294556	
2306,25	0,285071045160294	2306,25	-0,323231309652328	
2309,375	0,284732311964035	2309,375	-0,321612149477005	
2312,5	0,283595085144043	2312,5	-0,321304172277451	
2315,625	0,285417765378952	2315,625	-0,317692428827286	
2318,75	0,287694603204727	2318,75	-0,315234243869781	
2321,875	0,286469995975494	2321,875	-0,314161777496338	
2325	0,284202337265015	2325	-0,311372518539429	
2328,125	0,284321486949921	2328,125	-0,31111752986908	
2331,25	0,28368353843689	2331,25	-0,308821231126785	
2334,375	0,286240488290787	2334,375	-0,305700391530991	
2337,5	0,285625874996185	2337,5	-0,303133994340897	
2340,625	0,284291505813599	2340,625	-0,303438723087311	
2343,75	0,280397683382034	2343,75	-0,301249593496323	
2346,875	0,283680588006973	2346,875	-0,298274099826813	
2350	0,283474862575531	2350	-0,297804176807404	
2353,125	0,283046782016754	2353,125	-0,292966187000275	
2356,25	0,283883333206177	2356,25	-0,291604816913605	
2359,375	0,281278252601624	2359,375	-0,291272163391113	
2362,5	0,283037722110748	2362,5	-0,287744611501694	
2365,625	0,286210954189301	2365,625	-0,284736335277557	
2368,75	0,282611727714539	2368,75	-0,284017741680145	
2371,875	0,284049987792969	2371,875	-0,283401995897293	
2375	0,284818470478058	2375	-0,278593122959137	
2378,125	0,283727377653122	2378,125	-0,278041064739227	
2381,25	0,283190816640854	2381,25	-0,278020322322845	
2384,375	0,286280333995819	2384,375	-0,276504635810852	
2387,5	0,281747102737427	2387,5	-0,268516153097153	
2390,625	0,283316761255264	2390,625	-0,268398731946945	
2393,75	0,281467199325562	2393,75	-0,268052339553833	
2396,875	0,281543135643005	2396,875	-0,268753856420517	
2400	0,284568786621094	2400	-0,264387995004654	
2403,125	0,284078150987625	2403,125	-0,263993084430695	
2406,25	0,284315377473831	2406,25	-0,259624600410461	
2409,375	0,285033375024796	2409,375	-0,257065385580063	
2412,5	0,284097880125046	2412,5	-0,256377071142197	
2415,625	0,281558036804199	2415,625	-0,252410382032394	
2418,75	0,282519608736038	2418,75	-0,25070133805275	
2421,875	0,280200839042664	2421,875	-0,249740093946457	
2425	0,279431879520416	2425	-0,248258516192436	
2428,125	0,2817223072052	2428,125	-0,245714783668518	
2431,25	0,283623665571213	2431,25	-0,243939891457558	
2434,375	0,282801151275635	2434,375	-0,242337733507156	
2437,5	0,280989021062851	2437,5	-0,239187180995941	
2440,625	0,281489849090576	2440,625	-0,237513974308968	
2443,75	0,280821800231934	2443,75	-0,237603008747101	
2446,875	0,280756920576096	2446,875	-0,236005514860153	
2450	0,280204176902771	2450	-0,2346001714468	
2453,125	0,279790818691254	2453,125	-0,232125237584114	
2456,25	0,282138288021088	2456,25	-0,228187263011932	
2459,375	0,28159236907959	2459,375	-0,226028546690941	
2462,5	0,27991133928299	2462,5	-0,224554821848869	
2465,625	0,280685603618622	2465,625	-0,224996045231819	
2468,75	0,284219294786453	2468,75	-0,220390617847443	
2471,875	0,281613856554031	2471,875	-0,217342019081116	
2475	0,281530916690826	2475	-0,217146322131157	
2478,125	0,280768364667892	2478,125	-0,215414226055145	
2481,25	0,279745548963547	2481,25	-0,214125737547874	
2484,375	0,281747251749039	2484,375	-0,213144525885582	
2487,5	0,282097607851028	2487,5	-0,208824589848518	
2490,625	0,278964966535568	2490,625	-0,208431169390678	
2493,75	0,279522031545639	2493,75	-0,205281019210815	
2496,875	0,278683692216873	2496,875	-0,202887445688248	
2500	0,280033677816391	2500	-0,201856225728989	
2503,125	0,281761407852173	2503,125	-0,198835983872414	
2506,25	0,281650722026825	2506,25	-0,198386684060097	
2509,375	0,280770152807236	2509,375	-0,196407049894333	
2512,5	0,280686676502228	2512,5	-0,195094704627991	
2515,625	0,28051570057869	2515,625	-0,193514972925186	
2518,75	0,280639559030533	2518,75	-0,191531121730804	
2521,875	0,281193971633911	2521,875	-0,187834590673447	
2525	0,279174774885178	2525	-0,18819734454155	
2528,125	0,279128968715668	2528,125	-0,184009030461311	
2531,25	0,280290246009827	2531,25	-0,18310934305191	
2534,375	0,281563937664032	2534,375	-0,182507336139679	
2537,5	0,280845522880554	2537,5	-0,17868435382843	
2540,625	0,280883222818375	2540,625	-0,176597386598587	
2543,75	0,280071526765823	2543,75	-0,177072152495384	
2546,875	0,279845923185349	2546,875	-0,175679966807365	
2550	0,281036704778671	2550	-0,172034129500389	
2553,125	0,281087696552277	2553,125	-0,171243190765381	
2556,25	0,280142664909363	2556,25	-0,169561132788658	
2559,375	0,280542850494385	2559,375	-0,167550295591354	
2562,5	0,281637102365494	2562,5	-0,166006788611412	
2565,625	0,281498461961746	2565,625	-0,164957985281944	
2568,75	0,280053108930588	2568,75	-0,161016851663589	
2571,875	0,280884474515915	2571,875	-0,160340994596481	
2575	0,280299037694931	2575	-0,159163683652878	
2578,125	0,281082600355148	2578,125	-0,156770750880241	
2581,25	0,280003696680069	2581,25	-0,155481591820717	
2584,375	0,278931736946106	2584,375	-0,152186989784241	
2587,5	0,280695796012878	2587,5	-0,150511994957924	
2590,625	0,279955416917801	2590,625	-0,149546295404434	
2593,75	0,27879673242569	2593,75	-0,146538630127907	
2596,875	0,278828322887421	2596,875	-0,145514994859695	
2600	0,27905598282814	2600	-0,143896535038948	
2603,125	0,280974805355072	2603,125	-0,14236943423748	
2606,25	0,280755430459976	2606,25	-0,141109779477119	
2609,375	0,281366050243378	2609,375	-0,138475462794304	
2612,5	0,282095730304718	2612,5	-0,136540487408638	
2615,625	0,28150537610054	2615,625	-0,135036557912827	
2618,75	0,280424177646637	2618,75	-0,134632483124733	
2621,875	0,28114327788353	2621,875	-0,132390737533569	
2625	0,280392348766327	2625	-0,12862654030323	
2628,125	0,280252128839493	2628,125	-0,12830051779747	
2631,25	0,280824571847916	2631,25	-0,128729790449142	
2634,375	0,283160746097565	2634,375	-0,123721420764923	
2637,5	0,2826267182827	2637,5	-0,122017703950405	
2640,625	0,28131303191185	2640,625	-0,120789118111134	
2643,75	0,282296895980835	2643,75	-0,11948224902153	
2646,875	0,281049311161041	2646,875	-0,118369340896606	
2650	0,281638383865356	2650	-0,116850398480892	
2653,125	0,282213866710663	2653,125	-0,11506450176239	
2656,25	0,280217200517654	2656,25	-0,113484762609005	
2659,375	0,282656192779541	2659,375	-0,110051870346069	
2662,5	0,283678740262985	2662,5	-0,109111897647381	
2665,625	0,282183945178986	2665,625	-0,108011357486248	
2668,75	0,283965140581131	2668,75	-0,104495830833912	
2671,875	0,283079594373703	2671,875	-0,102853171527386	
2675	0,280383110046387	2675	-0,102931372821331	
2678,125	0,282511800527573	2678,125	-0,10063187032938	
2681,25	0,28096678853035	2681,25	-0,0989985167980194	
2684,375	0,281847774982452	2684,375	-0,0980762019753456	
2687,5	0,282339364290237	2687,5	-0,095478430390358	
2690,625	0,282612711191177	2690,625	-0,0933545604348183	
2693,75	0,28114715218544	2693,75	-0,0948668941855431	
2696,875	0,278118699789047	2696,875	-0,0917952954769135	
2700	0,281657546758652	2700	-0,0873148739337921	
2703,125	0,282317221164703	2703,125	-0,0865339711308479	
2706,25	0,282418429851532	2706,25	-0,0850826725363731	
2709,375	0,28232017159462	2709,375	-0,0832517817616463	
2712,5	0,283293813467026	2712,5	-0,0821025371551514	
2715,625	0,283476054668427	2715,625	-0,0815994441509247	
2718,75	0,282742828130722	2718,75	-0,0780717954039574	
2721,875	0,283617943525314	2721,875	-0,077178418636322	
2725	0,282953411340714	2725	-0,0766174420714378	
2728,125	0,282533377408981	2728,125	-0,0740150064229965	
2731,25	0,282818257808685	2731,25	-0,0722688660025597	
2734,375	0,282110542058945	2734,375	-0,0706242546439171	
2737,5	0,283221513032913	2737,5	-0,0687862932682037	
2740,625	0,283476531505585	2740,625	-0,0659998878836632	
2743,75	0,283379554748535	2743,75	-0,0656227692961693	
2746,875	0,285615533590317	2746,875	-0,0641213655471802	
2750	0,283919721841812	2750	-0,0658018067479134	
2753,125	0,283100634813309	2753,125	-0,0619777366518974	
2756,25	0,284602701663971	2756,25	-0,0588040761649609	
2759,375	0,285977154970169	2759,375	-0,0589401349425316	
2762,5	0,286560714244843	2762,5	-0,0565999373793602	
2765,625	0,285888403654099	2765,625	-0,0570442192256451	
2768,75	0,283443748950958	2768,75	-0,0533197000622749	
2771,875	0,285522311925888	2771,875	-0,0510281026363373	
2775	0,286337703466415	2775	-0,0519136711955071	
2778,125	0,287801951169968	2778,125	-0,0496864467859268	
2781,25	0,290227591991425	2781,25	-0,0483112968504429	
2784,375	0,288100630044937	2784,375	-0,0469275563955307	
2787,5	0,286214232444763	2787,5	-0,0461478903889656	
2790,625	0,285797536373138	2790,625	-0,0438712760806084	
2793,75	0,286557734012604	2793,75	-0,0433626137673855	
2796,875	0,284861296415329	2796,875	-0,0411343909800053	
2800	0,284260183572769	2800	-0,0376036614179611	
2803,125	0,285583674907684	2803,125	-0,0383199490606785	
2806,25	0,284367084503174	2806,25	-0,0344316214323044	
2809,375	0,285035669803619	2809,375	-0,0341612882912159	
2812,5	0,28709477186203	2812,5	-0,0317955836653709	
2815,625	0,287918359041214	2815,625	-0,0315788239240646	
2818,75	0,286608874797821	2818,75	-0,0321308709681034	
2821,875	0,288727879524231	2821,875	-0,0291989129036665	
2825	0,288873940706253	2825	-0,0251187887042761	
2828,125	0,287447899580002	2828,125	-0,0266073048114777	
2831,25	0,289633184671402	2831,25	-0,0246963948011398	
2834,375	0,28627336025238	2834,375	-0,0227733422070742	
2837,5	0,287591934204102	2837,5	-0,0197562575340271	
2840,625	0,288658142089844	2840,625	-0,0189153589308262	
2843,75	0,286900669336319	2843,75	-0,019031161442399	
2846,875	0,287834316492081	2846,875	-0,014262636192143	
2850	0,288055062294006	2850	-0,0159605126827955	
2853,125	0,289227873086929	2853,125	-0,0128678008913994	
2856,25	0,287576884031296	2856,25	-0,0121869398280978	
2859,375	0,288822174072266	2859,375	-0,0115959271788597	
2862,5	0,288666278123856	2862,5	-0,007570989895612	
2865,625	0,288926213979721	2865,625	-0,00677399151027203	
2868,75	0,28779861330986	2868,75	-0,00689771259203553	
2871,875	0,289458453655243	2871,875	-0,00247247982770205	
2875	0,287592798471451	2875	-0,00150741206016392	
2878,125	0,28747096657753	2878,125	-0,00106843654066324	
2881,25	0,289188265800476	2881,25	0,0018251296132803	
2884,375	0,289586842060089	2884,375	0,00319406692869961	
2887,5	0,290341019630432	2887,5	0,00416513392701745	
2890,625	0,290116637945175	2890,625	0,00404678331688046	
2893,75	0,287271946668625	2893,75	0,00807499047368765	
2896,875	0,290408045053482	2896,875	0,00934085808694363	
2900	0,289866089820862	2900	0,00996471010148525	
2903,125	0,289765328168869	2903,125	0,011721788905561	
2906,25	0,289077252149582	2906,25	0,0132193258032203	
2909,375	0,288804441690445	2909,375	0,0157635621726513	
2912,5	0,289467513561249	2912,5	0,0173254422843456	
2915,625	0,288484513759613	2915,625	0,0193380434066057	
2918,75	0,288853317499161	2918,75	0,0218779928982258	
2921,875	0,28971928358078	2921,875	0,0219524279236794	
2925	0,289873749017715	2925	0,0243922173976898	
2928,125	0,290154635906219	2928,125	0,026083642616868	
2931,25	0,288673251867294	2931,25	0,0261224694550037	
2934,375	0,290177226066589	2934,375	0,0288597960025072	
2937,5	0,28945717215538	2937,5	0,0305260736495256	
2940,625	0,290406852960587	2940,625	0,0330245457589626	
2943,75	0,2897989153862	2943,75	0,0329984501004219	
2946,875	0,288744896650314	2946,875	0,0356490723788738	
2950	0,290331542491913	2950	0,0367285087704659	
2953,125	0,289118707180023	2953,125	0,0389722473919392	
2956,25	0,289079040288925	2956,25	0,0412427447736263	
2959,375	0,290398567914963	2959,375	0,0422808788716793	
2962,5	0,290273219347	2962,5	0,0443711839616299	
2965,625	0,29040938615799	2965,625	0,0468878112733364	
2968,75	0,292157739400864	2968,75	0,0480002015829086	
2971,875	0,292493879795074	2971,875	0,0501922033727169	
2975	0,291355699300766	2975	0,0509961247444153	
2978,125	0,291097819805145	2978,125	0,0530020855367184	
2981,25	0,292475283145905	2981,25	0,0546564571559429	
2984,375	0,293951332569122	2984,375	0,0571975819766521	
2987,5	0,294569820165634	2987,5	0,0591886341571808	
2990,625	0,293319255113602	2990,625	0,0590076558291912	
2993,75	0,293764680624008	2993,75	0,0604776367545128	
2996,875	0,293529391288757	2996,875	0,0633833408355713	
3000	0,296933680772781	3000	0,0662545636296272	
3003,125	0,295882254838943	3003,125	0,0680223852396011	
3006,25	0,294333755970001	3006,25	0,0686579719185829	
3009,375	0,295821011066437	3009,375	0,0712005794048309	
3012,5	0,294872581958771	3012,5	0,0715320110321045	
3015,625	0,294816613197327	3015,625	0,0755767822265625	
3018,75	0,293867975473404	3018,75	0,0756182223558426	
3021,875	0,293322384357452	3021,875	0,0764057636260986	
3025	0,299708187580109	3025	0,0851612538099289	
3028,125	0,297018229961395	3028,125	0,082804799079895	
3031,25	0,296714872121811	3031,25	0,0832767933607101	
3034,375	0,29804328083992	3034,375	0,0841501802206039	
3037,5	0,298390716314316	3037,5	0,0858432576060295	
3040,625	0,300056934356689	3040,625	0,0898233652114868	
3043,75	0,297652542591095	3043,75	0,0893331244587898	
3046,875	0,296815186738968	3046,875	0,0922994464635849	
3050	0,297595411539078	3050	0,0927492082118988	
3053,125	0,299955695867538	3053,125	0,0941030159592628	
3056,25	0,298651814460754	3056,25	0,0964629575610161	
3059,375	0,29987958073616	3059,375	0,0975423827767372	
3062,5	0,301377058029175	3062,5	0,0998782068490982	
3065,625	0,302332490682602	3065,625	0,0981769114732742	
3068,75	0,303185522556305	3068,75	0,101427413523197	
3071,875	0,302172094583511	3071,875	0,103606194257736	
3075	0,299592435359955	3075	0,105518162250519	
3078,125	0,300814419984818	3078,125	0,10707338899374	
3081,25	0,303525179624558	3081,25	0,107618756592274	
3084,375	0,303243309259415	3084,375	0,11065174639225	
3087,5	0,300892353057861	3087,5	0,111384898424149	
3090,625	0,301575034856796	3090,625	0,110217407345772	
3093,75	0,300719320774078	3093,75	0,113925412297249	
3096,875	0,302273601293564	3096,875	0,116621285676956	
3100	0,303192764520645	3100	0,117842197418213	
3103,125	0,301348477602005	3103,125	0,117902964353561	
3106,25	0,300988882780075	3106,25	0,119271814823151	
3109,375	0,300942540168762	3109,375	0,120924271643162	
3112,5	0,299092769622803	3112,5	0,121443122625351	
3115,625	0,300808191299438	3115,625	0,127392619848251	
3118,75	0,301762759685516	3118,75	0,12763400375843	
3121,875	0,304319739341736	3121,875	0,129600197076797	
3125	0,303385436534882	3125	0,126033946871758	
3128,125	0,302766084671021	3128,125	0,129625365138054	
3131,25	0,300728380680084	3131,25	0,13238038122654	
3134,375	0,302796244621277	3134,375	0,135833755135536	
3137,5	0,306257396936417	3137,5	0,132963538169861	
3140,625	0,303551107645035	3140,625	0,137990891933441	
3143,75	0,303207278251648	3143,75	0,137770518660545	
3146,875	0,303532332181931	3146,875	0,138899624347687	
3150	0,303985804319382	3150	0,141345500946045	
3153,125	0,301121056079865	3153,125	0,146271467208862	
3156,25	0,309234857559204	3156,25	0,144954174757004	
3159,375	0,30853408575058	3159,375	0,149028763175011	
3162,5	0,307325273752213	3162,5	0,150784507393837	
3165,625	0,306377649307251	3165,625	0,150221630930901	
3168,75	0,304832190275192	3168,75	0,155261486768723	
3171,875	0,303976267576218	3171,875	0,155997678637505	
3175	0,305913358926773	3175	0,156234428286552	
3178,125	0,303908050060272	3178,125	0,160666555166245	
3181,25	0,304444879293442	3181,25	0,156027778983116	
3184,375	0,304283559322357	3184,375	0,162114515900612	
3187,5	0,302752822637558	3187,5	0,163433194160461	
3190,625	0,306354314088821	3190,625	0,159641057252884	
3193,75	0,303164541721344	3193,75	0,161560162901878	
3196,875	0,302912414073944	3196,875	0,16546793282032	
3200	0,306926339864731	3200	0,165822416543961	
3203,125	0,309441745281219	3203,125	0,167920768260956	
3206,25	0,307180374860764	3206,25	0,16872276365757	
3209,375	0,303348243236542	3209,375	0,171367093920708	
3212,5	0,305828362703323	3212,5	0,172007367014885	
3215,625	0,307459563016891	3215,625	0,175227865576744	
3218,75	0,311922967433929	3218,75	0,177214309573174	
3221,875	0,308292895555496	3221,875	0,174653142690659	
3225	0,307779163122177	3225	0,178519517183304	
3228,125	0,305676519870758	3228,125	0,178884252905846	
3231,25	0,306629180908203	3231,25	0,176955908536911	
3234,375	0,306157320737839	3234,375	0,185595646500587	
3237,5	0,308696091175079	3237,5	0,18146601319313	
3240,625	0,304811358451843	3240,625	0,182731002569199	
3243,75	0,302855551242828	3243,75	0,183981105685234	
3246,875	0,301482617855072	3246,875	0,189755111932755	
3250	0,304858326911926	3250	0,192128583788872	
3253,125	0,307386696338654	3253,125	0,186998948454857	
3256,25	0,307241469621658	3256,25	0,192556440830231	
3259,375	0,306627154350281	3259,375	0,193212762475014	
3262,5	0,30188125371933	3262,5	0,191704913973808	
3265,625	0,303650170564651	3265,625	0,192238569259644	
3268,75	0,302806913852692	3268,75	0,196139812469482	
3271,875	0,300584375858307	3271,875	0,197891265153885	
3275	0,298232704401016	3275	0,200021669268608	
3278,125	0,301359295845032	3278,125	0,202982768416405	
3281,25	0,303198277950287	3281,25	0,205514430999756	
3284,375	0,302761822938919	3284,375	0,205921202898026	
3287,5	0,302150309085846	3287,5	0,208713710308075	
3290,625	0,303267240524292	3290,625	0,210861712694168	
3293,75	0,301778107881546	3293,75	0,214677155017853	
3296,875	0,30248698592186	3296,875	0,214105218648911	
3300	0,301632314920425	3300	0,214300870895386	
3303,125	0,300048828125	3303,125	0,214497476816177	
3306,25	0,301046192646027	3306,25	0,219372689723969	
3309,375	0,301664113998413	3309,375	0,221851035952568	
3312,5	0,301571816205978	3312,5	0,221948742866516	
3315,625	0,303733974695206	3315,625	0,222088679671288	
3318,75	0,299604266881943	3318,75	0,224473416805267	
3321,875	0,297254830598831	3321,875	0,228220716118813	
3325	0,299385994672775	3325	0,229700341820717	
3328,125	0,300131440162659	3328,125	0,23037526011467	
3331,25	0,302973359823227	3331,25	0,235104948282242	
3334,375	0,300708740949631	3334,375	0,235075563192368	
3337,5	0,298218816518784	3337,5	0,23607462644577	
3340,625	0,300564736127853	3340,625	0,239935144782066	
3343,75	0,302152395248413	3343,75	0,24006250500679	
3346,875	0,299674719572067	3346,875	0,240064442157745	
3350	0,298524022102356	3350	0,242440149188042	
3353,125	0,300681829452515	3353,125	0,244114190340042	
3356,25	0,299571216106415	3356,25	0,246082350611687	
3359,375	0,300458282232285	3359,375	0,248089388012886	
3362,5	0,301356136798859	3362,5	0,247642740607262	
3365,625	0,301096260547638	3365,625	0,252236902713776	
3368,75	0,299743831157684	3368,75	0,252053678035736	
3371,875	0,300025433301926	3371,875	0,255119115114212	
3375	0,300405263900757	3375	0,256546944379807	
3378,125	0,301764845848084	3378,125	0,256789535284042	
3381,25	0,300394147634506	3381,25	0,259907752275467	
3384,375	0,298932254314423	3384,375	0,261149287223816	
3387,5	0,301296591758728	3387,5	0,262113988399506	
3390,625	0,300354719161987	3390,625	0,264363884925842	
3393,75	0,300672471523285	3393,75	0,265536308288574	
3396,875	0,299379348754883	3396,875	0,266111046075821	
3400	0,296561121940613	3400	0,269980221986771	
3403,125	0,300899207592011	3403,125	0,271607249975204	
3406,25	0,301507711410522	3406,25	0,271328926086426	
3409,375	0,300988227128983	3409,375	0,273840099573135	
3412,5	0,299791991710663	3412,5	0,274185359477997	
3415,625	0,300601959228516	3415,625	0,277884632349014	
3418,75	0,301062703132629	3418,75	0,278801500797272	
3421,875	0,297247052192688	3421,875	0,281674265861511	
3425	0,299603432416916	3425	0,28162407875061	
3428,125	0,301602870225906	3428,125	0,283484607934952	
3431,25	0,300631105899811	3431,25	0,284787565469742	
3434,375	0,300290912389755	3434,375	0,28526097536087	
3437,5	0,300673574209213	3437,5	0,286948412656784	
3440,625	0,299514561891556	3440,625	0,289482235908508	
3443,75	0,301468193531036	3443,75	0,291211068630219	
3446,875	0,300224870443344	3446,875	0,292630046606064	
3450	0,298913151025772	3450	0,29339924454689	
3453,125	0,299888461828232	3453,125	0,294091731309891	
3456,25	0,300096184015274	3456,25	0,297986507415771	
3459,375	0,30002549290657	3459,375	0,29816859960556	
3462,5	0,299935609102249	3462,5	0,300672799348831	
3465,625	0,30095112323761	3465,625	0,301150023937225	
3468,75	0,299793899059296	3468,75	0,30173859000206	
3471,875	0,300190359354019	3471,875	0,30389729142189	
3475	0,301292687654495	3475	0,306295394897461	
3478,125	0,299886584281921	3478,125	0,306690752506256	
3481,25	0,299571514129639	3481,25	0,307697802782059	
3484,375	0,301030039787292	3484,375	0,308625787496567	
3487,5	0,299945950508118	3487,5	0,312611252069473	
3490,625	0,29919221997261	3490,625	0,312253594398499	
3493,75	0,299862444400787	3493,75	0,314129382371902	
3496,875	0,298928320407867	3496,875	0,315639615058899	
3500	0,299012035131454	3500	0,316472887992859	
3503,125	0,301816612482071	3503,125	0,316776126623154	
3506,25	0,299532741308212	3506,25	0,318564713001251	
3509,375	0,30257648229599	3509,375	0,323370307683945	
3512,5	0,301019817590714	3512,5	0,326052308082581	
3515,625	0,300365328788757	3515,625	0,325726300477982	
3518,75	0,298706948757172	3518,75	0,32632714509964	
3521,875	0,299009740352631	3521,875	0,326041430234909	
3525	0,297793090343475	3525	0,330155938863754	
3528,125	0,298118889331818	3528,125	0,332502275705338	
3531,25	0,299765288829803	3531,25	0,332432180643082	
3534,375	0,299540758132935	3534,375	0,335031062364578	
3537,5	0,298785746097565	3537,5	0,335102736949921	
3540,625	0,299493968486786	3540,625	0,338067531585693	
3543,75	0,297295808792114	3543,75	0,339081555604935	
3546,875	0,297038584947586	3546,875	0,341689079999924	
3550	0,297626972198486	3550	0,343233019113541	
3553,125	0,297961950302124	3553,125	0,342784821987152	
3556,25	0,297502964735031	3556,25	0,344317555427551	
3559,375	0,298256546258926	3559,375	0,343617767095566	
3562,5	0,296743273735046	3562,5	0,349292516708374	
3565,625	0,298453599214554	3565,625	0,351189583539963	
3568,75	0,2979496717453	3568,75	0,351799994707108	
3571,875	0,298904955387115	3571,875	0,352630525827408	
3575	0,299407154321671	3575	0,353612244129181	
3578,125	0,299712389707565	3578,125	0,3560511469841	
3581,25	0,300747990608215	3581,25	0,357686102390289	
3584,375	0,301670491695404	3584,375	0,35938286781311	
3587,5	0,299587845802307	3587,5	0,360321283340454	
3590,625	0,300147742033005	3590,625	0,36168509721756	
3593,75	0,301463544368744	3593,75	0,36261174082756	
3596,875	0,301656156778336	3596,875	0,363033264875412	
3600	0,303891092538834	3600	0,363479971885681	
3603,125	0,300442039966583	3603,125	0,36822971701622	
3606,25	0,30134180188179	3606,25	0,367446452379227	
3609,375	0,301783412694931	3609,375	0,367944419384003	
3612,5	0,301735907793045	3612,5	0,370789080858231	
3615,625	0,30254065990448	3615,625	0,371389955282211	
3618,75	0,302058011293411	3618,75	0,371824532747269	
3621,875	0,300086915493011	3621,875	0,375109285116196	
3625	0,302285134792328	3625	0,37550151348114	
3628,125	0,302063286304474	3628,125	0,377845883369446	
3631,25	0,302292466163635	3631,25	0,378032326698303	
3634,375	0,303814709186554	3634,375	0,377355813980103	
3637,5	0,301610201597214	3637,5	0,378697365522385	
3640,625	0,300259321928024	3640,625	0,385402500629425	
3643,75	0,301098793745041	3643,75	0,38457390666008	
3646,875	0,303539335727692	3646,875	0,384885430335999	
3650	0,30494150519371	3650	0,385319441556931	
3653,125	0,304682046175003	3653,125	0,386888474225998	
3656,25	0,303322434425354	3656,25	0,388767659664154	
3659,375	0,303236931562424	3659,375	0,391045123338699	
3662,5	0,302546799182892	3662,5	0,391266763210297	
3665,625	0,303611636161804	3665,625	0,392293661832809	
3668,75	0,304594248533249	3668,75	0,392894446849823	
3671,875	0,305485188961029	3671,875	0,39587590098381	
3675	0,303258419036865	3675	0,397479206323624	
3678,125	0,304546296596527	3678,125	0,397893875837326	
3681,25	0,305212885141373	3681,25	0,398719936609268	
3684,375	0,305319279432297	3684,375	0,400637537240982	
3687,5	0,305385053157806	3687,5	0,402483254671097	
3690,625	0,305793255567551	3690,625	0,402393192052841	
3693,75	0,306098937988281	3693,75	0,402622848749161	
3696,875	0,304405510425568	3696,875	0,404798746109009	
3700	0,304717600345612	3700	0,406575918197632	
3703,125	0,305868744850159	3703,125	0,40756618976593	
3706,25	0,307049512863159	3706,25	0,408472627401352	
3709,375	0,30588099360466	3709,375	0,410652756690979	
3712,5	0,307882845401764	3712,5	0,411678194999695	
3715,625	0,308132320642471	3715,625	0,412381261587143	
3718,75	0,304453164339066	3718,75	0,413171052932739	
3721,875	0,306074023246765	3721,875	0,4160515666008	
3725	0,308988809585571	3725	0,416070222854614	
3728,125	0,30751833319664	3728,125	0,417696923017502	
3731,25	0,308192759752274	3731,25	0,419596642255783	
3734,375	0,307158201932907	3734,375	0,419118702411652	
3737,5	0,306837201118469	3737,5	0,42189171910286	
3740,625	0,307486921548843	3740,625	0,421948343515396	
3743,75	0,307450026273727	3743,75	0,423589438199997	
3746,875	0,306596100330353	3746,875	0,425723314285278	
3750	0,307489454746246	3750	0,425196558237076	
3753,125	0,308321833610535	3753,125	0,428313612937927	
3756,25	0,308646976947784	3756,25	0,42877659201622	
3759,375	0,309268653392792	3759,375	0,430980563163757	
3762,5	0,307597368955612	3762,5	0,431348413228989	
3765,625	0,306946903467178	3765,625	0,432900846004486	
3768,75	0,309741467237473	3768,75	0,432755053043365	
3771,875	0,311722755432129	3771,875	0,434252947568893	
3775	0,310857743024826	3775	0,435880035161972	
3778,125	0,310704469680786	3778,125	0,437689661979675	
3781,25	0,311097264289856	3781,25	0,438242197036743	
3784,375	0,311163306236267	3784,375	0,439995408058167	
3787,5	0,30953449010849	3787,5	0,441941291093826	
3790,625	0,309063374996185	3790,625	0,441780149936676	
3793,75	0,308954149484634	3793,75	0,444205611944199	
3796,875	0,309949636459351	3796,875	0,446345776319504	
3800	0,311187356710434	3800	0,445111811161041	
3803,125	0,312446177005768	3803,125	0,447470128536224	
3806,25	0,310463219881058	3806,25	0,448609858751297	
3809,375	0,309972375631332	3809,375	0,450845718383789	
3812,5	0,311434596776962	3812,5	0,451389193534851	
3815,625	0,311300694942474	3815,625	0,451990067958832	
3818,75	0,311222225427628	3818,75	0,4524105489254	
3821,875	0,312364727258682	3821,875	0,456598073244095	
3825	0,31207737326622	3825	0,454139411449432	
3828,125	0,312618613243103	3828,125	0,458171546459198	
3831,25	0,312055051326752	3831,25	0,460000604391098	
3834,375	0,31324115395546	3834,375	0,458920866250992	
3837,5	0,312362372875214	3837,5	0,461745083332062	
3840,625	0,313475698232651	3840,625	0,461997270584106	
3843,75	0,314034640789032	3843,75	0,46473103761673	
3846,875	0,314069718122482	3846,875	0,465387493371964	
3850	0,312453031539917	3850	0,464132696390152	
3853,125	0,314612507820129	3853,125	0,467170000076294	
3856,25	0,313896924257278	3856,25	0,468327850103378	
3859,375	0,31403386592865	3859,375	0,469473212957382	
3862,5	0,314003050327301	3862,5	0,471228331327438	
3865,625	0,316360503435135	3865,625	0,472156345844269	
3868,75	0,313890635967255	3868,75	0,47255527973175	
3871,875	0,316881060600281	3871,875	0,474463880062103	
3875	0,317313432693481	3875	0,47638663649559	
3878,125	0,315755724906921	3878,125	0,475705713033676	
3881,25	0,315589040517807	3881,25	0,477948427200317	
3884,375	0,315085411071777	3884,375	0,479376703500748	
3887,5	0,318098366260529	3887,5	0,480279684066772	
3890,625	0,3171326816082	3890,625	0,481259316205978	
3893,75	0,313668310642242	3893,75	0,483956515789032	
3896,875	0,315940052270889	3896,875	0,48423570394516	
3900	0,318626582622528	3900	0,484095245599747	
3903,125	0,317463874816895	3903,125	0,484136998653412	
3906,25	0,316977888345718	3906,25	0,489501118659973	
3909,375	0,315086752176285	3909,375	0,49018070101738	
3912,5	0,314493954181671	3912,5	0,49104043841362	
3915,625	0,317498862743378	3915,625	0,491163313388824	
3918,75	0,318205386400223	3918,75	0,491269588470459	
3921,875	0,318135380744934	3921,875	0,490478098392487	
3925	0,317390114068985	3925	0,493905872106552	
3928,125	0,319911003112793	3928,125	0,496664106845856	
3931,25	0,320553004741669	3931,25	0,494991362094879	
3934,375	0,320404797792435	3934,375	0,496319234371185	
3937,5	0,31948447227478	3937,5	0,498392701148987	
3940,625	0,318044722080231	3940,625	0,499970018863678	
3943,75	0,320076018571854	3943,75	0,4996637403965	
3946,875	0,319314986467361	3946,875	0,501579403877258	
3950	0,319290518760681	3950	0,502031028270721	
3953,125	0,320563018321991	3953,125	0,504018604755402	
3956,25	0,319654196500778	3956,25	0,502721071243286	
3959,375	0,317148745059967	3959,375	0,506975769996643	
3962,5	0,320600718259811	3962,5	0,506806671619415	
3965,625	0,321521639823914	3965,625	0,506762564182281	
3968,75	0,322064697742462	3968,75	0,511396169662476	
3971,875	0,321629405021667	3971,875	0,507677018642426	
3975	0,321519494056702	3975	0,511314511299133	
3978,125	0,318000823259354	3978,125	0,513869941234589	
3981,25	0,320557981729507	3981,25	0,514631152153015	
3984,375	0,323566466569901	3984,375	0,51352071762085	
3987,5	0,323489129543304	3987,5	0,515642285346985	
3990,625	0,322348922491074	3990,625	0,512783110141754	
3993,75	0,32572066783905	3993,75	0,517119586467743	
3996,875	0,32253623008728	3996,875	0,517833471298218	
4000	0,322642594575882	4000	0,518544793128967	
4003,125	0,323896706104279	4003,125	0,518341958522797	
4006,25	0,323469579219818	4006,25	0,52392041683197	
4009,375	0,329065084457397	4009,375	0,522784531116486	
4012,5	0,322625517845154	4012,5	0,523628354072571	
4015,625	0,319973200559616	4015,625	0,522825479507446	
4018,75	0,324886590242386	4018,75	0,522981643676758	
4021,875	0,323747754096985	4021,875	0,522783517837524	
4025	0,32069718837738	4025	0,526995539665222	
4028,125	0,325943142175674	4028,125	0,52695369720459	
4031,25	0,325740605592728	4031,25	0,529478490352631	
4034,375	0,322678416967392	4034,375	0,529192626476288	
4037,5	0,324154853820801	4037,5	0,530726730823517	
4040,625	0,324556320905685	4040,625	0,53055727481842	
4043,75	0,321488976478577	4043,75	0,531364798545837	
4046,875	0,319378197193146	4046,875	0,532070219516754	
4050	0,322943329811096	4050	0,535425841808319	
4053,125	0,325234293937683	4053,125	0,534876525402069	
4056,25	0,32400506734848	4056,25	0,536688685417175	
4059,375	0,32424122095108	4059,375	0,535874366760254	
4062,5	0,321627557277679	4062,5	0,539632380008698	
4065,625	0,321975976228714	4065,625	0,538848400115967	
4068,75	0,322518408298492	4068,75	0,540964603424072	
4071,875	0,322736382484436	4071,875	0,540991485118866	
4075	0,3208889067173	4075	0,542178213596344	
4078,125	0,320823907852173	4078,125	0,545317709445953	
4081,25	0,322981208562851	4081,25	0,545276641845703	
4084,375	0,326618850231171	4084,375	0,548075437545776	
4087,5	0,324859261512756	4087,5	0,54705685377121	
4090,625	0,32244086265564	4090,625	0,547574579715729	
4093,75	0,325719386339188	4093,75	0,548527836799622	
4096,875	0,326654583215714	4096,875	0,553292632102966	
4100	0,324174016714096	4100	0,55355566740036	
4103,125	0,323316633701324	4103,125	0,553014755249023	
4106,25	0,326731890439987	4106,25	0,5534787774086	
4109,375	0,326816707849503	4109,375	0,557417631149292	
4112,5	0,326110541820526	4112,5	0,55654388666153	
4115,625	0,325246691703796	4115,625	0,560135781764984	
4118,75	0,327101945877075	4118,75	0,55960476398468	
4121,875	0,325850039720535	4121,875	0,56254643201828	
4125	0,324531346559525	4125	0,564919948577881	
4128,125	0,327456116676331	4128,125	0,565987944602966	
4131,25	0,328635156154633	4131,25	0,564597427845001	
4134,375	0,328629404306412	4134,375	0,566609740257263	
4137,5	0,327383637428284	4137,5	0,570977330207825	
4140,625	0,326739192008972	4140,625	0,56931734085083	
4143,75	0,330336689949036	4143,75	0,573070168495178	
4146,875	0,32863387465477	4146,875	0,573378920555115	
4150	0,328035414218903	4150	0,576407968997955	
4153,125	0,331874996423721	4153,125	0,57673305273056	
4156,25	0,332871526479721	4156,25	0,575998246669769	
4159,375	0,333098560571671	4159,375	0,575166821479797	
4162,5	0,331144511699677	4162,5	0,580805063247681	
4165,625	0,332746118307114	4165,625	0,581454575061798	
4168,75	0,336027979850769	4168,75	0,580539345741272	
4171,875	0,336437374353409	4171,875	0,582768440246582	
4175	0,337392687797546	4175	0,584845900535584	
4178,125	0,338378697633743	4178,125	0,584810972213745	
4181,25	0,33826357126236	4181,25	0,587928831577301	
4184,375	0,338250309228897	4184,375	0,588921368122101	
4187,5	0,340868264436722	4187,5	0,5856773853302	
4190,625	0,343227058649063	4190,625	0,588374793529511	
4193,75	0,340967923402786	4193,75	0,591436684131622	
4196,875	0,343332201242447	4196,875	0,591960191726685	
4200	0,341806322336197	4200	0,594003677368164	
4203,125	0,343256801366806	4203,125	0,594553589820862	
4206,25	0,345610737800598	4206,25	0,596876561641693	
4209,375	0,342859596014023	4209,375	0,59870457649231	
4212,5	0,342448800802231	4212,5	0,599765777587891	
4215,625	0,344677209854126	4215,625	0,602207064628601	
4218,75	0,346974730491638	4218,75	0,602766692638397	
4221,875	0,347330242395401	4221,875	0,600463151931763	
4225	0,348881423473358	4225	0,604578077793121	
4228,125	0,349270284175873	4228,125	0,603489100933075	
4231,25	0,3466756939888	4231,25	0,608238816261292	
4234,375	0,347231209278107	4234,375	0,607685267925262	
4237,5	0,346578299999237	4237,5	0,609320521354675	
4240,625	0,346871584653854	4240,625	0,611405253410339	
4243,75	0,351033449172974	4243,75	0,611718952655792	
4246,875	0,352660596370697	4246,875	0,613353729248047	
4250	0,349466949701309	4250	0,612321138381958	
4253,125	0,357339292764664	4253,125	0,615612804889679	
4256,25	0,357078045606613	4256,25	0,617142915725708	
4259,375	0,354947030544281	4259,375	0,618186771869659	
4262,5	0,355580568313599	4262,5	0,617980897426605	
4265,625	0,356634765863419	4265,625	0,622408986091614	
4268,75	0,357179284095764	4268,75	0,621326982975006	
4271,875	0,36041048169136	4271,875	0,620014131069183	
4275	0,360888421535492	4275	0,621875941753387	
4278,125	0,359503716230392	4278,125	0,624598681926727	
4281,25	0,361024141311646	4281,25	0,626386761665344	
4284,375	0,362749725580215	4284,375	0,629265487194061	
4287,5	0,364834189414978	4287,5	0,630641222000122	
4290,625	0,364818871021271	4290,625	0,630000472068787	
4293,75	0,368279874324799	4293,75	0,62974888086319	
4296,875	0,367943733930588	4296,875	0,632962644100189	
4300	0,363080352544785	4300	0,63244903087616	
4303,125	0,362480819225311	4303,125	0,635940551757813	
4306,25	0,364168703556061	4306,25	0,639312863349915	
4309,375	0,366289108991623	4309,375	0,637827575206757	
4312,5	0,36559933423996	4312,5	0,640505075454712	
4315,625	0,37074539065361	4315,625	0,643313050270081	
4318,75	0,369641959667206	4318,75	0,641254842281342	
4321,875	0,372068971395493	4321,875	0,645955324172974	
4325	0,375265926122665	4325	0,64667135477066	
4328,125	0,372455209493637	4328,125	0,647267639636993	
4331,25	0,373095095157623	4331,25	0,649588286876678	
4334,375	0,37318629026413	4334,375	0,650818288326263	
4337,5	0,373174101114273	4337,5	0,652932107448578	
4340,625	0,368970721960068	4340,625	0,653753578662872	
4343,75	0,37571856379509	4343,75	0,659713447093964	
4346,875	0,379875212907791	4346,875	0,654903113842011	
4350	0,379643529653549	4350	0,655873954296112	
4353,125	0,377975940704346	4353,125	0,660817325115204	
4356,25	0,378041237592697	4356,25	0,664544463157654	
4359,375	0,380763411521912	4359,375	0,662070155143738	
4362,5	0,384440928697586	4362,5	0,665313184261322	
4365,625	0,382794111967087	4365,625	0,663019597530365	
4368,75	0,382768630981445	4368,75	0,667422115802765	
4371,875	0,38605147600174	4371,875	0,666781663894653	
4375	0,390572786331177	4375	0,668464601039886	
4378,125	0,386824131011963	4378,125	0,67141991853714	
4381,25	0,38605135679245	4381,25	0,673202991485596	
4384,375	0,391680419445038	4384,375	0,67092102766037	
4387,5	0,391408920288086	4387,5	0,675819516181946	
4390,625	0,387322545051575	4390,625	0,675791144371033	
4393,75	0,391390532255173	4393,75	0,677099049091339	
4396,875	0,393026411533356	4396,875	0,680265963077545	
4400	0,391065835952759	4400	0,680462241172791	
4403,125	0,385390371084213	4403,125	0,683093309402466	
4406,25	0,389509707689285	4406,25	0,688079118728638	
4409,375	0,391014128923416	4409,375	0,690025508403778	
4412,5	0,39632773399353	4412,5	0,686270833015442	
4415,625	0,39577442407608	4415,625	0,685926735401154	
4418,75	0,400409042835236	4418,75	0,687351822853088	
4421,875	0,399940311908722	4421,875	0,687755942344666	
4425	0,401905566453934	4425	0,688014447689056	
4428,125	0,402841418981552	4428,125	0,69182276725769	
4431,25	0,402388364076614	4431,25	0,690857231616974	
4434,375	0,402280956506729	4434,375	0,693521738052368	
4437,5	0,39989572763443	4437,5	0,703818380832672	
4440,625	0,404216110706329	4440,625	0,699824988842011	
4443,75	0,404194563627243	4443,75	0,697595596313477	
4446,875	0,406719774007797	4446,875	0,697970807552338	
4450	0,406216442584991	4450	0,703095018863678	
4453,125	0,409406751394272	4453,125	0,703694939613342	
4456,25	0,40720409154892	4456,25	0,706700563430786	
4459,375	0,405060887336731	4459,375	0,704974114894867	
4462,5	0,405831009149551	4462,5	0,705529034137726	
4465,625	0,403242319822311	4465,625	0,708885669708252	
4468,75	0,407104730606079	4468,75	0,711788654327393	
4471,875	0,408258348703384	4471,875	0,713126540184021	
4475	0,404862731695175	4475	0,715679466724396	
4478,125	0,407603144645691	4478,125	0,715660929679871	
4481,25	0,409499228000641	4481,25	0,719216227531433	
4484,375	0,406692385673523	4484,375	0,71638286113739	
4487,5	0,408131271600723	4487,5	0,721531748771667	
4490,625	0,406545490026474	4490,625	0,72268682718277	
4493,75	0,409692764282227	4493,75	0,728681147098541	
4496,875	0,41339835524559	4496,875	0,729757726192474	
4500	0,408716201782227	4500	0,73161768913269	
4503,125	0,409875094890594	4503,125	0,729813098907471	
4506,25	0,413092613220215	4506,25	0,734232306480408	
4509,375	0,412444859743118	4509,375	0,733986079692841	
4512,5	0,41314971446991	4512,5	0,736717879772186	
4515,625	0,414408296346664	4515,625	0,739350736141205	
4518,75	0,412686973810196	4518,75	0,741830050945282	
4521,875	0,413103222846985	4521,875	0,74378365278244	
4525	0,418863892555237	4525	0,745189964771271	
4528,125	0,42125728726387	4528,125	0,748351991176605	
4531,25	0,422775596380234	4531,25	0,748256921768188	
4534,375	0,418338775634766	4534,375	0,754273474216461	
4537,5	0,418896853923798	4537,5	0,753352761268616	
4540,625	0,420761108398438	4540,625	0,759568452835083	
4543,75	0,422327548265457	4543,75	0,753780901432037	
4546,875	0,427765250205994	4546,875	0,761586666107178	
4550	0,424130439758301	4550	0,759502351284027	
4553,125	0,427797764539719	4553,125	0,760202884674072	
4556,25	0,427264451980591	4556,25	0,763106465339661	
4559,375	0,423165827989578	4559,375	0,765156209468842	
4562,5	0,42292782664299	4562,5	0,770914435386658	
4565,625	0,428622305393219	4565,625	0,771995544433594	
4568,75	0,428808778524399	4568,75	0,773867189884186	
4571,875	0,43076965212822	4571,875	0,770708441734314	
4575	0,434676826000214	4575	0,776387095451355	
4578,125	0,434466749429703	4578,125	0,77858293056488	
4581,25	0,433472692966461	4581,25	0,779022514820099	
4584,375	0,430950343608856	4584,375	0,782076179981232	
4587,5	0,429332852363586	4587,5	0,786478638648987	
4590,625	0,433252036571503	4590,625	0,787280082702637	
4593,75	0,433513402938843	4593,75	0,788199245929718	
4596,875	0,434498488903046	4596,875	0,791671276092529	
4600	0,432409405708313	4600	0,791801333427429	
4603,125	0,434429734945297	4603,125	0,796559751033783	
4606,25	0,440697193145752	4606,25	0,795117259025574	
4609,375	0,439930081367493	4609,375	0,798845648765564	
4612,5	0,440736413002014	4612,5	0,803044617176056	
4615,625	0,438448637723923	4615,625	0,805226624011993	
4618,75	0,443765580654144	4618,75	0,805891394615173	
4621,875	0,441259235143662	4621,875	0,809764862060547	
4625	0,442896008491516	4625	0,813073217868805	
4628,125	0,443864047527313	4628,125	0,81492280960083	
4631,25	0,444191426038742	4631,25	0,815806567668915	
4634,375	0,448296397924423	4634,375	0,816995561122894	
4637,5	0,44921487569809	4637,5	0,8209108710289	
4640,625	0,448789268732071	4640,625	0,821407794952393	
4643,75	0,447666257619858	4643,75	0,825929582118988	
4646,875	0,448455721139908	4646,875	0,829550981521606	
4650	0,452582240104675	4650	0,830554902553558	
4653,125	0,453238666057587	4653,125	0,834561467170715	
4656,25	0,455013453960419	4656,25	0,834812045097351	
4659,375	0,452556997537613	4659,375	0,83790796995163	
4662,5	0,450395286083221	4662,5	0,840430498123169	
4665,625	0,456979542970657	4665,625	0,842791676521301	
4668,75	0,45723170042038	4668,75	0,8456711769104	
4671,875	0,457395553588867	4671,875	0,849409580230713	
4675	0,457148462533951	4675	0,855597376823425	
4678,125	0,460076749324799	4678,125	0,853855013847351	
4681,25	0,459550589323044	4681,25	0,8590487241745	
4684,375	0,456398755311966	4684,375	0,86098700761795	
4687,5	0,457607418298721	4687,5	0,86403089761734	
4690,625	0,457811951637268	4690,625	0,867700695991516	
4693,75	0,460649192333221	4693,75	0,8692387342453	
4696,875	0,460073381662369	4696,875	0,874144315719604	
4700	0,459387123584747	4700	0,877162933349609	
4703,125	0,461965322494507	4703,125	0,880552709102631	
4706,25	0,463605314493179	4706,25	0,883037805557251	
4709,375	0,463399320840836	4709,375	0,882706344127655	
4712,5	0,463979214429855	4712,5	0,892707884311676	
4715,625	0,463558614253998	4715,625	0,893706679344177	
4718,75	0,467298239469528	4718,75	0,899522662162781	
4721,875	0,469412237405777	4721,875	0,905168294906616	
4725	0,468101769685745	4725	0,907538890838623	
4728,125	0,469776660203934	4728,125	0,911502718925476	
4731,25	0,469959408044815	4731,25	0,916386246681213	
4734,375	0,47303307056427	4734,375	0,91951709985733	
4737,5	0,475945174694061	4737,5	0,923528492450714	
4740,625	0,475162416696548	4740,625	0,927282571792603	
4743,75	0,483239829540253	4743,75	0,930498600006104	
4746,875	0,482653379440308	4746,875	0,936064183712006	
4750	0,482705146074295	4750	0,939415335655212	
4753,125	0,482626020908356	4753,125	0,950116515159607	
4756,25	0,490115344524384	4756,25	0,951514482498169	
4759,375	0,488512516021729	4759,375	0,952205359935761	
4762,5	0,494252383708954	4762,5	0,956381380558014	
4765,625	0,491655021905899	4765,625	0,95428067445755	
4768,75	0,497211039066315	4768,75	0,968950390815735	
4771,875	0,500495910644531	4771,875	0,967451930046082	
4775	0,504418611526489	4775	0,969133734703064	
4778,125	0,505536735057831	4778,125	0,972738206386566	
4781,25	0,506528377532959	4781,25	0,974375605583191	
4784,375	0,510808765888214	4784,375	0,978358626365662	
4787,5	0,508706629276276	4787,5	0,98610520362854	
4790,625	0,512772381305695	4790,625	0,980401337146759	
4793,75	0,51593554019928	4793,75	0,984815955162048	
4796,875	0,515291690826416	4796,875	0,98754346370697	
4800	0,511725068092346	4800	0,98809951543808	
4803,125	0,510312676429749	4803,125	0,995278418064117	
4806,25	0,510408759117126	4806,25	1,00084149837494	
4809,375	0,515865862369537	4809,375	1,00350201129913	
4812,5	0,517888367176056	4812,5	1,00440287590027	
4815,625	0,521344125270844	4815,625	1,01241111755371	
4818,75	0,51957368850708	4818,75	1,0127979516983	
4821,875	0,518226861953735	4821,875	1,0136444568634	
4825	0,516433417797089	4825	1,01485002040863	
4828,125	0,520029783248901	4828,125	1,01490890979767	
4831,25	0,523384094238281	4831,25	1,02662813663483	
4834,375	0,523963809013367	4834,375	1,02713572978973	
4837,5	0,521405577659607	4837,5	1,02896916866302	
4840,625	0,51977550983429	4840,625	1,03271400928497	
4843,75	0,518039464950562	4843,75	1,03315424919128	
4846,875	0,516756474971771	4846,875	1,03781831264496	
4850	0,510380268096924	4850	1,04261755943298	
4853,125	0,500340282917023	4853,125	1,04933571815491	
4856,25	0,501714169979095	4856,25	1,06027150154114	
4859,375	0,503172814846039	4859,375	1,07530641555786	
4862,5	0,500780463218689	4862,5	1,08543479442596	
4865,625	0,51517641544342	4865,625	1,0888876914978	
4868,75	0,514930605888367	4868,75	1,09659326076508	
4871,875	0,520500123500824	4871,875	1,09363341331482	
4875	0,523114264011383	4875	1,10613834857941	
4878,125	0,518261313438416	4878,125	1,10551834106445	
4881,25	0,522546827793121	4881,25	1,11516487598419	
4884,375	0,526262044906616	4884,375	1,12221419811249	
4887,5	0,522771716117859	4887,5	1,12612497806549	
4890,625	0,514844179153442	4890,625	1,13235807418823	
4893,75	0,522288620471954	4893,75	1,14141297340393	
4896,875	0,521298050880432	4896,875	1,14523530006409	
4900	0,528245031833649	4900	1,1556304693222	
4903,125	0,527115106582642	4903,125	1,16093897819519	
4906,25	0,527774810791016	4906,25	1,16640841960907	
4909,375	0,527246057987213	4909,375	1,17281401157379	
4912,5	0,529721677303314	4912,5	1,18198394775391	
4915,625	0,528961360454559	4915,625	1,19239366054535	
4918,75	0,52788233757019	4918,75	1,1968115568161	
4921,875	0,532234668731689	4921,875	1,20129144191742	
4925	0,533589661121368	4925	1,21267807483673	
4928,125	0,533137321472168	4928,125	1,21330451965332	
4931,25	0,527775764465332	4931,25	1,22495293617249	
4934,375	0,5339475274086	4934,375	1,23040151596069	
4937,5	0,531153082847595	4937,5	1,23203933238983	
4940,625	0,539930701255798	4940,625	1,24597454071045	
4943,75	0,529195964336395	4943,75	1,24492740631104	
4946,875	0,53021103143692	4946,875	1,25266778469086	
4950	0,533050417900085	4950	1,26371550559998	
4953,125	0,537282168865204	4953,125	1,2726172208786	
4956,25	0,532328367233276	4956,25	1,27842032909393	
4959,375	0,521512746810913	4959,375	1,28884446620941	
4962,5	0,52608847618103	4962,5	1,30597925186157	
4965,625	0,525411486625671	4965,625	1,31534957885742	
4968,75	0,517415463924408	4968,75	1,32624745368958	
4971,875	0,517373383045197	4971,875	1,34129166603088	
				
