Frequency in Hz	Silk_97 Sound Reflection Factor continuous Re	Frequency in Hz	Silk_97 Sound Reflection Factor continuous Im	
100	0,958637058734894	100	-0,129798993468285	
103,125	0,951270878314972	103,125	-0,119931310415268	
106,25	0,95123016834259	106,25	-0,153281405568123	
109,375	0,962972521781921	109,375	-0,13867013156414	
112,5	0,950637638568878	112,5	-0,143275573849678	
115,625	0,949003994464874	115,625	-0,154686272144318	
118,75	0,953433632850647	118,75	-0,147032082080841	
121,875	0,939908981323242	121,875	-0,154247909784317	
125	0,951067268848419	125	-0,157075241208076	
128,125	0,949101150035858	128,125	-0,168084263801575	
131,25	0,949302673339844	131,25	-0,16633540391922	
134,375	0,95746648311615	134,375	-0,167206004261971	
137,5	0,932012140750885	137,5	-0,181962952017784	
140,625	0,930638194084167	140,625	-0,170861780643463	
143,75	0,926869213581085	143,75	-0,182517647743225	
146,875	0,943909108638763	146,875	-0,172139316797256	
150	0,930082559585571	150	-0,182994991540909	
153,125	0,929519355297089	153,125	-0,196421355009079	
156,25	0,929909586906433	156,25	-0,191456109285355	
159,375	0,928845763206482	159,375	-0,196939170360565	
162,5	0,92975378036499	162,5	-0,196704030036926	
165,625	0,92437219619751	165,625	-0,196052357554436	
168,75	0,92105096578598	168,75	-0,213151812553406	
171,875	0,916069209575653	171,875	-0,203508287668228	
175	0,909024357795715	175	-0,211123809218407	
178,125	0,915934920310974	178,125	-0,215415507555008	
181,25	0,915232181549072	181,25	-0,212693452835083	
184,375	0,908453285694122	184,375	-0,213231697678566	
187,5	0,899213433265686	187,5	-0,222712576389313	
190,625	0,898692429065704	190,625	-0,218474701046944	
193,75	0,893110036849976	193,75	-0,230787739157677	
196,875	0,896267473697662	196,875	-0,22619791328907	
200	0,902781188488007	200	-0,227030530571938	
203,125	0,905770123004913	203,125	-0,226824387907982	
206,25	0,89207535982132	206,25	-0,245090499520302	
209,375	0,890797138214111	209,375	-0,239202305674553	
212,5	0,898392856121063	212,5	-0,234133511781693	
215,625	0,882428228855133	215,625	-0,248276323080063	
218,75	0,886538982391357	218,75	-0,240764483809471	
221,875	0,880967617034912	221,875	-0,249520286917686	
225	0,87576812505722	225	-0,24841220676899	
228,125	0,87253201007843	228,125	-0,251252055168152	
231,25	0,871925830841064	231,25	-0,252278178930283	
234,375	0,866923689842224	234,375	-0,255463480949402	
237,5	0,873140573501587	237,5	-0,255223602056503	
240,625	0,870431423187256	240,625	-0,270381033420563	
243,75	0,867743730545044	243,75	-0,264944583177567	
246,875	0,85731029510498	246,875	-0,265191525220871	
250	0,854645431041718	250	-0,266145706176758	
253,125	0,857208013534546	253,125	-0,270143508911133	
256,25	0,851933360099792	256,25	-0,276238471269608	
259,375	0,846383988857269	259,375	-0,271562427282333	
262,5	0,847798883914948	262,5	-0,27886438369751	
265,625	0,847869038581848	265,625	-0,285229355096817	
268,75	0,844350159168243	268,75	-0,280671119689941	
271,875	0,838389098644257	271,875	-0,287528514862061	
275	0,840621292591095	275	-0,288996994495392	
278,125	0,832621276378632	278,125	-0,292729258537292	
281,25	0,831658184528351	281,25	-0,291823953390121	
284,375	0,829992353916168	284,375	-0,293642073869705	
287,5	0,836930096149445	287,5	-0,294210493564606	
290,625	0,82226288318634	290,625	-0,3094182908535	
293,75	0,823668956756592	293,75	-0,307983100414276	
296,875	0,818064391613007	296,875	-0,308385699987412	
300	0,81417179107666	300	-0,309424698352814	
303,125	0,808542191982269	303,125	-0,316461175680161	
306,25	0,801947176456451	306,25	-0,317398220300674	
309,375	0,795610845088959	309,375	-0,316795706748962	
312,5	0,783955752849579	312,5	-0,321106612682343	
315,625	0,774885356426239	315,625	-0,306402266025543	
318,75	0,771708309650421	318,75	-0,307641744613647	
321,875	0,779316544532776	321,875	-0,300554692745209	
325	0,781604707241058	325	-0,296294122934341	
328,125	0,778380572795868	328,125	-0,292383879423141	
331,25	0,785264492034912	331,25	-0,306100159883499	
334,375	0,784921407699585	334,375	-0,307487308979034	
337,5	0,781787216663361	337,5	-0,304247230291367	
340,625	0,782748281955719	340,625	-0,309010803699493	
343,75	0,776015162467957	343,75	-0,315257430076599	
346,875	0,7764852643013	346,875	-0,316070526838303	
350	0,773311853408813	350	-0,314249366521835	
353,125	0,773992657661438	353,125	-0,315552175045013	
356,25	0,774472177028656	356,25	-0,323475986719131	
359,375	0,767582416534424	359,375	-0,330776542425156	
362,5	0,762933373451233	362,5	-0,328733146190643	
365,625	0,75615006685257	365,625	-0,324971854686737	
368,75	0,761185705661774	368,75	-0,328835397958755	
371,875	0,768967926502228	371,875	-0,336296707391739	
375	0,741140842437744	375	-0,326414585113525	
378,125	0,742614448070526	378,125	-0,333952277898788	
381,25	0,753498733043671	381,25	-0,330072522163391	
384,375	0,736352264881134	384,375	-0,330678820610046	
387,5	0,732801675796509	387,5	-0,343063205480576	
390,625	0,734474420547485	390,625	-0,348631739616394	
393,75	0,744165420532227	393,75	-0,337130695581436	
396,875	0,742171108722687	396,875	-0,335988104343414	
400	0,739238739013672	400	-0,333598166704178	
403,125	0,736914217472076	403,125	-0,33343380689621	
406,25	0,72678142786026	406,25	-0,338362634181976	
409,375	0,713615953922272	409,375	-0,342459499835968	
412,5	0,70836615562439	412,5	-0,350087285041809	
415,625	0,720249593257904	415,625	-0,350824445486069	
418,75	0,708712041378021	418,75	-0,347830355167389	
421,875	0,707158923149109	421,875	-0,356746882200241	
425	0,706235945224762	425	-0,352244824171066	
428,125	0,709321081638336	428,125	-0,339542776346207	
431,25	0,704297542572021	431,25	-0,353928029537201	
434,375	0,70316082239151	434,375	-0,348756521940231	
437,5	0,701750755310059	437,5	-0,347552061080933	
440,625	0,698812544345856	440,625	-0,345038324594498	
443,75	0,693426489830017	443,75	-0,350440412759781	
446,875	0,690088212490082	446,875	-0,347174108028412	
450	0,699042499065399	450	-0,347216546535492	
453,125	0,696889162063599	453,125	-0,347168624401093	
456,25	0,699485778808594	456,25	-0,349953711032867	
459,375	0,690727293491364	459,375	-0,353408426046371	
462,5	0,683061957359314	462,5	-0,359621793031693	
465,625	0,682878077030182	465,625	-0,360496342182159	
468,75	0,681534886360168	468,75	-0,358026057481766	
471,875	0,672580063343048	471,875	-0,367086917161942	
475	0,669422745704651	475	-0,364449620246887	
478,125	0,667872130870819	478,125	-0,355519264936447	
481,25	0,673256993293762	481,25	-0,35533019900322	
484,375	0,664133667945862	484,375	-0,359614908695221	
487,5	0,663696944713593	487,5	-0,355105549097061	
490,625	0,660426080226898	490,625	-0,357370883226395	
493,75	0,654881954193115	493,75	-0,356941908597946	
496,875	0,653188705444336	496,875	-0,35654005408287	
500	0,656470417976379	500	-0,362105518579483	
503,125	0,653369069099426	503,125	-0,362525433301926	
506,25	0,652349472045898	506,25	-0,361112296581268	
509,375	0,650520145893097	509,375	-0,365192204713821	
512,5	0,643596053123474	512,5	-0,365121126174927	
515,625	0,643229126930237	515,625	-0,359569579362869	
518,75	0,641745388507843	518,75	-0,357380479574203	
521,875	0,637815892696381	521,875	-0,365313977003098	
525	0,634107887744904	525	-0,363762736320496	
528,125	0,637575805187225	528,125	-0,363062739372253	
531,25	0,632180750370026	531,25	-0,363917261362076	
534,375	0,629703104496002	534,375	-0,363165557384491	
537,5	0,62726491689682	537,5	-0,363939553499222	
540,625	0,62650454044342	540,625	-0,364436000585556	
543,75	0,624355673789978	543,75	-0,359847545623779	
546,875	0,621653914451599	546,875	-0,367394745349884	
550	0,619537115097046	550	-0,364658862352371	
553,125	0,615509450435638	553,125	-0,364803373813629	
556,25	0,630042493343353	556,25	-0,338379174470901	
559,375	0,624436497688293	559,375	-0,336472362279892	
562,5	0,623564600944519	562,5	-0,336147516965866	
565,625	0,621918201446533	565,625	-0,337440311908722	
568,75	0,619086980819702	568,75	-0,336135745048523	
571,875	0,617297470569611	571,875	-0,335209608078003	
575	0,616498529911041	575	-0,336299896240234	
578,125	0,613547682762146	578,125	-0,333431094884872	
581,25	0,613620460033417	581,25	-0,335000336170197	
584,375	0,611934065818787	584,375	-0,336369872093201	
587,5	0,610637187957764	587,5	-0,335663914680481	
590,625	0,607801735401154	590,625	-0,334752053022385	
593,75	0,60542243719101	593,75	-0,334593862295151	
596,875	0,60499906539917	596,875	-0,333937048912048	
600	0,602118492126465	600	-0,335435420274735	
603,125	0,601160049438477	603,125	-0,333774328231812	
606,25	0,598530292510986	606,25	-0,33395579457283	
609,375	0,598634660243988	609,375	-0,333132833242416	
612,5	0,596510708332062	612,5	-0,333040326833725	
615,625	0,594076931476593	615,625	-0,333925098180771	
618,75	0,593261659145355	618,75	-0,332894951105118	
621,875	0,593115329742432	621,875	-0,331648826599121	
625	0,59035336971283	625	-0,330660283565521	
628,125	0,588095307350159	628,125	-0,332244217395782	
631,25	0,584750533103943	631,25	-0,330673933029175	
634,375	0,583321452140808	634,375	-0,33035683631897	
637,5	0,582883238792419	637,5	-0,330489218235016	
640,625	0,582774639129639	640,625	-0,328290373086929	
643,75	0,580107927322388	643,75	-0,330339580774307	
646,875	0,578050255775452	646,875	-0,328843951225281	
650	0,577970743179321	650	-0,329759031534195	
653,125	0,575812935829163	653,125	-0,328053504228592	
656,25	0,574098646640778	656,25	-0,327103406190872	
659,375	0,572273313999176	659,375	-0,327883571386337	
662,5	0,573022723197937	662,5	-0,327153503894806	
665,625	0,572068691253662	665,625	-0,327819615602493	
668,75	0,56954687833786	668,75	-0,326923280954361	
671,875	0,568684816360474	671,875	-0,324879318475723	
675	0,565602779388428	675	-0,325403451919556	
678,125	0,563722193241119	678,125	-0,325285971164703	
681,25	0,563552260398865	681,25	-0,324554771184921	
684,375	0,563086271286011	684,375	-0,324187397956848	
687,5	0,564354121685028	687,5	-0,324100881814957	
690,625	0,559737265110016	690,625	-0,326975077390671	
693,75	0,560779452323914	693,75	-0,324126988649368	
696,875	0,559921383857727	696,875	-0,323681473731995	
700	0,557440221309662	700	-0,323833048343658	
703,125	0,556928515434265	703,125	-0,324218720197678	
706,25	0,557089567184448	706,25	-0,322950184345245	
709,375	0,555214583873749	709,375	-0,321517080068588	
712,5	0,551965236663818	712,5	-0,324910432100296	
715,625	0,553771138191223	715,625	-0,323186755180359	
718,75	0,553534150123596	718,75	-0,323754906654358	
721,875	0,55149245262146	721,875	-0,323100209236145	
725	0,551429867744446	725	-0,323819220066071	
728,125	0,548912465572357	728,125	-0,322973281145096	
731,25	0,549309492111206	731,25	-0,323152333498001	
734,375	0,548198163509369	734,375	-0,322718918323517	
737,5	0,548506319522858	737,5	-0,323071032762527	
740,625	0,545193910598755	740,625	-0,322086185216904	
743,75	0,542592644691467	743,75	-0,321970343589783	
746,875	0,542783141136169	746,875	-0,325225800275803	
750	0,542422950267792	750	-0,325060904026031	
753,125	0,542378664016724	753,125	-0,323819935321808	
756,25	0,541259586811066	756,25	-0,322890222072601	
759,375	0,539517462253571	759,375	-0,321473270654678	
762,5	0,540992081165314	762,5	-0,321938961744308	
765,625	0,539866805076599	765,625	-0,321645230054855	
768,75	0,537948310375214	768,75	-0,32491672039032	
771,875	0,535646200180054	771,875	-0,324447304010391	
775	0,536807417869568	775	-0,323500990867615	
778,125	0,535414159297943	778,125	-0,322784721851349	
781,25	0,534366488456726	781,25	-0,324832707643509	
784,375	0,532526612281799	784,375	-0,325714588165283	
787,5	0,53147965669632	787,5	-0,327414393424988	
790,625	0,531304359436035	790,625	-0,327714949846268	
793,75	0,531295239925385	793,75	-0,326724022626877	
796,875	0,5318483710289	796,875	-0,327228933572769	
800	0,530440330505371	800	-0,328212887048721	
803,125	0,531610548496246	803,125	-0,328091561794281	
806,25	0,53018319606781	806,25	-0,330264419317245	
809,375	0,524791955947876	809,375	-0,333686232566834	
812,5	0,528183281421661	812,5	-0,331384241580963	
815,625	0,528379380702972	815,625	-0,331354379653931	
818,75	0,524549663066864	818,75	-0,334483534097672	
821,875	0,523994565010071	821,875	-0,33395704627037	
825	0,527038037776947	825	-0,331167548894882	
828,125	0,524817705154419	828,125	-0,333875238895416	
831,25	0,519040107727051	831,25	-0,327340424060822	
834,375	0,517385005950928	834,375	-0,338882744312286	
837,5	0,51917040348053	837,5	-0,343822836875916	
840,625	0,517317831516266	840,625	-0,346159636974335	
843,75	0,513660788536072	843,75	-0,347853541374207	
846,875	0,516225576400757	846,875	-0,35089784860611	
850	0,515285968780518	850	-0,354051500558853	
853,125	0,514089167118073	853,125	-0,353474408388138	
856,25	0,510226428508759	856,25	-0,352956473827362	
859,375	0,503723919391632	859,375	-0,354721367359161	
862,5	0,500859498977661	862,5	-0,359643071889877	
865,625	0,49888888001442	865,625	-0,362324774265289	
868,75	0,497675865888596	868,75	-0,364812403917313	
871,875	0,490946412086487	871,875	-0,369868755340576	
875	0,485039919614792	875	-0,36693474650383	
878,125	0,479737669229507	878,125	-0,371676445007324	
881,25	0,471852034330368	881,25	-0,372718542814255	
884,375	0,481612205505371	884,375	-0,3443323969841	
887,5	0,473447203636169	887,5	-0,341024249792099	
890,625	0,466931045055389	890,625	-0,344841092824936	
893,75	0,462534844875336	893,75	-0,350157827138901	
896,875	0,452064871788025	896,875	-0,348602175712585	
900	0,447946310043335	900	-0,344719678163528	
903,125	0,438073962926865	903,125	-0,340762078762054	
906,25	0,432924956083298	906,25	-0,336101531982422	
909,375	0,428522318601608	909,375	-0,335462033748627	
912,5	0,420449703931808	912,5	-0,335095524787903	
915,625	0,414755016565323	915,625	-0,328481703996658	
918,75	0,411171406507492	918,75	-0,322177410125732	
921,875	0,405929952859879	921,875	-0,313329577445984	
925	0,402620702981949	925	-0,308590829372406	
928,125	0,401552736759186	928,125	-0,30585840344429	
931,25	0,395035803318024	931,25	-0,298625707626343	
934,375	0,395110368728638	934,375	-0,292620241641998	
937,5	0,393508106470108	937,5	-0,28770187497139	
940,625	0,392928212881088	940,625	-0,283369272947311	
943,75	0,390994161367416	943,75	-0,277990370988846	
946,875	0,390036851167679	946,875	-0,273610174655914	
950	0,391029000282288	950	-0,268590360879898	
953,125	0,391248553991318	953,125	-0,263459116220474	
956,25	0,391934007406235	956,25	-0,260112255811691	
959,375	0,392893642187119	959,375	-0,257209718227386	
962,5	0,393035650253296	962,5	-0,25434485077858	
965,625	0,394250780344009	965,625	-0,250861078500748	
968,75	0,395746111869812	968,75	-0,248353958129883	
971,875	0,396023660898209	971,875	-0,246274277567863	
975	0,397021144628525	975	-0,243789672851563	
978,125	0,397901445627213	978,125	-0,241560354828835	
981,25	0,397817611694336	981,25	-0,23918017745018	
984,375	0,399453431367874	984,375	-0,237664997577667	
987,5	0,400475978851318	987,5	-0,235770180821419	
990,625	0,401280611753464	990,625	-0,234372034668922	
993,75	0,402330368757248	993,75	-0,234501838684082	
996,875	0,403026252985001	996,875	-0,233045533299446	
1000	0,403845310211182	1000	-0,232530429959297	
1003,125	0,404387295246124	1003,125	-0,230823010206223	
1006,25	0,405013531446457	1006,25	-0,229956671595573	
1009,375	0,405363589525223	1009,375	-0,229808032512665	
1012,5	0,406186580657959	1012,5	-0,228689908981323	
1015,625	0,407356947660446	1015,625	-0,228313803672791	
1018,75	0,407148152589798	1018,75	-0,229541540145874	
1021,875	0,408191740512848	1021,875	-0,228644654154778	
1025	0,407625108957291	1025	-0,229175314307213	
1028,125	0,408489614725113	1028,125	-0,228873699903488	
1031,25	0,40961417555809	1031,25	-0,228870123624802	
1034,375	0,409254908561707	1034,375	-0,229521453380585	
1037,5	0,409104496240616	1037,5	-0,229688316583633	
1040,625	0,409154713153839	1040,625	-0,230592682957649	
1043,75	0,409040480852127	1043,75	-0,23068904876709	
1046,875	0,408306390047073	1046,875	-0,231136441230774	
1050	0,408454835414886	1050	-0,232967808842659	
1053,125	0,409304767847061	1053,125	-0,234350234270096	
1056,25	0,407542675733566	1056,25	-0,23582911491394	
1059,375	0,407662719488144	1059,375	-0,236183851957321	
1062,5	0,406769871711731	1062,5	-0,237826302647591	
1065,625	0,404204666614532	1065,625	-0,240308314561844	
1068,75	0,402815848588943	1068,75	-0,239646151661873	
1071,875	0,401316851377487	1071,875	-0,241337865591049	
1075	0,400505423545837	1075	-0,243412464857101	
1078,125	0,398746758699417	1078,125	-0,24565777182579	
1081,25	0,392186194658279	1081,25	-0,247083231806755	
1084,375	0,391228169202805	1084,375	-0,248369887471199	
1087,5	0,388289421796799	1087,5	-0,249538749456406	
1090,625	0,385332107543945	1090,625	-0,2497538626194	
1093,75	0,380993783473969	1093,75	-0,251697927713394	
1096,875	0,376036047935486	1096,875	-0,251417428255081	
1100	0,371345371007919	1100	-0,251458585262299	
1103,125	0,365952163934708	1103,125	-0,251361906528473	
1106,25	0,362956374883652	1106,25	-0,248966410756111	
1109,375	0,356015235185623	1109,375	-0,249547317624092	
1112,5	0,352762222290039	1112,5	-0,248954132199287	
1115,625	0,347908765077591	1115,625	-0,243651136755943	
1118,75	0,342006474733353	1118,75	-0,24363648891449	
1121,875	0,339922338724136	1121,875	-0,239467188715935	
1125	0,334489196538925	1125	-0,236538842320442	
1128,125	0,3312908411026	1128,125	-0,233582124114037	
1131,25	0,325421243906021	1131,25	-0,22702793776989	
1134,375	0,324308812618256	1134,375	-0,223356172442436	
1137,5	0,322268545627594	1137,5	-0,220180183649063	
1140,625	0,318978756666183	1140,625	-0,214736253023148	
1143,75	0,318962782621384	1143,75	-0,210413038730621	
1146,875	0,318544000387192	1146,875	-0,205954015254974	
1150	0,317201852798462	1150	-0,201237961649895	
1153,125	0,318066388368607	1153,125	-0,197186425328255	
1156,25	0,317290067672729	1156,25	-0,19421249628067	
1159,375	0,316386818885803	1159,375	-0,190446272492409	
1162,5	0,317308992147446	1162,5	-0,18728369474411	
1165,625	0,316684365272522	1165,625	-0,184408128261566	
1168,75	0,317439764738083	1168,75	-0,182295605540276	
1171,875	0,318197816610336	1171,875	-0,180303975939751	
1175	0,317574083805084	1175	-0,178138941526413	
1178,125	0,31784725189209	1178,125	-0,176227003335953	
1181,25	0,318073511123657	1181,25	-0,174200281500816	
1184,375	0,317817956209183	1184,375	-0,171970903873444	
1187,5	0,317044705152512	1187,5	-0,170823112130165	
1190,625	0,316705167293549	1190,625	-0,168534815311432	
1193,75	0,316762298345566	1193,75	-0,165892571210861	
1196,875	0,315578669309616	1196,875	-0,163206353783607	
1200	0,313603073358536	1200	-0,163711667060852	
1203,125	0,312908887863159	1203,125	-0,161152392625809	
1206,25	0,312812894582748	1206,25	-0,157955855131149	
1209,375	0,311936020851135	1209,375	-0,157098844647408	
1212,5	0,311459362506866	1212,5	-0,154866591095924	
1215,625	0,311007291078568	1215,625	-0,152150645852089	
1218,75	0,308288246393204	1218,75	-0,14892290532589	
1221,875	0,309935241937637	1221,875	-0,146116241812706	
1225	0,310719221830368	1225	-0,143679037690163	
1228,125	0,309298247098923	1228,125	-0,140512675046921	
1231,25	0,308960795402527	1231,25	-0,138181999325752	
1234,375	0,30901512503624	1234,375	-0,134675994515419	
1237,5	0,310653805732727	1237,5	-0,132130146026611	
1240,625	0,31100144982338	1240,625	-0,130374819040298	
1243,75	0,311747491359711	1243,75	-0,12744577229023	
1246,875	0,311744421720505	1246,875	-0,124701976776123	
1250	0,312082052230835	1250	-0,123171262443066	
1253,125	0,313301652669907	1253,125	-0,121167339384556	
1256,25	0,313319891691208	1256,25	-0,119391992688179	
1259,375	0,315115660429001	1259,375	-0,116869203746319	
1262,5	0,31664189696312	1262,5	-0,114683896303177	
1265,625	0,317145675420761	1265,625	-0,112824268639088	
1268,75	0,31873682141304	1268,75	-0,111205287277699	
1271,875	0,319280028343201	1271,875	-0,109930083155632	
1275	0,319600164890289	1275	-0,108753323554993	
1278,125	0,321162045001984	1278,125	-0,106950998306274	
1281,25	0,322064399719238	1281,25	-0,105526223778725	
1284,375	0,322618126869202	1284,375	-0,103766620159149	
1287,5	0,324223816394806	1287,5	-0,10271330177784	
1290,625	0,325535923242569	1290,625	-0,101859644055367	
1293,75	0,325906604528427	1293,75	-0,100032158195972	
1296,875	0,326164782047272	1296,875	-0,0997975692152977	
1300	0,328345835208893	1300	-0,09808399528265	
1303,125	0,3293576836586	1303,125	-0,0974548161029816	
1306,25	0,32960107922554	1306,25	-0,0962096452713013	
1309,375	0,330345302820206	1309,375	-0,0956035107374191	
1312,5	0,331629574298859	1312,5	-0,0947255939245224	
1315,625	0,332743674516678	1315,625	-0,093597300350666	
1318,75	0,332717210054398	1318,75	-0,0930632874369621	
1321,875	0,332840710878372	1321,875	-0,0918494015932083	
1325	0,333752274513245	1325	-0,0910845100879669	
1328,125	0,335274696350098	1328,125	-0,0904615744948387	
1331,25	0,33512145280838	1331,25	-0,0903036445379257	
1334,375	0,336147844791412	1334,375	-0,0907140970230103	
1337,5	0,336625695228577	1337,5	-0,0892869159579277	
1340,625	0,336769312620163	1340,625	-0,0887220129370689	
1343,75	0,337952464818954	1343,75	-0,0876242145895958	
1346,875	0,337863802909851	1346,875	-0,0873788371682167	
1350	0,338473260402679	1350	-0,0875129848718643	
1353,125	0,33942586183548	1353,125	-0,0865099653601646	
1356,25	0,340208977460861	1356,25	-0,0871219485998154	
1359,375	0,339573264122009	1359,375	-0,0859944447875023	
1362,5	0,339822083711624	1362,5	-0,0854551494121552	
1365,625	0,340433716773987	1365,625	-0,0851504132151604	
1368,75	0,340901046991348	1368,75	-0,0847475752234459	
1371,875	0,340733021497726	1371,875	-0,0848537608981133	
1375	0,341519773006439	1375	-0,0844732597470284	
1378,125	0,342340409755707	1378,125	-0,0838631093502045	
1381,25	0,341944098472595	1381,25	-0,0847152844071388	
1384,375	0,34291860461235	1384,375	-0,0843248665332794	
1387,5	0,342937856912613	1387,5	-0,083008274435997	
1390,625	0,342800468206406	1390,625	-0,0824382528662682	
1393,75	0,342213839292526	1393,75	-0,0827049091458321	
1396,875	0,342175185680389	1396,875	-0,0830877497792244	
1400	0,341877549886703	1400	-0,0826484188437462	
1403,125	0,341852515935898	1403,125	-0,0829824879765511	
1406,25	0,34139022231102	1406,25	-0,0830919295549393	
1409,375	0,340371191501617	1409,375	-0,082736611366272	
1412,5	0,340080142021179	1412,5	-0,0816264599561691	
1415,625	0,339434713125229	1415,625	-0,0811555087566376	
1418,75	0,339229851961136	1418,75	-0,0804744437336922	
1421,875	0,338890761137009	1421,875	-0,0792207792401314	
1425	0,339053213596344	1425	-0,078597754240036	
1428,125	0,338729530572891	1428,125	-0,0786023288965225	
1431,25	0,33869257569313	1431,25	-0,0773743018507957	
1434,375	0,338314384222031	1434,375	-0,0764416605234146	
1437,5	0,337261974811554	1437,5	-0,0755936801433563	
1440,625	0,338289648294449	1440,625	-0,0741769969463348	
1443,75	0,337086886167526	1443,75	-0,0751183107495308	
1446,875	0,337094336748123	1446,875	-0,0732860490679741	
1450	0,337025672197342	1450	-0,0726352855563164	
1453,125	0,336964875459671	1453,125	-0,0716976970434189	
1456,25	0,336567252874374	1456,25	-0,0713375955820084	
1459,375	0,336481541395187	1459,375	-0,0703470632433891	
1462,5	0,336195230484009	1462,5	-0,0690509527921677	
1465,625	0,336382508277893	1465,625	-0,0684903487563133	
1468,75	0,336047023534775	1468,75	-0,0681864693760872	
1471,875	0,335962504148483	1471,875	-0,0674748197197914	
1475	0,336446821689606	1475	-0,0660845637321472	
1478,125	0,336105197668076	1478,125	-0,0653291642665863	
1481,25	0,336035639047623	1481,25	-0,0640157386660576	
1484,375	0,335839331150055	1484,375	-0,0640583857893944	
1487,5	0,336929261684418	1487,5	-0,063495010137558	
1490,625	0,336836010217667	1490,625	-0,0626585558056831	
1493,75	0,337109267711639	1493,75	-0,0621550604701042	
1496,875	0,337907016277313	1496,875	-0,0606157928705215	
1500	0,337038069963455	1500	-0,0609799437224865	
1503,125	0,33696636557579	1503,125	-0,0601798817515373	
1506,25	0,337203741073608	1506,25	-0,0588486045598984	
1509,375	0,337573766708374	1509,375	-0,0599143207073212	
1512,5	0,337479203939438	1512,5	-0,058939304202795	
1515,625	0,338141411542892	1515,625	-0,0584270358085632	
1518,75	0,337781310081482	1518,75	-0,057860404253006	
1521,875	0,338127851486206	1521,875	-0,0565568096935749	
1525	0,338248670101166	1525	-0,0576748475432396	
1528,125	0,337537169456482	1528,125	-0,0564224012196064	
1531,25	0,33761590719223	1531,25	-0,0561441257596016	
1534,375	0,337159276008606	1534,375	-0,0554634891450405	
1537,5	0,337496042251587	1537,5	-0,0557826384902	
1540,625	0,337477326393127	1540,625	-0,0545745529234409	
1543,75	0,336829751729965	1543,75	-0,0555503703653812	
1546,875	0,336928695440292	1546,875	-0,0540103949606419	
1550	0,336887776851654	1550	-0,0542604923248291	
1553,125	0,337247431278229	1553,125	-0,053375631570816	
1556,25	0,336467236280441	1556,25	-0,0535920225083828	
1559,375	0,336792945861816	1559,375	-0,0533057823777199	
1562,5	0,336531013250351	1562,5	-0,0529531836509705	
1565,625	0,334955871105194	1565,625	-0,0523584634065628	
1568,75	0,33541277050972	1568,75	-0,0523385070264339	
1571,875	0,334563553333282	1571,875	-0,0521625354886055	
1575	0,334942758083344	1575	-0,0512083470821381	
1578,125	0,334609150886536	1578,125	-0,0511977300047874	
1581,25	0,334745407104492	1581,25	-0,0513226985931396	
1584,375	0,334245562553406	1584,375	-0,0498363859951496	
1587,5	0,33396390080452	1587,5	-0,0500407628715038	
1590,625	0,333889305591583	1590,625	-0,0501284301280975	
1593,75	0,333231091499329	1593,75	-0,0502026192843914	
1596,875	0,332672148942947	1596,875	-0,0491582415997982	
1600	0,332543015480042	1600	-0,0489102490246296	
1603,125	0,332023322582245	1603,125	-0,0485855787992477	
1606,25	0,331239402294159	1606,25	-0,0484456606209278	
1609,375	0,329025506973267	1609,375	-0,0470141917467117	
1612,5	0,32746684551239	1612,5	-0,0468761026859283	
1615,625	0,327688753604889	1615,625	-0,0465176478028297	
1618,75	0,328087091445923	1618,75	-0,0469155684113503	
1621,875	0,327160596847534	1621,875	-0,0458188354969025	
1625	0,325702279806137	1625	-0,0459294803440571	
1628,125	0,325305998325348	1628,125	-0,0443354025483131	
1631,25	0,324083358049393	1631,25	-0,0443441607058048	
1634,375	0,324788093566895	1634,375	-0,04372239112854	
1637,5	0,323032200336456	1637,5	-0,0433328375220299	
1640,625	0,321637123823166	1640,625	-0,0406038910150528	
1643,75	0,319734454154968	1643,75	-0,0416665785014629	
1646,875	0,320250153541565	1646,875	-0,0397126823663712	
1650	0,319942265748978	1650	-0,0391155779361725	
1653,125	0,318692028522491	1653,125	-0,038084551692009	
1656,25	0,318034827709198	1656,25	-0,0368418768048286	
1659,375	0,317593455314636	1659,375	-0,0346634723246098	
1662,5	0,316967040300369	1662,5	-0,0332700498402119	
1665,625	0,316637247800827	1665,625	-0,0328293778002262	
1668,75	0,31630003452301	1668,75	-0,0312890894711018	
1671,875	0,316220194101334	1671,875	-0,0305567923933268	
1675	0,315236777067184	1675	-0,0294749811291695	
1678,125	0,315012186765671	1678,125	-0,0289114359766245	
1681,25	0,315505862236023	1681,25	-0,0265308246016502	
1684,375	0,313470900058746	1684,375	-0,0259582325816154	
1687,5	0,313748508691788	1687,5	-0,0252200979739428	
1690,625	0,313509106636047	1690,625	-0,0242338050156832	
1693,75	0,312585562467575	1693,75	-0,0221233479678631	
1696,875	0,313250511884689	1696,875	-0,0220298953354359	
1700	0,312688320875168	1700	-0,0211063083261251	
1703,125	0,313277572393417	1703,125	-0,0202210545539856	
1706,25	0,313229262828827	1706,25	-0,0193351469933987	
1709,375	0,311712056398392	1709,375	-0,0184318926185369	
1712,5	0,31129789352417	1712,5	-0,0169163532555103	
1715,625	0,310673832893372	1715,625	-0,0161126274615526	
1718,75	0,311246156692505	1718,75	-0,0153286531567574	
1721,875	0,310761451721191	1721,875	-0,0150335505604744	
1725	0,30859711766243	1725	-0,0147665264084935	
1728,125	0,309438586235046	1728,125	-0,012516369111836	
1731,25	0,309903860092163	1731,25	-0,0100159095600247	
1734,375	0,309874594211578	1734,375	-0,00967027526348829	
1737,5	0,309048235416412	1737,5	-0,00841585639864206	
1740,625	0,31000879406929	1740,625	-0,00632235873490572	
1743,75	0,30880481004715	1743,75	-0,00575379747897387	
1746,875	0,30851012468338	1746,875	-0,00401053251698613	
1750	0,309248834848404	1750	-0,0025989452842623	
1753,125	0,308868020772934	1753,125	-0,00151970703154802	
1756,25	0,308432996273041	1756,25	-0,00109228270594031	
1759,375	0,309129655361176	1759,375	0,00110710051376373	
1762,5	0,309142917394638	1762,5	0,00173067243304104	
1765,625	0,309534907341003	1765,625	0,0022134252358228	
1768,75	0,309322774410248	1768,75	0,00394790573045611	
1771,875	0,309875965118408	1771,875	0,00568160833790898	
1775	0,310126602649689	1775	0,00684397481381893	
1778,125	0,310322791337967	1778,125	0,007112056016922	
1781,25	0,310735642910004	1781,25	0,00860412605106831	
1784,375	0,310794174671173	1784,375	0,010061957873404	
1787,5	0,31237781047821	1787,5	0,0103789158165455	
1790,625	0,311179935932159	1790,625	0,0113456156104803	
1793,75	0,313149482011795	1793,75	0,011529884301126	
1796,875	0,313721597194672	1796,875	0,0138248987495899	
1800	0,312739104032516	1800	0,0159812495112419	
1803,125	0,313641220331192	1803,125	0,0141933597624302	
1806,25	0,3141048848629	1806,25	0,0160537175834179	
1809,375	0,314100354909897	1809,375	0,0166168883442879	
1812,5	0,31488773226738	1812,5	0,0190130770206451	
1815,625	0,315800160169601	1815,625	0,0172467418015003	
1818,75	0,31469190120697	1818,75	0,0188220646232367	
1821,875	0,315904498100281	1821,875	0,0190485529601574	
1825	0,317152112722397	1825	0,0192059054970741	
1828,125	0,317353576421738	1828,125	0,0197951272130013	
1831,25	0,317180186510086	1831,25	0,0207563005387783	
1834,375	0,317183494567871	1834,375	0,0207306109368801	
1837,5	0,317649960517883	1837,5	0,0218756627291441	
1840,625	0,319055646657944	1840,625	0,0214348286390305	
1843,75	0,31798854470253	1843,75	0,0216380469501019	
1846,875	0,31887423992157	1846,875	0,0214919950813055	
1850	0,319048792123795	1850	0,0218498390167952	
1853,125	0,319146990776062	1853,125	0,0224436316639185	
1856,25	0,317865043878555	1856,25	0,0238034222275019	
1859,375	0,318608045578003	1859,375	0,0235976036638021	
1862,5	0,318177878856659	1862,5	0,0232254229485989	
1865,625	0,318430453538895	1865,625	0,0244817491620779	
1868,75	0,317795425653458	1868,75	0,0252716597169638	
1871,875	0,317905366420746	1871,875	0,0250742174685001	
1875	0,318819165229797	1875	0,0255819614976645	
1878,125	0,31727346777916	1878,125	0,0255611389875412	
1881,25	0,317297458648682	1881,25	0,025989405810833	
1884,375	0,317899286746979	1884,375	0,0264666974544525	
1887,5	0,317487269639969	1887,5	0,0270502027124166	
1890,625	0,316158443689346	1890,625	0,0278235971927643	
1893,75	0,315674394369125	1893,75	0,0290046725422144	
1896,875	0,315099090337753	1896,875	0,0296384431421757	
1900	0,31546688079834	1900	0,0301150418817997	
1903,125	0,314478635787964	1903,125	0,0312888436019421	
1906,25	0,314205706119537	1906,25	0,0317601822316647	
1909,375	0,314167320728302	1909,375	0,032690592110157	
1912,5	0,314421981573105	1912,5	0,0341025292873383	
1915,625	0,313838183879852	1915,625	0,0344915576279163	
1918,75	0,314051568508148	1918,75	0,0342168658971787	
1921,875	0,314798027276993	1921,875	0,0359551385045052	
1925	0,315412670373917	1925	0,036596417427063	
1928,125	0,31420972943306	1928,125	0,0374612621963024	
1931,25	0,314181953668594	1931,25	0,0389139577746391	
1934,375	0,314834892749786	1934,375	0,0395382456481457	
1937,5	0,315266519784927	1937,5	0,0406988970935345	
1940,625	0,315375715494156	1940,625	0,0411834493279457	
1943,75	0,315550237894058	1943,75	0,0418819934129715	
1946,875	0,315118104219437	1946,875	0,0423986241221428	
1950	0,315548151731491	1950	0,0440344326198101	
1953,125	0,316636025905609	1953,125	0,0438069030642509	
1956,25	0,316914767026901	1956,25	0,0451770983636379	
1959,375	0,317603945732117	1959,375	0,0452634282410145	
1962,5	0,31891131401062	1962,5	0,0462483093142509	
1965,625	0,318134367465973	1965,625	0,0468203611671925	
1968,75	0,319089412689209	1968,75	0,0468548387289047	
1971,875	0,318318098783493	1971,875	0,0474661216139793	
1975	0,317324846982956	1975	0,0484158173203468	
1978,125	0,319636821746826	1978,125	0,0474912710487843	
1981,25	0,319635063409805	1981,25	0,0490238144993782	
1984,375	0,319622337818146	1984,375	0,0487739816308022	
1987,5	0,320072591304779	1987,5	0,0501080378890038	
1990,625	0,320545643568039	1990,625	0,0508792884647846	
1993,75	0,320427596569061	1993,75	0,0493041537702084	
1996,875	0,321392476558685	1996,875	0,0501023679971695	
2000	0,322468519210815	2000	0,0507918633520603	
2003,125	0,322380125522614	2003,125	0,0511077046394348	
2006,25	0,322254955768585	2006,25	0,0510191582143307	
2009,375	0,322149902582169	2009,375	0,0502935200929642	
2012,5	0,321737080812454	2012,5	0,0507748797535896	
2015,625	0,321989864110947	2015,625	0,0513057187199593	
2018,75	0,321378409862518	2018,75	0,050551850348711	
2021,875	0,32310876250267	2021,875	0,0519194826483727	
2025	0,323168784379959	2025	0,0518154799938202	
2028,125	0,321995884180069	2028,125	0,0526767782866955	
2031,25	0,319874972105026	2031,25	0,0527567230165005	
2034,375	0,322384834289551	2034,375	0,0514343120157719	
2037,5	0,321830958127975	2037,5	0,0530356243252754	
2040,625	0,318705201148987	2040,625	0,0511910989880562	
2043,75	0,320158213376999	2043,75	0,0524858944118023	
2046,875	0,320616126060486	2046,875	0,0536235235631466	
2050	0,320811301469803	2050	0,0525965467095375	
2053,125	0,321041941642761	2053,125	0,0531534180045128	
2056,25	0,320093035697937	2056,25	0,0534479096531868	
2059,375	0,319689005613327	2059,375	0,0531822964549065	
2062,5	0,318918436765671	2062,5	0,0536203309893608	
2065,625	0,318957805633545	2065,625	0,0531282126903534	
2068,75	0,319270640611649	2068,75	0,054091714322567	
2071,875	0,319435775279999	2071,875	0,0543408505618572	
2075	0,318482756614685	2075	0,0547323450446129	
2078,125	0,317172080278397	2078,125	0,0551078170537949	
2081,25	0,316263616085052	2081,25	0,0559230670332909	
2084,375	0,317001491785049	2084,375	0,0554230436682701	
2087,5	0,316485702991486	2087,5	0,0566489212214947	
2090,625	0,315953403711319	2090,625	0,0572178810834885	
2093,75	0,314967066049576	2093,75	0,0569646842777729	
2096,875	0,314077109098434	2096,875	0,0591365471482277	
2100	0,31340679526329	2100	0,0575190149247646	
2103,125	0,312552183866501	2103,125	0,0594894178211689	
2106,25	0,312209784984589	2106,25	0,0610751882195473	
2109,375	0,312036097049713	2109,375	0,0612088404595852	
2112,5	0,312180042266846	2112,5	0,0622807554900646	
2115,625	0,311343610286713	2115,625	0,0631272122263908	
2118,75	0,311199396848679	2118,75	0,0646695420145988	
2121,875	0,309782326221466	2121,875	0,0650824904441834	
2125	0,309299200773239	2125	0,0658147856593132	
2128,125	0,310581058263779	2128,125	0,0666910856962204	
2131,25	0,309848248958588	2131,25	0,0680573135614395	
2134,375	0,309667825698853	2134,375	0,0680370554327965	
2137,5	0,309908360242844	2137,5	0,0699090734124184	
2140,625	0,309009313583374	2140,625	0,0709607899188995	
2143,75	0,30907991528511	2143,75	0,0717179104685783	
2146,875	0,310277760028839	2146,875	0,0740301907062531	
2150	0,310766994953156	2150	0,0743061378598213	
2153,125	0,309822559356689	2153,125	0,0754823833703995	
2156,25	0,31126081943512	2156,25	0,0769114196300507	
2159,375	0,31106173992157	2159,375	0,0773138627409935	
2162,5	0,310381263494492	2162,5	0,0795831754803658	
2165,625	0,310503870248795	2165,625	0,0799826458096504	
2168,75	0,312343806028366	2168,75	0,0794311761856079	
2171,875	0,312608748674393	2171,875	0,0808885991573334	
2175	0,314205497503281	2175	0,0821727886795998	
2178,125	0,313891530036926	2178,125	0,082101508975029	
2181,25	0,313259482383728	2181,25	0,0832874923944473	
2184,375	0,313364654779434	2184,375	0,0830737724900246	
2187,5	0,314450174570084	2187,5	0,0838098004460335	
2190,625	0,314780294895172	2190,625	0,0857092142105103	
2193,75	0,316670626401901	2193,75	0,0859376266598701	
2196,875	0,317087441682816	2196,875	0,0857723876833916	
2200	0,316646218299866	2200	0,0859129503369331	
2203,125	0,317651182413101	2203,125	0,0863404273986816	
2206,25	0,317533016204834	2206,25	0,087289497256279	
2209,375	0,317647367715836	2209,375	0,088068038225174	
2212,5	0,320619136095047	2212,5	0,088237576186657	
2215,625	0,321518868207932	2215,625	0,0882441699504852	
2218,75	0,320570290088654	2218,75	0,0892624109983444	
2221,875	0,320020884275436	2221,875	0,0897540301084518	
2225	0,320961028337479	2225	0,0889110639691353	
2228,125	0,3221175968647	2228,125	0,0890389457345009	
2231,25	0,320906817913055	2231,25	0,0893597006797791	
2234,375	0,32045966386795	2234,375	0,0891875177621841	
2237,5	0,321370035409927	2237,5	0,0909622609615326	
2240,625	0,323847562074661	2240,625	0,0901017561554909	
2243,75	0,323430627584457	2243,75	0,0909392535686493	
2246,875	0,323058903217316	2246,875	0,0918300747871399	
2250	0,321955442428589	2250	0,0913710817694664	
2253,125	0,322604537010193	2253,125	0,0912724584341049	
2256,25	0,322244077920914	2256,25	0,0911972224712372	
2259,375	0,323215872049332	2259,375	0,0916424691677094	
2262,5	0,323215007781982	2262,5	0,0922745019197464	
2265,625	0,323200643062592	2265,625	0,0922574922442436	
2268,75	0,321800976991653	2268,75	0,0919649377465248	
2271,875	0,322298914194107	2271,875	0,0923910066485405	
2275	0,323378086090088	2275	0,0920902043581009	
2278,125	0,323999971151352	2278,125	0,0929759442806244	
2281,25	0,323453634977341	2281,25	0,0937038511037827	
2284,375	0,323150634765625	2284,375	0,0944587141275406	
2287,5	0,325103044509888	2287,5	0,094292588531971	
2290,625	0,323875069618225	2290,625	0,0945466831326485	
2293,75	0,323121041059494	2293,75	0,0956652611494064	
2296,875	0,324173361063004	2296,875	0,0955277904868126	
2300	0,324276655912399	2300	0,095713272690773	
2303,125	0,323860645294189	2303,125	0,0959021002054214	
2306,25	0,324413061141968	2306,25	0,0961696654558182	
2309,375	0,324911773204803	2309,375	0,0975495651364326	
2312,5	0,324185013771057	2312,5	0,0978323817253113	
2315,625	0,323365062475204	2315,625	0,0975921154022217	
2318,75	0,325183540582657	2318,75	0,0969827994704247	
2321,875	0,323654800653458	2321,875	0,0974380150437355	
2325	0,325393527746201	2325	0,0980522781610489	
2328,125	0,325447529554367	2328,125	0,0991357639431953	
2331,25	0,326024293899536	2331,25	0,0993783995509148	
2334,375	0,327030688524246	2334,375	0,10000754147768	
2337,5	0,326644033193588	2337,5	0,100050181150436	
2340,625	0,325364768505096	2340,625	0,099906250834465	
2343,75	0,328102618455887	2343,75	0,100405618548393	
2346,875	0,327412039041519	2346,875	0,100089348852634	
2350	0,328128486871719	2350	0,101574219763279	
2353,125	0,328419238328934	2353,125	0,101184025406837	
2356,25	0,328239649534225	2356,25	0,101518653333187	
2359,375	0,328003615140915	2359,375	0,101693756878376	
2362,5	0,328615576028824	2362,5	0,101633563637733	
2365,625	0,329993158578873	2365,625	0,100571691989899	
2368,75	0,329141795635223	2368,75	0,102203607559204	
2371,875	0,326834201812744	2371,875	0,100948803126812	
2375	0,328237533569336	2375	0,10116221010685	
2378,125	0,329374551773071	2378,125	0,100598946213722	
2381,25	0,329945743083954	2381,25	0,101097293198109	
2384,375	0,330625355243683	2384,375	0,10268496721983	
2387,5	0,329316377639771	2387,5	0,101316347718239	
2390,625	0,329310923814774	2390,625	0,101533479988575	
2393,75	0,329744547605515	2393,75	0,102034166455269	
2396,875	0,33110722899437	2396,875	0,102060541510582	
2400	0,330096065998077	2400	0,102223694324493	
2403,125	0,330111414194107	2403,125	0,102613925933838	
2406,25	0,331147044897079	2406,25	0,102583602070808	
2409,375	0,331050127744675	2409,375	0,102045871317387	
2412,5	0,329293817281723	2412,5	0,103287898004055	
2415,625	0,329640746116638	2415,625	0,100289091467857	
2418,75	0,329892367124558	2418,75	0,101118929684162	
2421,875	0,330405384302139	2421,875	0,102866731584072	
2425	0,32986843585968	2425	0,102970466017723	
2428,125	0,329775035381317	2428,125	0,101987153291702	
2431,25	0,329706788063049	2431,25	0,102293603122234	
2434,375	0,329449892044067	2434,375	0,102200336754322	
2437,5	0,329499423503876	2437,5	0,10302908718586	
2440,625	0,329470604658127	2440,625	0,103182978928089	
2443,75	0,329546093940735	2443,75	0,10264328122139	
2446,875	0,328809648752213	2446,875	0,102952904999256	
2450	0,329518407583237	2450	0,103874042630196	
2453,125	0,329407840967178	2453,125	0,103999391198158	
2456,25	0,329650670289993	2456,25	0,103884436190128	
2459,375	0,330035924911499	2459,375	0,104894511401653	
2462,5	0,329711437225342	2462,5	0,104042679071426	
2465,625	0,329801976680756	2465,625	0,104522563517094	
2468,75	0,328662842512131	2468,75	0,105484381318092	
2471,875	0,330654591321945	2471,875	0,103721208870411	
2475	0,329674571752548	2475	0,105511292815208	
2478,125	0,330622643232346	2478,125	0,105795577168465	
2481,25	0,329671025276184	2481,25	0,107400722801685	
2484,375	0,33039328455925	2484,375	0,105767972767353	
2487,5	0,33149042725563	2487,5	0,104790009558201	
2490,625	0,330286264419556	2490,625	0,106279201805592	
2493,75	0,328966110944748	2493,75	0,105893544852734	
2496,875	0,329185038805008	2496,875	0,105803549289703	
2500	0,330468118190765	2500	0,106792017817497	
2503,125	0,330241709947586	2503,125	0,106142327189445	
2506,25	0,33111497759819	2506,25	0,108377791941166	
2509,375	0,330601006746292	2509,375	0,108043313026428	
2512,5	0,330083936452866	2512,5	0,108421750366688	
2515,625	0,329361289739609	2515,625	0,107816278934479	
2518,75	0,329774349927902	2518,75	0,108731597661972	
2521,875	0,32973513007164	2521,875	0,109393052756786	
2525	0,332275927066803	2525	0,107999585568905	
2528,125	0,329819589853287	2528,125	0,108515709638596	
2531,25	0,329962164163589	2531,25	0,108371190726757	
2534,375	0,33087220788002	2534,375	0,109790369868279	
2537,5	0,332104086875916	2537,5	0,108523324131966	
2540,625	0,329358726739883	2540,625	0,109349504113197	
2543,75	0,329398483037949	2543,75	0,107753559947014	
2546,875	0,332164585590363	2546,875	0,108919009566307	
2550	0,332314431667328	2550	0,110038198530674	
2553,125	0,332651078701019	2553,125	0,109490461647511	
2556,25	0,333035528659821	2556,25	0,109392687678337	
2559,375	0,332368105649948	2559,375	0,109342962503433	
2562,5	0,331685870885849	2562,5	0,108991973102093	
2565,625	0,3315050303936	2565,625	0,109295852482319	
2568,75	0,331934005022049	2568,75	0,109916649758816	
2571,875	0,332929909229279	2571,875	0,110344454646111	
2575	0,332636386156082	2575	0,10985004901886	
2578,125	0,330746918916702	2578,125	0,107791543006897	
2581,25	0,331746339797974	2581,25	0,109978333115578	
2584,375	0,331504970788956	2584,375	0,109732285141945	
2587,5	0,332087725400925	2587,5	0,10959354788065	
2590,625	0,331747472286224	2590,625	0,109032370150089	
2593,75	0,331865936517715	2593,75	0,109074965119362	
2596,875	0,332371085882187	2596,875	0,110623046755791	
2600	0,33141502737999	2600	0,1103880032897	
2603,125	0,331604480743408	2603,125	0,109624728560448	
2606,25	0,330632716417313	2606,25	0,110175050795078	
2609,375	0,331656962633133	2609,375	0,111282162368298	
2612,5	0,331951379776001	2612,5	0,111087888479233	
2615,625	0,332461595535278	2615,625	0,109880581498146	
2618,75	0,333194524049759	2618,75	0,110896989703178	
2621,875	0,332685083150864	2621,875	0,110247611999512	
2625	0,331591665744781	2625	0,11083398014307	
2628,125	0,33209627866745	2628,125	0,110891580581665	
2631,25	0,332219749689102	2631,25	0,11007121950388	
2634,375	0,331099718809128	2634,375	0,110706843435764	
2637,5	0,331674724817276	2637,5	0,109683029353619	
2640,625	0,332001537084579	2640,625	0,110299065709114	
2643,75	0,333259046077728	2643,75	0,111125394701958	
2646,875	0,333032131195068	2646,875	0,113169252872467	
2650	0,334179431200027	2650	0,109546467661858	
2653,125	0,332770556211472	2653,125	0,110764756798744	
2656,25	0,33379453420639	2656,25	0,111282855272293	
2659,375	0,333639562129974	2659,375	0,110719598829746	
2662,5	0,332703709602356	2662,5	0,111115261912346	
2665,625	0,332816541194916	2665,625	0,110745973885059	
2668,75	0,331268012523651	2668,75	0,110074140131474	
2671,875	0,332955002784729	2671,875	0,111100815236568	
2675	0,333239048719406	2675	0,111617378890514	
2678,125	0,332574307918549	2678,125	0,11200188100338	
2681,25	0,333314120769501	2681,25	0,112209893763065	
2684,375	0,333805650472641	2684,375	0,111136205494404	
2687,5	0,33305236697197	2687,5	0,111889891326427	
2690,625	0,333732306957245	2690,625	0,110249146819115	
2693,75	0,332931458950043	2693,75	0,111598432064056	
2696,875	0,33238896727562	2696,875	0,11095579713583	
2700	0,332271069288254	2700	0,111028328537941	
2703,125	0,332630515098572	2703,125	0,11119120568037	
2706,25	0,331989228725433	2706,25	0,111492238938808	
2709,375	0,332402884960175	2709,375	0,111681632697582	
2712,5	0,332677096128464	2712,5	0,112754002213478	
2715,625	0,332613468170166	2715,625	0,112105660140514	
2718,75	0,332048028707504	2718,75	0,111581549048424	
2721,875	0,331377327442169	2721,875	0,111887864768505	
2725	0,332299172878265	2725	0,112513937056065	
2728,125	0,333453744649887	2728,125	0,112890675663948	
2731,25	0,333079099655151	2731,25	0,113045699894428	
2734,375	0,331816047430038	2734,375	0,112979032099247	
2737,5	0,332052171230316	2737,5	0,11277512460947	
2740,625	0,332512497901917	2740,625	0,11411689966917	
2743,75	0,334108650684357	2743,75	0,114951722323895	
2746,875	0,333213418722153	2746,875	0,114815682172775	
2750	0,331839978694916	2750	0,114333033561707	
2753,125	0,332963645458221	2753,125	0,115116514265537	
2756,25	0,334105283021927	2756,25	0,114217698574066	
2759,375	0,333580583333969	2759,375	0,115193746984005	
2762,5	0,333376348018646	2762,5	0,114649176597595	
2765,625	0,333435565233231	2765,625	0,115695014595985	
2768,75	0,335368931293488	2768,75	0,115869708359241	
2771,875	0,334347784519196	2771,875	0,115352973341942	
2775	0,334477752447128	2775	0,115518555045128	
2778,125	0,334319651126862	2778,125	0,115543305873871	
2781,25	0,335213750600815	2781,25	0,115825667977333	
2784,375	0,334582626819611	2784,375	0,116002589464188	
2787,5	0,333979040384293	2787,5	0,115601867437363	
2790,625	0,33526137471199	2790,625	0,115685991942883	
2793,75	0,335410684347153	2793,75	0,116249486804008	
2796,875	0,335848927497864	2796,875	0,116584271192551	
2800	0,336182594299316	2800	0,116897203028202	
2803,125	0,337391674518585	2803,125	0,117919653654099	
2806,25	0,336742520332336	2806,25	0,116429530084133	
2809,375	0,336711674928665	2809,375	0,11718787997961	
2812,5	0,337636232376099	2812,5	0,11672780662775	
2815,625	0,337646335363388	2815,625	0,116715170443058	
2818,75	0,337151646614075	2818,75	0,11672431230545	
2821,875	0,337644100189209	2821,875	0,1165417060256	
2825	0,336806029081345	2825	0,116731621325016	
2828,125	0,337227344512939	2828,125	0,117245189845562	
2831,25	0,338476896286011	2831,25	0,116115480661392	
2834,375	0,33759543299675	2834,375	0,116110943257809	
2837,5	0,33971956372261	2837,5	0,116840079426765	
2840,625	0,339377701282501	2840,625	0,116982251405716	
2843,75	0,337788373231888	2843,75	0,116744697093964	
2846,875	0,338902205228806	2846,875	0,115938939154148	
2850	0,33864489197731	2850	0,116530522704124	
2853,125	0,338095784187317	2853,125	0,116534277796745	
2856,25	0,338910073041916	2856,25	0,117417760193348	
2859,375	0,338599532842636	2859,375	0,117139384150505	
2862,5	0,338976234197617	2862,5	0,11663606762886	
2865,625	0,338645339012146	2865,625	0,115648604929447	
2868,75	0,338885098695755	2868,75	0,116622723639011	
2871,875	0,339858114719391	2871,875	0,117620065808296	
2875	0,339406758546829	2875	0,116362489759922	
2878,125	0,33946880698204	2878,125	0,116865396499634	
2881,25	0,33953383564949	2881,25	0,116710908710957	
2884,375	0,339320808649063	2884,375	0,116683267056942	
2887,5	0,340176701545715	2887,5	0,117255046963692	
2890,625	0,341110676527023	2890,625	0,116758473217487	
2893,75	0,340542316436768	2893,75	0,116949178278446	
2896,875	0,339867919683456	2896,875	0,116883896291256	
2900	0,33975225687027	2900	0,117401294410229	
2903,125	0,339958399534225	2903,125	0,117581591010094	
2906,25	0,339449197053909	2906,25	0,116854950785637	
2909,375	0,34004420042038	2909,375	0,117377296090126	
2912,5	0,33923801779747	2912,5	0,117512211203575	
2915,625	0,339104831218719	2915,625	0,116999141871929	
2918,75	0,339655339717865	2918,75	0,116934143006802	
2921,875	0,339950561523438	2921,875	0,118236921727657	
2925	0,340927541255951	2925	0,118762321770191	
2928,125	0,33999964594841	2928,125	0,117733582854271	
2931,25	0,339325189590454	2931,25	0,117763295769691	
2934,375	0,340194672346115	2934,375	0,118578709661961	
2937,5	0,340261399745941	2937,5	0,118437081575394	
2940,625	0,339321225881577	2940,625	0,118321850895882	
2943,75	0,339207321405411	2943,75	0,118398673832417	
2946,875	0,34039631485939	2946,875	0,118331216275692	
2950	0,339973390102386	2950	0,119069069623947	
2953,125	0,340264827013016	2953,125	0,119002819061279	
2956,25	0,341032803058624	2956,25	0,120351910591125	
2959,375	0,34082692861557	2959,375	0,119590140879154	
2962,5	0,339862287044525	2962,5	0,119650311768055	
2965,625	0,340602487325668	2965,625	0,120217069983482	
2968,75	0,341678380966187	2968,75	0,120918542146683	
2971,875	0,341653794050217	2971,875	0,121275722980499	
2975	0,341312527656555	2975	0,121755510568619	
2978,125	0,341302692890167	2978,125	0,121973656117916	
2981,25	0,340577393770218	2981,25	0,121651522815228	
2984,375	0,341979295015335	2984,375	0,122527182102203	
2987,5	0,342267721891403	2987,5	0,122977241873741	
2990,625	0,341992408037186	2990,625	0,122453302145004	
2993,75	0,342339247465134	2993,75	0,123467445373535	
2996,875	0,342874050140381	2996,875	0,123634159564972	
3000	0,343341618776321	3000	0,122197307646275	
3003,125	0,344811111688614	3003,125	0,123966157436371	
3006,25	0,344930917024612	3006,25	0,123578742146492	
3009,375	0,34429258108139	3009,375	0,1230309009552	
3012,5	0,344383060932159	3012,5	0,122591875493526	
3015,625	0,345273196697235	3015,625	0,122428759932518	
3018,75	0,344966202974319	3018,75	0,123337648808956	
3021,875	0,344853609800339	3021,875	0,122412897646427	
3025	0,345122039318085	3025	0,122469045221806	
3028,125	0,345051467418671	3028,125	0,123305253684521	
3031,25	0,34619677066803	3031,25	0,123409792780876	
3034,375	0,344416886568069	3034,375	0,124055191874504	
3037,5	0,34481006860733	3037,5	0,121352173388004	
3040,625	0,344602644443512	3040,625	0,122096516191959	
3043,75	0,344474375247955	3043,75	0,123252004384995	
3046,875	0,346408635377884	3046,875	0,123490430414677	
3050	0,34539732336998	3050	0,123068653047085	
3053,125	0,34570974111557	3053,125	0,122674636542797	
3056,25	0,345555305480957	3056,25	0,123005613684654	
3059,375	0,346652388572693	3059,375	0,123376585543156	
3062,5	0,346614062786102	3062,5	0,123297087848186	
3065,625	0,34631210565567	3065,625	0,124215073883533	
3068,75	0,346194446086884	3068,75	0,124019272625446	
3071,875	0,345789104700089	3071,875	0,124721989035606	
3075	0,346160620450974	3075	0,124297931790352	
3078,125	0,345682144165039	3078,125	0,123298138380051	
3081,25	0,345542103052139	3081,25	0,123738035559654	
3084,375	0,345659524202347	3084,375	0,124377362430096	
3087,5	0,345887899398804	3087,5	0,125368848443031	
3090,625	0,346421957015991	3090,625	0,124958537518978	
3093,75	0,347507238388062	3093,75	0,124669000506401	
3096,875	0,347232282161713	3096,875	0,125000059604645	
3100	0,345979601144791	3100	0,124022394418716	
3103,125	0,345910727977753	3103,125	0,124551489949226	
3106,25	0,346684515476227	3106,25	0,123969592154026	
3109,375	0,346206784248352	3109,375	0,1241060718894	
3112,5	0,346104651689529	3112,5	0,125259265303612	
3115,625	0,345677614212036	3115,625	0,12621696293354	
3118,75	0,346156477928162	3118,75	0,125845566391945	
3121,875	0,346985071897507	3121,875	0,12818543612957	
3125	0,347260892391205	3125	0,125983968377113	
3128,125	0,346844792366028	3128,125	0,126558735966682	
3131,25	0,346285670995712	3131,25	0,126073747873306	
3134,375	0,347267389297485	3134,375	0,125979349017143	
3137,5	0,346340268850327	3137,5	0,126886650919914	
3140,625	0,346051156520844	3140,625	0,126491636037827	
3143,75	0,346271365880966	3143,75	0,127663001418114	
3146,875	0,345946937799454	3146,875	0,126912757754326	
3150	0,345974713563919	3150	0,126023262739182	
3153,125	0,345254689455032	3153,125	0,126088231801987	
3156,25	0,345107555389404	3156,25	0,125140130519867	
3159,375	0,345246165990829	3159,375	0,125767365098	
3162,5	0,344490706920624	3162,5	0,12643001973629	
3165,625	0,343388468027115	3165,625	0,126727283000946	
3168,75	0,342969506978989	3168,75	0,127739787101746	
3171,875	0,342981338500977	3171,875	0,127713426947594	
3175	0,343742549419403	3175	0,126911535859108	
3178,125	0,344197303056717	3178,125	0,126025527715683	
3181,25	0,344689071178436	3181,25	0,128785207867622	
3184,375	0,344385027885437	3184,375	0,128281012177467	
3187,5	0,344804555177689	3187,5	0,127383753657341	
3190,625	0,343073546886444	3190,625	0,127253949642181	
3193,75	0,343081086874008	3193,75	0,12884196639061	
3196,875	0,343824416399002	3196,875	0,129416778683662	
3200	0,344173759222031	3200	0,129620552062988	
3203,125	0,343569129705429	3203,125	0,128691360354424	
3206,25	0,342965215444565	3206,25	0,128871977329254	
3209,375	0,342543989419937	3209,375	0,129642710089684	
3212,5	0,343237102031708	3212,5	0,129805386066437	
3215,625	0,342665880918503	3215,625	0,130401223897934	
3218,75	0,341443181037903	3218,75	0,132871344685555	
3221,875	0,341461807489395	3221,875	0,131651937961578	
3225	0,342772275209427	3225	0,130351707339287	
3228,125	0,343161344528198	3228,125	0,130012407898903	
3231,25	0,343751043081284	3231,25	0,130794897675514	
3234,375	0,34417062997818	3234,375	0,132774129509926	
3237,5	0,342827647924423	3237,5	0,133641585707664	
3240,625	0,342545330524445	3240,625	0,133398488163948	
3243,75	0,342696577310562	3243,75	0,133266761898994	
3246,875	0,342214405536652	3246,875	0,13444110751152	
3250	0,341923505067825	3250	0,135830417275429	
3253,125	0,342331677675247	3253,125	0,1352419257164	
3256,25	0,341715484857559	3256,25	0,135529205203056	
3259,375	0,341636687517166	3259,375	0,135699719190598	
3262,5	0,341298341751099	3262,5	0,135002627968788	
3265,625	0,340941250324249	3265,625	0,134372487664223	
3268,75	0,34008663892746	3268,75	0,135428696870804	
3271,875	0,340985208749771	3271,875	0,135128989815712	
3275	0,340389102697372	3275	0,135488361120224	
3278,125	0,339752405881882	3278,125	0,137189596891403	
3281,25	0,341610819101334	3281,25	0,137324824929237	
3284,375	0,340308308601379	3284,375	0,137375682592392	
3287,5	0,339659482240677	3287,5	0,137516602873802	
3290,625	0,341361075639725	3290,625	0,138633564114571	
3293,75	0,342221319675446	3293,75	0,137150257825851	
3296,875	0,33996194601059	3296,875	0,136412069201469	
3300	0,339313626289368	3300	0,137535318732262	
3303,125	0,33871191740036	3303,125	0,138312071561813	
3306,25	0,338900357484818	3306,25	0,138769656419754	
3309,375	0,339969784021378	3309,375	0,13892588019371	
3312,5	0,339535772800446	3312,5	0,139762938022614	
3315,625	0,33831912279129	3315,625	0,140416115522385	
3318,75	0,339137881994247	3318,75	0,141903042793274	
3321,875	0,338561564683914	3321,875	0,140771225094795	
3325	0,339499443769455	3325	0,141201257705688	
3328,125	0,339500546455383	3328,125	0,14105598628521	
3331,25	0,337972640991211	3331,25	0,141853019595146	
3334,375	0,338180124759674	3334,375	0,142876476049423	
3337,5	0,337910532951355	3337,5	0,141813859343529	
3340,625	0,337400287389755	3340,625	0,141259074211121	
3343,75	0,337929010391235	3343,75	0,143223345279694	
3346,875	0,339473992586136	3346,875	0,141118213534355	
3350	0,339671820402145	3350	0,142151117324829	
3353,125	0,339498251676559	3353,125	0,142525523900986	
3356,25	0,33779913187027	3356,25	0,144011050462723	
3359,375	0,339395433664322	3359,375	0,143631681799889	
3362,5	0,338461548089981	3362,5	0,143199548125267	
3365,625	0,336924612522125	3365,625	0,144455343484879	
3368,75	0,335984975099564	3368,75	0,143515706062317	
3371,875	0,336082279682159	3371,875	0,145563155412674	
3375	0,334877133369446	3375	0,146562218666077	
3378,125	0,336499065160751	3378,125	0,142855554819107	
3381,25	0,335698753595352	3381,25	0,144888401031494	
3384,375	0,335641026496887	3384,375	0,145418629050255	
3387,5	0,335084080696106	3387,5	0,144996002316475	
3390,625	0,335824221372604	3390,625	0,146828323602676	
3393,75	0,333870261907578	3393,75	0,1461041867733	
3396,875	0,334139168262482	3396,875	0,146553680300713	
3400	0,335067957639694	3400	0,145721927285194	
3403,125	0,33537021279335	3403,125	0,147321507334709	
3406,25	0,336192160844803	3406,25	0,148194491863251	
3409,375	0,335139781236649	3409,375	0,147502928972244	
3412,5	0,335401564836502	3412,5	0,148876458406448	
3415,625	0,336134016513824	3415,625	0,149161607027054	
3418,75	0,334241956472397	3418,75	0,148075759410858	
3421,875	0,334286570549011	3421,875	0,149430751800537	
3425	0,334356725215912	3425	0,1500363945961	
3428,125	0,333464443683624	3428,125	0,148303464055061	
3431,25	0,333335816860199	3431,25	0,148573771119118	
3434,375	0,333467364311218	3434,375	0,149867251515388	
3437,5	0,334000080823898	3437,5	0,148941561579704	
3440,625	0,334244102239609	3440,625	0,148545131087303	
3443,75	0,333469152450562	3443,75	0,149916231632233	
3446,875	0,332832932472229	3446,875	0,149270981550217	
3450	0,332604080438614	3450	0,148612305521965	
3453,125	0,332031488418579	3453,125	0,149966299533844	
3456,25	0,332806050777435	3456,25	0,149989947676659	
3459,375	0,332637280225754	3459,375	0,150997549295425	
3462,5	0,331737786531448	3462,5	0,150206357240677	
3465,625	0,331478595733643	3465,625	0,151158481836319	
3468,75	0,33321550488472	3468,75	0,15148164331913	
3471,875	0,332804441452026	3471,875	0,151850268244743	
3475	0,33192652463913	3475	0,151074603199959	
3478,125	0,331298321485519	3478,125	0,152541741728783	
3481,25	0,329278409481049	3481,25	0,150667279958725	
3484,375	0,32946839928627	3484,375	0,151104122400284	
3487,5	0,330991744995117	3487,5	0,152351841330528	
3490,625	0,330522358417511	3490,625	0,152079328894615	
3493,75	0,331285327672958	3493,75	0,152169942855835	
3496,875	0,329557210206985	3496,875	0,152896642684937	
3500	0,330672711133957	3500	0,151748940348625	
3503,125	0,330213218927383	3503,125	0,151671186089516	
3506,25	0,331483095884323	3506,25	0,152494326233864	
3509,375	0,330668687820435	3509,375	0,153471082448959	
3512,5	0,328408360481262	3512,5	0,152018338441849	
3515,625	0,327633172273636	3515,625	0,151698976755142	
3518,75	0,328321397304535	3518,75	0,153765588998795	
3521,875	0,328194141387939	3521,875	0,153003618121147	
3525	0,327625751495361	3525	0,152443885803223	
3528,125	0,328460961580276	3528,125	0,15308952331543	
3531,25	0,32942932844162	3531,25	0,153304174542427	
3534,375	0,327970564365387	3534,375	0,153888285160065	
3537,5	0,326241672039032	3537,5	0,153569206595421	
3540,625	0,326636165380478	3540,625	0,15313246846199	
3543,75	0,326460391283035	3543,75	0,153194010257721	
3546,875	0,325496196746826	3546,875	0,15427640080452	
3550	0,326116800308228	3550	0,153204038739204	
3553,125	0,32542559504509	3553,125	0,15443979203701	
3556,25	0,325900226831436	3556,25	0,153858572244644	
3559,375	0,325625002384186	3559,375	0,153845578432083	
3562,5	0,326448112726212	3562,5	0,154722020030022	
3565,625	0,32564514875412	3565,625	0,15448185801506	
3568,75	0,324659585952759	3568,75	0,154949262738228	
3571,875	0,325650066137314	3571,875	0,154090955853462	
3575	0,326165437698364	3575	0,154271155595779	
3578,125	0,325987130403519	3578,125	0,154777303338051	
3581,25	0,325923711061478	3581,25	0,15480999648571	
3584,375	0,32451519370079	3584,375	0,154573425650597	
3587,5	0,323336213827133	3587,5	0,15474246442318	
3590,625	0,32412925362587	3590,625	0,15524160861969	
3593,75	0,324662327766418	3593,75	0,155470743775368	
3596,875	0,32450595498085	3596,875	0,155813664197922	
3600	0,324406951665878	3600	0,155328139662743	
3603,125	0,323866456747055	3603,125	0,154495999217033	
3606,25	0,323356181383133	3606,25	0,156563997268677	
3609,375	0,322964310646057	3609,375	0,154789984226227	
3612,5	0,322694063186646	3612,5	0,155321717262268	
3615,625	0,323415189981461	3615,625	0,156558528542519	
3618,75	0,322460263967514	3618,75	0,155550017952919	
3621,875	0,321887016296387	3621,875	0,15621542930603	
3625	0,321493208408356	3625	0,156156733632088	
3628,125	0,321974962949753	3628,125	0,155980065464973	
3631,25	0,322665452957153	3631,25	0,154683873057365	
3634,375	0,322544038295746	3634,375	0,155661717057228	
3637,5	0,32112255692482	3637,5	0,1561488956213	
3640,625	0,320069998502731	3640,625	0,155367657542229	
3643,75	0,320483833551407	3643,75	0,155506506562233	
3646,875	0,319448918104172	3646,875	0,155942648649216	
3650	0,320055365562439	3650	0,156052470207214	
3653,125	0,319536685943604	3653,125	0,155666291713715	
3656,25	0,319236487150192	3656,25	0,155944243073463	
3659,375	0,320054829120636	3659,375	0,156437307596207	
3662,5	0,320189982652664	3662,5	0,155988603830338	
3665,625	0,32036679983139	3665,625	0,158099010586739	
3668,75	0,320160955190659	3668,75	0,155095383524895	
3671,875	0,318355917930603	3671,875	0,156094655394554	
3675	0,318857252597809	3675	0,156408295035362	
3678,125	0,318685501813889	3678,125	0,156310498714447	
3681,25	0,317951589822769	3681,25	0,158902242779732	
3684,375	0,316976279020309	3684,375	0,152949079871178	
3687,5	0,316914141178131	3687,5	0,155615285038948	
3690,625	0,31688579916954	3690,625	0,156391620635986	
3693,75	0,317571699619293	3693,75	0,155425831675529	
3696,875	0,317705243825912	3696,875	0,156579896807671	
3700	0,316584646701813	3700	0,156598284840584	
3703,125	0,315945655107498	3703,125	0,155616402626038	
3706,25	0,317830681800842	3706,25	0,155624553561211	
3709,375	0,31664177775383	3709,375	0,156726643443108	
3712,5	0,31507083773613	3712,5	0,156118467450142	
3715,625	0,313829362392426	3715,625	0,154802903532982	
3718,75	0,316658765077591	3718,75	0,155872374773026	
3721,875	0,315796464681625	3721,875	0,155539318919182	
3725	0,315855294466019	3725	0,156649112701416	
3728,125	0,315250247716904	3728,125	0,155187264084816	
3731,25	0,314888685941696	3731,25	0,15662032365799	
3734,375	0,314535707235336	3734,375	0,155615851283073	
3737,5	0,314296752214432	3737,5	0,156773522496223	
3740,625	0,315215736627579	3740,625	0,155001744627953	
3743,75	0,314394652843475	3743,75	0,155378520488739	
3746,875	0,313632279634476	3746,875	0,156458094716072	
3750	0,313818663358688	3750	0,155229777097702	
3753,125	0,313045293092728	3753,125	0,155466437339783	
3756,25	0,312823444604874	3756,25	0,155258268117905	
3759,375	0,311966150999069	3759,375	0,155047193169594	
3762,5	0,312314838171005	3762,5	0,157090350985527	
3765,625	0,312573820352554	3765,625	0,153002917766571	
3768,75	0,311463266611099	3768,75	0,155540242791176	
3771,875	0,310242027044296	3771,875	0,154777884483337	
3775	0,311205089092255	3775	0,155587494373322	
3778,125	0,310631990432739	3778,125	0,154943540692329	
3781,25	0,310985922813416	3781,25	0,154129832983017	
3784,375	0,311116904020309	3784,375	0,1559127420187	
3787,5	0,312320381402969	3787,5	0,155140489339828	
3790,625	0,310946077108383	3790,625	0,155550360679626	
3793,75	0,309956431388855	3793,75	0,153375521302223	
3796,875	0,308852940797806	3796,875	0,154587849974632	
3800	0,30774861574173	3800	0,153877735137939	
3803,125	0,30910125374794	3803,125	0,154310747981071	
3806,25	0,309926152229309	3806,25	0,155221328139305	
3809,375	0,309016913175583	3809,375	0,154186055064201	
3812,5	0,307981640100479	3812,5	0,153626993298531	
3815,625	0,306641846895218	3815,625	0,153733804821968	
3818,75	0,307562470436096	3818,75	0,154174298048019	
3821,875	0,306512415409088	3821,875	0,154101759195328	
3825	0,306780189275742	3825	0,155582368373871	
3828,125	0,307332843542099	3828,125	0,154604092240334	
3831,25	0,306816697120667	3831,25	0,154084667563438	
3834,375	0,308028787374496	3834,375	0,153371170163155	
3837,5	0,307500272989273	3837,5	0,154770150780678	
3840,625	0,306204527616501	3840,625	0,153499573469162	
3843,75	0,304646700620651	3843,75	0,152902707457542	
3846,875	0,305760830640793	3846,875	0,152101144194603	
3850	0,305285483598709	3850	0,153161585330963	
3853,125	0,305184900760651	3853,125	0,153663977980614	
3856,25	0,306650638580322	3856,25	0,153522372245789	
3859,375	0,305128842592239	3859,375	0,152730077505112	
3862,5	0,304419815540314	3862,5	0,151363343000412	
3865,625	0,304509669542313	3865,625	0,15266840159893	
3868,75	0,304078370332718	3868,75	0,152803868055344	
3871,875	0,303236722946167	3871,875	0,152094647288322	
3875	0,302828311920166	3875	0,152281552553177	
3878,125	0,304640144109726	3878,125	0,152730613946915	
3881,25	0,303819447755814	3881,25	0,151728197932243	
3884,375	0,303955405950546	3884,375	0,14994640648365	
3887,5	0,303612768650055	3887,5	0,151692867279053	
3890,625	0,303454160690308	3890,625	0,151831835508347	
3893,75	0,303931206464767	3893,75	0,152143850922585	
3896,875	0,303191274404526	3896,875	0,150640860199928	
3900	0,303839266300201	3900	0,151547700166702	
3903,125	0,303328514099121	3903,125	0,151237785816193	
3906,25	0,303165167570114	3906,25	0,150195941329002	
3909,375	0,302622586488724	3909,375	0,150922641158104	
3912,5	0,302109450101852	3912,5	0,15097613632679	
3915,625	0,303022176027298	3915,625	0,149541065096855	
3918,75	0,300923645496368	3918,75	0,152206629514694	
3921,875	0,303053855895996	3921,875	0,14816065132618	
3925	0,30013519525528	3925	0,149375602602959	
3928,125	0,300024092197418	3928,125	0,14909365773201	
3931,25	0,299304127693176	3931,25	0,151492714881897	
3934,375	0,300507724285126	3934,375	0,150481984019279	
3937,5	0,300591856241226	3937,5	0,149257734417915	
3940,625	0,300539165735245	3940,625	0,149950310587883	
3943,75	0,300353020429611	3943,75	0,150562047958374	
3946,875	0,299522012472153	3946,875	0,148858696222305	
3950	0,298408031463623	3950	0,148085057735443	
3953,125	0,298864811658859	3953,125	0,148174077272415	
3956,25	0,298243552446365	3956,25	0,149074465036392	
3959,375	0,296395510435104	3959,375	0,148071184754372	
3962,5	0,298399984836578	3962,5	0,146587520837784	
3965,625	0,299544185400009	3965,625	0,148876920342445	
3968,75	0,299835443496704	3968,75	0,148812294006348	
3971,875	0,299544036388397	3971,875	0,147416636347771	
3975	0,300150215625763	3975	0,146069943904877	
3978,125	0,298878520727158	3978,125	0,146516293287277	
3981,25	0,297186970710754	3981,25	0,147039979696274	
3984,375	0,296565711498261	3984,375	0,145927339792252	
3987,5	0,297174155712128	3987,5	0,146359175443649	
3990,625	0,297957539558411	3990,625	0,145970955491066	
3993,75	0,297460615634918	3993,75	0,14559443295002	
3996,875	0,297683358192444	3996,875	0,145344868302345	
4000	0,29952397942543	4000	0,14517168700695	
4003,125	0,298172235488892	4003,125	0,144955039024353	
4006,25	0,297436773777008	4006,25	0,144842550158501	
4009,375	0,2967129945755	4009,375	0,143753722310066	
4012,5	0,296294957399368	4012,5	0,144359707832336	
4015,625	0,296975135803223	4015,625	0,144152969121933	
4018,75	0,296835124492645	4018,75	0,14352211356163	
4021,875	0,295999258756638	4021,875	0,142631262540817	
4025	0,295749753713608	4025	0,142476320266724	
4028,125	0,294083744287491	4028,125	0,143306985497475	
4031,25	0,292406469583511	4031,25	0,141593158245087	
4034,375	0,292487055063248	4034,375	0,141814783215523	
4037,5	0,294352799654007	4037,5	0,14240862429142	
4040,625	0,290382087230682	4040,625	0,141403958201408	
4043,75	0,291250824928284	4043,75	0,140897735953331	
4046,875	0,290876358747482	4046,875	0,141066089272499	
4050	0,289893329143524	4050	0,140345498919487	
4053,125	0,289567619562149	4053,125	0,141851648688316	
4056,25	0,289978802204132	4056,25	0,140571251511574	
4059,375	0,288536578416824	4059,375	0,142239347100258	
4062,5	0,287842273712158	4062,5	0,140607804059982	
4065,625	0,28866320848465	4065,625	0,140693709254265	
4068,75	0,287886619567871	4068,75	0,141392096877098	
4071,875	0,286750763654709	4071,875	0,14168407022953	
4075	0,288733690977097	4075	0,141330435872078	
4078,125	0,287840843200684	4078,125	0,141988560557365	
4081,25	0,287786781787872	4081,25	0,142019972205162	
4084,375	0,286646693944931	4084,375	0,141027927398682	
4087,5	0,287746369838715	4087,5	0,141768738627434	
4090,625	0,285081654787064	4090,625	0,142264693975449	
4093,75	0,284338712692261	4093,75	0,13971783220768	
4096,875	0,285567551851273	4096,875	0,141669288277626	
4100	0,285895198583603	4100	0,142153367400169	
4103,125	0,285340696573257	4103,125	0,142563238739967	
4106,25	0,284813642501831	4106,25	0,143661662936211	
4109,375	0,286334931850433	4109,375	0,143677249550819	
4112,5	0,284600734710693	4112,5	0,141773194074631	
4115,625	0,284522980451584	4115,625	0,142419815063477	
4118,75	0,284941822290421	4118,75	0,142995670437813	
4121,875	0,284180998802185	4121,875	0,14337845146656	
4125	0,283641844987869	4125	0,141310572624207	
4128,125	0,284021109342575	4128,125	0,14178104698658	
4131,25	0,283585011959076	4131,25	0,143165767192841	
4134,375	0,28441908955574	4134,375	0,142248705029488	
4137,5	0,284591525793076	4137,5	0,142572641372681	
4140,625	0,283146321773529	4140,625	0,142756894230843	
4143,75	0,284063279628754	4143,75	0,141182631254196	
4146,875	0,282703340053558	4146,875	0,14271904528141	
4150	0,283297777175903	4150	0,141032695770264	
4153,125	0,284786134958267	4153,125	0,142449736595154	
4156,25	0,284233063459396	4156,25	0,142495408654213	
4159,375	0,281416147947311	4159,375	0,143256098031998	
4162,5	0,281823366880417	4162,5	0,141591995954514	
4165,625	0,282050251960754	4165,625	0,141874969005585	
4168,75	0,281305640935898	4168,75	0,141969725489616	
4171,875	0,281066745519638	4171,875	0,142063468694687	
4175	0,281790524721146	4175	0,142982080578804	
4178,125	0,282708495855331	4178,125	0,142780646681786	
4181,25	0,282172232866287	4181,25	0,141845807433128	
4184,375	0,281593054533005	4184,375	0,142085984349251	
4187,5	0,281421005725861	4187,5	0,141880393028259	
4190,625	0,281058251857758	4190,625	0,142808631062508	
4193,75	0,2806256711483	4193,75	0,143141776323318	
4196,875	0,280456066131592	4196,875	0,143127217888832	
4200	0,280569165945053	4200	0,142964974045753	
4203,125	0,280345350503922	4203,125	0,141543626785278	
4206,25	0,278316050767899	4206,25	0,140994906425476	
4209,375	0,279028385877609	4209,375	0,141867890954018	
4212,5	0,279283136129379	4212,5	0,142711773514748	
4215,625	0,279241025447845	4215,625	0,142472326755524	
4218,75	0,279069125652313	4218,75	0,143404185771942	
4221,875	0,27842190861702	4221,875	0,144046887755394	
4225	0,278216242790222	4225	0,143110767006874	
4228,125	0,277443259954453	4228,125	0,142961606383324	
4231,25	0,277440518140793	4231,25	0,143849641084671	
4234,375	0,277311742305756	4234,375	0,14305904507637	
4237,5	0,277188211679459	4237,5	0,14285147190094	
4240,625	0,277366280555725	4240,625	0,144098624587059	
4243,75	0,276491820812225	4243,75	0,143218964338303	
4246,875	0,277386456727982	4246,875	0,144191637635231	
4250	0,277611017227173	4250	0,143692433834076	
4253,125	0,275750607252121	4253,125	0,143439158797264	
4256,25	0,276309698820114	4256,25	0,143706411123276	
4259,375	0,275227963924408	4259,375	0,144871562719345	
4262,5	0,2763512134552	4262,5	0,144498005509377	
4265,625	0,275924682617188	4265,625	0,143984749913216	
4268,75	0,275873094797134	4268,75	0,144637897610664	
4271,875	0,275318264961243	4271,875	0,145774498581886	
4275	0,274785697460175	4275	0,145024061203003	
4278,125	0,275442570447922	4278,125	0,144982263445854	
4281,25	0,274422287940979	4281,25	0,145012840628624	
4284,375	0,276717692613602	4284,375	0,145815417170525	
4287,5	0,276485234498978	4287,5	0,146364822983742	
4290,625	0,275069236755371	4290,625	0,145725190639496	
4293,75	0,273574858903885	4293,75	0,145377740263939	
4296,875	0,272357106208801	4296,875	0,145548269152641	
4300	0,272249311208725	4300	0,144400998950005	
4303,125	0,273144841194153	4303,125	0,143659725785255	
4306,25	0,273520320653915	4306,25	0,143642142415047	
4309,375	0,272330075502396	4309,375	0,144584506750107	
4312,5	0,273179411888123	4312,5	0,144991904497147	
4315,625	0,272086083889008	4315,625	0,144560948014259	
4318,75	0,271969467401505	4318,75	0,144542530179024	
4321,875	0,271079957485199	4321,875	0,144312992691994	
4325	0,270481109619141	4325	0,143340319395065	
4328,125	0,270854920148849	4328,125	0,144787132740021	
4331,25	0,271334379911423	4331,25	0,145735815167427	
4334,375	0,27017730474472	4334,375	0,145409747958183	
4337,5	0,270844459533691	4337,5	0,145534470677376	
4340,625	0,269650965929031	4340,625	0,145444467663765	
4343,75	0,270188838243485	4343,75	0,14536564052105	
4346,875	0,268664389848709	4346,875	0,1437748670578	
4350	0,268353641033173	4350	0,144049406051636	
4353,125	0,268298536539078	4353,125	0,145173668861389	
4356,25	0,268044590950012	4356,25	0,144787862896919	
4359,375	0,268077790737152	4359,375	0,143275082111359	
4362,5	0,268186569213867	4362,5	0,144746780395508	
4365,625	0,267263770103455	4365,625	0,1450484842062	
4368,75	0,268099457025528	4368,75	0,144988775253296	
4371,875	0,2662073969841	4371,875	0,145369067788124	
4375	0,265648394823074	4375	0,146308183670044	
4378,125	0,267312049865723	4378,125	0,145289063453674	
4381,25	0,266003966331482	4381,25	0,145085543394089	
4384,375	0,264785259962082	4384,375	0,144953891634941	
4387,5	0,263089448213577	4387,5	0,144515618681908	
4390,625	0,262967228889465	4390,625	0,144892498850822	
4393,75	0,263913601636887	4393,75	0,144488781690598	
4396,875	0,263916581869125	4396,875	0,145287334918976	
4400	0,26311731338501	4400	0,144833192229271	
4403,125	0,261583596467972	4403,125	0,144501999020576	
4406,25	0,26114422082901	4406,25	0,14453786611557	
4409,375	0,26154762506485	4409,375	0,143721833825111	
4412,5	0,261766225099564	4412,5	0,1440809071064	
4415,625	0,261490672826767	4415,625	0,145331040024757	
4418,75	0,260676622390747	4418,75	0,145247831940651	
4421,875	0,260871261358261	4421,875	0,146240219473839	
4425	0,260193645954132	4425	0,145426005125046	
4428,125	0,260244786739349	4428,125	0,145618706941605	
4431,25	0,258915990591049	4431,25	0,147456079721451	
4434,375	0,258475065231323	4434,375	0,146020069718361	
4437,5	0,258500665426254	4437,5	0,144849702715874	
4440,625	0,258643984794617	4440,625	0,145566135644913	
4443,75	0,258617609739304	4443,75	0,1451735496521	
4446,875	0,259106159210205	4446,875	0,146063894033432	
4450	0,258612900972366	4450	0,146410629153252	
4453,125	0,258226960897446	4453,125	0,145478799939156	
4456,25	0,25685042142868	4456,25	0,145789667963982	
4459,375	0,257515609264374	4459,375	0,145522966980934	
4462,5	0,258213490247726	4462,5	0,145070448517799	
4465,625	0,256778508424759	4465,625	0,145316377282143	
4468,75	0,257532984018326	4468,75	0,146548852324486	
4471,875	0,257203191518784	4471,875	0,144913107156754	
4475	0,255564361810684	4475	0,144783332943916	
4478,125	0,255187571048737	4478,125	0,144837990403175	
4481,25	0,256748676300049	4481,25	0,142955228686333	
4484,375	0,256647914648056	4484,375	0,143636837601662	
4487,5	0,254506707191467	4487,5	0,143951267004013	
4490,625	0,255134791135788	4490,625	0,143211588263512	
4493,75	0,255075633525848	4493,75	0,142821803689003	
4496,875	0,254173517227173	4496,875	0,141832798719406	
4500	0,254279881715775	4500	0,14314903318882	
4503,125	0,254160821437836	4503,125	0,141978621482849	
4506,25	0,25480443239212	4506,25	0,142399549484253	
4509,375	0,254736214876175	4509,375	0,142738685011864	
4512,5	0,25289386510849	4512,5	0,141773551702499	
4515,625	0,253445386886597	4515,625	0,140787243843079	
4518,75	0,25347575545311	4518,75	0,14202019572258	
4521,875	0,253345340490341	4521,875	0,142091259360313	
4525	0,252135545015335	4525	0,140940874814987	
4528,125	0,25149604678154	4528,125	0,140262305736542	
4531,25	0,251445204019547	4531,25	0,139034271240234	
4534,375	0,251293897628784	4534,375	0,139731481671333	
4537,5	0,251287937164307	4537,5	0,139225989580154	
4540,625	0,251045197248459	4540,625	0,138865500688553	
4543,75	0,251453965902328	4543,75	0,139124736189842	
4546,875	0,250958681106567	4546,875	0,139478027820587	
4550	0,250378102064133	4550	0,13886646926403	
4553,125	0,24978569149971	4553,125	0,138054296374321	
4556,25	0,249569624662399	4556,25	0,137813314795494	
4559,375	0,249826356768608	4559,375	0,137622162699699	
4562,5	0,251599371433258	4562,5	0,1375952064991	
4565,625	0,249592542648315	4565,625	0,137347385287285	
4568,75	0,249295949935913	4568,75	0,13695901632309	
4571,875	0,248624011874199	4571,875	0,136564895510674	
4575	0,249058127403259	4575	0,135480940341949	
4578,125	0,249239668250084	4578,125	0,135395780205727	
4581,25	0,248873054981232	4581,25	0,135005742311478	
4584,375	0,24923612177372	4584,375	0,135025903582573	
4587,5	0,249098420143127	4587,5	0,135492369532585	
4590,625	0,249075710773468	4590,625	0,134890764951706	
4593,75	0,248976647853851	4593,75	0,134515389800072	
4596,875	0,248305171728134	4596,875	0,133089259266853	
4600	0,248534739017487	4600	0,133707329630852	
4603,125	0,249697476625443	4603,125	0,133610174059868	
4606,25	0,248472213745117	4606,25	0,133201733231544	
4609,375	0,248809561133385	4609,375	0,133081510663033	
4612,5	0,249543085694313	4612,5	0,131664022803307	
4615,625	0,248299479484558	4615,625	0,131740853190422	
4618,75	0,248382568359375	4618,75	0,132263079285622	
4621,875	0,249011367559433	4621,875	0,132008284330368	
4625	0,248645007610321	4625	0,129189029335976	
4628,125	0,24931775033474	4628,125	0,129629507660866	
4631,25	0,24891884624958	4631,25	0,129046991467476	
4634,375	0,249287605285645	4634,375	0,128972783684731	
4637,5	0,24931600689888	4637,5	0,129555195569992	
4640,625	0,248425051569939	4640,625	0,128995224833488	
4643,75	0,249699234962463	4643,75	0,126731798052788	
4646,875	0,249481856822968	4646,875	0,126866161823273	
4650	0,249738916754723	4650	0,126569822430611	
4653,125	0,249969154596329	4653,125	0,12610325217247	
4656,25	0,250474065542221	4656,25	0,12488017231226	
4659,375	0,250194787979126	4659,375	0,123856619000435	
4662,5	0,250191330909729	4662,5	0,124294370412827	
4665,625	0,249273046851158	4665,625	0,124178700149059	
4668,75	0,249091118574142	4668,75	0,12378391623497	
4671,875	0,24946141242981	4671,875	0,122072823345661	
4675	0,24785004556179	4675	0,122629001736641	
4678,125	0,248073250055313	4678,125	0,123279929161072	
4681,25	0,24676950275898	4681,25	0,122353740036488	
4684,375	0,247422859072685	4684,375	0,122287452220917	
4687,5	0,248108968138695	4687,5	0,122682355344296	
4690,625	0,248160421848297	4690,625	0,122173182666302	
4693,75	0,248012781143188	4693,75	0,122650928795338	
4696,875	0,248317763209343	4696,875	0,122843965888023	
4700	0,249609589576721	4700	0,123143464326859	
4703,125	0,248338162899017	4703,125	0,122886493802071	
4706,25	0,247739478945732	4706,25	0,122288346290588	
4709,375	0,248569756746292	4709,375	0,122486114501953	
4712,5	0,250024795532227	4712,5	0,122594632208347	
4715,625	0,250370711088181	4715,625	0,122197881340981	
4718,75	0,250333100557327	4718,75	0,122745230793953	
4721,875	0,25097444653511	4721,875	0,123002178966999	
4725	0,251083225011826	4725	0,122230693697929	
4728,125	0,251716077327728	4728,125	0,122201457619667	
4731,25	0,253273069858551	4731,25	0,123047657310963	
4734,375	0,253240972757339	4734,375	0,122596338391304	
4737,5	0,253993213176727	4737,5	0,121330738067627	
4740,625	0,253763467073441	4740,625	0,120958052575588	
4743,75	0,254322528839111	4743,75	0,121491722762585	
4746,875	0,254281163215637	4746,875	0,121958948671818	
4750	0,254212319850922	4750	0,121491968631744	
4753,125	0,254941701889038	4753,125	0,12129533290863	
4756,25	0,25613933801651	4756,25	0,121049143373966	
4759,375	0,256744921207428	4759,375	0,119503207504749	
4762,5	0,256197720766068	4762,5	0,119489960372448	
4765,625	0,255253791809082	4765,625	0,119916319847107	
4768,75	0,255377411842346	4768,75	0,120295479893684	
4771,875	0,25637474656105	4771,875	0,120069913566113	
4775	0,256384044885635	4775	0,119571566581726	
4778,125	0,257186412811279	4778,125	0,119538448750973	
4781,25	0,257891863584518	4781,25	0,119528986513615	
4784,375	0,258391290903091	4784,375	0,120218433439732	
4787,5	0,258671224117279	4787,5	0,119993597269058	
4790,625	0,258991271257401	4790,625	0,120521783828735	
4793,75	0,259207606315613	4793,75	0,119816988706589	
4796,875	0,259033292531967	4796,875	0,119433723390102	
4800	0,25984200835228	4800	0,120183154940605	
4803,125	0,260645389556885	4803,125	0,121663220226765	
4806,25	0,260555654764175	4806,25	0,121113710105419	
4809,375	0,26078337430954	4809,375	0,121122799813747	
4812,5	0,261586010456085	4812,5	0,120964467525482	
4815,625	0,26175794005394	4815,625	0,121503032743931	
4818,75	0,26199072599411	4818,75	0,121223770081997	
4821,875	0,262559920549393	4821,875	0,121689982712269	
4825	0,261260688304901	4825	0,122429326176643	
4828,125	0,259647160768509	4828,125	0,12294813990593	
4831,25	0,258626997470856	4831,25	0,12442871928215	
4834,375	0,259674489498138	4834,375	0,127605721354485	
4837,5	0,26198747754097	4837,5	0,128824606537819	
4840,625	0,263966590166092	4840,625	0,128814816474915	
4843,75	0,265101492404938	4843,75	0,129136800765991	
4846,875	0,265736103057861	4846,875	0,129323393106461	
4850	0,266691476106644	4850	0,129276692867279	
4853,125	0,267633199691772	4853,125	0,129168376326561	
4856,25	0,267883211374283	4856,25	0,129409998655319	
4859,375	0,268498748540878	4859,375	0,130639091134071	
4862,5	0,268109142780304	4862,5	0,131037890911102	
4865,625	0,269167631864548	4865,625	0,131792157888412	
4868,75	0,269271731376648	4868,75	0,131433263421059	
4871,875	0,268757700920105	4871,875	0,131899788975716	
4875	0,268703818321228	4875	0,133921027183533	
4878,125	0,269488662481308	4878,125	0,133758693933487	
4881,25	0,269787400960922	4881,25	0,1348976790905	
4884,375	0,27064061164856	4884,375	0,135534361004829	
4887,5	0,270794928073883	4887,5	0,13556082546711	
4890,625	0,270661920309067	4890,625	0,135971888899803	
4893,75	0,270484745502472	4893,75	0,13729128241539	
4896,875	0,271488100290298	4896,875	0,13817934691906	
4900	0,271566569805145	4900	0,139030009508133	
4903,125	0,271254122257233	4903,125	0,139697819948196	
4906,25	0,271114885807037	4906,25	0,140214204788208	
4909,375	0,271307945251465	4909,375	0,14197838306427	
4912,5	0,271006375551224	4912,5	0,143558233976364	
4915,625	0,271509259939194	4915,625	0,144460543990135	
4918,75	0,272441446781158	4918,75	0,146857127547264	
4921,875	0,272328436374664	4921,875	0,14935727417469	
4925	0,273600488901138	4925	0,151396244764328	
4928,125	0,275386214256287	4928,125	0,152795895934105	
4931,25	0,276628077030182	4931,25	0,15395775437355	
4934,375	0,277502179145813	4934,375	0,153852716088295	
4937,5	0,278278261423111	4937,5	0,154484003782272	
4940,625	0,279302328824997	4940,625	0,155215591192245	
4943,75	0,279657274484634	4943,75	0,155978426337242	
4946,875	0,280384957790375	4946,875	0,156979024410248	
4950	0,280248582363129	4950	0,158155053853989	
4953,125	0,280286550521851	4953,125	0,159332051873207	
4956,25	0,280209839344025	4956,25	0,160238221287727	
4959,375	0,279898405075073	4959,375	0,162264063954353	
4962,5	0,279971748590469	4962,5	0,162860482931137	
4965,625	0,280924886465073	4965,625	0,16417384147644	
4968,75	0,281203299760818	4968,75	0,164369985461235	
4971,875	0,280786752700806	4971,875	0,166028633713722	
4975	0,280300050973892	4975	0,168037906289101	
				
