Frequency in Hz	Silk_97 Sound Absorption Coefficient 1/3-octave	Frequency in Hz	Silk_97 Sound Absorption Coefficient continuous	
125	0,0784520134329796	100	0,0641672634798186	
160	0,103786259889603	103,125	0,0807001480140078	
200	0,14083456993103	106,25	0,0716659206407575	
250	0,194642081856728	109,375	0,0534544644755667	
315	0,274608790874481	112,5	0,0757601743677897	
400	0,351530253887177	115,625	0,075463579172442	
500	0,443978041410446	118,75	0,0693458503210509	
630	0,546391308307648	121,875	0,0927787266964587	
800	0,610916316509247	125	0,0707983843114498	
1000	0,771815359592438	128,125	0,0709547360137461	
1250	0,875377714633942	131,25	0,0711569774768358	
1600	0,890713751316071	134,375	0,0553000550627946	
2000	0,896878659725189	137,5	0,0982428106283801	
2500	0,879566311836243	140,625	0,104718858712387	
3150	0,866987824440002	143,75	0,107600802764172	
4000	0,891119599342346	146,875	0,0794037080247226	
		150	0,101459231160659	
		153,125	0,0974123924173993	
		156,25	0,0986127402275827	
		159,375	0,0984604905540483	
		162,5	0,0968654260398774	
		165,625	0,107099559216739	
		168,75	0,106231402960048	
		171,875	0,119401625531039	
		175	0,129101459061778	
		178,125	0,114659348287502	
		181,25	0,117111586238988	
		184,375	0,129244902897408	
		187,5	0,141814263510929	
		190,625	0,144620722080967	
		193,75	0,149091511988326	
		196,875	0,145539120361791	
		200	0,133443223297691	
		203,125	0,128131176481945	
		206,25	0,144132195137776	
		209,375	0,149262717548062	
		212,5	0,138071806253129	
		215,625	0,159679327161174	
		218,75	0,156081067631678	
		221,875	0,161635689310127	
		225	0,171321613011621	
		228,125	0,175560253285473	
		231,25	0,176101043701697	
		234,375	0,18318168903876	
		237,5	0,172486465232825	
		240,625	0,169243259222757	
		243,75	0,176825208977737	
		246,875	0,194692460146427	
		250	0,19874767412686	
		253,125	0,192216929297001	
		256,25	0,1979018265998	
		259,375	0,209887999281147	
		262,5	0,203471721592235	
		265,625	0,199762292073192	
		268,75	0,208296567610185	
		271,875	0,214431071964219	
		275	0,20983658616621	
		278,125	0,221051408209933	
		281,25	0,223183487374695	
		284,375	0,224887007194447	
		287,5	0,212988230150625	
		290,625	0,228144064099993	
		293,75	0,226715802595521	
		296,875	0,23566893565612	
		300	0,24138065113798	
		303,125	0,24611182205329	
		306,25	0,256139094259566	
		309,375	0,266643835492319	
		312,5	0,282303934532213	
		315,625	0,305670360436219	
		318,75	0,309822844647152	
		321,875	0,302332564236623	
		325	0,301303898062568	
		328,125	0,308635360504819	
		331,25	0,289662363945389	
		334,375	0,289349986963585	
		337,5	0,296242372003028	
		340,625	0,291817414761928	
		343,75	0,298413240469745	
		346,875	0,297170014269959	
		350	0,30323607652468	
		353,125	0,30136220347194	
		356,25	0,295556085762181	
		359,375	0,301404071862223	
		362,5	0,309867149066407	
		365,625	0,322630341022555	
		368,75	0,312463604029377	
		371,875	0,295592846797043	
		375	0,34416377149887	
		378,125	0,336999610944509	
		381,25	0,323291743728558	
		384,375	0,348436837025519	
		387,5	0,345309323461746	
		390,625	0,339003272248523	
		393,75	0,332560745302681	
		396,875	0,33629406957278	
		400	0,342238322450252	
		403,125	0,345779319158563	
		406,25	0,357299487927081	
		409,375	0,373473747600361	
		412,5	0,375656269292665	
		415,625	0,358162741619368	
		418,75	0,37674126965408	
		421,875	0,37265791168121	
		425	0,377154342719484	
		428,125	0,381574311915637	
		431,25	0,378699913503043	
		434,375	0,383933722087843	
		437,5	0,386753404484311	
		440,625	0,392609605721987	
		443,75	0,396351210638836	
		446,875	0,403248376297964	
		450	0,390780249383859	
		453,125	0,393819455092642	
		456,25	0,388252049282461	
		459,375	0,39799831843312	
		462,5	0,40409853242351	
		465,625	0,403719956304101	
		468,75	0,407327517616239	
		471,875	0,412883279467167	
		475	0,419049673264285	
		478,125	0,427552873021894	
		481,25	0,420465439511027	
		484,375	0,429603561840132	
		487,5	0,43340645360229	
		490,625	0,436123440131908	
		493,75	0,443722136909147	
		496,875	0,446223671743205	
		500	0,437926201146077	
		503,125	0,441684140103023	
		506,25	0,444038052807098	
		509,375	0,443458210604146	
		512,5	0,452470705405144	
		515,625	0,456965993817608	
		518,75	0,460442024670314	
		521,875	0,459736563883357	
		525	0,465583856144753	
		528,125	0,461682586602681	
		531,25	0,467911766081411	
		534,375	0,471584777679296	
		537,5	0,4740867175109	
		540,625	0,474678437643876	
		543,75	0,480689712901166	
		546,875	0,478567524881201	
		550	0,483197658142697	
		553,125	0,48806663028771	
		556,25	0,488545956808937	
		559,375	0,496865395969863	
		562,5	0,498172047986374	
		565,625	0,499351760664192	
		568,75	0,503744080935236	
		571,875	0,506578385681233	
		575	0,506831918551446	
		578,125	0,512382946017741	
		581,25	0,511244717660378	
		584,375	0,512391991459805	
		587,5	0,514451981818799	
		590,625	0,51851813501834	
		593,75	0,521510632857346	
		596,875	0,52246218533165	
		600	0,524936395540463	
		603,125	0,527201284114587	
		606,25	0,530235050296833	
		609,375	0,530659065825526	
		612,5	0,533259086761606	
		615,625	0,535566641950819	
		618,75	0,537221556131355	
		621,875	0,5382232825915	
		625	0,542146694757193	
		628,125	0,54375770250985	
		631,25	0,548721568945263	
		634,375	0,55060045693047	
		637,5	0,551023993705796	
		640,625	0,55259917487152	
		643,75	0,554350576423058	
		646,875	0,557719564411637	
		650	0,557208833081459	
		653,125	0,560820377949501	
		656,25	0,563414126069802	
		659,375	0,564995647069954	
		662,5	0,564615559421984	
		665,625	0,565271727377684	
		668,75	0,568737541501684	
		671,875	0,571050986237071	
		675	0,574206104681879	
		678,125	0,576406324894338	
		681,25	0,577073064728366	
		684,375	0,577836408693848	
		687,5	0,576463018117539	
		690,625	0,579781504521468	
		693,75	0,580468072632223	
		696,875	0,581718361053888	
		700	0,584392550498741	
		703,125	0,584712826493423	
		706,25	0,585354360873961	
		709,375	0,588363540261114	
		712,5	0,589767583559977	
		715,625	0,588887869086945	
		718,75	0,588782729575074	
		721,875	0,591462362791093	
		725	0,591066193589814	
		728,125	0,594383354483854	
		731,25	0,593831629397996	
		734,375	0,595331245914589	
		737,5	0,59476591341283	
		740,625	0,599024109440031	
		743,75	0,601928284192835	
		746,875	0,599614637927217	
		750	0,600112767514206	
		753,125	0,600966048161603	
		756,25	0,602779981671227	
		759,375	0,605575868562353	
		762,5	0,603682906860343	
		765,625	0,605088172150753	
		768,75	0,605040757324939	
		771,875	0,607817090054412	
		775	0,607184871066353	
		778,125	0,60914172109591	
		781,25	0,608936168956354	
		784,375	0,610325402666155	
		787,5	0,610329200818435	
		790,625	0,610318609455966	
		793,75	0,61097676628869	
		796,875	0,610058560481618	
		800	0,610909380341805	
		803,125	0,609746154697397	
		806,25	0,609831188024778	
		809,375	0,61324691964192	
		812,5	0,611206923841713	
		815,625	0,611019485327481	
		818,75	0,612968430769776	
		821,875	0,613902360506171	
		825	0,612558956114536	
		828,125	0,613093711850006	
		831,25	0,623445610483481	
		834,375	0,617471213677598	
		837,5	0,612247934915071	
		840,625	0,612555767196091	
		843,75	0,615150479724199	
		846,875	0,610381874381499	
		850	0,609127887309036	
		853,125	0,610768189330296	
		856,25	0,615090720400458	
		859,375	0,620434937357705	
		862,5	0,61979660416348	
		865,625	0,619830657518708	
		868,75	0,619230656473095	
		871,875	0,622168726620131	
		875	0,630095171504164	
		878,125	0,631708384313801	
		881,25	0,63843655726362	
		884,375	0,64948488939122	
		887,5	0,659550202271383	
		890,625	0,663060019127889	
		893,75	0,663450994193636	
		896,875	0,674113869989975	
		900	0,680512434869144	
		903,125	0,691972391671438	
		906,25	0,699611751723146	
		909,375	0,70383383243356	
		912,5	0,710933032537736	
		915,625	0,720078043486397	
		918,75	0,727139794905418	
		921,875	0,737045435418561	
		925	0,742668267359829	
		928,125	0,745206046286727	
		931,25	0,754769394466909	
		934,375	0,758261199182362	
		937,5	0,762378999797632	
		940,625	0,765309267539825	
		943,75	0,769844919078029	
		946,875	0,773008718216328	
		950	0,774955550474844	
		953,125	0,777513864441584	
		956,25	0,778729357444682	
		959,375	0,779477757876516	
		962,5	0,780831676975516	
		965,625	0,781635027611868	
		968,75	0,781705318834573	
		971,875	0,78251424576636	
		975	0,782940813870142	
		978,125	0,783323022725205	
		981,25	0,784533990591317	
		984,375	0,783952295371494	
		987,5	0,784031403087499	
		990,625	0,784043610342833	
		993,75	0,783139160743568	
		996,875	0,783259626199254	
		1000	0,782838560773422	
		1003,125	0,783191648656062	
		1006,25	0,783083961920153	
		1009,375	0,782868625880884	
		1012,5	0,782713378086486	
		1015,625	0,781933112478915	
		1018,75	0,781541067195382	
		1021,875	0,781101119306183	
		1025	0,781320452858127	
		1028,125	0,780753076259895	
		1031,25	0,779834693756402	
		1034,375	0,77983033039243	
		1037,5	0,779876787786911	
		1040,625	0,779419433898039	
		1043,75	0,77946843305097	
		1046,875	0,779861829903532	
		1050	0,77889065387423	
		1053,125	0,777549577407963	
		1056,25	0,778293609365322	
		1059,375	0,778028292922316	
		1062,5	0,777976917650187	
		1065,625	0,77887050109788	
		1068,75	0,780309113133609	
		1071,875	0,780700814009009	
		1075	0,780345780408796	
		1078,125	0,780653282369384	
		1081,25	0,785139861096901	
		1084,375	0,785252919667534	
		1087,5	0,786961742624748	
		1090,625	0,789142168563517	
		1093,75	0,791491892128707	
		1096,875	0,795386175599413	
		1100	0,798871206215586	
		1103,125	0,802896204052476	
		1106,25	0,806278383481502	
		1109,375	0,810979287798548	
		1112,5	0,813580649345825	
		1115,625	0,819593618428224	
		1118,75	0,823672828469104	
		1121,875	0,82710827034655	
		1125	0,832166353334452	
		1128,125	0,835685768241353	
		1131,25	0,842559325288863	
		1134,375	0,844935810877181	
		1137,5	0,847663662848938	
		1140,625	0,852140904117702	
		1143,75	0,853989096944906	
		1146,875	0,856112659062795	
		1150	0,858886267843088	
		1153,125	0,85995127885131	
		1156,25	0,861608513531403	
		1159,375	0,863629603363755	
		1162,5	0,864239817585217	
		1165,625	0,865704657940239	
		1168,75	0,866000308292817	
		1171,875	0,866240623212282	
		1175	0,867413211989545	
		1178,125	0,86791717483015	
		1181,25	0,868483497395163	
		1184,375	0,869417747065132	
		1187,5	0,870302113652971	
		1190,625	0,871293854464359	
		1193,75	0,872141299178525	
		1196,875	0,873773784288963	
		1200	0,874851600658407	
		1203,125	0,876117940878236	
		1206,25	0,877198042034883	
		1209,375	0,878015881006193	
		1212,5	0,879009407135201	
		1215,625	0,880124637342663	
		1218,75	0,882780328019806	
		1221,875	0,882590198598577	
		1225	0,882809896459821	
		1228,125	0,884590785043734	
		1231,25	0,88544896180007	
		1234,375	0,886372034914515	
		1237,5	0,886035839104381	
		1240,625	0,886280494739926	
		1243,75	0,88657108326873	
		1246,875	0,887264825802729	
		1250	0,887433635507063	
		1253,125	0,887160542456339	
		1256,25	0,88757619686643	
		1259,375	0,887043716996907	
		1262,5	0,886585516642349	
		1265,625	0,886689313182321	
		1268,75	0,886040225458513	
		1271,875	0,885975642120099	
		1275	0,886028456183842	
		1278,125	0,88541643134162	
		1281,25	0,885138731634607	
		1284,375	0,885150027992119	
		1287,5	0,884328898968638	
		1290,625	0,883650970389089	
		1293,75	0,883778442970736	
		1296,875	0,88365697314826	
		1300	0,882568544700302	
		1303,125	0,882026070439723	
		1306,25	0,88210683564534	
		1309,375	0,881731941723442	
		1312,5	0,881048896176354	
		1315,625	0,880521183845704	
		1318,75	0,880638479433881	
		1321,875	0,880780757200274	
		1325	0,880313040540907	
		1328,125	0,879407589979374	
		1331,25	0,879538864804727	
		1334,375	0,878775577014123	
		1337,5	0,87871098615411	
		1340,625	0,878714844239661	
		1343,75	0,878110135960081	
		1346,875	0,878212983727572	
		1350	0,877777332230542	
		1353,125	0,877306114688822	
		1356,25	0,87666762164874	
		1359,375	0,877294958746517	
		1362,5	0,877218367242902	
		1365,625	0,87685430030409	
		1368,75	0,876604331015933	
		1371,875	0,876700841293654	
		1375	0,876228521490765	
		1378,125	0,875770031284511	
		1381,25	0,875897560008169	
		1384,375	0,875296156306378	
		1387,5	0,875503253364444	
		1390,625	0,875691781070045	
		1393,75	0,876049577981847	
		1396,875	0,876012571433354	
		1400	0,8762889879578	
		1403,125	0,876250757806411	
		1406,25	0,876548449550068	
		1409,375	0,87730210108509	
		1412,5	0,877682619819184	
		1415,625	0,878197858050233	
		1418,75	0,878446971722125	
		1421,875	0,878877117750506	
		1425	0,878865302480097	
		1428,125	0,879083982325725	
		1431,25	0,879300557291054	
		1434,375	0,879700050731346	
		1437,5	0,88053995757255	
		1440,625	0,880057884169217	
		1443,75	0,880729671598866	
		1446,875	0,880996559811756	
		1450	0,881137810209725	
		1453,125	0,88131412204962	
		1456,25	0,881633440496899	
		1459,375	0,881831464445646	
		1462,5	0,882204723097891	
		1465,625	0,882155871903743	
		1468,75	0,882422997885848	
		1471,875	0,882576354357346	
		1475	0,882436362107854	
		1478,125	0,882765401407613	
		1481,25	0,882982030597299	
		1484,375	0,883108475850141	
		1487,5	0,882447058000643	
		1490,625	0,882615403290477	
		1493,75	0,882494082294014	
		1496,875	0,882144579645977	
		1500	0,882686793998008	
		1503,125	0,882832040830079	
		1506,25	0,882830482724917	
		1509,375	0,882454218803492	
		1512,5	0,882633935858823	
		1515,625	0,882246670486689	
		1518,75	0,882555957351298	
		1521,875	0,882470888739308	
		1525	0,882261458289125	
		1528,125	0,88288516338676	
		1531,25	0,8828633430458	
		1534,375	0,883247433800335	
		1537,5	0,882984711766249	
		1540,625	0,883130678251125	
		1543,75	0,88345987903492	
		1546,875	0,883561934495797	
		1550	0,883562427976392	
		1553,125	0,883415215681185	
		1556,25	0,883917698524811	
		1559,375	0,883728995757355	
		1562,5	0,883942845530851	
		1565,625	0,885063156585548	
		1568,75	0,884758944991022	
		1571,875	0,885346305326964	
		1575	0,885191054153602	
		1578,125	0,885415503681503	
		1581,25	0,885311497699082	
		1584,375	0,885796237869355	
		1587,5	0,885964041488191	
		1590,625	0,886005064367862	
		1593,75	0,886436740852061	
		1596,875	0,886912701128752	
		1600	0,887022931575822	
		1603,125	0,887399945160919	
		1606,25	0,8879334747506	
		1609,375	0,88953187869275	
		1612,5	0,890568090332959	
		1615,625	0,890456183309294	
		1618,75	0,890157781130314	
		1621,875	0,890866580327628	
		1625	0,891808514487771	
		1628,125	0,892210386631361	
		1631,25	0,893003577845015	
		1634,375	0,892601041570082	
		1637,5	0,893772460122029	
		1640,625	0,894900876496789	
		1643,75	0,896033777794688	
		1646,875	0,895862739566593	
		1650	0,8961069192184	
		1653,125	0,896984964587835	
		1656,25	0,897496529074	
		1659,375	0,897932840652135	
		1662,5	0,898424994515191	
		1665,625	0,898663089227876	
		1668,75	0,898975284819342	
		1671,875	0,89907106362909	
		1675	0,89975700587435	
		1678,125	0,899931451475955	
		1681,25	0,899752162787859	
		1684,375	0,901062170519695	
		1687,5	0,900925813779216	
		1690,625	0,901124755205836	
		1693,75	0,901800827139577	
		1696,875	0,901388807965023	
		1700	0,901780539404355	
		1703,125	0,901448278459131	
		1706,25	0,901513581307401	
		1709,375	0,902495865107269	
		1712,5	0,902807451781924	
		1715,625	0,903222160084535	
		1718,75	0,90289086428812	
		1721,875	0,903201308318405	
		1725	0,904549762108999	
		1728,125	0,904091100814	
		1731,25	0,903859284512536	
		1734,375	0,903884222551833	
		1737,5	0,90441836605001	
		1740,625	0,903854580433607	
		1743,75	0,904606477830292	
		1746,875	0,904805412994134	
		1750	0,904358410749692	
		1753,125	0,904598228184426	
		1756,25	0,904867894569747	
		1759,375	0,904437638333695	
		1762,5	0,904427657361199	
		1765,625	0,904183237393103	
		1768,75	0,90430382761668	
		1771,875	0,903944613202368	
		1775	0,903774644556047	
		1778,125	0,903649179840488	
		1781,25	0,903369337776085	
		1784,375	0,903305746614173	
		1787,5	0,902312389086966	
		1790,625	0,903038318128154	
		1793,75	0,90180446954323	
		1796,875	0,901387632233197	
		1800	0,901938860990653	
		1803,125	0,90142772869916	
		1806,25	0,901080396263499	
		1809,375	0,901064842639982	
		1812,5	0,9004842216385	
		1815,625	0,89997280404095	
		1818,75	0,900614730355692	
		1821,875	0,899841497343013	
		1825	0,899045666751595	
		1828,125	0,898894867125572	
		1831,25	0,898965899910701	
		1834,375	0,89896486433681	
		1837,5	0,898619948964722	
		1840,625	0,897744041971606	
		1843,75	0,89841507659456	
		1846,875	0,897857304935011	
		1850	0,897730453192761	
		1853,125	0,897641486552948	
		1856,25	0,898395209970237	
		1859,375	0,897932073361054	
		1862,5	0,898223412647491	
		1865,625	0,898002699333495	
		1868,75	0,898367413863593	
		1871,875	0,898307453823952	
		1875	0,897699895388089	
		1878,125	0,898684169417732	
		1881,25	0,898646864071509	
		1884,375	0,898239559715305	
		1887,5	0,898470126637639	
		1890,625	0,899269694002598	
		1893,75	0,899508401871132	
		1896,875	0,899834126158202	
		1900	0,899573724313893	
		1903,125	0,900124189488093	
		1906,25	0,90026605912836	
		1909,375	0,900230219131298	
		1912,5	0,899975829969948	
		1915,625	0,900315926731369	
		1918,75	0,900200818049602	
		1921,875	0,899609424236621	
		1925	0,899175557608416	
		1928,125	0,899868909037045	
		1931,25	0,89977541282947	
		1934,375	0,899315725572304	
		1937,5	0,898950625054107	
		1940,625	0,898842085475693	
		1943,75	0,89867395473715	
		1946,875	0,898902934939349	
		1950	0,898490334278541	
		1953,125	0,89782258691972	
		1956,25	0,897524065858069	
		1959,375	0,897078953573808	
		1962,5	0,896156660467172	
		1965,625	0,896598383842064	
		1968,75	0,895986579124839	
		1971,875	0,896420546832457	
		1975	0,896960858139726	
		1978,125	0,895576884003371	
		1981,25	0,89543009711189	
		1984,375	0,895462664040042	
		1987,5	0,895042713167462	
		1990,625	0,894661782364076	
		1993,75	0,894895254726772	
		1996,875	0,894196636223338	
		2000	0,89343424090285	
		2003,125	0,893459053407759	
		2006,25	0,89354879076926	
		2009,375	0,893689995149726	
		2012,5	0,893907159499376	
		2015,625	0,893690259578887	
		2018,75	0,894160428932872	
		2021,875	0,892905091223329	
		2025	0,892877090652591	
		2028,125	0,893543809339905	
		2031,25	0,894896739317505	
		2034,375	0,89342252857045	
		2037,5	0,893612051622873	
		2040,625	0,895806462236765	
		2043,75	0,894743950075097	
		2046,875	0,894329810878189	
		2050	0,894313707091964	
		2053,125	0,894106789228908	
		2056,25	0,894683767703671	
		2059,375	0,894970575524676	
		2062,5	0,895415882648142	
		2065,625	0,895443316066217	
		2068,75	0,89514033726841	
		2071,875	0,895007864116081	
		2075	0,895573102258093	
		2078,125	0,896365009386021	
		2081,25	0,896849937817978	
		2084,375	0,896438348126164	
		2087,5	0,896627705295468	
		2090,625	0,896899558085956	
		2093,75	0,897550774437993	
		2096,875	0,897858438165831	
		2100	0,898467744057892	
		2103,125	0,898772148514637	
		2106,25	0,898794864189661	
		2109,375	0,898886948134824	
		2112,5	0,898664732844331	
		2115,625	0,899080113413027	
		2118,75	0,898972779545021	
		2121,875	0,899799175613709	
		2125	0,900002420405104	
		2128,125	0,899091706324415	
		2131,25	0,899362258060973	
		2134,375	0,899476788443429	
		2137,5	0,899069524958487	
		2140,625	0,89947780256172	
		2143,75	0,899326140169159	
		2146,875	0,898247250477876	
		2150	0,897902466141886	
		2153,125	0,898312395782948	
		2156,25	0,897201344248827	
		2159,375	0,897263155737158	
		2162,5	0,897329993835349	
		2165,625	0,897190125913555	
		2168,75	0,896132042534195	
		2171,875	0,895732807433431	
		2175	0,894522547993054	
		2178,125	0,894731456100348	
		2181,25	0,894931687194167	
		2184,375	0,894901334788303	
		2187,5	0,894097008918623	
		2190,625	0,8935672980413	
		2193,75	0,892334436813482	
		2196,875	0,89209865597721	
		2200	0,892354138707322	
		2203,125	0,891643053224167	
		2206,25	0,89155333096155	
		2209,375	0,891344169833323	
		2212,5	0,889417493821636	
		2215,625	0,888838591845492	
		2218,75	0,88926691721199	
		2221,875	0,889530851330891	
		2225	0,88907884587888	
		2228,125	0,888312319470978	
		2231,25	0,889033661462015	
		2234,375	0,889351189886145	
		2237,5	0,888447169028122	
		2240,625	0,887004434399923	
		2243,75	0,887122682394889	
		2246,875	0,887200178038692	
		2250	0,887996021263598	
		2253,125	0,887595648426446	
		2256,25	0,887841827589885	
		2259,375	0,887133162629687	
		2262,5	0,887017477719878	
		2265,625	0,887029903683354	
		2268,75	0,887986585382259	
		2271,875	0,887587302394019	
		2275	0,886946003582648	
		2278,125	0,886379487983901	
		2281,25	0,886597330133572	
		2284,375	0,886651220367015	
		2287,5	0,885416926438622	
		2290,625	0,886165863731983	
		2293,75	0,886440941823741	
		2296,875	0,885786076690531	
		2300	0,885683615888634	
		2303,125	0,885917074430017	
		2306,25	0,885507567055033	
		2309,375	0,884916427861819	
		2312,5	0,88533290503868	
		2315,625	0,885910818496914	
		2318,75	0,884850004220729	
		2321,875	0,88575340564094	
		2325	0,884504805070552	
		2328,125	0,884256000060824	
		2331,25	0,883832095012935	
		2334,375	0,883049420630166	
		2337,5	0,88329363293098	
		2340,625	0,884156515116498	
		2343,75	0,882267392304968	
		2346,875	0,882783479551267	
		2350	0,882014370665543	
		2353,125	0,881902589350186	
		2356,25	0,881952698091543	
		2359,375	0,882072000217137	
		2362,5	0,88168242544613	
		2365,625	0,880989855874917	
		2368,75	0,881220107484044	
		2371,875	0,882988744692978	
		2375	0,882026328598352	
		2378,125	0,881392254025986	
		2381,25	0,880915142425441	
		2384,375	0,880142675962054	
		2387,5	0,881285727600194	
		2390,625	0,881245266659223	
		2393,75	0,880857556656272	
		2396,875	0,879951640573892	
		2400	0,880586912671846	
		2403,125	0,880496839103265	
		2406,25	0,879818232877557	
		2409,375	0,879992459062267	
		2412,5	0,880897192413133	
		2415,625	0,881279067810316	
		2418,75	0,880945987522697	
		2421,875	0,880250708682093	
		2425	0,880583905656787	
		2428,125	0,880847051409375	
		2431,25	0,880829446079149	
		2434,375	0,881017857022803	
		2437,5	0,880815141834314	
		2440,625	0,880802386857756	
		2443,75	0,880863725107888	
		2446,875	0,881284914510385	
		2450	0,880627807523491	
		2453,125	0,880674592068956	
		2456,25	0,880538467458494	
		2459,375	0,880073423044119	
		2462,5	0,880465481216268	
		2465,625	0,880305694046829	
		2468,75	0,880853773920574	
		2471,875	0,879909460665291	
		2475	0,880182041314306	
		2478,125	0,879495970790213	
		2481,25	0,879782107101929	
		2484,375	0,879653418990436	
		2487,5	0,879133148277477	
		2490,625	0,879615708630242	
		2493,75	0,880567854956083	
		2496,875	0,880442817603482	
		2500	0,879386286568437	
		2503,125	0,879674219558991	
		2506,25	0,878617122574066	
		2509,375	0,879029614495629	
		2512,5	0,879289324807494	
		2515,625	0,87989679788814	
		2518,75	0,879426325748913	
		2521,875	0,879307902649908	
		2525	0,877928791565818	
		2528,125	0,879443380433469	
		2531,25	0,879380656657382	
		2534,375	0,878469658446687	
		2537,5	0,877929556932968	
		2540,625	0,879565506262017	
		2543,75	0,879885808093748	
		2546,875	0,877803339568731	
		2550	0,877458712799971	
		2553,125	0,877355106401533	
		2556,25	0,877120571870402	
		2559,375	0,877575569414953	
		2562,5	0,878105227423964	
		2565,625	0,878158827581883	
		2568,75	0,877738140044711	
		2571,875	0,876981777095242	
		2575	0,877285991949178	
		2578,125	0,878987454959219	
		2581,25	0,877849125049752	
		2584,375	0,87806328974559	
		2587,5	0,877706999248819	
		2590,625	0,878055557919248	
		2593,75	0,87796764714124	
		2596,875	0,877292006236391	
		2600	0,87797855950216	
		2603,125	0,878020888420591	
		2606,25	0,878543469204558	
		2609,375	0,87761993442027	
		2612,5	0,877467759114735	
		2615,625	0,877395542404814	
		2618,75	0,876683269000407	
		2621,875	0,877166101166173	
		2625	0,877762805261869	
		2628,125	0,87741511223174	
		2631,25	0,877514371307312	
		2634,375	0,878116979452577	
		2637,5	0,877961504590178	
		2640,625	0,877609097935552	
		2643,75	0,876589546098227	
		2646,875	0,87628231922139	
		2650	0,876323679618941	
		2653,125	0,876994931928975	
		2656,25	0,876197328452545	
		2659,375	0,876425805433818	
		2662,5	0,876961648459615	
		2665,625	0,876968471474595	
		2668,75	0,878145178277322	
		2671,875	0,876797576998535	
		2675	0,876493303248367	
		2678,125	0,876849903074086	
		2681,25	0,876310629419386	
		2684,375	0,876222532508528	
		2687,5	0,876556771741333	
		2690,625	0,876467874041474	
		2693,75	0,876702424977901	
		2696,875	0,877206387573654	
		2700	0,87726863886234	
		2703,125	0,876993453207137	
		2706,25	0,877352639038993	
		2709,375	0,877035543181267	
		2712,5	0,876612487374859	
		2715,625	0,876800599999976	
		2718,75	0,877293660210064	
		2721,875	0,877670178695591	
		2725	0,876917873812852	
		2728,125	0,876064300751626	
		2731,25	0,876278985483788	
		2734,375	0,877133851760492	
		2737,5	0,877023120134868	
		2740,625	0,876412776731156	
		2743,75	0,875157506860261	
		2746,875	0,875786173290687	
		2750	0,8768101932726	
		2753,125	0,875883393665783	
		2756,25	0,875327973248243	
		2759,375	0,87545440250816	
		2762,5	0,875715774208399	
		2765,625	0,875435394363463	
		2768,75	0,874101899064391	
		2771,875	0,874905257624237	
		2775	0,874780097982877	
		2778,125	0,874880115577184	
		2781,25	0,874216159645378	
		2784,375	0,874597867288868	
		2787,5	0,875094208951988	
		2790,625	0,874216569716063	
		2793,75	0,873985737202939	
		2796,875	0,873613602103953	
		2800	0,873316303105444	
		2803,125	0,872261815055517	
		2806,25	0,873048633017911	
		2809,375	0,872892247639657	
		2812,5	0,872376401313218	
		2815,625	0,872372525243318	
		2818,75	0,872704191854443	
		2821,875	0,872414488412003	
		2825	0,872935423578382	
		2828,125	0,87253127933038	
		2831,25	0,871950588601031	
		2834,375	0,872547569563879	
		2837,5	0,870939013354411	
		2840,625	0,871137927305398	
		2843,75	0,872269682370977	
		2846,875	0,871703456794532	
		2850	0,871740276348552	
		2853,125	0,872111010333498	
		2856,25	0,871353024115036	
		2859,375	0,871628720887134	
		2862,5	0,871491148785072	
		2865,625	0,871944732249618	
		2868,75	0,871556020853629	
		2871,875	0,870661991694153	
		2875	0,871262830222611	
		2878,125	0,871103409570028	
		2881,25	0,87109533534878	
		2884,375	0,871246404037402	
		2887,5	0,870531073860098	
		2890,625	0,870010970371605	
		2893,75	0,87035382541086	
		2896,875	0,870827960720395	
		2900	0,870785337698662	
		2903,125	0,870602858678804	
		2906,25	0,871119167870273	
		2909,375	0,870592516247778	
		2912,5	0,871108438904114	
		2915,625	0,871319116422829	
		2918,75	0,870960654633167	
		2921,875	0,870453642043808	
		2925	0,869663931108023	
		2928,125	0,870539037934227	
		2931,25	0,870990219753737	
		2934,375	0,870206679917143	
		2937,5	0,870194836236256	
		2940,625	0,870861046111984	
		2943,75	0,870920145223905	
		2946,875	0,870128070253273	
		2950	0,870240658739527	
		2953,125	0,870058168637969	
		2956,25	0,869212043189771	
		2959,375	0,869535200863524	
		2962,5	0,870177427105404	
		2965,625	0,869537792602973	
		2968,75	0,868634593547216	
		2971,875	0,86856487552123	
		2975	0,868681356762321	
		2978,125	0,868634891210629	
		2981,25	0,869207954382104	
		2984,375	0,86803725571582	
		2987,5	0,867729410598252	
		2990,625	0,868046384175691	
		2993,75	0,867559630158439	
		2996,875	0,867151985915668	
		3000	0,867184357777033	
		3003,125	0,865737679642761	
		3006,25	0,865750955429202	
		3009,375	0,86632602289322	
		3012,5	0,866371531233507	
		3015,625	0,865797611034316	
		3018,75	0,865786137545018	
		3021,875	0,86609106278531	
		3025	0,865892110469186	
		3028,125	0,86573529012851	
		3031,25	0,864917815006425	
		3034,375	0,865987309678615	
		3037,5	0,866379670140339	
		3040,625	0,866341468357388	
		3043,75	0,866146348207588	
		3046,875	0,864751165190972	
		3050	0,865554798210702	
		3053,125	0,8654356977998	
		3056,25	0,865461155619779	
		3059,375	0,86461034479184	
		3062,5	0,864656509281875	
		3065,625	0,864638539247728	
		3068,75	0,86476863160953	
		3071,875	0,86487431397313	
		3075	0,864722840328009	
		3078,125	0,86530141426399	
		3081,25	0,865289551543014	
		3084,375	0,865049774110347	
		3087,5	0,86464422020859	
		3090,625	0,86437718975941	
		3093,75	0,863696357482938	
		3096,875	0,863804732136079	
		3100	0,864916553587993	
		3103,125	0,86483269552939	
		3106,25	0,864441384992707	
		3109,375	0,864738548129829	
		3112,5	0,864521676736136	
		3115,625	0,864576272917795	
		3118,75	0,864338579466134	
		3121,875	0,863169851838619	
		3125	0,863537920816341	
		3128,125	0,863681569869346	
		3131,25	0,864191643599507	
		3134,375	0,863534560954724	
		3137,5	0,863948192078339	
		3140,625	0,864248462775112	
		3143,75	0,863798299406515	
		3146,875	0,864213875609365	
		3150	0,864419627390803	
		3153,125	0,864900954322344	
		3156,25	0,865240731976371	
		3159,375	0,864987650748085	
		3162,5	0,86534159390684	
		3165,625	0,866024549220476	
		3168,75	0,86605446874428	
		3171,875	0,866053076366005	
		3175	0,86573451647105	
		3178,125	0,865645779513181	
		3181,25	0,864603815104832	
		3184,375	0,864942939505187	
		3187,5	0,864883195488723	
		3190,625	0,866106980101002	
		3193,75	0,865695125233321	
		3196,875	0,865036068944439	
		3200	0,864742942243437	
		3203,125	0,865398777083877	
		3206,25	0,86576686903197	
		3209,375	0,865856390219493	
		3212,5	0,865338858746927	
		3215,625	0,865575619327103	
		3218,75	0,865761751722543	
		3221,875	0,866071595892894	
		3225	0,865515599569244	
		3228,125	0,865337075564534	
		3231,25	0,864727919445085	
		3234,375	0,863917607954015	
		3237,5	0,864609124186085	
		3240,625	0,864867550948875	
		3243,75	0,86479903276362	
		3246,875	0,864814888590811	
		3250	0,864638412706666	
		3253,125	0,864518636478783	
		3256,25	0,86486236666061	
		3259,375	0,864869959485472	
		3262,5	0,865289733610318	
		3265,625	0,865703096243828	
		3268,75	0,86600013560742	
		3271,875	0,865469252882856	
		3275	0,865778169088288	
		3278,125	0,86574732070949	
		3281,25	0,864443944307773	
		3284,375	0,865318173854425	
		3287,5	0,865720623460152	
		3290,625	0,864253360231511	
		3293,75	0,864074380511598	
		3296,875	0,865817618341548	
		3300	0,86595030655962	
		3303,125	0,866144009400528	
		3306,25	0,865889536474799	
		3309,375	0,865120136815732	
		3312,5	0,865181787864101	
		3315,625	0,865823487332247	
		3318,75	0,864849024995761	
		3321,875	0,865559522621052	
		3325	0,86480234114744	
		3328,125	0,864842588990186	
		3331,25	0,865652210253471	
		3334,375	0,865220514500628	
		3337,5	0,865705307377745	
		3340,625	0,866206912749107	
		3343,75	0,865291055828417	
		3346,875	0,864843053884826	
		3350	0,86441610630656	
		3353,125	0,864427416639124	
		3356,25	0,865152569455455	
		3359,375	0,864180681832539	
		3362,5	0,864937673064732	
		3365,625	0,865614469333317	
		3368,75	0,866517331334638	
		3371,875	0,865860068246231	
		3375	0,866376815019438	
		3378,125	0,866360659953467	
		3381,25	0,866313702616498	
		3384,375	0,866198522571786	
		3387,5	0,866694822371304	
		3390,625	0,865663543126635	
		3393,75	0,867184216302265	
		3396,875	0,866873027727509	
		3400	0,866494589531368	
		3403,125	0,865823193690524	
		3406,25	0,865013220732192	
		3409,375	0,865924210168559	
		3412,5	0,86534158694018	
		3415,625	0,86476473066561	
		3418,75	0,866355892775349	
		3421,875	0,865922938733878	
		3425	0,865694661938021	
		3428,125	0,866807541734588	
		3431,25	0,866813074725852	
		3434,375	0,866339330717876	
		3437,5	0,866260362992614	
		3440,625	0,86621521853774	
		3443,75	0,866323446940005	
		3446,875	0,866940413766979	
		3450	0,867288908765727	
		3453,125	0,867265203263534	
		3456,25	0,866743156803161	
		3459,375	0,866552180620235	
		3462,5	0,867388098143204	
		3465,625	0,867273046926206	
		3468,75	0,866020744258227	
		3471,875	0,866182693573735	
		3475	0,867001238762795	
		3478,125	0,866972429764412	
		3481,25	0,86887510675255	
		3484,375	0,868618114957955	
		3487,5	0,867233372873268	
		3490,625	0,867626838429488	
		3493,75	0,867094336408282	
		3496,875	0,868014672389454	
		3500	0,867627817877081	
		3503,125	0,867955080736736	
		3506,25	0,866864432904324	
		3509,375	0,867104838340354	
		3512,5	0,869038373484389	
		3515,625	0,869643930790051	
		3518,75	0,868561206963252	
		3521,875	0,868878493578984	
		3525	0,869422231482183	
		3528,125	0,868676989270978	
		3531,25	0,867974143952972	
		3534,375	0,8687536962824	
		3537,5	0,869982863437626	
		3540,625	0,869859265047801	
		3543,75	0,869955216021759	
		3546,875	0,870251020772106	
		3550	0,870176361893735	
		3553,125	0,870246539263951	
		3556,25	0,870116585820814	
		3559,375	0,870299902825855	
		3562,5	0,86949273192735	
		3565,625	0,870090591328929	
		3568,75	0,870586872432315	
		3571,875	0,870208004455816	
		3575	0,869816524372885	
		3578,125	0,869776370807331	
		3581,25	0,86980760174674	
		3584,375	0,870796948480934	
		3587,5	0,871508463993346	
		3590,625	0,870840273276573	
		3593,75	0,870423225798007	
		3596,875	0,870417990951403	
		3600	0,870633302525878	
		3603,125	0,871241510031191	
		3606,25	0,870928490505181	
		3609,375	0,871734116315683	
		3612,5	0,871743710482545	
		3615,625	0,870892036057719	
		3618,75	0,871823561945867	
		3621,875	0,871985495072884	
		3625	0,872257183639064	
		3628,125	0,872002350743139	
		3631,25	0,871959909015786	
		3634,375	0,871734765853854	
		3637,5	0,872497816301578	
		3640,625	0,873416088436954	
		3643,75	0,873107845363377	
		3646,875	0,873634272189555	
		3650	0,873212190895161	
		3653,125	0,873664315504441	
		3656,25	0,873769458025692	
		3659,375	0,873092279864969	
		3662,5	0,8731459236654	
		3665,625	0,872369826133932	
		3668,75	0,873442393996166	
		3671,875	0,874283963153056	
		3675	0,873866506741385	
		3678,125	0,874006580941207	
		3681,25	0,873656858167738	
		3684,375	0,876132618194175	
		3687,5	0,87534931203571	
		3690,625	0,875125043866958	
		3693,75	0,874991023542953	
		3696,875	0,874546116979469	
		3700	0,87525114918543	
		3703,125	0,875961870280327	
		3706,25	0,874764656026176	
		3709,375	0,875174734802168	
		3712,5	0,876357390127278	
		3715,625	0,877547190842506	
		3718,75	0,87543102425047	
		3721,875	0,876080109343149	
		3725	0,875696484781334	
		3728,125	0,876534190936947	
		3731,25	0,876315195846758	
		3734,375	0,876850998090384	
		3737,5	0,876639616884222	
		3740,625	0,876613498313423	
		3743,75	0,877013514454836	
		3746,875	0,877155656298841	
		3750	0,877421562022561	
		3753,125	0,877832820560983	
		3756,25	0,878036372967183	
		3759,375	0,878637486053855	
		3762,5	0,877782072988926	
		3765,625	0,878887716006609	
		3768,75	0,878797875022776	
		3771,875	0,879793696334793	
		3775	0,878943927373231	
		3778,125	0,879500270469575	
		3781,25	0,879531749640757	
		3784,375	0,878897495720106	
		3787,5	0,878387414857305	
		3790,625	0,879116629086773	
		3793,75	0,880402954763542	
		3796,875	0,880712454392943	
		3800	0,881612441936364	
		3803,125	0,88064460686614	
		3806,25	0,879852128387177	
		3809,375	0,880735208497826	
		3812,5	0,881546058026642	
		3815,625	0,882336690595539	
		3818,75	0,881635620855413	
		3821,875	0,882302784433631	
		3825	0,881680033603503	
		3828,125	0,88164409102923	
		3831,25	0,882121434418307	
		3834,375	0,881595542582656	
		3837,5	0,881489781779929	
		3840,625	0,882676675367869	
		3843,75	0,88381114198401	
		3846,875	0,883375560836135	
		3850	0,883342299294583	
		3853,125	0,883249565488818	
		3856,25	0,882396266980476	
		3859,375	0,883569911663259	
		3862,5	0,884417718188349	
		3865,625	0,883966213314107	
		3868,75	0,884187314199953	
		3871,875	0,884914700287055	
		3875	0,885105334712177	
		3878,125	0,883867742888841	
		3881,25	0,884672288325385	
		3884,375	0,88512719142881	
		3887,5	0,884808560257931	
		3890,625	0,884862659667271	
		3893,75	0,884478065411735	
		3896,875	0,885382385117324	
		3900	0,884714993297884	
		3903,125	0,885118937013025	
		3906,25	0,885532054813054	
		3909,375	0,885641923740871	
		3912,5	0,885936089653135	
		3915,625	0,885815039696565	
		3918,75	0,886278101327359	
		3921,875	0,886206789106718	
		3925	0,887605789952931	
		3928,125	0,887756620209537	
		3931,25	0,887466998359336	
		3934,375	0,887050277240958	
		3937,5	0,887366656442778	
		3940,625	0,887191110608296	
		3943,75	0,887119124031116	
		3946,875	0,88812765817707	
		3950	0,889023458372156	
		3953,125	0,888724267889039	
		3956,25	0,888827594587032	
		3959,375	0,890224620061166	
		3962,5	0,88946954514987	
		3965,625	0,888108951097612	
		3968,75	0,88795360885545	
		3971,875	0,888541706865829	
		3975	0,888573417065142	
		3978,125	0,889204604019513	
		3981,25	0,89005913949022	
		3984,375	0,890753993870934	
		3987,5	0,890266516357456	
		3990,625	0,889913782342917	
		3993,75	0,890319441547181	
		3996,875	0,890259484890827	
		4000	0,889210573287031	
		4003,125	0,890081352168192	
		4006,25	0,890551996478919	
		4009,375	0,891296268666183	
		4012,5	0,891369572347913	
		4015,625	0,891025694711663	
		4018,75	0,89129030786416	
		4021,875	0,892040762240019	
		4025	0,892232578916516	
		4028,125	0,892977851716717	
		4031,25	0,894449832443087	
		4034,375	0,894339896808454	
		4037,5	0,893076222061863	
		4040,625	0,895683165937153	
		4043,75	0,895320778574005	
		4046,875	0,895491301209062	
		4050	0,896264997200502	
		4053,125	0,896028708892978	
		4056,25	0,896152020581656	
		4059,375	0,896514603924094	
		4062,5	0,897376280414651	
		4065,625	0,896878828884299	
		4068,75	0,897129575377165	
		4071,875	0,897699629464805	
		4075	0,896658569019496	
		4078,125	0,896986898089472	
		4081,25	0,897009092273091	
		4084,375	0,897944801136825	
		4087,5	0,89710365378011	
		4090,625	0,898489205631182	
		4093,75	0,899630430358287	
		4096,875	0,898380989640158	
		4100	0,898056346052594	
		4103,125	0,898256412043319	
		4106,25	0,89824250820337	
		4109,375	0,897369157481959	
		4112,5	0,898902783519469	
		4115,625	0,89876327020253	
		4118,75	0,89836039375866	
		4121,875	0,898683773172919	
		4125	0,899578630963536	
		4128,125	0,899230150885591	
		4131,25	0,899083110613101	
		4134,375	0,898871092803479	
		4137,5	0,898680712438838	
		4140,625	0,899448633593232	
		4143,75	0,899375522977777	
		4146,875	0,899710091639707	
		4150	0,899852145941208	
		4153,125	0,898604929443956	
		4156,25	0,898906628314984	
		4159,375	0,900282638844258	
		4162,5	0,900527296220781	
		4165,625	0,900319143335906	
		4168,75	0,900711730427036	
		4171,875	0,900819447774224	
		4175	0,900150227057872	
		4178,125	0,89968958814413	
		4181,25	0,900258598842409	
		4184,375	0,900516918956813	
		4187,5	0,900672175419582	
		4190,625	0,900611956878065	
		4193,75	0,900759667170843	
		4196,875	0,900858988827837	
		4200	0,900841960509734	
		4203,125	0,901371880385509	
		4206,25	0,902660607339447	
		4209,375	0,902016669454103	
		4212,5	0,901634284448549	
		4215,625	0,901726086109958	
		4218,75	0,90155567100025	
		4221,875	0,901731736423654	
		4225	0,902115028410608	
		4228,125	0,902587210236806	
		4231,25	0,902334039128434	
		4234,375	0,90263230400726	
		4237,5	0,902760148447018	
		4240,625	0,90230352908221	
		4243,75	0,9030405994068	
		4246,875	0,902265530017677	
		4250	0,902284609860424	
		4253,125	0,903386806956858	
		4256,25	0,903001411018471	
		4259,375	0,903261800466425	
		4262,5	0,902750331353171	
		4265,625	0,903133965770424	
		4268,75	0,902973906586399	
		4271,875	0,902949651373771	
		4275	0,903460840449129	
		4278,125	0,903111534283316	
		4281,25	0,903663688552981	
		4284,375	0,902165175118305	
		4287,5	0,90213325543712	
		4290,625	0,903101083945456	
		4293,75	0,904022101617568	
		4296,875	0,904637314369756	
		4300	0,905028659119535	
		4303,125	0,90475378133846	
		4306,25	0,904553575706611	
		4309,375	0,904931647107427	
		4312,5	0,904350349195677	
		4315,625	0,905071293509525	
		4318,75	0,905140073938294	
		4321,875	0,90568942332186	
		4325	0,906293515564932	
		4328,125	0,905674293707705	
		4331,25	0,905138724762637	
		4334,375	0,905860225608642	
		4337,5	0,905463000595831	
		4340,625	0,906134254431798	
		4343,75	0,905866827174588	
		4346,875	0,907148238354613	
		4350	0,907236097808063	
		4353,125	0,906940501476621	
		4356,25	0,907188577329108	
		4359,375	0,9076065474289	
		4362,5	0,907124329861959	
		4365,625	0,907531017887371	
		4368,75	0,907100931150047	
		4371,875	0,908001457247721	
		4375	0,908024849615749	
		4378,125	0,90743535350221	
		4381,25	0,908192081773654	
		4384,375	0,908877130779529	
		4387,5	0,909899174171357	
		4390,625	0,909854402408611	
		4393,75	0,909472602190061	
		4396,875	0,909239634496095	
		4400	0,909792633034007	
		4403,125	0,910693203227338	
		4406,25	0,910912494183523	
		4409,375	0,910936869867495	
		4412,5	0,910719130873371	
		4415,625	0,91050152238229	
		4418,75	0,910950760332008	
		4421,875	0,910559978673253	
		4425	0,911150546865683	
		4428,125	0,911067849421066	
		4431,25	0,911219212894846	
		4434,375	0,911868786697678	
		4437,5	0,912195973758608	
		4440,625	0,911913796248821	
		4443,75	0,912041579284356	
		4446,875	0,911529344782055	
		4450	0,911683299951045	
		4453,125	0,912154759465353	
		4456,25	0,912773236621273	
		4459,375	0,912508786763609	
		4462,5	0,91228035141918	
		4465,625	0,912947944069149	
		4468,75	0,912200192496937	
		4471,875	0,912846718206027	
		4475	0,913724645525941	
		4478,125	0,913901256090734	
		4481,25	0,913643918623278	
		4484,375	0,913500306351314	
		4487,5	0,914504373939803	
		4490,625	0,914396674458192	
		4493,75	0,914538347231474	
		4496,875	0,915279283310884	
		4500	0,914850091088747	
		4503,125	0,915244349588023	
		4506,25	0,914797072297751	
		4509,375	0,914735127562473	
		4512,5	0,915944951818183	
		4515,625	0,915944386831102	
		4518,75	0,915580310884243	
		4521,875	0,915626219945288	
		4525	0,916563328914468	
		4528,125	0,917076219581014	
		4531,25	0,917444774783906	
		4534,375	0,9173264828022	
		4537,5	0,91747049640249	
		4540,625	0,917692684262799	
		4543,75	0,917415210888983	
		4546,875	0,917565617676973	
		4550	0,918026904248507	
		4553,125	0,918548117824616	
		4556,25	0,918722493387889	
		4559,375	0,918646931877425	
		4562,5	0,917765317038952	
		4565,625	0,918839259507528	
		4568,75	0,919093757222098	
		4571,875	0,919536129685736	
		4575	0,919614965115746	
		4578,125	0,919547572619639	
		4581,25	0,91983565066499	
		4584,375	0,919649364940994	
		4587,5	0,91959179930867	
		4590,625	0,919765772984246	
		4593,75	0,919916236216366	
		4596,875	0,920631794165355	
		4600	0,920352828451031	
		4603,125	0,919799490916773	
		4606,25	0,920518856381855	
		4609,375	0,920383113501683	
		4612,5	0,920392831142681	
		4615,625	0,920991713602267	
		4618,75	0,920812578933674	
		4621,875	0,920567152587971	
		4625	0,921485857486747	
		4628,125	0,921036847283418	
		4631,25	0,921386278436838	
		4634,375	0,921221709338355	
		4637,5	0,921056981969095	
		4640,625	0,92164522797507	
		4643,75	0,921589342114724	
		4646,875	0,921663784845592	
		4650	0,921610552332303	
		4653,125	0,921613388852051	
		4656,25	0,921667683799732	
		4659,375	0,922062100023346	
		4662,5	0,921955211612555	
		4665,625	0,922442601028653	
		4668,75	0,92263115665623	
		4671,875	0,922867231652757	
		4675	0,923532482069965	
		4678,125	0,92326172161493	
		4681,25	0,924134376043593	
		4684,375	0,92382771188088	
		4687,5	0,92339097798968	
		4690,625	0,923490119632327	
		4693,75	0,923446412255067	
		4696,875	0,923247650420254	
		4700	0,922530737182257	
		4703,125	0,923227068262174	
		4706,25	0,923670708411627	
		4709,375	0,923210225803257	
		4712,5	0,922458165216667	
		4715,625	0,922382183842335	
		4718,75	0,922266953991861	
		4721,875	0,921882294600432	
		4725	0,922016869618006	
		4728,125	0,921705824750958	
		4731,25	0,920712031702129	
		4734,375	0,920839152513567	
		4737,5	0,92076630565671	
		4740,625	0,92097325062496	
		4743,75	0,920559819117067	
		4746,875	0,920467102761475	
		4750	0,920615791268018	
		4753,125	0,920292173341255	
		4756,25	0,919739745911121	
		4759,375	0,919801027890145	
		4762,5	0,920084871695053	
		4765,625	0,920465572472334	
		4768,75	0,920311374852546	
		4771,875	0,919855204894879	
		4775	0,919969858451139	
		4778,125	0,919565713718257	
		4781,25	0,919204607916312	
		4784,375	0,918781470490212	
		4787,5	0,91869073989553	
		4790,625	0,918398024281271	
		4793,75	0,918455308234485	
		4796,875	0,918637334930825	
		4800	0,918038133811096	
		4803,125	0,917262041301628	
		4806,25	0,917442226110513	
		4809,375	0,917321300212361	
		4812,5	0,9169403567828	
		4815,625	0,916719788850307	
		4818,75	0,916665659421482	
		4821,875	0,9162538396303	
		4825	0,91675391189059	
		4828,125	0,917467113456035	
		4831,25	0,917629562298865	
		4834,375	0,916285939616434	
		4837,5	0,914766786476052	
		4840,625	0,913728381742704	
		4843,75	0,913044881225095	
		4846,875	0,912659779661027	
		4850	0,912163196438704	
		4853,125	0,911687999610013	
		4856,25	0,911491638969382	
		4859,375	0,910841852307395	
		4862,5	0,910946552526734	
		4865,625	0,910179614524637	
		4868,75	0,910218026700233	
		4871,875	0,910371751519953	
		4875	0,909863419192845	
		4878,125	0,909484472419693	
		4881,25	0,909017367172983	
		4884,375	0,908384090494403	
		4887,5	0,90829337133459	
		4890,625	0,908253761451192	
		4893,75	0,907989113849563	
		4896,875	0,907200673655564	
		4900	0,906922254326372	
		4903,125	0,906905710175484	
		4906,25	0,906836694384611	
		4909,375	0,906234131718864	
		4912,5	0,905946571967516	
		4915,625	0,905413867805757	
		4918,75	0,904208638443702	
		4921,875	0,903529628262576	
		4925	0,902221942122768	
		4928,125	0,900815844791875	
		4931,25	0,899773922674886	
		4934,375	0,899321885410993	
		4937,5	0,89869590650278	
		4940,625	0,897898332311431	
		4943,75	0,897462543389431	
		4946,875	0,896741859047069	
		4950	0,896447706888699	
		4953,125	0,896052742518652	
		4956,25	0,895806164417994	
		4959,375	0,895327251206009	
		4962,5	0,895092274301001	
		4965,625	0,894128156173184	
		4968,75	0,893907212905998	
		4971,875	0,893593284677474	
		4975	0,893195145034942	
				
