Frequency in Hz	Silk_93 Sound Reflection Factor continuous Re	Frequency in Hz	Silk_93 Sound Reflection Factor continuous Im	
100	0,940697610378265	100	-0,125544980168343	
103,125	0,93403571844101	103,125	-0,11449784040451	
106,25	0,931545436382294	106,25	-0,144946545362473	
109,375	0,940996706485748	109,375	-0,130760088562965	
112,5	0,929012537002563	112,5	-0,134164348244667	
115,625	0,927448630332947	115,625	-0,143734633922577	
118,75	0,931277096271515	118,75	-0,135344341397285	
121,875	0,916443884372711	121,875	-0,140946358442307	
125	0,926062881946564	125	-0,142944648861885	
128,125	0,923444032669067	128,125	-0,151019841432571	
131,25	0,923011779785156	131,25	-0,148287981748581	
134,375	0,929839849472046	134,375	-0,148386731743813	
137,5	0,904983103275299	137,5	-0,161047220230103	
140,625	0,903258860111237	140,625	-0,149077951908112	
143,75	0,898539662361145	143,75	-0,15853063762188	
146,875	0,913841903209686	146,875	-0,147825479507446	
150	0,899825990200043	150	-0,156893119215965	
153,125	0,898915946483612	153,125	-0,167711615562439	
156,25	0,898545980453491	156,25	-0,161797806620598	
159,375	0,896928250789642	159,375	-0,165412947535515	
162,5	0,897091865539551	162,5	-0,163844421505928	
165,625	0,891427457332611	165,625	-0,161688834428787	
168,75	0,887710750102997	168,75	-0,175959631800652	
171,875	0,882880210876465	171,875	-0,165794134140015	
175	0,875600636005402	175	-0,170897826552391	
178,125	0,881532371044159	178,125	-0,173638880252838	
181,25	0,88019984960556	181,25	-0,169539198279381	
184,375	0,873371601104736	184,375	-0,168600738048553	
187,5	0,864481031894684	187,5	-0,17543850839138	
190,625	0,863887548446655	190,625	-0,17076712846756	
193,75	0,858454585075378	193,75	-0,179591670632362	
196,875	0,860699772834778	196,875	-0,174699321389198	
200	0,86637955904007	200	-0,173531115055084	
203,125	0,868248879909515	203,125	-0,171854555606842	
206,25	0,855599641799927	206,25	-0,186947926878929	
209,375	0,854375839233398	209,375	-0,180151745676994	
212,5	0,861205458641052	212,5	-0,173676297068596	
215,625	0,846161723136902	215,625	-0,185274571180344	
218,75	0,849785983562469	218,75	-0,176394879817963	
221,875	0,844821572303772	221,875	-0,182673677802086	
225	0,839885473251343	225	-0,18030509352684	
228,125	0,836891353130341	228,125	-0,181054159998894	
231,25	0,836351692676544	231,25	-0,180192187428474	
234,375	0,832041323184967	234,375	-0,181496292352676	
237,5	0,837228059768677	237,5	-0,179372206330299	
240,625	0,835203588008881	240,625	-0,190977334976196	
243,75	0,832736611366272	243,75	-0,18452450633049	
246,875	0,823841452598572	246,875	-0,183388903737068	
250	0,821048319339752	250	-0,182803571224213	
253,125	0,823667049407959	253,125	-0,185067549347878	
256,25	0,819417536258698	256,25	-0,188234001398087	
259,375	0,814478516578674	259,375	-0,18282313644886	
262,5	0,816214561462402	262,5	-0,187344744801521	
265,625	0,816724121570587	265,625	-0,19118520617485	
268,75	0,813324570655823	268,75	-0,185541808605194	
271,875	0,808736026287079	271,875	-0,190195381641388	
275	0,811028242111206	275	-0,189764589071274	
278,125	0,804959416389465	278,125	-0,191867217421532	
281,25	0,804129242897034	281,25	-0,18936425447464	
284,375	0,803054332733154	284,375	-0,189422637224197	
287,5	0,81080025434494	287,5	-0,188248217105865	
290,625	0,798554360866547	290,625	-0,200351849198341	
293,75	0,799775242805481	293,75	-0,1966373026371	
296,875	0,794992923736572	296,875	-0,195750936865807	
300	0,792915284633636	300	-0,194192036986351	
303,125	0,78778088092804	303,125	-0,199589788913727	
306,25	0,782350838184357	306,25	-0,198981881141663	
309,375	0,776841342449188	309,375	-0,197406515479088	
312,5	0,767559826374054	312,5	-0,200081765651703	
315,625	0,759037613868713	315,625	-0,18734547495842	
318,75	0,757304251194	318,75	-0,186207264661789	
321,875	0,764218509197235	321,875	-0,176377207040787	
325	0,767026364803314	325	-0,171872079372406	
328,125	0,764058589935303	328,125	-0,167553156614304	
331,25	0,771707475185394	331,25	-0,178255468606949	
334,375	0,772698640823364	334,375	-0,177055165171623	
337,5	0,769995987415314	337,5	-0,172994077205658	
340,625	0,771621823310852	340,625	-0,175282597541809	
343,75	0,767236590385437	343,75	-0,180176317691803	
346,875	0,768028080463409	346,875	-0,180404677987099	
350	0,765799403190613	350	-0,176973432302475	
353,125	0,768380522727966	353,125	-0,176889508962631	
356,25	0,769691944122314	356,25	-0,181821256875992	
359,375	0,765761375427246	359,375	-0,186220914125443	
362,5	0,761608600616455	362,5	-0,182670831680298	
365,625	0,756045281887054	365,625	-0,181653022766113	
368,75	0,761182129383087	368,75	-0,181005671620369	
371,875	0,770074069499969	371,875	-0,184160783886909	
375	0,749544441699982	375	-0,179734602570534	
378,125	0,751461923122406	378,125	-0,185473591089249	
381,25	0,757950603961945	381,25	-0,178255900740623	
384,375	0,74574488401413	384,375	-0,180967330932617	
387,5	0,745768964290619	387,5	-0,188741698861122	
390,625	0,749232053756714	390,625	-0,191133916378021	
393,75	0,754695177078247	393,75	-0,180407494306564	
396,875	0,753444015979767	396,875	-0,17837381362915	
400	0,751093327999115	400	-0,174473524093628	
403,125	0,749809563159943	403,125	-0,172904044389725	
406,25	0,743013083934784	406,25	-0,180543392896652	
409,375	0,736368179321289	409,375	-0,183414369821548	
412,5	0,734097003936768	412,5	-0,19003264605999	
415,625	0,744305074214935	415,625	-0,185904607176781	
418,75	0,7364462018013	418,75	-0,185421720147133	
421,875	0,738947510719299	421,875	-0,189998805522919	
425	0,736192524433136	425	-0,185910701751709	
428,125	0,734532833099365	428,125	-0,1749547123909	
431,25	0,736404597759247	431,25	-0,185583665966988	
434,375	0,734643876552582	434,375	-0,18008853495121	
437,5	0,733343124389648	437,5	-0,177186593413353	
440,625	0,730717778205872	440,625	-0,175106778740883	
443,75	0,728900492191315	443,75	-0,178736224770546	
446,875	0,726144254207611	446,875	-0,176839128136635	
450	0,734907031059265	450	-0,172130227088928	
453,125	0,733467876911163	453,125	-0,170015648007393	
456,25	0,737187445163727	456,25	-0,169568330049515	
459,375	0,732572972774506	459,375	-0,174983784556389	
462,5	0,730282723903656	462,5	-0,183132827281952	
465,625	0,731811821460724	465,625	-0,182078957557678	
468,75	0,731278121471405	468,75	-0,17895981669426	
471,875	0,726787209510803	471,875	-0,189171433448792	
475	0,724081695079803	475	-0,18634495139122	
478,125	0,71945983171463	478,125	-0,1777633279562	
481,25	0,725818872451782	481,25	-0,174112543463707	
484,375	0,720202147960663	484,375	-0,180182635784149	
487,5	0,719342350959778	487,5	-0,175178498029709	
490,625	0,718374311923981	490,625	-0,177317455410957	
493,75	0,714763164520264	493,75	-0,177111506462097	
496,875	0,713914930820465	496,875	-0,175680175423622	
500	0,720696806907654	500	-0,178821548819542	
503,125	0,720051169395447	503,125	-0,179398387670517	
506,25	0,719817042350769	506,25	-0,176976904273033	
509,375	0,720156192779541	509,375	-0,180189415812492	
512,5	0,71438729763031	512,5	-0,18166495859623	
515,625	0,71363639831543	515,625	-0,175549536943436	
518,75	0,712450265884399	518,75	-0,173140302300453	
521,875	0,712828874588013	521,875	-0,181429371237755	
525	0,70959734916687	525	-0,179568916559219	
528,125	0,714131236076355	528,125	-0,176088348031044	
531,25	0,711137354373932	531,25	-0,178838551044464	
534,375	0,710093319416046	534,375	-0,177889972925186	
537,5	0,709174990653992	537,5	-0,178326487541199	
540,625	0,709670722484589	540,625	-0,177990972995758	
543,75	0,706713080406189	543,75	-0,172535941004753	
546,875	0,70866858959198	546,875	-0,18056957423687	
550	0,706946492195129	550	-0,17772464454174	
553,125	0,704138278961182	553,125	-0,178897798061371	
556,25	0,7062007188797	556,25	-0,176269814372063	
559,375	0,70165354013443	559,375	-0,175547435879707	
562,5	0,702178120613098	562,5	-0,174835741519928	
565,625	0,702212035655975	565,625	-0,176149055361748	
568,75	0,700157225131989	568,75	-0,175105914473534	
571,875	0,699272632598877	571,875	-0,174335673451424	
575	0,700157463550568	575	-0,175177574157715	
578,125	0,697182357311249	578,125	-0,17254863679409	
581,25	0,69954240322113	581,25	-0,173650547862053	
584,375	0,699594497680664	584,375	-0,175168976187706	
587,5	0,699060559272766	587,5	-0,174242258071899	
590,625	0,697061002254486	590,625	-0,174005299806595	
593,75	0,695841372013092	593,75	-0,173844769597054	
596,875	0,696257829666138	596,875	-0,172904014587402	
600	0,695252060890198	600	-0,175139144062996	
603,125	0,694600045681	603,125	-0,173073261976242	
606,25	0,693475127220154	606,25	-0,173850938677788	
609,375	0,694496810436249	609,375	-0,172353014349937	
612,5	0,69346821308136	612,5	-0,172351509332657	
615,625	0,692254722118378	615,625	-0,173680901527405	
618,75	0,692166566848755	618,75	-0,172520309686661	
621,875	0,692876756191254	621,875	-0,170864298939705	
625	0,690880954265594	625	-0,170427232980728	
628,125	0,690415561199188	628,125	-0,172067001461983	
631,25	0,687650561332703	631,25	-0,171025991439819	
634,375	0,687304437160492	634,375	-0,170636013150215	
637,5	0,688158929347992	637,5	-0,170613244175911	
640,625	0,688492000102997	640,625	-0,167995348572731	
643,75	0,688391149044037	643,75	-0,170426040887833	
646,875	0,686610221862793	646,875	-0,169527679681778	
650	0,688173949718475	650	-0,170003116130829	
653,125	0,686419069766998	653,125	-0,168853640556335	
656,25	0,685365736484528	656,25	-0,16842794418335	
659,375	0,685154139995575	659,375	-0,170068725943565	
662,5	0,686716675758362	662,5	-0,168466195464134	
665,625	0,686989307403564	665,625	-0,16910645365715	
668,75	0,685203969478607	668,75	-0,169172719120979	
671,875	0,684511244297028	671,875	-0,167201489210129	
675	0,682727336883545	675	-0,168545067310333	
678,125	0,681831836700439	678,125	-0,169002577662468	
681,25	0,682602286338806	681,25	-0,168279975652695	
684,375	0,682591497898102	684,375	-0,168046891689301	
687,5	0,684479176998138	687,5	-0,166976392269135	
690,625	0,682405769824982	690,625	-0,171515330672264	
693,75	0,682788133621216	693,75	-0,168088063597679	
696,875	0,682834267616272	696,875	-0,167689099907875	
700	0,681366145610809	700	-0,168762445449829	
703,125	0,681502342224121	703,125	-0,169205531477928	
706,25	0,68166321516037	706,25	-0,16755123436451	
709,375	0,6799276471138	709,375	-0,16645672917366	
712,5	0,6785888671875	712,5	-0,171131163835526	
715,625	0,680413782596588	715,625	-0,16845566034317	
718,75	0,680813193321228	718,75	-0,168800666928291	
721,875	0,679109752178192	721,875	-0,168746247887611	
725	0,680258452892303	725	-0,168903857469559	
728,125	0,678327202796936	728,125	-0,168939009308815	
731,25	0,67917138338089	731,25	-0,168544307351112	
734,375	0,678355395793915	734,375	-0,168112397193909	
737,5	0,679150879383087	737,5	-0,167887389659882	
740,625	0,676685214042664	740,625	-0,168387800455093	
743,75	0,674885988235474	743,75	-0,168721914291382	
746,875	0,676991879940033	746,875	-0,170383632183075	
750	0,676596879959106	750	-0,170125052332878	
753,125	0,676348209381104	753,125	-0,168975993990898	
756,25	0,675516307353973	756,25	-0,168507128953934	
759,375	0,672925531864166	759,375	-0,167107969522476	
762,5	0,674965739250183	762,5	-0,166589140892029	
765,625	0,674584984779358	765,625	-0,166588947176933	
768,75	0,674546301364899	768,75	-0,169334754347801	
771,875	0,673126637935638	771,875	-0,169593721628189	
775	0,673711001873016	775	-0,167200341820717	
778,125	0,672118604183197	778,125	-0,166708201169968	
781,25	0,672198355197906	781,25	-0,168496444821358	
784,375	0,671005725860596	784,375	-0,169692784547806	
787,5	0,671352386474609	787,5	-0,171127766370773	
790,625	0,671538889408112	790,625	-0,170662954449654	
793,75	0,671250939369202	793,75	-0,168720424175262	
796,875	0,671179413795471	796,875	-0,167182192206383	
800	0,670659124851227	800	-0,167842224240303	
803,125	0,672025322914124	803,125	-0,165623068809509	
806,25	0,671792089939117	806,25	-0,168612658977509	
809,375	0,669981896877289	809,375	-0,172429814934731	
812,5	0,670784592628479	812,5	-0,167952448129654	
815,625	0,67024952173233	815,625	-0,166051730513573	
818,75	0,669018983840942	818,75	-0,169913321733475	
821,875	0,66714084148407	821,875	-0,167867183685303	
825	0,667348027229309	825	-0,161127924919128	
828,125	0,666787385940552	828,125	-0,162807390093803	
831,25	0,660998404026031	831,25	-0,15885528922081	
834,375	0,665356755256653	834,375	-0,168687015771866	
837,5	0,667965650558472	837,5	-0,169499903917313	
840,625	0,666792333126068	840,625	-0,168824702501297	
843,75	0,665534436702728	843,75	-0,169935792684555	
846,875	0,670140445232391	846,875	-0,16939315199852	
850	0,671636402606964	850	-0,168336391448975	
853,125	0,670940160751343	853,125	-0,162942707538605	
856,25	0,665826857089996	856,25	-0,163049697875977	
859,375	0,663291752338409	859,375	-0,165382027626038	
862,5	0,664784014225006	862,5	-0,165802076458931	
865,625	0,666030168533325	865,625	-0,164583951234818	
868,75	0,668703317642212	868,75	-0,163894549012184	
871,875	0,668063044548035	871,875	-0,1670743227005	
875	0,66667377948761	875	-0,164982706308365	
878,125	0,666612446308136	878,125	-0,165368720889091	
881,25	0,665792763233185	881,25	-0,167778804898262	
884,375	0,655724287033081	884,375	-0,160831943154335	
887,5	0,651922345161438	887,5	-0,159243747591972	
890,625	0,652482807636261	890,625	-0,161515325307846	
893,75	0,657983124256134	893,75	-0,162596866488457	
896,875	0,655241668224335	896,875	-0,16422937810421	
900	0,65530264377594	900	-0,160722926259041	
903,125	0,651960730552673	903,125	-0,161161065101624	
906,25	0,65306568145752	906,25	-0,159735053777695	
909,375	0,656966865062714	909,375	-0,159311294555664	
912,5	0,657678604125977	912,5	-0,163870960474014	
915,625	0,656073272228241	915,625	-0,163801223039627	
918,75	0,654118537902832	918,75	-0,162457212805748	
921,875	0,6507528424263	921,875	-0,159979104995728	
925	0,65098363161087	925	-0,159933134913445	
928,125	0,654772043228149	928,125	-0,158249914646149	
931,25	0,650283515453339	931,25	-0,162142515182495	
934,375	0,651435315608978	934,375	-0,160429731011391	
937,5	0,650604009628296	937,5	-0,16145233809948	
940,625	0,650917172431946	940,625	-0,160547137260437	
943,75	0,650573372840881	943,75	-0,163456961512566	
946,875	0,64987587928772	946,875	-0,162964224815369	
950	0,649292767047882	950	-0,161288991570473	
953,125	0,648995637893677	953,125	-0,159228891134262	
956,25	0,647684812545776	956,25	-0,159651070833206	
959,375	0,647014796733856	959,375	-0,161432340741158	
962,5	0,647543013095856	962,5	-0,162164717912674	
965,625	0,64734947681427	965,625	-0,161357074975967	
968,75	0,649002730846405	968,75	-0,160457968711853	
971,875	0,646559476852417	971,875	-0,162017822265625	
975	0,646281480789185	975	-0,160604402422905	
978,125	0,645976364612579	978,125	-0,160564959049225	
981,25	0,643498122692108	981,25	-0,160689979791641	
984,375	0,645046949386597	984,375	-0,160929515957832	
987,5	0,644880294799805	987,5	-0,160609871149063	
990,625	0,644006669521332	990,625	-0,160125896334648	
993,75	0,644765019416809	993,75	-0,162690401077271	
996,875	0,644725441932678	996,875	-0,161357179284096	
1000	0,644664525985718	1000	-0,162695363163948	
1003,125	0,643424689769745	1003,125	-0,161004021763802	
1006,25	0,642682492733002	1006,25	-0,160737693309784	
1009,375	0,641696870326996	1009,375	-0,162179484963417	
1012,5	0,641961514949799	1012,5	-0,16087019443512	
1015,625	0,643057644367218	1015,625	-0,160556569695473	
1018,75	0,641098856925964	1018,75	-0,163312703371048	
1021,875	0,641401052474976	1021,875	-0,161695241928101	
1025	0,63996160030365	1025	-0,162618786096573	
1028,125	0,640164077281952	1028,125	-0,161642909049988	
1031,25	0,641445279121399	1031,25	-0,161141991615295	
1034,375	0,640158295631409	1034,375	-0,16226926445961	
1037,5	0,639359831809998	1037,5	-0,162075325846672	
1040,625	0,639235615730286	1040,625	-0,162416711449623	
1043,75	0,638881206512451	1043,75	-0,161596968770027	
1046,875	0,6380575299263	1046,875	-0,16128545999527	
1050	0,638361155986786	1050	-0,1624586135149	
1053,125	0,639410376548767	1053,125	-0,162654459476471	
1056,25	0,637911796569824	1056,25	-0,16320963203907	
1059,375	0,63836282491684	1059,375	-0,161951720714569	
1062,5	0,638392508029938	1062,5	-0,16223780810833	
1065,625	0,63737952709198	1065,625	-0,163883596658707	
1068,75	0,636150240898132	1068,75	-0,161805883049965	
1071,875	0,635851085186005	1071,875	-0,162020236253738	
1075	0,636719107627869	1075	-0,161839216947556	
1078,125	0,637529134750366	1078,125	-0,162821397185326	
1081,25	0,633608162403107	1081,25	-0,164313912391663	
1084,375	0,634676933288574	1084,375	-0,163123458623886	
1087,5	0,634653151035309	1087,5	-0,162871733307838	
1090,625	0,634072244167328	1090,625	-0,162278845906258	
1093,75	0,633873641490936	1093,75	-0,163077145814896	
1096,875	0,632470965385437	1096,875	-0,16303551197052	
1100	0,631682217121124	1100	-0,163413375616074	
1103,125	0,631303668022156	1103,125	-0,164090543985367	
1106,25	0,630511879920959	1106,25	-0,162349984049797	
1109,375	0,630891680717468	1109,375	-0,164825066924095	
1112,5	0,631590604782104	1112,5	-0,163658946752548	
1115,625	0,62834906578064	1115,625	-0,16360205411911	
1118,75	0,630793035030365	1118,75	-0,165035739541054	
1121,875	0,62975150346756	1121,875	-0,163049474358559	
1125	0,630377173423767	1125	-0,164332807064056	
1128,125	0,630361676216125	1128,125	-0,163828417658806	
1131,25	0,628257513046265	1131,25	-0,165631309151649	
1134,375	0,628072440624237	1134,375	-0,164023637771606	
1137,5	0,629350006580353	1137,5	-0,164004191756248	
1140,625	0,628241956233978	1140,625	-0,166309386491776	
1143,75	0,628296315670013	1143,75	-0,164606869220734	
1146,875	0,627708196640015	1146,875	-0,164296358823776	
1150	0,625728368759155	1150	-0,165685474872589	
1153,125	0,624994456768036	1153,125	-0,164644628763199	
1156,25	0,627229332923889	1156,25	-0,164414778351784	
1159,375	0,627721846103668	1159,375	-0,166794002056122	
1162,5	0,627330958843231	1162,5	-0,164562299847603	
1165,625	0,625008404254913	1165,625	-0,165721252560616	
1168,75	0,625151634216309	1168,75	-0,165165334939957	
1171,875	0,624970495700836	1171,875	-0,165091037750244	
1175	0,624202251434326	1175	-0,166966006159782	
1178,125	0,624567329883575	1178,125	-0,166492953896523	
1181,25	0,624731302261353	1181,25	-0,165641590952873	
1184,375	0,623223721981049	1184,375	-0,167155504226685	
1187,5	0,624346017837524	1187,5	-0,168145656585693	
1190,625	0,622918784618378	1190,625	-0,166521012783051	
1193,75	0,621613144874573	1193,75	-0,165128871798515	
1196,875	0,618969738483429	1196,875	-0,165453195571899	
1200	0,619928181171417	1200	-0,169481083750725	
1203,125	0,619796931743622	1203,125	-0,168283820152283	
1206,25	0,618257999420166	1206,25	-0,166193410754204	
1209,375	0,620591998100281	1209,375	-0,169220015406609	
1212,5	0,620311200618744	1212,5	-0,170187681913376	
1215,625	0,619648993015289	1215,625	-0,168387115001678	
1218,75	0,617272973060608	1218,75	-0,172224164009094	
1221,875	0,616978228092194	1221,875	-0,169564455747604	
1225	0,619047343730927	1225	-0,167985990643501	
1228,125	0,617216765880585	1228,125	-0,172071039676666	
1231,25	0,617312490940094	1231,25	-0,171629577875137	
1234,375	0,616164803504944	1234,375	-0,169787645339966	
1237,5	0,619289696216583	1237,5	-0,172908499836922	
1240,625	0,617633283138275	1240,625	-0,173194512724876	
1243,75	0,61545717716217	1243,75	-0,172123521566391	
1246,875	0,614949524402618	1246,875	-0,172830566763878	
1250	0,613573133945465	1250	-0,172639399766922	
1253,125	0,615180671215057	1253,125	-0,172796666622162	
1256,25	0,614258527755737	1256,25	-0,175999522209167	
1259,375	0,613564252853394	1259,375	-0,174634113907814	
1262,5	0,612833738327026	1262,5	-0,172825828194618	
1265,625	0,612620651721954	1265,625	-0,173901975154877	
1268,75	0,61249315738678	1268,75	-0,173961207270622	
1271,875	0,610478520393372	1271,875	-0,174410298466682	
1275	0,609808027744293	1275	-0,175322443246841	
1278,125	0,609190940856934	1278,125	-0,174441173672676	
1281,25	0,609785318374634	1281,25	-0,17535038292408	
1284,375	0,608992695808411	1284,375	-0,174242064356804	
1287,5	0,609519958496094	1287,5	-0,17481341958046	
1290,625	0,609580457210541	1290,625	-0,17723922431469	
1293,75	0,60741662979126	1293,75	-0,176143020391464	
1296,875	0,605418860912323	1296,875	-0,176761046051979	
1300	0,608379364013672	1300	-0,177787035703659	
1303,125	0,608459949493408	1303,125	-0,178196683526039	
1306,25	0,606552064418793	1306,25	-0,177094459533691	
1309,375	0,605195641517639	1309,375	-0,178054884076118	
1312,5	0,605047821998596	1312,5	-0,179348334670067	
1315,625	0,605238616466522	1315,625	-0,179178535938263	
1318,75	0,6022789478302	1318,75	-0,178047642111778	
1321,875	0,602665841579437	1321,875	-0,177151396870613	
1325	0,602805912494659	1325	-0,177224919199944	
1328,125	0,602175533771515	1328,125	-0,180081874132156	
1331,25	0,600840389728546	1331,25	-0,179944664239883	
1334,375	0,600980877876282	1334,375	-0,182609438896179	
1337,5	0,600082278251648	1337,5	-0,181596651673317	
1340,625	0,598347961902618	1340,625	-0,181194439530373	
1343,75	0,59978848695755	1343,75	-0,180753067135811	
1346,875	0,597473800182343	1346,875	-0,181655362248421	
1350	0,597397744655609	1350	-0,183182433247566	
1353,125	0,598038494586945	1353,125	-0,182887271046638	
1356,25	0,598889768123627	1356,25	-0,186497941613197	
1359,375	0,595317482948303	1359,375	-0,1841661632061	
1362,5	0,594097197055817	1362,5	-0,184980541467667	
1365,625	0,594035804271698	1365,625	-0,185389310121536	
1368,75	0,592826128005981	1368,75	-0,18516044318676	
1371,875	0,591407775878906	1371,875	-0,186373621225357	
1375	0,592173516750336	1375	-0,187077969312668	
1378,125	0,592092037200928	1378,125	-0,186394661664963	
1381,25	0,589998006820679	1381,25	-0,190340429544449	
1384,375	0,590337753295898	1384,375	-0,190078184008598	
1387,5	0,589905202388763	1387,5	-0,188093855977058	
1390,625	0,588035225868225	1390,625	-0,188529014587402	
1393,75	0,586039185523987	1393,75	-0,18906657397747	
1396,875	0,584955811500549	1396,875	-0,189475998282433	
1400	0,584100306034088	1400	-0,190029010176659	
1403,125	0,584199011325836	1403,125	-0,191808715462685	
1406,25	0,582576274871826	1406,25	-0,193188965320587	
1409,375	0,580504775047302	1409,375	-0,194643348455429	
1412,5	0,579580724239349	1412,5	-0,193693786859512	
1415,625	0,578038573265076	1415,625	-0,195945590734482	
1418,75	0,57738322019577	1418,75	-0,196333169937134	
1421,875	0,575454950332642	1421,875	-0,195528224110603	
1425	0,574531435966492	1425	-0,196520522236824	
1428,125	0,573160827159882	1428,125	-0,19984096288681	
1431,25	0,571708500385284	1431,25	-0,198692724108696	
1434,375	0,569513559341431	1434,375	-0,199131980538368	
1437,5	0,565590500831604	1437,5	-0,199298828840256	
1440,625	0,566945135593414	1440,625	-0,19879187643528	
1443,75	0,563090801239014	1443,75	-0,203732684254646	
1446,875	0,561578631401062	1446,875	-0,201391234993935	
1450	0,559165954589844	1450	-0,201882123947144	
1453,125	0,557108163833618	1453,125	-0,202344372868538	
1456,25	0,553850471973419	1456,25	-0,204769909381866	
1459,375	0,551492869853973	1459,375	-0,2043616771698	
1462,5	0,548407375812531	1462,5	-0,203143551945686	
1465,625	0,546438574790955	1465,625	-0,205311298370361	
1468,75	0,541249573230743	1468,75	-0,206367745995522	
1471,875	0,537864446640015	1471,875	-0,206833466887474	
1475	0,53601348400116	1475	-0,206658497452736	
1478,125	0,531320333480835	1478,125	-0,206821978092194	
1481,25	0,528062462806702	1481,25	-0,204696640372276	
1484,375	0,521452665328979	1484,375	-0,205342203378677	
1487,5	0,519342958927155	1487,5	-0,206740081310272	
1490,625	0,514467597007751	1490,625	-0,204738557338715	
1493,75	0,509638428688049	1493,75	-0,204472571611404	
1496,875	0,507155776023865	1496,875	-0,20243413746357	
1500	0,498839795589447	1500	-0,199674934148788	
1503,125	0,493728041648865	1503,125	-0,195678934454918	
1506,25	0,490887552499771	1506,25	-0,191441863775253	
1509,375	0,483261168003082	1509,375	-0,189081877470016	
1512,5	0,479453653097153	1512,5	-0,183876156806946	
1515,625	0,47669130563736	1515,625	-0,179360136389732	
1518,75	0,472676634788513	1518,75	-0,171709731221199	
1521,875	0,470460712909698	1521,875	-0,166528955101967	
1525	0,466888934373856	1525	-0,159653961658478	
1528,125	0,466851145029068	1528,125	-0,151730120182037	
1531,25	0,466371595859528	1531,25	-0,145027384161949	
1534,375	0,467018246650696	1534,375	-0,138228103518486	
1537,5	0,467772990465164	1537,5	-0,132716551423073	
1540,625	0,469585180282593	1540,625	-0,127098798751831	
1543,75	0,471584618091583	1543,75	-0,121130034327507	
1546,875	0,473856896162033	1546,875	-0,116681419312954	
1550	0,476559042930603	1550	-0,112495131790638	
1553,125	0,479223340749741	1553,125	-0,108696542680264	
1556,25	0,482160568237305	1556,25	-0,105702243745327	
1559,375	0,484919190406799	1559,375	-0,102125905454159	
1562,5	0,487687557935715	1562,5	-0,0991017669439316	
1565,625	0,4894799888134	1565,625	-0,0972118377685547	
1568,75	0,492953270673752	1568,75	-0,0950136929750443	
1571,875	0,495510339736938	1571,875	-0,0934654176235199	
1575	0,498193621635437	1575	-0,0909568518400192	
1578,125	0,500691056251526	1578,125	-0,0900930091738701	
1581,25	0,503468036651611	1581,25	-0,0892728492617607	
1584,375	0,504743874073029	1584,375	-0,0872008726000786	
1587,5	0,506907284259796	1587,5	-0,0871887654066086	
1590,625	0,509265780448914	1590,625	-0,0870328024029732	
1593,75	0,510443568229675	1593,75	-0,0871450453996658	
1596,875	0,511072039604187	1596,875	-0,0861354097723961	
1600	0,51288890838623	1600	-0,0858869627118111	
1603,125	0,51372766494751	1603,125	-0,0851743742823601	
1606,25	0,514261782169342	1606,25	-0,0841840580105782	
1609,375	0,512356400489807	1609,375	-0,0827028900384903	
1612,5	0,511591792106628	1612,5	-0,0824207440018654	
1615,625	0,512776792049408	1615,625	-0,0810454115271568	
1618,75	0,514292240142822	1618,75	-0,080106683075428	
1621,875	0,514412760734558	1621,875	-0,0776570588350296	
1625	0,514573097229004	1625	-0,075985886156559	
1628,125	0,515134692192078	1628,125	-0,0732698440551758	
1631,25	0,515911996364594	1631,25	-0,0719145983457565	
1634,375	0,518115937709808	1634,375	-0,0692579299211502	
1637,5	0,518834471702576	1637,5	-0,0672798380255699	
1640,625	0,518060326576233	1640,625	-0,0641460046172142	
1643,75	0,520742952823639	1643,75	-0,0642373412847519	
1646,875	0,522804856300354	1646,875	-0,0601645782589912	
1650	0,524773240089417	1650	-0,0577142015099525	
1653,125	0,525876998901367	1653,125	-0,0552767217159271	
1656,25	0,528544723987579	1656,25	-0,0524647422134876	
1659,375	0,532053470611572	1659,375	-0,0493002310395241	
1662,5	0,536571264266968	1662,5	-0,0457833521068096	
1665,625	0,545520722866058	1665,625	-0,044741977006197	
1668,75	0,551040887832642	1668,75	-0,045216616243124	
1671,875	0,55471009016037	1671,875	-0,048681303858757	
1675	0,553946375846863	1675	-0,0513285286724567	
1678,125	0,555195093154907	1678,125	-0,0540928356349468	
1681,25	0,557298243045807	1681,25	-0,0515238009393215	
1684,375	0,556779861450195	1684,375	-0,0532708056271076	
1687,5	0,558820605278015	1687,5	-0,0543638058006763	
1690,625	0,560752749443054	1690,625	-0,0537017956376076	
1693,75	0,56150871515274	1693,75	-0,0518584065139294	
1696,875	0,565674066543579	1696,875	-0,0538902916014194	
1700	0,567364931106567	1700	-0,0551994554698467	
1703,125	0,571051180362701	1703,125	-0,0550731271505356	
1706,25	0,572907507419586	1706,25	-0,0570794232189655	
1709,375	0,57402503490448	1709,375	-0,0589401312172413	
1712,5	0,576340556144714	1712,5	-0,0580109618604183	
1715,625	0,577354550361633	1715,625	-0,0588499493896961	
1718,75	0,580415070056915	1718,75	-0,0598634257912636	
1721,875	0,582401156425476	1721,875	-0,0622913762927055	
1725	0,582611382007599	1725	-0,0663623809814453	
1728,125	0,585275590419769	1728,125	-0,065167635679245	
1731,25	0,588419735431671	1731,25	-0,0650008097290993	
1734,375	0,591029584407806	1734,375	-0,0692388936877251	
1737,5	0,588754296302795	1737,5	-0,071212150156498	
1740,625	0,590850651264191	1740,625	-0,0690785050392151	
1743,75	0,589507102966309	1743,75	-0,0732406973838806	
1746,875	0,589641451835632	1746,875	-0,0727124959230423	
1750	0,592484891414642	1750	-0,0722911134362221	
1753,125	0,593437254428864	1753,125	-0,0761509090662003	
1756,25	0,594251871109009	1756,25	-0,0811627805233002	
1759,375	0,596805572509766	1759,375	-0,0801184922456741	
1762,5	0,596023321151733	1762,5	-0,0841106548905373	
1765,625	0,594989776611328	1765,625	-0,0879280269145966	
1768,75	0,593408286571503	1768,75	-0,0893683433532715	
1771,875	0,594845354557037	1771,875	-0,0903157144784927	
1775	0,594887554645538	1775	-0,0913896858692169	
1778,125	0,594574868679047	1778,125	-0,0940368250012398	
1781,25	0,592790424823761	1781,25	-0,0948308557271957	
1784,375	0,59293520450592	1784,375	-0,096474789083004	
1787,5	0,595143020153046	1787,5	-0,0998675152659416	
1790,625	0,590885519981384	1790,625	-0,0998315215110779	
1793,75	0,592279672622681	1793,75	-0,104672834277153	
1796,875	0,592082679271698	1796,875	-0,102679818868637	
1800	0,590063571929932	1800	-0,0999104678630829	
1803,125	0,589268028736115	1803,125	-0,106511764228344	
1806,25	0,588224112987518	1806,25	-0,105050057172775	
1809,375	0,587057292461395	1809,375	-0,106430925428867	
1812,5	0,588645815849304	1812,5	-0,104423359036446	
1815,625	0,586685240268707	1815,625	-0,110964573919773	
1818,75	0,58405601978302	1818,75	-0,108956381678581	
1821,875	0,584161520004272	1821,875	-0,110165499150753	
1825	0,583764731884003	1825	-0,111641407012939	
1828,125	0,583764910697937	1828,125	-0,11201561242342	
1831,25	0,581848680973053	1831,25	-0,111319541931152	
1834,375	0,579213082790375	1834,375	-0,113331191241741	
1837,5	0,578660666942596	1837,5	-0,113330028951168	
1840,625	0,579807162284851	1840,625	-0,116599582135677	
1843,75	0,575923621654511	1843,75	-0,117061272263527	
1846,875	0,575453996658325	1846,875	-0,11874046176672	
1850	0,574349343776703	1850	-0,118507340550423	
1853,125	0,573527216911316	1853,125	-0,118977606296539	
1856,25	0,570373892784119	1856,25	-0,116364262998104	
1859,375	0,569984436035156	1859,375	-0,117809996008873	
1862,5	0,566414892673492	1862,5	-0,119077481329441	
1865,625	0,566197156906128	1865,625	-0,117775693535805	
1868,75	0,564692437648773	1868,75	-0,116221085190773	
1871,875	0,563372611999512	1871,875	-0,116684183478355	
1875	0,563560545444489	1875	-0,116958223283291	
1878,125	0,559922158718109	1878,125	-0,115715898573399	
1881,25	0,558654010295868	1881,25	-0,115195840597153	
1884,375	0,558964371681213	1884,375	-0,114192016422749	
1887,5	0,558554947376251	1887,5	-0,112914964556694	
1890,625	0,556079387664795	1890,625	-0,111116975545883	
1893,75	0,555483222007751	1893,75	-0,109144970774651	
1896,875	0,554437339305878	1896,875	-0,108408533036709	
1900	0,554928421974182	1900	-0,107861183583736	
1903,125	0,553660988807678	1903,125	-0,106232188642025	
1906,25	0,553368866443634	1906,25	-0,105889402329922	
1909,375	0,55435574054718	1909,375	-0,104919441044331	
1912,5	0,555742561817169	1912,5	-0,103238098323345	
1915,625	0,555215835571289	1915,625	-0,1031843572855	
1918,75	0,554783821105957	1918,75	-0,104569233953953	
1921,875	0,557094812393188	1921,875	-0,102985464036465	
1925	0,558702111244202	1925	-0,103032626211643	
1928,125	0,556864857673645	1928,125	-0,102469444274902	
1931,25	0,557456314563751	1931,25	-0,101857505738735	
1934,375	0,55848628282547	1934,375	-0,102590791881084	
1937,5	0,5594282746315	1937,5	-0,102045267820358	
1940,625	0,559344887733459	1940,625	-0,10268896073103	
1943,75	0,55991142988205	1943,75	-0,103093922138214	
1946,875	0,559270739555359	1946,875	-0,103967875242233	
1950	0,560468435287476	1950	-0,102698050439358	
1953,125	0,561567902565002	1953,125	-0,10516507178545	
1956,25	0,561939060688019	1956,25	-0,104281038045883	
1959,375	0,562423825263977	1959,375	-0,106331162154675	
1962,5	0,564999282360077	1962,5	-0,106262102723122	
1965,625	0,563356459140778	1965,625	-0,106157697737217	
1968,75	0,563507318496704	1968,75	-0,108842238783836	
1971,875	0,562180638313293	1971,875	-0,109379135072231	
1975	0,560081601142883	1975	-0,107787854969501	
1978,125	0,562229633331299	1978,125	-0,11147765815258	
1981,25	0,561862707138062	1981,25	-0,110483750700951	
1984,375	0,560743808746338	1984,375	-0,11343315243721	
1987,5	0,561039328575134	1987,5	-0,112823568284512	
1990,625	0,561932265758514	1990,625	-0,113521970808506	
1993,75	0,55898380279541	1993,75	-0,117406994104385	
1996,875	0,559878766536713	1996,875	-0,118072830140591	
2000	0,56066507101059	2000	-0,118294835090637	
2003,125	0,559140682220459	2003,125	-0,119275711476803	
2006,25	0,557624995708466	2006,25	-0,120534040033817	
2009,375	0,55483078956604	2009,375	-0,122193843126297	
2012,5	0,552677989006042	2012,5	-0,12238871306181	
2015,625	0,552778601646423	2015,625	-0,123128324747086	
2018,75	0,548617601394653	2018,75	-0,124814711511135	
2021,875	0,550532579421997	2021,875	-0,124311022460461	
2025	0,548567891120911	2025	-0,125723332166672	
2028,125	0,545290589332581	2028,125	-0,123841196298599	
2031,25	0,540173590183258	2031,25	-0,122987650334835	
2034,375	0,541120231151581	2034,375	-0,125638604164124	
2037,5	0,539600670337677	2037,5	-0,122869707643986	
2040,625	0,531826913356781	2040,625	-0,123083330690861	
2043,75	0,53324282169342	2043,75	-0,122775673866272	
2046,875	0,53321897983551	2046,875	-0,121630944311619	
2050	0,531508207321167	2050	-0,121323361992836	
2053,125	0,531143963336945	2053,125	-0,120449490845203	
2056,25	0,529318451881409	2056,25	-0,119455464184284	
2059,375	0,527379333972931	2059,375	-0,118416979908943	
2062,5	0,526191294193268	2062,5	-0,117043480277061	
2065,625	0,525392651557922	2065,625	-0,117082715034485	
2068,75	0,525855541229248	2068,75	-0,115669839084148	
2071,875	0,524932563304901	2071,875	-0,114994786679745	
2075	0,523699820041656	2075	-0,113274581730366	
2078,125	0,521952033042908	2078,125	-0,111679688096046	
2081,25	0,52054899930954	2081,25	-0,109682202339172	
2084,375	0,521132528781891	2084,375	-0,111365951597691	
2087,5	0,521230757236481	2087,5	-0,108625493943691	
2090,625	0,521225988864899	2090,625	-0,107661582529545	
2093,75	0,51927262544632	2093,75	-0,10732164233923	
2096,875	0,518973708152771	2096,875	-0,103925853967667	
2100	0,51803857088089	2100	-0,107054628431797	
2103,125	0,518335103988647	2103,125	-0,103326752781868	
2106,25	0,51803332567215	2106,25	-0,101165078580379	
2109,375	0,518268048763275	2109,375	-0,102011196315289	
2112,5	0,519266545772552	2112,5	-0,101510219275951	
2115,625	0,517949402332306	2115,625	-0,100493796169758	
2118,75	0,51874577999115	2118,75	-0,0980077460408211	
2121,875	0,517079770565033	2121,875	-0,0976951941847801	
2125	0,516249179840088	2125	-0,0973524451255798	
2128,125	0,518239915370941	2128,125	-0,0976518914103508	
2131,25	0,51796555519104	2131,25	-0,0960745587944984	
2134,375	0,516637623310089	2134,375	-0,0968397557735443	
2137,5	0,517165839672089	2137,5	-0,0966742858290672	
2140,625	0,516222715377808	2140,625	-0,0946456417441368	
2143,75	0,516546368598938	2143,75	-0,0930871516466141	
2146,875	0,51843386888504	2146,875	-0,0913723185658455	
2150	0,518358409404755	2150	-0,092825748026371	
2153,125	0,516919374465942	2153,125	-0,091454491019249	
2156,25	0,51782751083374	2156,25	-0,0914973840117455	
2159,375	0,516300559043884	2159,375	-0,0906734839081764	
2162,5	0,516215205192566	2162,5	-0,0872954428195953	
2165,625	0,516288459300995	2165,625	-0,0881749391555786	
2168,75	0,516929268836975	2168,75	-0,0903017148375511	
2171,875	0,517275929450989	2171,875	-0,0882736295461655	
2175	0,519500017166138	2175	-0,0883463770151138	
2178,125	0,517986536026001	2178,125	-0,0884057655930519	
2181,25	0,517382562160492	2181,25	-0,0860098600387573	
2184,375	0,516310334205627	2184,375	-0,0859094709157944	
2187,5	0,516821324825287	2187,5	-0,0856276750564575	
2190,625	0,518180668354034	2190,625	-0,0839902609586716	
2193,75	0,51994514465332	2193,75	-0,084696851670742	
2196,875	0,518911480903625	2196,875	-0,0851316973567009	
2200	0,518129408359528	2200	-0,0833648666739464	
2203,125	0,518718838691711	2203,125	-0,0828049629926682	
2206,25	0,519574701786041	2206,25	-0,0816474631428719	
2209,375	0,518984436988831	2209,375	-0,0802510678768158	
2212,5	0,521901190280914	2212,5	-0,081379659473896	
2215,625	0,523217916488647	2215,625	-0,0816466212272644	
2218,75	0,522425055503845	2218,75	-0,0805158764123917	
2221,875	0,521526694297791	2221,875	-0,0796044021844864	
2225	0,521628677845001	2225	-0,0808126851916313	
2228,125	0,522878885269165	2228,125	-0,0808916687965393	
2231,25	0,521682143211365	2231,25	-0,0798965245485306	
2234,375	0,521332800388336	2234,375	-0,0799208432435989	
2237,5	0,523597836494446	2237,5	-0,0778438746929169	
2240,625	0,526566863059998	2240,625	-0,0805995687842369	
2243,75	0,526561379432678	2243,75	-0,079339787364006	
2246,875	0,526346206665039	2246,875	-0,0784046351909637	
2250	0,525290787220001	2250	-0,0783193409442902	
2253,125	0,525817453861237	2253,125	-0,0782487392425537	
2256,25	0,524706244468689	2256,25	-0,0783193409442902	
2259,375	0,526872873306274	2259,375	-0,0791147202253342	
2262,5	0,52722042798996	2262,5	-0,0786143690347672	
2265,625	0,527322888374329	2265,625	-0,0787883102893829	
2268,75	0,525888800621033	2268,75	-0,0786099210381508	
2271,875	0,527185082435608	2271,875	-0,0789663344621658	
2275	0,528100490570068	2275	-0,0802815929055214	
2278,125	0,529887437820435	2278,125	-0,0798869580030441	
2281,25	0,529768168926239	2281,25	-0,0793375968933105	
2284,375	0,529323816299438	2284,375	-0,0788933709263802	
2287,5	0,532054662704468	2287,5	-0,0813090577721596	
2290,625	0,530349493026733	2290,625	-0,0814002230763435	
2293,75	0,529302597045898	2293,75	-0,0801967307925224	
2296,875	0,530758202075958	2296,875	-0,0822275429964066	
2300	0,531196892261505	2300	-0,0829664841294289	
2303,125	0,530113697052002	2303,125	-0,0831473916769028	
2306,25	0,529796481132507	2306,25	-0,0837525501847267	
2309,375	0,530936360359192	2309,375	-0,0833465307950974	
2312,5	0,530388712882996	2312,5	-0,0833629816770554	
2315,625	0,528787791728973	2315,625	-0,0842084512114525	
2318,75	0,528734147548676	2318,75	-0,0867431536316872	
2321,875	0,526887595653534	2321,875	-0,0858251303434372	
2325	0,52910840511322	2325	-0,0869841948151588	
2328,125	0,529053688049316	2328,125	-0,0859181806445122	
2331,25	0,528815865516663	2331,25	-0,0864668637514114	
2334,375	0,529832720756531	2334,375	-0,087359219789505	
2337,5	0,52873969078064	2337,5	-0,0873998478055	
2340,625	0,526111304759979	2340,625	-0,0867284759879112	
2343,75	0,52823394536972	2343,75	-0,0887638628482819	
2346,875	0,527068018913269	2346,875	-0,0888381525874138	
2350	0,528268754482269	2350	-0,0882236361503601	
2353,125	0,527532815933228	2353,125	-0,0892872512340546	
2356,25	0,526592135429382	2356,25	-0,0887147858738899	
2359,375	0,525722920894623	2359,375	-0,088379368185997	
2362,5	0,52637392282486	2362,5	-0,0887680426239967	
2365,625	0,525742650032043	2365,625	-0,0915559157729149	
2368,75	0,524959325790405	2368,75	-0,0889536738395691	
2371,875	0,520982682704926	2371,875	-0,0888565480709076	
2375	0,52205502986908	2375	-0,0894573554396629	
2378,125	0,522410273551941	2378,125	-0,0908642113208771	
2381,25	0,522622287273407	2381,25	-0,091064028441906	
2384,375	0,52415406703949	2384,375	-0,0896959230303764	
2387,5	0,521242022514343	2387,5	-0,0902964994311333	
2390,625	0,520760715007782	2390,625	-0,0896398723125458	
2393,75	0,520973920822144	2393,75	-0,0894442871212959	
2396,875	0,521768569946289	2396,875	-0,0904298424720764	
2400	0,520634353160858	2400	-0,0897099003195763	
2403,125	0,520714521408081	2403,125	-0,0892892479896545	
2406,25	0,52120316028595	2406,25	-0,0904689654707909	
2409,375	0,520458042621613	2409,375	-0,0911729633808136	
2412,5	0,519115388393402	2412,5	-0,088033564388752	
2415,625	0,517385601997375	2415,625	-0,0913798660039902	
2418,75	0,517732977867126	2418,75	-0,0909502357244492	
2421,875	0,519103944301605	2421,875	-0,0895683541893959	
2425	0,517780482769012	2425	-0,0890728831291199	
2428,125	0,516860127449036	2428,125	-0,0905515998601913	
2431,25	0,517493426799774	2431,25	-0,0897785946726799	
2434,375	0,516050577163696	2434,375	-0,0898377895355225	
2437,5	0,516355931758881	2437,5	-0,0894235223531723	
2440,625	0,516164302825928	2440,625	-0,0896658599376678	
2443,75	0,515796482563019	2443,75	-0,0904527902603149	
2446,875	0,514735698699951	2446,875	-0,0891449376940727	
2450	0,516036927700043	2450	-0,0890908092260361	
2453,125	0,515445590019226	2453,125	-0,0887024030089378	
2456,25	0,51494038105011	2456,25	-0,0891915187239647	
2459,375	0,515693008899689	2459,375	-0,0886014029383659	
2462,5	0,514710605144501	2462,5	-0,0895844176411629	
2465,625	0,514809310436249	2465,625	-0,088845394551754	
2468,75	0,513989746570587	2468,75	-0,0867897942662239	
2471,875	0,514555990695953	2471,875	-0,0909354016184807	
2475	0,514442443847656	2475	-0,0881305783987045	
2478,125	0,515097379684448	2478,125	-0,0891289860010147	
2481,25	0,513966202735901	2481,25	-0,0867168381810188	
2484,375	0,515731692314148	2484,375	-0,0879703164100647	
2487,5	0,51597672700882	2487,5	-0,0920907780528069	
2490,625	0,514383137226105	2490,625	-0,0896981433033943	
2493,75	0,512897789478302	2493,75	-0,0893144980072975	
2496,875	0,513316810131073	2496,875	-0,089042641222477	
2500	0,515058994293213	2500	-0,0879748538136482	
2503,125	0,513119876384735	2503,125	-0,0904386937618256	
2506,25	0,514438629150391	2506,25	-0,0890098661184311	
2509,375	0,513565063476563	2509,375	-0,0891548469662666	
2512,5	0,513286054134369	2512,5	-0,0887201204895973	
2515,625	0,511520743370056	2515,625	-0,0884085819125175	
2518,75	0,512278139591217	2518,75	-0,0881202071905136	
2521,875	0,512894213199615	2521,875	-0,0881090089678764	
2525	0,514619171619415	2525	-0,091840423643589	
2528,125	0,512167155742645	2528,125	-0,0885820761322975	
2531,25	0,512058675289154	2531,25	-0,0886935591697693	
2534,375	0,513689756393433	2534,375	-0,0882622823119164	
2537,5	0,513550817966461	2537,5	-0,0908802300691605	
2540,625	0,510847866535187	2540,625	-0,0882330164313316	
2543,75	0,510138332843781	2543,75	-0,0908154621720314	
2546,875	0,513529419898987	2546,875	-0,0912820473313332	
2550	0,513999402523041	2550	-0,0903924405574799	
2553,125	0,513300895690918	2553,125	-0,0923705101013184	
2556,25	0,513854205608368	2556,25	-0,0929833203554153	
2559,375	0,512584924697876	2559,375	-0,0930564478039742	
2562,5	0,511498689651489	2562,5	-0,0932771787047386	
2565,625	0,511058628559113	2565,625	-0,0928983464837074	
2568,75	0,511290848255157	2568,75	-0,0933060050010681	
2571,875	0,512130916118622	2571,875	-0,0938736274838448	
2575	0,511262238025665	2575	-0,0940318405628204	
2578,125	0,507749140262604	2578,125	-0,0949049517512321	
2581,25	0,509770154953003	2581,25	-0,0938222780823708	
2584,375	0,507918953895569	2584,375	-0,0945755615830421	
2587,5	0,508121907711029	2587,5	-0,0951884165406227	
2590,625	0,507328867912292	2590,625	-0,095530666410923	
2593,75	0,50708532333374	2593,75	-0,0957073047757149	
2596,875	0,508512556552887	2596,875	-0,0953812077641487	
2600	0,506829917430878	2600	-0,0952762365341187	
2603,125	0,505687832832336	2603,125	-0,0960019752383232	
2606,25	0,504623830318451	2606,25	-0,0949149504303932	
2609,375	0,506027460098267	2609,375	-0,0955177247524261	
2612,5	0,505718648433685	2612,5	-0,0961693376302719	
2615,625	0,505110025405884	2615,625	-0,0971779376268387	
2618,75	0,50650018453598	2618,75	-0,0968181118369102	
2621,875	0,504022121429443	2621,875	-0,0969237610697746	
2625	0,502808928489685	2625	-0,0951554849743843	
2628,125	0,502935230731964	2628,125	-0,0958560034632683	
2631,25	0,501098215579987	2631,25	-0,0966431051492691	
2634,375	0,499384969472885	2634,375	-0,0947453007102013	
2637,5	0,499379843473434	2637,5	-0,096740610897541	
2640,625	0,499691784381866	2640,625	-0,0969136953353882	
2643,75	0,501303911209106	2643,75	-0,0974482148885727	
2646,875	0,502090156078339	2646,875	-0,0957194045186043	
2650	0,499990433454514	2650	-0,0996739268302917	
2653,125	0,499354541301727	2653,125	-0,0970837473869324	
2656,25	0,50132805109024	2656,25	-0,0980195254087448	
2659,375	0,500375926494598	2659,375	-0,0984774753451347	
2662,5	0,498995065689087	2662,5	-0,0970514863729477	
2665,625	0,499156445264816	2665,625	-0,0977568849921227	
2668,75	0,497138738632202	2668,75	-0,0970867648720741	
2671,875	0,498554080724716	2671,875	-0,0975841581821442	
2675	0,498854011297226	2675	-0,0976301804184914	
2678,125	0,498071581125259	2678,125	-0,0967654958367348	
2681,25	0,498602390289307	2681,25	-0,0983026176691055	
2684,375	0,498248308897018	2684,375	-0,0992808640003204	
2687,5	0,497831702232361	2687,5	-0,0975144430994987	
2690,625	0,496524840593338	2690,625	-0,0997594818472862	
2693,75	0,496656209230423	2693,75	-0,0983547791838646	
2696,875	0,495247900485992	2696,875	-0,0981129556894302	
2700	0,495087295770645	2700	-0,0980756059288979	
2703,125	0,494688451290131	2703,125	-0,0987228155136108	
2706,25	0,493061125278473	2706,25	-0,0984558239579201	
2709,375	0,493726909160614	2709,375	-0,0985297635197639	
2712,5	0,494846522808075	2712,5	-0,0978375673294067	
2715,625	0,493330627679825	2715,625	-0,0988877713680267	
2718,75	0,491691529750824	2718,75	-0,0989845246076584	
2721,875	0,490996927022934	2721,875	-0,0981592759490013	
2725	0,492010593414307	2725	-0,0980192199349403	
2728,125	0,492668896913528	2728,125	-0,0988672003149986	
2731,25	0,491765260696411	2731,25	-0,0982063487172127	
2734,375	0,489958316087723	2734,375	-0,0973101556301117	
2737,5	0,489625811576843	2737,5	-0,0973556786775589	
2740,625	0,49058473110199	2740,625	-0,0964642614126205	
2743,75	0,492079108953476	2743,75	-0,0969989225268364	
2746,875	0,490629732608795	2746,875	-0,0962910428643227	
2750	0,489293366670609	2750	-0,096060112118721	
2753,125	0,490421086549759	2753,125	-0,0954034551978111	
2756,25	0,49016597867012	2756,25	-0,0976854637265205	
2759,375	0,489962011575699	2759,375	-0,0966270789504051	
2762,5	0,488721758127213	2762,5	-0,0964426249265671	
2765,625	0,489281922578812	2765,625	-0,0957345142960548	
2768,75	0,491089344024658	2768,75	-0,0965569540858269	
2771,875	0,488937526941299	2771,875	-0,0965855345129967	
2775	0,488962233066559	2775	-0,0967155024409294	
2778,125	0,488404929637909	2778,125	-0,0960523933172226	
2781,25	0,488828331232071	2781,25	-0,0965879485011101	
2784,375	0,48803848028183	2784,375	-0,0959045067429543	
2787,5	0,486912697553635	2787,5	-0,0959554314613342	
2790,625	0,48761460185051	2790,625	-0,0973122641444206	
2793,75	0,487777501344681	2793,75	-0,0966903045773506	
2796,875	0,487996369600296	2796,875	-0,0961992368102074	
2800	0,488137751817703	2800	-0,0964854508638382	
2803,125	0,489690035581589	2803,125	-0,0964379906654358	
2806,25	0,487235397100449	2806,25	-0,0970028564333916	
2809,375	0,487851977348328	2809,375	-0,0960446521639824	
2812,5	0,488385736942291	2812,5	-0,0971046760678291	
2815,625	0,487542182207108	2815,625	-0,0971736460924149	
2818,75	0,486724942922592	2818,75	-0,0967847257852554	
2821,875	0,486748307943344	2821,875	-0,0972777083516121	
2825	0,485566586256027	2825	-0,0964040532708168	
2828,125	0,485582619905472	2828,125	-0,0965307056903839	
2831,25	0,485902458429337	2831,25	-0,0985236465930939	
2834,375	0,48479825258255	2834,375	-0,09769207239151	
2837,5	0,486680179834366	2837,5	-0,0986057743430138	
2840,625	0,486354678869247	2840,625	-0,0979859381914139	
2843,75	0,484471291303635	2843,75	-0,0965985357761383	
2846,875	0,484649121761322	2846,875	-0,0986091867089272	
2850	0,484010845422745	2850	-0,0976505950093269	
2853,125	0,482818722724915	2853,125	-0,0973041579127312	
2856,25	0,483923733234406	2856,25	-0,0974393859505653	
2859,375	0,482912689447403	2859,375	-0,0978171676397324	
2862,5	0,482968866825104	2862,5	-0,0978675931692123	
2865,625	0,481540590524673	2865,625	-0,0987585410475731	
2868,75	0,481974333524704	2868,75	-0,0977213606238365	
2871,875	0,483293950557709	2871,875	-0,0975513309240341	
2875	0,481372445821762	2875	-0,0978654399514198	
2878,125	0,481146931648254	2878,125	-0,0974959805607796	
2881,25	0,481177181005478	2881,25	-0,0978906899690628	
2884,375	0,480317234992981	2884,375	-0,0979789271950722	
2887,5	0,480621993541718	2887,5	-0,0977082997560501	
2890,625	0,480944395065308	2890,625	-0,0989193394780159	
2893,75	0,480410367250443	2893,75	-0,0982911512255669	
2896,875	0,479112356901169	2896,875	-0,0976524576544762	
2900	0,478918313980103	2900	-0,096962496638298	
2903,125	0,478926181793213	2903,125	-0,096750482916832	
2906,25	0,477475881576538	2906,25	-0,0970607101917267	
2909,375	0,477721333503723	2909,375	-0,0971744731068611	
2912,5	0,476326674222946	2912,5	-0,0964682251214981	
2915,625	0,474946528673172	2915,625	-0,0964110046625137	
2918,75	0,475391298532486	2918,75	-0,0971288233995438	
2921,875	0,476276278495789	2921,875	-0,0956079661846161	
2925	0,476813673973084	2925	-0,0953618958592415	
2928,125	0,47492703795433	2928,125	-0,0952660888433456	
2931,25	0,473599553108215	2931,25	-0,0951660424470901	
2934,375	0,474987119436264	2934,375	-0,0950841307640076	
2937,5	0,474980562925339	2937,5	-0,095005989074707	
2940,625	0,473958522081375	2940,625	-0,0940105020999908	
2943,75	0,473285794258118	2943,75	-0,0932133123278618	
2946,875	0,473120957612991	2946,875	-0,0956281572580338	
2950	0,473125755786896	2950	-0,0952527895569801	
2953,125	0,472519516944885	2953,125	-0,095041424036026	
2956,25	0,473360657691956	2956,25	-0,0939379706978798	
2959,375	0,473298192024231	2959,375	-0,0946289226412773	
2962,5	0,469566434621811	2962,5	-0,0941134095191956	
2965,625	0,469925552606583	2965,625	-0,0934994891285896	
2968,75	0,470754116773605	2968,75	-0,0931339338421822	
2971,875	0,469409137964249	2971,875	-0,0927097126841545	
2975	0,468754410743713	2975	-0,0915272459387779	
2978,125	0,468251764774323	2978,125	-0,0908395200967789	
2981,25	0,466637194156647	2981,25	-0,0902850180864334	
2984,375	0,468012452125549	2984,375	-0,0897989273071289	
2987,5	0,46789363026619	2987,5	-0,08877182751894	
2990,625	0,466423183679581	2990,625	-0,0883062928915024	
2993,75	0,466525882482529	2993,75	-0,0861267745494843	
2996,875	0,466501116752625	2996,875	-0,0857199355959892	
3000	0,465515792369843	3000	-0,0876883417367935	
3003,125	0,46712052822113	3003,125	-0,0862388461828232	
3006,25	0,466707050800323	3006,25	-0,0851324275135994	
3009,375	0,466089069843292	3009,375	-0,0844748318195343	
3012,5	0,465535044670105	3012,5	-0,0843346938490868	
3015,625	0,466077297925949	3015,625	-0,0846217200160027	
3018,75	0,466202110052109	3018,75	-0,0828283056616783	
3021,875	0,464694261550903	3021,875	-0,0818382576107979	
3025	0,465267360210419	3025	-0,0814932137727737	
3028,125	0,466060072183609	3028,125	-0,0802930891513824	
3031,25	0,467067629098892	3031,25	-0,0805806890130043	
3034,375	0,465211302042007	3034,375	-0,0788977444171906	
3037,5	0,465214252471924	3037,5	-0,0811557918787003	
3040,625	0,464863896369934	3040,625	-0,0785396546125412	
3043,75	0,465695202350616	3043,75	-0,0768946260213852	
3046,875	0,467683106660843	3046,875	-0,0777798593044281	
3050	0,465879946947098	3050	-0,0769639536738396	
3053,125	0,466277331113815	3053,125	-0,0767001137137413	
3056,25	0,466487199068069	3056,25	-0,0759721472859383	
3059,375	0,46784907579422	3059,375	-0,0755874738097191	
3062,5	0,467568337917328	3062,5	-0,0752974897623062	
3065,625	0,467423290014267	3065,625	-0,0744103491306305	
3068,75	0,467342048883438	3068,75	-0,0746360197663307	
3071,875	0,467895805835724	3071,875	-0,0734993293881416	
3075	0,468407303094864	3075	-0,073632650077343	
3078,125	0,467469483613968	3078,125	-0,0729660019278526	
3081,25	0,467211186885834	3081,25	-0,0732035040855408	
3084,375	0,468257606029511	3084,375	-0,0723998248577118	
3087,5	0,469306111335754	3087,5	-0,0717363357543945	
3090,625	0,470438212156296	3090,625	-0,0717568099498749	
3093,75	0,4710873067379	3093,75	-0,0724622532725334	
3096,875	0,470476120710373	3096,875	-0,0711087435483933	
3100	0,46868360042572	3100	-0,0709515959024429	
3103,125	0,469413936138153	3103,125	-0,0693628862500191	
3106,25	0,470244556665421	3106,25	-0,070398822426796	
3109,375	0,469244956970215	3109,375	-0,0707653313875198	
3112,5	0,470399618148804	3112,5	-0,069573275744915	
3115,625	0,471160918474197	3115,625	-0,068442240357399	
3118,75	0,471446722745895	3118,75	-0,0700129717588425	
3121,875	0,472427308559418	3121,875	-0,0688278526067734	
3125	0,472183018922806	3125	-0,0703530460596085	
3128,125	0,472940981388092	3128,125	-0,0688742250204086	
3131,25	0,472286909818649	3131,25	-0,0683933347463608	
3134,375	0,472161054611206	3134,375	-0,0687885135412216	
3137,5	0,471738547086716	3137,5	-0,0673788338899612	
3140,625	0,471415430307388	3140,625	-0,0687766149640083	
3143,75	0,472287744283676	3143,75	-0,0670607164502144	
3146,875	0,472892552614212	3146,875	-0,0673767775297165	
3150	0,471505761146545	3150	-0,0678645521402359	
3153,125	0,471911191940308	3153,125	-0,0672801658511162	
3156,25	0,473211407661438	3156,25	-0,0684531703591347	
3159,375	0,473450154066086	3159,375	-0,0668644234538078	
3162,5	0,471104085445404	3162,5	-0,0659378841519356	
3165,625	0,469882100820541	3165,625	-0,0666494742035866	
3168,75	0,470694273710251	3168,75	-0,0655381977558136	
3171,875	0,470459252595901	3171,875	-0,0662302300333977	
3175	0,471877664327621	3175	-0,0669992789626122	
3178,125	0,470849573612213	3178,125	-0,0677245631814003	
3181,25	0,472537279129028	3181,25	-0,0656650066375732	
3184,375	0,475075095891953	3184,375	-0,0651997625827789	
3187,5	0,473996996879578	3187,5	-0,0651312991976738	
3190,625	0,472682148218155	3190,625	-0,0657121315598488	
3193,75	0,471728563308716	3193,75	-0,064755879342556	
3196,875	0,473883748054504	3196,875	-0,0666718706488609	
3200	0,474350333213806	3200	-0,0654173344373703	
3203,125	0,472845464944839	3203,125	-0,066229484975338	
3206,25	0,472399801015854	3206,25	-0,0657534748315811	
3209,375	0,472008734941483	3209,375	-0,064536415040493	
3212,5	0,472017973661423	3212,5	-0,0652463659644127	
3215,625	0,471307873725891	3215,625	-0,0644485205411911	
3218,75	0,472539454698563	3218,75	-0,0634746998548508	
3221,875	0,470779657363892	3221,875	-0,0641282647848129	
3225	0,471175521612167	3225	-0,0653968378901482	
3228,125	0,47187814116478	3228,125	-0,0657219663262367	
3231,25	0,472548425197601	3231,25	-0,0651273876428604	
3234,375	0,47236043214798	3234,375	-0,0641743317246437	
3237,5	0,472421258687973	3237,5	-0,0631561502814293	
3240,625	0,471873193979263	3240,625	-0,0628832653164864	
3243,75	0,471949756145477	3243,75	-0,0627008303999901	
3246,875	0,472045242786407	3246,875	-0,0622410029172897	
3250	0,471642166376114	3250	-0,0613603740930557	
3253,125	0,472037851810455	3253,125	-0,0638007000088692	
3256,25	0,471318125724792	3256,25	-0,0614388212561607	
3259,375	0,471911668777466	3259,375	-0,0615567117929459	
3262,5	0,471343755722046	3262,5	-0,0623839795589447	
3265,625	0,468852043151855	3265,625	-0,0635822713375092	
3268,75	0,469973713159561	3268,75	-0,0620087422430515	
3271,875	0,47007417678833	3271,875	-0,0620855018496513	
3275	0,468869090080261	3275	-0,0624579414725304	
3278,125	0,468427896499634	3278,125	-0,060625247657299	
3281,25	0,470055550336838	3281,25	-0,0607226826250553	
3284,375	0,468523770570755	3284,375	-0,0608139634132385	
3287,5	0,469417273998261	3287,5	-0,0603284947574139	
3290,625	0,470551371574402	3290,625	-0,0593896768987179	
3293,75	0,469341784715652	3293,75	-0,0630078613758087	
3296,875	0,466968983411789	3296,875	-0,0622265785932541	
3300	0,467173635959625	3300	-0,0609801337122917	
3303,125	0,467056512832642	3303,125	-0,0595576763153076	
3306,25	0,467441409826279	3306,25	-0,0597811080515385	
3309,375	0,468291252851486	3309,375	-0,0605455860495567	
3312,5	0,468292444944382	3312,5	-0,0594507455825806	
3315,625	0,466376781463623	3315,625	-0,0582783706486225	
3318,75	0,467573821544647	3318,75	-0,0571382157504559	
3321,875	0,466921716928482	3321,875	-0,0586670897901058	
3325	0,467620611190796	3325	-0,0591235905885696	
3328,125	0,466962933540344	3328,125	-0,0594161003828049	
3331,25	0,466701626777649	3331,25	-0,058219987899065	
3334,375	0,467090100049973	3334,375	-0,0570834688842297	
3337,5	0,465444624423981	3337,5	-0,0589858144521713	
3340,625	0,46483650803566	3340,625	-0,0574559457600117	
3343,75	0,466080695390701	3343,75	-0,0569729991257191	
3346,875	0,467211365699768	3346,875	-0,0594125352799892	
3350	0,467849045991898	3350	-0,058244451880455	
3353,125	0,466494709253311	3353,125	-0,0586030185222626	
3356,25	0,46457377076149	3356,25	-0,055594265460968	
3359,375	0,465248495340347	3359,375	-0,057022824883461	
3362,5	0,46386581659317	3362,5	-0,057556226849556	
3365,625	0,463741183280945	3365,625	-0,056282427161932	
3368,75	0,463209390640259	3368,75	-0,0558724366128445	
3371,875	0,462974339723587	3371,875	-0,0538643635809422	
3375	0,461506128311157	3375	-0,0521454885601997	
3378,125	0,462298333644867	3378,125	-0,0571152530610561	
3381,25	0,461881101131439	3381,25	-0,0547942779958248	
3384,375	0,461753576993942	3384,375	-0,0529834106564522	
3387,5	0,459426909685135	3387,5	-0,0529651418328285	
3390,625	0,46122470498085	3390,625	-0,0525915622711182	
3393,75	0,459996998310089	3393,75	-0,0523730255663395	
3396,875	0,459719210863113	3396,875	-0,051823016256094	
3400	0,460187017917633	3400	-0,0528273656964302	
3403,125	0,461017042398453	3403,125	-0,0510950945317745	
3406,25	0,461909025907516	3406,25	-0,0510098822414875	
3409,375	0,460246473550797	3409,375	-0,0518618710339069	
3412,5	0,461414188146591	3412,5	-0,0508704595267773	
3415,625	0,461775600910187	3415,625	-0,0512238331139088	
3418,75	0,458871841430664	3418,75	-0,0508541949093342	
3421,875	0,459377080202103	3421,875	-0,0482900403439999	
3425	0,459440559148788	3425	-0,0468537472188473	
3428,125	0,457660704851151	3428,125	-0,0501216202974319	
3431,25	0,45734179019928	3431,25	-0,0482683852314949	
3434,375	0,458059221506119	3434,375	-0,0471688620746136	
3437,5	0,458404183387756	3437,5	-0,0483800359070301	
3440,625	0,457861423492432	3440,625	-0,0484836883842945	
3443,75	0,457381099462509	3443,75	-0,0465168133378029	
3446,875	0,455800831317902	3446,875	-0,0466655343770981	
3450	0,454921990633011	3450	-0,047036349773407	
3453,125	0,455296754837036	3453,125	-0,0452597625553608	
3456,25	0,455988377332687	3456,25	-0,0452896095812321	
3459,375	0,456727385520935	3459,375	-0,0437653735280037	
3462,5	0,454844892024994	3462,5	-0,0437178574502468	
3465,625	0,455099016427994	3465,625	-0,0427263863384724	
3468,75	0,456820517778397	3468,75	-0,0429344065487385	
3471,875	0,455984145402908	3471,875	-0,0415489114820957	
3475	0,455373555421829	3475	-0,0421537347137928	
3478,125	0,455159872770309	3478,125	-0,0402146428823471	
3481,25	0,452709943056107	3481,25	-0,0409083180129528	
3484,375	0,452963650226593	3484,375	-0,039913609623909	
3487,5	0,454827517271042	3487,5	-0,0393671281635761	
3490,625	0,454578995704651	3490,625	-0,03948575258255	
3493,75	0,455435365438461	3493,75	-0,0394937433302403	
3496,875	0,454208940267563	3496,875	-0,037552360445261	
3500	0,453640937805176	3500	-0,039029948413372	
3503,125	0,453748673200607	3503,125	-0,0379233956336975	
3506,25	0,455088436603546	3506,25	-0,0375291518867016	
3509,375	0,455235809087753	3509,375	-0,0357811003923416	
3512,5	0,45225065946579	3512,5	-0,0363895371556282	
3515,625	0,451358139514923	3515,625	-0,0364458337426186	
3518,75	0,453526437282562	3518,75	-0,0340959206223488	
3521,875	0,45290470123291	3521,875	-0,0341775119304657	
3525	0,452765226364136	3525	-0,0355673506855965	
3528,125	0,453701078891754	3528,125	-0,0350358374416828	
3531,25	0,454888790845871	3531,25	-0,0344668962061405	
3534,375	0,454019218683243	3534,375	-0,0322780907154083	
3537,5	0,451920598745346	3537,5	-0,0319377370178699	
3540,625	0,452584475278854	3540,625	-0,032286386936903	
3543,75	0,452646225690842	3543,75	-0,0317088179290295	
3546,875	0,452171683311462	3546,875	-0,0298941638320684	
3550	0,452291280031204	3550	-0,03159574046731	
3553,125	0,452608525753021	3553,125	-0,0301772095263004	
3556,25	0,453282237052917	3556,25	-0,0300556123256683	
3559,375	0,452575296163559	3559,375	-0,029569897800684	
3562,5	0,453868448734283	3562,5	-0,0294682644307613	
3565,625	0,453428596258163	3565,625	-0,0293381083756685	
3568,75	0,453075289726257	3568,75	-0,0282158423215151	
3571,875	0,454026252031326	3571,875	-0,0291198659688234	
3575	0,455210357904434	3575	-0,0289420280605555	
3578,125	0,455434590578079	3578,125	-0,0281053427606821	
3581,25	0,455376625061035	3581,25	-0,0277725923806429	
3584,375	0,454037696123123	3584,375	-0,0274472367018461	
3587,5	0,45312511920929	3587,5	-0,0268584433943033	
3590,625	0,454748302698135	3590,625	-0,0265635997056961	
3593,75	0,456000924110413	3593,75	-0,0265214331448078	
3596,875	0,456051766872406	3596,875	-0,0259946826845407	
3600	0,456157892942429	3600	-0,026025366038084	
3603,125	0,455391019582748	3603,125	-0,0267603285610676	
3606,25	0,456160128116608	3606,25	-0,0244196727871895	
3609,375	0,455128610134125	3609,375	-0,0259738750755787	
3612,5	0,455114901065826	3612,5	-0,0250688921660185	
3615,625	0,456724017858505	3615,625	-0,0240882728248835	
3618,75	0,455620497465134	3618,75	-0,0245841592550278	
3621,875	0,45559224486351	3621,875	-0,0235452130436897	
3625	0,455090194940567	3625	-0,0240455213934183	
3628,125	0,455817848443985	3628,125	-0,0241546481847763	
3631,25	0,456323653459549	3631,25	-0,0254460535943508	
3634,375	0,457432121038437	3634,375	-0,0243509002029896	
3637,5	0,456281840801239	3637,5	-0,0234500840306282	
3640,625	0,454421311616898	3640,625	-0,0240017920732498	
3643,75	0,4557965695858	3643,75	-0,0241974033415318	
3646,875	0,455041855573654	3646,875	-0,023159658536315	
3650	0,455634891986847	3650	-0,0235066339373589	
3653,125	0,455119639635086	3653,125	-0,0235101468861103	
3656,25	0,454997301101685	3656,25	-0,0227843020111322	
3659,375	0,456125527620316	3659,375	-0,0227846819907427	
3662,5	0,456584721803665	3662,5	-0,0233256034553051	
3665,625	0,458555281162262	3665,625	-0,0215700212866068	
3668,75	0,456351488828659	3668,75	-0,0246148835867643	
3671,875	0,454774647951126	3671,875	-0,0223870258778334	
3675	0,45609912276268	3675	-0,0225222669541836	
3678,125	0,456254661083221	3678,125	-0,0225618854165077	
3681,25	0,457022726535797	3681,25	-0,0196748189628124	
3684,375	0,452922105789185	3684,375	-0,0253319703042507	
3687,5	0,454243540763855	3687,5	-0,0221539102494717	
3690,625	0,454785645008087	3690,625	-0,0213235467672348	
3693,75	0,45538318157196	3693,75	-0,0226719751954079	
3696,875	0,456417113542557	3696,875	-0,0217321272939444	
3700	0,45468807220459	3700	-0,0211024805903435	
3703,125	0,453526645898819	3703,125	-0,0223383754491806	
3706,25	0,455497205257416	3706,25	-0,0229105334728956	
3709,375	0,45578134059906	3709,375	-0,0211260337382555	
3712,5	0,454041182994843	3712,5	-0,0212921220809221	
3715,625	0,451930820941925	3715,625	-0,0217205993831158	
3718,75	0,455221831798553	3718,75	-0,0219248700886965	
3721,875	0,454333811998367	3721,875	-0,0223286245018244	
3725	0,455453217029572	3725	-0,0210789702832699	
3728,125	0,454187273979187	3728,125	-0,0225770995020866	
3731,25	0,454320192337036	3731,25	-0,0210671685636044	
3734,375	0,453203022480011	3734,375	-0,0220326017588377	
3737,5	0,453575164079666	3737,5	-0,0202849246561527	
3740,625	0,454342037439346	3740,625	-0,0225485935807228	
3743,75	0,453804552555084	3743,75	-0,0216649081557989	
3746,875	0,45390510559082	3746,875	-0,0203167460858822	
3750	0,453327357769012	3750	-0,0216564256697893	
3753,125	0,452629894018173	3753,125	-0,0211856868118048	
3756,25	0,452341735363007	3756,25	-0,0215137228369713	
3759,375	0,451611578464508	3759,375	-0,0210891701281071	
3762,5	0,453282535076141	3762,5	-0,0187840983271599	
3765,625	0,450862497091293	3765,625	-0,0237578134983778	
3768,75	0,451208859682083	3768,75	-0,0204534698277712	
3771,875	0,44990548491478	3771,875	-0,0204110089689493	
3775	0,451052486896515	3775	-0,0201202519237995	
3778,125	0,450094640254974	3778,125	-0,0205640383064747	
3781,25	0,450301706790924	3781,25	-0,0214404091238976	
3784,375	0,451536864042282	3784,375	-0,019705880433321	
3787,5	0,452380567789078	3787,5	-0,0211794041097164	
3790,625	0,451252669095993	3790,625	-0,0196386054158211	
3793,75	0,448766052722931	3793,75	-0,0218286402523518	
3796,875	0,448472946882248	3796,875	-0,0198419727385044	
3800	0,446711748838425	3800	-0,0198431834578514	
3803,125	0,448273897171021	3803,125	-0,020351717248559	
3806,25	0,449901312589645	3806,25	-0,0198289714753628	
3809,375	0,448006957769394	3809,375	-0,019822932779789	
3812,5	0,446915864944458	3812,5	-0,0200814474374056	
3815,625	0,445929288864136	3815,625	-0,0194935370236635	
3818,75	0,447385489940643	3818,75	-0,0198185928165913	
3821,875	0,446102768182755	3821,875	-0,0194507073611021	
3825	0,446426182985306	3825	-0,017816249281168	
3828,125	0,446639150381088	3828,125	-0,0194839406758547	
3831,25	0,446749597787857	3831,25	-0,0192461237311363	
3834,375	0,4470234811306	3834,375	-0,019756518304348	
3837,5	0,447566509246826	3837,5	-0,0182966180145741	
3840,625	0,445140689611435	3840,625	-0,0191910974681377	
3843,75	0,443370282649994	3843,75	-0,0191144216805696	
3846,875	0,444571763277054	3846,875	-0,0203150734305382	
3850	0,444456815719604	3850	-0,0188420172780752	
3853,125	0,444731384515762	3853,125	-0,0183141883462667	
3856,25	0,446296691894531	3856,25	-0,0181758478283882	
3859,375	0,444030433893204	3859,375	-0,0177657827734947	
3862,5	0,442878037691116	3862,5	-0,0193974263966084	
3865,625	0,444069355726242	3865,625	-0,0181137062609196	
3868,75	0,443890869617462	3868,75	-0,0177037082612515	
3871,875	0,442140251398087	3871,875	-0,0183253232389688	
3875	0,44204917550087	3875	-0,0176617801189423	
3878,125	0,444124847650528	3878,125	-0,0187353696674109	
3881,25	0,442626237869263	3881,25	-0,0188501942902803	
3884,375	0,442377388477325	3884,375	-0,0200828462839127	
3887,5	0,442405849695206	3887,5	-0,0179378408938646	
3890,625	0,441644072532654	3890,625	-0,0180388316512108	
3893,75	0,443810552358627	3893,75	-0,0183578431606293	
3896,875	0,442475020885468	3896,875	-0,0193942170590162	
3900	0,44307091832161	3900	-0,0181841533631086	
3903,125	0,442662298679352	3903,125	-0,0177363660186529	
3906,25	0,441916823387146	3906,25	-0,0192189272493124	
3909,375	0,44154292345047	3909,375	-0,0184971280395985	
3912,5	0,440736532211304	3912,5	-0,017609404399991	
3915,625	0,441055089235306	3915,625	-0,0193859711289406	
3918,75	0,440577834844589	3918,75	-0,0153349228203297	
3921,875	0,440339088439941	3921,875	-0,0217565260827541	
3925	0,438431859016418	3925	-0,0180121697485447	
3928,125	0,438101410865784	3928,125	-0,0177762638777494	
3931,25	0,438607782125473	3931,25	-0,0152564914897084	
3934,375	0,438831746578217	3934,375	-0,0162771753966808	
3937,5	0,438656777143478	3937,5	-0,0174457151442766	
3940,625	0,439205378293991	3940,625	-0,0164896063506603	
3943,75	0,439269125461578	3943,75	-0,0148662952706218	
3946,875	0,437634170055389	3946,875	-0,0160583853721619	
3950	0,436321496963501	3950	-0,0167148783802986	
3953,125	0,437450140714645	3953,125	-0,0165188349783421	
3956,25	0,437461763620377	3956,25	-0,0151049578562379	
3959,375	0,4353187084198	3959,375	-0,0152077004313469	
3962,5	0,436404496431351	3962,5	-0,0165937300771475	
3965,625	0,438136905431747	3965,625	-0,0154979405924678	
3968,75	0,437884837388992	3968,75	-0,0155864916741848	
3971,875	0,437973201274872	3971,875	-0,0164745226502419	
3975	0,438956528902054	3975	-0,0183213017880917	
3978,125	0,437625020742416	3978,125	-0,0171298142522573	
3981,25	0,436338543891907	3981,25	-0,0149732315912843	
3984,375	0,436146348714828	3984,375	-0,0146277798339725	
3987,5	0,436614632606506	3987,5	-0,0144057823345065	
3990,625	0,437750607728958	3990,625	-0,0154023859649897	
3993,75	0,438063263893127	3993,75	-0,0147608797997236	
3996,875	0,438555508852005	3996,875	-0,0145816514268517	
4000	0,440586060285568	4000	-0,0161615535616875	
4003,125	0,43930259346962	4003,125	-0,0158188138157129	
4006,25	0,438625186681747	4006,25	-0,0154672442004085	
4009,375	0,438026666641235	4009,375	-0,0153449391946197	
4012,5	0,438217639923096	4012,5	-0,0150940697640181	
4015,625	0,439038395881653	4015,625	-0,0151879023760557	
4018,75	0,439182221889496	4018,75	-0,0156279727816582	
4021,875	0,438773304224014	4021,875	-0,0165751129388809	
4025	0,439436376094818	4025	-0,0163712594658136	
4028,125	0,438837081193924	4028,125	-0,0145481359213591	
4031,25	0,437372118234634	4031,25	-0,017060661688447	
4034,375	0,438175857067108	4034,375	-0,0171250980347395	
4037,5	0,440663427114487	4037,5	-0,0171827878803015	
4040,625	0,436247855424881	4040,625	-0,0164132341742516	
4043,75	0,437830716371536	4043,75	-0,0173016544431448	
4046,875	0,437333256006241	4046,875	-0,0179447084665298	
4050	0,436191856861115	4050	-0,0185414645820856	
4053,125	0,437802940607071	4053,125	-0,0170744694769382	
4056,25	0,437458425760269	4056,25	-0,0189164821058512	
4059,375	0,43713766336441	4059,375	-0,0167508758604527	
4062,5	0,435517519712448	4062,5	-0,0184579417109489	
4065,625	0,437664657831192	4065,625	-0,0189647730439901	
4068,75	0,436837732791901	4068,75	-0,0180868096649647	
4071,875	0,435158252716064	4071,875	-0,0177788957953453	
4075	0,439092099666595	4075	-0,019829286262393	
4078,125	0,438958078622818	4078,125	-0,0192204639315605	
4081,25	0,438565254211426	4081,25	-0,0197065640240908	
4084,375	0,436543047428131	4084,375	-0,0206030923873186	
4087,5	0,439134985208511	4087,5	-0,0215835142880678	
4090,625	0,436972856521606	4090,625	-0,0198661461472511	
4093,75	0,434617787599564	4093,75	-0,0219997651875019	
4096,875	0,436666309833527	4096,875	-0,0210528019815683	
4100	0,437167316675186	4100	-0,0228045396506786	
4103,125	0,436675250530243	4103,125	-0,0231823902577162	
4106,25	0,43596363067627	4106,25	-0,0219519399106503	
4109,375	0,437504529953003	4109,375	-0,0221615470945835	
4112,5	0,435160130262375	4112,5	-0,0239189565181732	
4115,625	0,434133857488632	4115,625	-0,0244166497141123	
4118,75	0,435111075639725	4118,75	-0,0242060404270887	
4121,875	0,434003561735153	4121,875	-0,0231559909880161	
4125	0,432190030813217	4125	-0,0259966887533665	
4128,125	0,432635724544525	4128,125	-0,0252524688839912	
4131,25	0,432323008775711	4131,25	-0,0240200441330671	
4134,375	0,432571232318878	4134,375	-0,0253031216561794	
4137,5	0,432378739118576	4137,5	-0,0252251625061035	
4140,625	0,430593013763428	4140,625	-0,0238253884017468	
4143,75	0,430071771144867	4143,75	-0,0258909557014704	
4146,875	0,430124282836914	4146,875	-0,0242590978741646	
4150	0,429219216108322	4150	-0,0262762438505888	
4153,125	0,431998163461685	4153,125	-0,025166604667902	
4156,25	0,430771678686142	4156,25	-0,0260351691395044	
4159,375	0,427929133176804	4159,375	-0,0237291771918535	
4162,5	0,427315413951874	4162,5	-0,0258623529225588	
4165,625	0,427764058113098	4165,625	-0,0254680104553699	
4168,75	0,427255988121033	4168,75	-0,0247019063681364	
4171,875	0,426913022994995	4171,875	-0,023765791207552	
4175	0,427274316549301	4175	-0,023437712341547	
4178,125	0,428001880645752	4178,125	-0,0244168397039175	
4181,25	0,427393585443497	4181,25	-0,0247956309467554	
4184,375	0,426803678274155	4184,375	-0,0232479274272919	
4187,5	0,426722377538681	4187,5	-0,0235287602990866	
4190,625	0,427395164966583	4190,625	-0,0226315166801214	
4193,75	0,427412927150726	4193,75	-0,0218936447054148	
4196,875	0,426148325204849	4196,875	-0,0225470643490553	
4200	0,424939870834351	4200	-0,0222422666847706	
4203,125	0,424941539764404	4203,125	-0,0225624665617943	
4206,25	0,422821164131165	4206,25	-0,022194005548954	
4209,375	0,423740386962891	4209,375	-0,022043913602829	
4212,5	0,425350099802017	4212,5	-0,0216755513101816	
4215,625	0,4254549741745	4215,625	-0,0217874757945538	
4218,75	0,425477415323257	4218,75	-0,0213418286293745	
4221,875	0,42456465959549	4221,875	-0,0201146248728037	
4225	0,424653589725494	4225	-0,0204736366868019	
4228,125	0,42318007349968	4228,125	-0,0206462219357491	
4231,25	0,424062460660934	4231,25	-0,0189152900129557	
4234,375	0,42342534661293	4234,375	-0,0191681478172541	
4237,5	0,423187047243118	4237,5	-0,0207398235797882	
4240,625	0,425070255994797	4240,625	-0,0191652737557888	
4243,75	0,423485219478607	4243,75	-0,0188978873193264	
4246,875	0,424657821655273	4246,875	-0,0183113943785429	
4250	0,424750357866287	4250	-0,0195672083646059	
4253,125	0,422591716051102	4253,125	-0,0185120515525341	
4256,25	0,422882080078125	4256,25	-0,0189454909414053	
4259,375	0,423093467950821	4259,375	-0,0167709793895483	
4262,5	0,423449814319611	4262,5	-0,0173568520694971	
4265,625	0,423480272293091	4265,625	-0,0188798941671848	
4268,75	0,423250138759613	4268,75	-0,0172652844339609	
4271,875	0,422219157218933	4271,875	-0,0165311452001333	
4275	0,422467201948166	4275	-0,0198718197643757	
4278,125	0,42338827252388	4278,125	-0,017890602350235	
4281,25	0,423624396324158	4281,25	-0,0162275619804859	
4284,375	0,425144821405411	4284,375	-0,0185603927820921	
4287,5	0,424673080444336	4287,5	-0,0170271098613739	
4290,625	0,424496620893478	4290,625	-0,0172268245369196	
4293,75	0,422030717134476	4293,75	-0,0168386530131102	
4296,875	0,421091675758362	4296,875	-0,0161299835890532	
4300	0,42104360461235	4300	-0,0184617768973112	
4303,125	0,422100812196732	4303,125	-0,0193565376102924	
4306,25	0,420614808797836	4306,25	-0,0181764680892229	
4309,375	0,420931488275528	4309,375	-0,0164785943925381	
4312,5	0,422801911830902	4312,5	-0,0170052591711283	
4315,625	0,421722680330276	4315,625	-0,0169106051325798	
4318,75	0,421073913574219	4318,75	-0,016607116907835	
4321,875	0,420091181993485	4321,875	-0,016803028061986	
4325	0,419707626104355	4325	-0,0160691142082214	
4328,125	0,420049041509628	4328,125	-0,0149722592905164	
4331,25	0,420513331890106	4331,25	-0,0153429387137294	
4334,375	0,419633656740189	4334,375	-0,0155610917136073	
4337,5	0,420390486717224	4337,5	-0,015238537453115	
4340,625	0,419662117958069	4340,625	-0,016134224832058	
4343,75	0,419711768627167	4343,75	-0,0154518261551857	
4346,875	0,418052434921265	4346,875	-0,0153437284752727	
4350	0,417689383029938	4350	-0,015786113217473	
4353,125	0,417596280574799	4353,125	-0,0145508768036962	
4356,25	0,417448222637177	4356,25	-0,0141786253079772	
4359,375	0,417222052812576	4359,375	-0,0136892572045326	
4362,5	0,41688346862793	4362,5	-0,0135877253487706	
4365,625	0,416899770498276	4365,625	-0,01206910982728	
4368,75	0,417686223983765	4368,75	-0,0138437580317259	
4371,875	0,416147947311401	4371,875	-0,0133837852627039	
4375	0,416188925504684	4375	-0,0130821606144309	
4378,125	0,418060749769211	4378,125	-0,0149303684011102	
4381,25	0,416433453559875	4381,25	-0,013361306861043	
4384,375	0,415042877197266	4384,375	-0,013227179646492	
4387,5	0,414214670658112	4387,5	-0,0122208455577493	
4390,625	0,414580047130585	4390,625	-0,0115169379860163	
4393,75	0,415056228637695	4393,75	-0,01209522690624	
4396,875	0,415355056524277	4396,875	-0,0118868397548795	
4400	0,414571523666382	4400	-0,0117850787937641	
4403,125	0,413610875606537	4403,125	-0,0116202412173152	
4406,25	0,413278669118881	4406,25	-0,0104454625397921	
4409,375	0,412755697965622	4409,375	-0,0111426841467619	
4412,5	0,412713974714279	4412,5	-0,0104167638346553	
4415,625	0,412060260772705	4415,625	-0,00985298678278923	
4418,75	0,411891132593155	4418,75	-0,0101267695426941	
4421,875	0,413302063941956	4421,875	-0,00911081209778786	
4425	0,41224217414856	4425	-0,00888505298644304	
4428,125	0,412764072418213	4428,125	-0,00963905360549688	
4431,25	0,413188606500626	4431,25	-0,00821821298450232	
4434,375	0,411441594362259	4434,375	-0,00844556652009487	
4437,5	0,410570919513702	4437,5	-0,00992521271109581	
4440,625	0,411125838756561	4440,625	-0,00829020980745554	
4443,75	0,411022514104843	4443,75	-0,00954429619014263	
4446,875	0,412412852048874	4446,875	-0,0088542690500617	
4450	0,41279724240303	4450	-0,00740554602816701	
4453,125	0,412718772888184	4453,125	-0,00740971369668841	
4456,25	0,411388486623764	4456,25	-0,0073633911088109	
4459,375	0,411048233509064	4459,375	-0,00848542060703039	
4462,5	0,412724584341049	4462,5	-0,00846706610172987	
4465,625	0,412260740995407	4465,625	-0,00684902025386691	
4468,75	0,413548707962036	4468,75	-0,00693787075579166	
4471,875	0,413116663694382	4471,875	-0,00997574254870415	
4475	0,412395894527435	4475	-0,00928215216845274	
4478,125	0,410121738910675	4478,125	-0,00877112429589033	
4481,25	0,411500602960587	4481,25	-0,0114638591185212	
4484,375	0,412356078624725	4484,375	-0,0103779071941972	
4487,5	0,410984039306641	4487,5	-0,00941804610192776	
4490,625	0,410759925842285	4490,625	-0,0107118086889386	
4493,75	0,410441547632217	4493,75	-0,0111313313245773	
4496,875	0,409741014242172	4496,875	-0,0115987882018089	
4500	0,410559922456741	4500	-0,0107373790815473	
4503,125	0,410048484802246	4503,125	-0,0119844134896994	
4506,25	0,410714268684387	4506,25	-0,011643567122519	
4509,375	0,41081041097641	4509,375	-0,012049893848598	
4512,5	0,409526228904724	4512,5	-0,0126894824206829	
4515,625	0,408560514450073	4515,625	-0,0130527811124921	
4518,75	0,409285306930542	4518,75	-0,0116775529459119	
4521,875	0,407659977674484	4521,875	-0,0119606088846922	
4525	0,406896650791168	4525	-0,0121772661805153	
4528,125	0,406345993280411	4528,125	-0,0134810600429773	
4531,25	0,406451791524887	4531,25	-0,0139125734567642	
4534,375	0,406281262636185	4534,375	-0,0133053679019213	
4537,5	0,405396789312363	4537,5	-0,0143564315512776	
4540,625	0,405853390693665	4540,625	-0,0148626267910004	
4543,75	0,406157225370407	4543,75	-0,0153595674782991	
4546,875	0,40510293841362	4546,875	-0,0144913578405976	
4550	0,405578225851059	4550	-0,0137197645381093	
4553,125	0,40440034866333	4553,125	-0,0153098171576858	
4556,25	0,405337482690811	4556,25	-0,0154907209798694	
4559,375	0,405317515134811	4559,375	-0,0122178941965103	
4562,5	0,405358850955963	4562,5	-0,0174230579286814	
4565,625	0,404049634933472	4565,625	-0,0165694076567888	
4568,75	0,404939979314804	4568,75	-0,0163481254130602	
4571,875	0,404144674539566	4571,875	-0,0158451590687037	
4575	0,403470814228058	4575	-0,0169495269656181	
4578,125	0,403345882892609	4578,125	-0,0177944656461477	
4581,25	0,402516007423401	4581,25	-0,0188209358602762	
4584,375	0,402660489082336	4584,375	-0,0191477257758379	
4587,5	0,403277367353439	4587,5	-0,0185742601752281	
4590,625	0,403180211782455	4590,625	-0,0194393340498209	
4593,75	0,402909845113754	4593,75	-0,0202836748212576	
4596,875	0,402101546525955	4596,875	-0,0208438076078892	
4600	0,40306943655014	4600	-0,021091291680932	
4603,125	0,403664290904999	4603,125	-0,0223166737705469	
4606,25	0,402286529541016	4606,25	-0,0216969475150108	
4609,375	0,402563601732254	4609,375	-0,0218198113143444	
4612,5	0,401513308286667	4612,5	-0,0243290271610022	
4615,625	0,401112526655197	4615,625	-0,0237249545753002	
4618,75	0,401038289070129	4618,75	-0,0235917381942272	
4621,875	0,400764435529709	4621,875	-0,0245188940316439	
4625	0,401461333036423	4625	-0,0266089849174023	
4628,125	0,401027888059616	4628,125	-0,0261170398443937	
4631,25	0,399780809879303	4631,25	-0,0272859167307615	
4634,375	0,401270866394043	4634,375	-0,0279819071292877	
4637,5	0,401652187108994	4637,5	-0,0267308112233877	
4640,625	0,401296257972717	4640,625	-0,027342451736331	
4643,75	0,400282204151154	4643,75	-0,0297091696411371	
4646,875	0,400297939777374	4646,875	-0,0292867980897427	
4650	0,400639683008194	4650	-0,0301993396133184	
4653,125	0,401115953922272	4653,125	-0,0306825917214155	
4656,25	0,400641977787018	4656,25	-0,0314274653792381	
4659,375	0,40016832947731	4659,375	-0,0312313158065081	
4662,5	0,402759402990341	4662,5	-0,0335013717412949	
4665,625	0,399118512868881	4665,625	-0,0346465036273003	
4668,75	0,398549556732178	4668,75	-0,033926147967577	
4671,875	0,397874027490616	4671,875	-0,0358138345181942	
4675	0,398097813129425	4675	-0,0354295074939728	
4678,125	0,398437291383743	4678,125	-0,036023136228323	
4681,25	0,39658585190773	4681,25	-0,0353149995207787	
4684,375	0,39660057425499	4684,375	-0,035798255354166	
4687,5	0,396526366472244	4687,5	-0,0375154241919518	
4690,625	0,396033078432083	4690,625	-0,0371219366788864	
4693,75	0,395492911338806	4693,75	-0,0373793914914131	
4696,875	0,396254122257233	4696,875	-0,0380599983036518	
4700	0,398264646530151	4700	-0,0378875248134136	
4703,125	0,397209227085114	4703,125	-0,0387859083712101	
4706,25	0,396537691354752	4706,25	-0,0382596105337143	
4709,375	0,396720409393311	4709,375	-0,0390261150896549	
4712,5	0,396419614553452	4712,5	-0,0390266142785549	
4715,625	0,396386206150055	4715,625	-0,0394251309335232	
4718,75	0,39556697010994	4718,75	-0,0396555662155151	
4721,875	0,395912885665894	4721,875	-0,0404726602137089	
4725	0,396064281463623	4725	-0,0394392907619476	
4728,125	0,396370261907578	4728,125	-0,0396647863090038	
4731,25	0,398536741733551	4731,25	-0,039771780371666	
4734,375	0,397737205028534	4734,375	-0,03994120657444	
4737,5	0,397506803274155	4737,5	-0,0398065038025379	
4740,625	0,397389799356461	4740,625	-0,0401575639843941	
4743,75	0,397509694099426	4743,75	-0,0411572679877281	
4746,875	0,397777676582336	4746,875	-0,0408892594277859	
4750	0,398399710655212	4750	-0,0405101776123047	
4753,125	0,398237258195877	4753,125	-0,0413295663893223	
4756,25	0,398881494998932	4756,25	-0,040756419301033	
4759,375	0,398713201284409	4759,375	-0,0419995561242104	
4762,5	0,399931460618973	4762,5	-0,0417830646038055	
4765,625	0,400061994791031	4765,625	-0,0410697869956493	
4768,75	0,400674939155579	4768,75	-0,0409054681658745	
4771,875	0,40104866027832	4771,875	-0,0408856384456158	
4775	0,400148242712021	4775	-0,0430270135402679	
4778,125	0,40278559923172	4778,125	-0,0416738986968994	
4781,25	0,402848720550537	4781,25	-0,040855098515749	
4784,375	0,403303653001785	4784,375	-0,042187824845314	
4787,5	0,404037654399872	4787,5	-0,0433060079813004	
4790,625	0,403892070055008	4790,625	-0,0420550443232059	
4793,75	0,40645506978035	4793,75	-0,0423658676445484	
4796,875	0,406174212694168	4796,875	-0,0426453612744808	
4800	0,406442523002625	4800	-0,0422987081110477	
4803,125	0,407476902008057	4803,125	-0,0430520884692669	
4806,25	0,408488363027573	4806,25	-0,0429207235574722	
4809,375	0,408709973096848	4809,375	-0,0424755066633224	
4812,5	0,410398751497269	4812,5	-0,0436654090881348	
4815,625	0,410291850566864	4815,625	-0,0431843400001526	
4818,75	0,410200715065002	4818,75	-0,0429259650409222	
4821,875	0,411592990159988	4821,875	-0,0443855300545692	
4825	0,412724256515503	4825	-0,0436468161642551	
4828,125	0,412866920232773	4828,125	-0,0439434312283993	
4831,25	0,411885946989059	4831,25	-0,0428640395402908	
4834,375	0,411037117242813	4834,375	-0,0411320105195045	
4837,5	0,412180334329605	4837,5	-0,0392702519893646	
4840,625	0,41398149728775	4840,625	-0,0387193225324154	
4843,75	0,415726095438004	4843,75	-0,0384362041950226	
4846,875	0,418007105588913	4846,875	-0,0378323048353195	
4850	0,41899785399437	4850	-0,0385730117559433	
4853,125	0,420149207115173	4853,125	-0,038412269204855	
4856,25	0,421229779720306	4856,25	-0,0386664755642414	
4859,375	0,421868771314621	4859,375	-0,0382154211401939	
4862,5	0,422346502542496	4862,5	-0,037967637181282	
4865,625	0,423800706863403	4865,625	-0,0386097021400929	
4868,75	0,425596415996552	4868,75	-0,0372713468968868	
4871,875	0,427792549133301	4871,875	-0,0370602309703827	
4875	0,428464114665985	4875	-0,0365263633430004	
4878,125	0,428813219070435	4878,125	-0,0366511531174183	
4881,25	0,430299252271652	4881,25	-0,0358055345714092	
4884,375	0,43136665225029	4884,375	-0,0355362482368946	
4887,5	0,432665050029755	4887,5	-0,034756276756525	
4890,625	0,433285057544708	4890,625	-0,0357904955744743	
4893,75	0,43388444185257	4893,75	-0,0348850190639496	
4896,875	0,434584885835648	4896,875	-0,0343508645892143	
4900	0,436077296733856	4900	-0,0333822593092918	
4903,125	0,437470257282257	4903,125	-0,0314959026873112	
4906,25	0,43825888633728	4906,25	-0,0304780956357718	
4909,375	0,440822303295136	4909,375	-0,0313626863062382	
4912,5	0,441526472568512	4912,5	-0,029666393995285	
4915,625	0,442219585180283	4915,625	-0,0279534179717302	
4918,75	0,44309064745903	4918,75	-0,0260439775884151	
4921,875	0,445444464683533	4921,875	-0,0248578228056431	
4925	0,449203848838806	4925	-0,0225718840956688	
4928,125	0,453888833522797	4928,125	-0,0224011931568384	
4931,25	0,456543117761612	4931,25	-0,0217862669378519	
4934,375	0,458270639181137	4934,375	-0,0226011332124472	
4937,5	0,459610372781754	4937,5	-0,0243530981242657	
4940,625	0,461013108491898	4940,625	-0,0245017316192389	
4943,75	0,462555915117264	4943,75	-0,023346196860075	
4946,875	0,46364951133728	4946,875	-0,0231032315641642	
4950	0,464868873357773	4950	-0,0229063127189875	
4953,125	0,466406375169754	4953,125	-0,020849734544754	
4956,25	0,466964304447174	4956,25	-0,0202266871929169	
4959,375	0,468813508749008	4959,375	-0,018206549808383	
4962,5	0,470319271087646	4962,5	-0,016962381079793	
4965,625	0,472034782171249	4965,625	-0,0158679615706205	
4968,75	0,474319845438004	4968,75	-0,0153420325368643	
4971,875	0,47522696852684	4971,875	-0,0142754539847374	
4975	0,477021634578705	4975	-0,0121324555948377	
				
