Frequency in Hz	Silk_93 Normalized Surface Impedance continuous Re	Frequency in Hz	Silk_93 Normalized Surface Impedance continuous Im	
100	5,15223789215088	100	-13,0244760513306	
103,125	6,55559587478638	103,125	-13,1146612167358	
106,25	4,32813024520874	106,25	-11,281849861145	
109,375	4,73415517807007	109,375	-12,7077465057373	
112,5	5,1622953414917	112,5	-11,6465682983398	
115,625	4,59737682342529	115,625	-11,0892038345337	
118,75	4,9652886390686	118,75	-11,7481679916382	
121,875	5,22449922561646	121,875	-10,499773979187	
125	4,70945978164673	125	-11,0382509231567	
128,125	4,34090042114258	128,125	-10,535849571228	
131,25	4,51560544967651	131,25	-10,6236743927002	
134,375	4,20841693878174	134,375	-11,0156517028809	
137,5	4,43506145477295	137,5	-9,21206474304199	
140,625	5,12613582611084	140,625	-9,44036769866943	
143,75	4,72798919677734	143,75	-8,94991779327393	
146,875	4,88600158691406	146,875	-10,0988912582397	
150	4,7820029258728	150	-9,05580520629883	
153,125	4,2723217010498	153,125	-8,74747085571289	
156,25	4,56347560882568	156,25	-8,87257480621338	
159,375	4,42693901062012	159,375	-8,70932960510254	
162,5	4,49795198440552	162,5	-8,75352382659912	
165,625	4,72469711303711	165,625	-8,52535724639893	
168,75	4,15435028076172	168,75	-8,07697677612305	
171,875	4,68477296829224	171,875	-8,04733180999756	
175	4,56830072402954	175	-7,64964056015015	
178,125	4,36234092712402	178,125	-7,85962295532227	
181,25	4,55973720550537	181,25	-7,86804819107056	
184,375	4,6961612701416	184,375	-7,58421468734741	
187,5	4,51517152786255	187,5	-7,1397647857666	
190,625	4,70845603942871	190,625	-7,16184616088867	
193,75	4,41404056549072	193,75	-6,86928987503052	
196,875	4,58044624328613	196,875	-6,99855279922485	
200	4,57129430770874	200	-7,23536586761475	
203,125	4,61930179595947	203,125	-7,32974863052368	
206,25	4,17554807662964	206,25	-6,70052480697632	
209,375	4,42755603790283	209,375	-6,71443176269531	
212,5	4,61609935760498	212,5	-7,02753400802612	
215,625	4,30541944503784	215,625	-6,38956260681152	
218,75	4,59670925140381	218,75	-6,57216310501099	
221,875	4,4022068977356	221,875	-6,35939407348633	
225	4,50727128982544	225	-6,20174312591553	
228,125	4,49325704574585	228,125	-6,09763526916504	
231,25	4,52399444580078	231,25	-6,08243703842163	
234,375	4,49324178695679	234,375	-5,93600225448608	
237,5	4,54881381988525	237,5	-6,11470890045166	
240,625	4,17981719970703	240,625	-6,00272703170776	
243,75	4,39330244064331	243,75	-5,94987630844116	
246,875	4,44848394393921	246,875	-5,67211484909058	
250	4,46911239624023	250	-5,58683347702026	
253,125	4,39712333679199	253,125	-5,66446828842163	
256,25	4,30796527862549	256,25	-5,53287220001221	
259,375	4,4691801071167	259,375	-5,38963174819946	
262,5	4,3367714881897	262,5	-5,4401273727417	
265,625	4,22586536407471	265,625	-5,45138835906982	
268,75	4,38952112197876	268,75	-5,35679197311401	
271,875	4,25766849517822	271,875	-5,22829389572144	
275	4,26964092254639	275	-5,29174947738647	
278,125	4,21123647689819	278,125	-5,12644815444946	
281,25	4,27781581878662	281,25	-5,1024956703186	
284,375	4,27519845962524	284,375	-5,07369375228882	
287,5	4,31206798553467	287,5	-5,28535270690918	
290,625	3,99114537239075	290,625	-4,96404504776001	
293,75	4,08467388153076	293,75	-4,99357128143311	
296,875	4,10308504104614	296,875	-4,87267875671387	
300	4,13892126083374	300	-4,81898164749146	
303,125	4,00086069107056	303,125	-4,70325469970703	
306,25	4,00544595718384	306,25	-4,57614040374756	
309,375	4,02784442901611	309,375	-4,44763994216919	
312,5	3,94232058525085	312,5	-4,25429153442383	
315,625	4,173020362854	315,625	-4,02196311950684	
318,75	4,18722677230835	318,75	-3,97987699508667	
321,875	4,43890428543091	321,875	-4,0685920715332	
325	4,55912065505981	325	-4,10114049911499	
328,125	4,63493251800537	328,125	-4,00163173675537	
331,25	4,44250202178955	331,25	-4,24961614608765	
334,375	4,47618818283081	334,375	-4,26564693450928	
337,5	4,55372095108032	337,5	-4,17714786529541	
340,625	4,51101779937744	340,625	-4,2297625541687	
343,75	4,37297344207764	343,75	-4,1590838432312	
346,875	4,37240552902222	346,875	-4,17812252044678	
350	4,43581104278564	350	-4,10756540298462	
353,125	4,45388126373291	353,125	-4,16516923904419	
356,25	4,34973239898682	356,25	-4,22345161437988	
359,375	4,23169565200806	359,375	-4,15922498703003	
362,5	4,28589344024658	362,5	-4,05039215087891	
365,625	4,27402830123901	365,625	-3,9271354675293	
368,75	4,3190598487854	368,75	-4,03144025802612	
371,875	4,29898452758789	371,875	-4,24425935745239	
375	4,27094459533691	375	-3,78259181976318	
378,125	4,16863632202148	378,125	-3,85713791847229	
381,25	4,35726308822632	381,25	-3,94532608985901	
384,375	4,22112083435059	384,375	-3,71615862846375	
387,5	4,07159423828125	387,5	-3,76516318321228	
390,625	4,04478359222412	390,625	-3,84510588645935	
393,75	4,2912278175354	393,75	-3,89139175415039	
396,875	4,3247766494751	396,875	-3,85227179527283	
400	4,38785028457642	400	-3,77666544914246	
403,125	4,4100456237793	403,125	-3,73882699012756	
406,25	4,21069812774658	406,25	-3,660719871521	
409,375	4,11198902130127	409,375	-3,55652189254761	
412,5	3,97867321968079	412,5	-3,55810379981995	
415,625	4,11694717407227	415,625	-3,72030878067017	
418,75	4,07606267929077	418,75	-3,57123398780823	
421,875	4,00829982757568	421,875	-3,64513278007507	
425	4,06556510925293	425	-3,56981086730957	
428,125	4,25251293182373	428,125	-3,46164035797119	
431,25	4,07285737991333	431,25	-3,57153224945068	
434,375	4,16027402877808	434,375	-3,50210928916931	
437,5	4,20301103591919	437,5	-3,45726585388184	
440,625	4,21989727020264	440,625	-3,39435458183289	
443,75	4,14217472076416	443,75	-3,39024233818054	
446,875	4,15400791168213	446,875	-3,32814002037048	
450	4,30700206756592	450	-3,44594383239746	
453,125	4,33359241485596	453,125	-3,40219449996948	
456,25	4,37317895889282	456,25	-3,46680927276611	
459,375	4,23665714263916	459,375	-3,42646789550781	
462,5	4,07535696029663	462,5	-3,44606971740723	
465,625	4,10457181930542	465,625	-3,46560835838318	
468,75	4,15592622756958	468,75	-3,43367505073547	
471,875	3,94811487197876	471,875	-3,42605423927307	
475	3,97798800468445	475	-3,36194777488709	
478,125	4,08673763275146	478,125	-3,22319412231445	
481,25	4,1982159614563	481,25	-3,30100989341736	
484,375	4,05266332626343	484,375	-3,25378561019897	
487,5	4,12821769714355	487,5	-3,20088744163513	
490,625	4,08558464050293	490,625	-3,20199131965637	
493,75	4,06059694290161	493,75	-3,14226603507996	
496,875	4,07656192779541	496,875	-3,11743354797363	
500	4,07882070541382	500	-3,25167322158813	
503,125	4,06442070007324	503,125	-3,24541044235229	
506,25	4,10243129730225	506,25	-3,22293877601624	
509,375	4,05220890045166	509,375	-3,25308132171631	
512,5	3,98552513122559	512,5	-3,17106032371521	
515,625	4,0763897895813	515,625	-3,11198043823242	
518,75	4,1046257019043	518,75	-3,07361245155334	
521,875	3,97766518592834	521,875	-3,14479660987854	
525	3,9820876121521	525	-3,08064675331116	
528,125	4,0718297958374	528,125	-3,12412643432617	
531,25	4,00520658493042	531,25	-3,09878706932068	
534,375	4,01175308227539	534,375	-3,07526755332947	
537,5	3,9978723526001	537,5	-3,06456780433655	
540,625	4,00689125061035	540,625	-3,06955456733704	
543,75	4,06602239608765	543,75	-2,98025870323181	
546,875	3,95970392227173	546,875	-3,07406497001648	
550	3,9895715713501	550	-3,02596592903137	
553,125	3,95006275177002	553,125	-2,99313950538635	
556,25	4,00556516647339	556,25	-3,00317311286926	
559,375	3,97959852218628	559,375	-2,93000173568726	
562,5	3,99427080154419	562,5	-2,93187642097473	
565,625	3,97531533241272	565,625	-2,94302368164063	
568,75	3,9738461971283	568,75	-2,90468859672546	
571,875	3,97769904136658	571,875	-2,88563895225525	
575	3,97281265258789	575	-2,90527558326721	
578,125	3,98581957817078	578,125	-2,84097146987915	
581,25	3,98977637290955	581,25	-2,88385891914368	
584,375	3,96835160255432	584,375	-2,89708757400513	
587,5	3,97729468345642	587,5	-2,88182616233826	
590,625	3,96418309211731	590,625	-2,85137963294983	
593,75	3,95636796951294	593,75	-2,83285927772522	
596,875	3,97305727005005	596,875	-2,83089303970337	
600	3,93339061737061	600	-2,83522772789001	
603,125	3,95684671401978	603,125	-2,80909585952759	
606,25	3,93671774864197	606,25	-2,79994583129883	
609,375	3,96600675582886	609,375	-2,80162763595581	
612,5	3,95738291740417	612,5	-2,787353515625	
615,625	3,92896342277527	615,625	-2,78173828125	
618,75	3,94413495063782	618,75	-2,77086091041565	
621,875	3,9728786945343	621,875	-2,76660060882568	
625	3,96178150177002	625	-2,73558902740479	
628,125	3,93559956550598	628,125	-2,74320578575134	
631,25	3,92617869377136	631,25	-2,69731426239014	
634,375	3,92840790748596	634,375	-2,68940138816834	
637,5	3,93600130081177	637,5	-2,70056557655334	
640,625	3,97379589080811	640,625	-2,68235373497009	
643,75	3,94048237800598	643,75	-2,70206332206726	
646,875	3,9371075630188	646,875	-2,67072010040283	
650	3,9442617893219	650	-2,69554114341736	
653,125	3,94433403015137	653,125	-2,66237092018127	
656,25	3,94076013565063	656,25	-2,644855260849	
659,375	3,91749620437622	659,375	-2,65625953674316	
662,5	3,95202732086182	662,5	-2,66292238235474	
665,625	3,94594383239746	665,625	-2,67208433151245	
668,75	3,92962765693665	668,75	-2,6492030620575	
671,875	3,94925093650818	671,875	-2,6229841709137	
675	3,91631150245667	675	-2,61169672012329	
678,125	3,90270709991455	678,125	-2,60418939590454	
681,25	3,91862773895264	681,25	-2,60778999328613	
684,375	3,92152333259583	684,375	-2,60562252998352	
687,5	3,95189023017883	687,5	-2,62058401107788	
690,625	3,87542915344238	690,625	-2,63295388221741	
693,75	3,92270827293396	693,75	-2,60850405693054	
696,875	3,92823457717896	696,875	-2,60561347007751	
700	3,90174674987793	700	-2,5961799621582	
703,125	3,89727902412415	703,125	-2,60173559188843	
706,25	3,91975164413452	706,25	-2,58942866325378	
709,375	3,91835761070251	709,375	-2,55783939361572	
712,5	3,84815955162048	712,5	-2,58133959770203	
715,625	3,8973982334137	715,625	-2,58144593238831	
718,75	3,89648413658142	718,75	-2,58948636054993	
721,875	3,88247060775757	721,875	-2,56754016876221	
725	3,89039134979248	725	-2,58335494995117	
728,125	3,87332153320313	728,125	-2,55941486358643	
731,25	3,8855345249176	731,25	-2,56656980514526	
734,375	3,88387298583984	734,375	-2,55262994766235	
737,5	3,89359092712402	737,5	-2,56061840057373	
740,625	3,86601448059082	740,625	-2,53430271148682	
743,75	3,84643697738647	743,75	-2,51511836051941	
746,875	3,84397792816162	746,875	-2,55515122413635	
750	3,843825340271	750	-2,54807662963867	
753,125	3,85586810112	753,125	-2,53520965576172	
756,25	3,85447669029236	756,25	-2,52097105979919	
759,375	3,84903955459595	759,375	-2,47745776176453	
762,5	3,87310600280762	762,5	-2,49760270118713	
765,625	3,86977624893188	765,625	-2,49297332763672	
768,75	3,83606696128845	768,75	-2,51622319221497	
771,875	3,82084846496582	771,875	-2,50123047828674	
775	3,85475182533264	775	-2,48772144317627	
778,125	3,84680938720703	778,125	-2,46431469917297	
781,25	3,82611393928528	781,25	-2,48071670532227	
784,375	3,80168414115906	784,375	-2,47667288780212	
787,5	3,78750252723694	787,5	-2,4928662776947	
790,625	3,79461359977722	790,625	-2,49120187759399	
793,75	3,81533598899841	793,75	-2,47132444381714	
796,875	3,8330078125	796,875	-2,45724558830261	
800	3,8206889629364	800	-2,45677089691162	
803,125	3,85894179344177	803,125	-2,45370388031006	
806,25	3,82124590873718	806,25	-2,47685408592224	
809,375	3,76065516471863	809,375	-2,48737573623657	
812,5	3,82046222686768	812,5	-2,45920610427856	
815,625	3,83829474449158	815,625	-2,43640947341919	
818,75	3,78230690956116	818,75	-2,45505809783936	
821,875	3,79021501541138	821,875	-2,41579604148865	
825	3,8697566986084	825	-2,35878300666809	
828,125	3,84542870521545	828,125	-2,36747193336487	
831,25	3,83745193481445	831,25	-2,26681756973267	
834,375	3,7655918598175	834,375	-2,40224003791809	
837,5	3,77826237678528	837,5	-2,43925070762634	
840,625	3,77617335319519	840,625	-2,41992020606995	
843,75	3,75277471542358	843,75	-2,41479730606079	
846,875	3,79790925979614	846,875	-2,46387553215027	
850	3,82320928573608	850	-2,4726300239563	
853,125	3,88108158111572	853,125	-2,41699695587158	
856,25	3,83409023284912	856,25	-2,3586483001709	
859,375	3,78538203239441	859,375	-2,35045051574707	
862,5	3,7935905456543	862,5	-2,3709704875946	
865,625	3,81836462020874	865,625	-2,37454223632813	
868,75	3,84993886947632	868,75	-2,39929556846619	
871,875	3,80733728408813	871,875	-2,41968417167664	
875	3,81944155693054	875	-2,38542437553406	
878,125	3,81446671485901	878,125	-2,38809823989868	
881,25	3,77970814704895	881,25	-2,39951038360596	
884,375	3,76860332489014	884,375	-2,22770214080811	
887,5	3,75137448310852	887,5	-2,17372965812683	
890,625	3,73278069496155	890,625	-2,19965124130249	
893,75	3,76966762542725	893,75	-2,26752829551697	
896,875	3,72823548316956	896,875	-2,25234627723694	
900	3,76601195335388	900	-2,22226071357727	
903,125	3,73187303543091	903,125	-2,19111371040344	
906,25	3,75647640228271	906,25	-2,18997073173523	
909,375	3,79592847824097	909,375	-2,22732305526733	
912,5	3,75322151184082	912,5	-2,275390625	
915,625	3,7400107383728	915,625	-2,25751447677612	
918,75	3,73724794387817	918,75	-2,22503995895386	
921,875	3,73340821266174	921,875	-2,16822481155396	
925	3,735924243927	925	-2,17018842697144	
928,125	3,78733968734741	928,125	-2,19448041915894	
931,25	3,70707607269287	931,25	-2,18238830566406	
934,375	3,73480606079102	934,375	-2,17923283576965	
937,5	3,71696448326111	937,5	-2,1796612739563	
940,625	3,72902345657349	940,625	-2,17493104934692	
943,75	3,69605350494385	943,75	-2,19674944877625	
946,875	3,69510746002197	946,875	-2,18532371520996	
950	3,70717310905457	950	-2,16481184959412	
953,125	3,72548890113831	953,125	-2,14366102218628	
956,25	3,70964097976685	956,25	-2,13416647911072	
959,375	3,68588423728943	959,375	-2,14301681518555	
962,5	3,6830883026123	962,5	-2,15467929840088	
965,625	3,68954825401306	965,625	-2,14572691917419	
968,75	3,71308612823486	968,75	-2,15458154678345	
971,875	3,6760675907135	971,875	-2,14351844787598	
975	3,68779015541077	975	-2,1284716129303	
978,125	3,68552231788635	978,125	-2,12508606910706	
981,25	3,66274976730347	981,25	-2,10169196128845	
984,375	3,6738178730011	984,375	-2,11902737617493	
987,5	3,67553353309631	987,5	-2,11460185050964	
990,625	3,67270040512085	990,625	-2,10178160667419	
993,75	3,65393471717834	993,75	-2,13140749931335	
996,875	3,6668004989624	996,875	-2,11954855918884	
1000	3,65302538871765	1000	-2,13045334815979	
1003,125	3,65903687477112	1003,125	-2,10368943214417	
1006,25	3,65522646903992	1006,25	-2,09413290023804	
1009,375	3,63273167610168	1009,375	-2,09692311286926	
1012,5	3,64771437644959	1012,5	-2,08826351165771	
1015,625	3,66024017333984	1015,625	-2,09622716903687	
1018,75	3,61665391921997	1018,75	-2,10074067115784	
1021,875	3,63490104675293	1021,875	-2,08991527557373	
1025	3,6137318611145	1025	-2,08388733863831	
1028,125	3,62483358383179	1028,125	-2,07753443717957	
1031,25	3,64063715934753	1031,25	-2,08559942245483	
1034,375	3,61876249313354	1034,375	-2,08281350135803	
1037,5	3,61383962631226	1037,5	-2,07350635528564	
1040,625	3,60952019691467	1040,625	-2,07521367073059	
1043,75	3,61433625221252	1043,75	-2,06486821174622	
1046,875	3,61028099060059	1046,875	-2,05439066886902	
1050	3,60172128677368	1050	-2,06722593307495	
1053,125	3,60872316360474	1053,125	-2,07889866828918	
1056,25	3,59079718589783	1056,25	-2,06928133964539	
1059,375	3,60655522346497	1059,375	-2,06295037269592	
1062,5	3,60408735275269	1062,5	-2,06565713882446	
1065,625	3,57994556427002	1065,625	-2,0698721408844	
1068,75	3,58920121192932	1068,75	-2,04084181785584	
1071,875	3,58467078208923	1071,875	-2,03985071182251	
1075	3,59369683265686	1075	-2,04646134376526	
1078,125	3,59126281738281	1078,125	-2,06238865852356	
1081,25	3,54461932182312	1081,25	-2,03810262680054	
1084,375	3,56453537940979	1084,375	-2,03814888000488	
1087,5	3,5666778087616	1087,5	-2,03582620620728	
1090,625	3,56731605529785	1090,625	-2,02547836303711	
1093,75	3,55827045440674	1093,75	-2,03030920028687	
1096,875	3,54698991775513	1096,875	-2,01704025268555	
1100	3,53699684143066	1100	-2,01295161247253	
1103,125	3,52769565582275	1103,125	-2,0150785446167	
1106,25	3,53696489334106	1106,25	-1,99350440502167	
1109,375	3,51762175559998	1109,375	-2,01734113693237	
1112,5	3,53399777412415	1112,5	-2,0141429901123	
1115,625	3,50786399841309	1115,625	-1,98437786102295	
1118,75	3,51489663124084	1118,75	-2,01816177368164	
1121,875	3,52435493469238	1121,875	-1,99242877960205	
1125	3,51788997650146	1125	-2,00863552093506	
1128,125	3,52233719825745	1128,125	-2,00435733795166	
1131,25	3,48893308639526	1131,25	-2,00006151199341	
1134,375	3,50183200836182	1134,375	-1,98535132408142	
1137,5	3,512451171875	1137,5	-1,99665713310242	
1140,625	3,48271584510803	1140,625	-2,00538396835327	
1143,75	3,49843692779541	1143,75	-1,99210739135742	
1146,875	3,49642753601074	1146,875	-1,98432147502899	
1150	3,46808981895447	1150	-1,97796845436096	
1153,125	3,471351146698	1153,125	-1,96312820911407	
1156,25	3,49147820472717	1156,25	-1,98101794719696	
1159,375	3,47419452667236	1159,375	-2,00460004806519	
1162,5	3,49099063873291	1162,5	-1,98312103748322	
1165,625	3,46200180053711	1165,625	-1,97190713882446	
1168,75	3,46804213523865	1168,75	-1,96870446205139	
1171,875	3,46723794937134	1171,875	-1,96651458740234	
1175	3,44463849067688	1175	-1,9747416973114	
1178,125	3,45169353485107	1178,125	-1,97419047355652	
1181,25	3,46048212051392	1181,25	-1,96883273124695	
1184,375	3,43523645401001	1184,375	-1,96767747402191	
1187,5	3,43540334701538	1187,5	-1,98532140254974	
1190,625	3,43835163116455	1190,625	-1,95999920368195	
1193,75	3,44000959396362	1193,75	-1,93762993812561	
1196,875	3,41623616218567	1196,875	-1,91764402389526	
1200	3,38936686515808	1200	-1,95730018615723	
1203,125	3,39861941337585	1203,125	-1,94689774513245	
1206,25	3,40436291694641	1206,25	-1,91746282577515	
1209,375	3,39674544334412	1209,375	-1,96099555492401	
1212,5	3,386234998703	1212,5	-1,96603941917419	
1215,625	3,39658522605896	1215,625	-1,94643461704254	
1218,75	3,34568548202515	1218,75	-1,95552432537079	
1221,875	3,36597084999084	1221,875	-1,9328236579895	
1225	3,39533138275146	1225	-1,93817818164825	
1228,125	3,3465633392334	1228,125	-1,95389366149902	
1231,25	3,35103464126587	1231,25	-1,95137345790863	
1234,375	3,35786843299866	1234,375	-1,9276819229126	
1237,5	3,35501432418823	1237,5	-1,97793173789978	
1240,625	3,34012842178345	1240,625	-1,96587824821472	
1243,75	3,33288478851318	1243,75	-1,93942356109619	
1246,875	3,32314872741699	1246,875	-1,94045269489288	
1250	3,31448292732239	1250	-1,92753076553345	
1253,125	3,3251588344574	1253,125	-1,94213998317719	
1256,25	3,29144477844238	1256,25	-1,95802700519562	
1259,375	3,29779744148254	1259,375	-1,94221675395966	
1262,5	3,3074357509613	1262,5	-1,92278170585632	
1265,625	3,29694199562073	1265,625	-1,9289790391922	
1268,75	3,29551196098328	1268,75	-1,92835938930511	
1271,875	3,27702641487122	1271,875	-1,91506135463715	
1275	3,26467895507813	1275	-1,91622078418732	
1278,125	3,26737236976624	1278,125	-1,90478026866913	
1281,25	3,26428580284119	1281,25	-1,91623783111572	
1284,375	3,26754379272461	1284,375	-1,90171825885773	
1287,5	3,2667396068573	1287,5	-1,91017043590546	
1290,625	3,24735689163208	1290,625	-1,92817759513855	
1293,75	3,24075055122375	1293,75	-1,90272605419159	
1296,875	3,22150206565857	1296,875	-1,89111196994781	
1300	3,23430967330933	1300	-1,92228198051453	
1303,125	3,23154664039612	1303,125	-1,92585051059723	
1306,25	3,2269024848938	1306,25	-1,90256702899933	
1309,375	3,2095844745636	1309,375	-1,89850258827209	
1312,5	3,19820141792297	1312,5	-1,90640926361084	
1315,625	3,20089650154114	1315,625	-1,90674793720245	
1318,75	3,18911719322205	1318,75	-1,87534081935883	
1321,875	3,19888353347778	1321,875	-1,87207186222076	
1325	3,19929480552673	1325	-1,87369287014008	
1328,125	3,1723906993866	1328,125	-1,88870227336884	
1331,25	3,16423559188843	1331,25	-1,87727415561676	
1334,375	3,14430809020996	1334,375	-1,89662528038025	
1337,5	3,14612579345703	1337,5	-1,88269364833832	
1340,625	3,13742017745972	1340,625	-1,86648511886597	
1343,75	3,15069055557251	1343,75	-1,87463390827179	
1346,875	3,12792325019836	1346,875	-1,86288344860077	
1350	3,11565375328064	1350	-1,87260615825653	
1353,125	3,12224245071411	1353,125	-1,8755669593811	
1356,25	3,09984540939331	1356,25	-1,90624094009399	
1359,375	3,09421324729919	1359,375	-1,86322736740112	
1362,5	3,0799400806427	1362,5	-1,85933554172516	
1365,625	3,07643461227417	1365,625	-1,86156177520752	
1368,75	3,07021331787109	1368,75	-1,85091078281403	
1371,875	3,05183172225952	1371,875	-1,84818637371063	
1375	3,0515124797821	1375	-1,85850763320923	
1378,125	3,05612468719482	1378,125	-1,8534574508667	
1381,25	3,01311373710632	1381,25	-1,86305868625641	
1384,375	3,01722478866577	1384,375	-1,86394238471985	
1387,5	3,02928614616394	1387,5	-1,84807026386261	
1390,625	3,01411366462708	1390,625	-1,83699429035187	
1393,75	2,99750256538391	1393,75	-1,82576262950897	
1396,875	2,98768758773804	1396,875	-1,82045924663544	
1400	2,97831034660339	1400	-1,81773257255554	
1403,125	2,96603322029114	1403,125	-1,82952868938446	
1406,25	2,94606494903564	1406,25	-1,82628870010376	
1409,375	2,92304062843323	1409,375	-1,82026791572571	
1412,5	2,92420768737793	1412,5	-1,80794441699982	
1415,625	2,89899754524231	1415,625	-1,81057167053223	
1418,75	2,89236521720886	1418,75	-1,80825853347778	
1421,875	2,88653326034546	1421,875	-1,78997957706451	
1425	2,87416815757751	1425	-1,78944718837738	
1428,125	2,84318041801453	1428,125	-1,79933071136475	
1431,25	2,84268879890442	1431,25	-1,78269791603088	
1434,375	2,82702040672302	1434,375	-1,77028143405914	
1437,5	2,80340933799744	1437,5	-1,74493217468262	
1440,625	2,81454181671143	1440,625	-1,75104832649231	
1443,75	2,76002979278564	1443,75	-1,75331842899323	
1446,875	2,76696395874023	1446,875	-1,7303751707077	
1450	2,75032615661621	1450	-1,71748054027557	
1453,125	2,73596382141113	1453,125	-1,70685303211212	
1456,25	2,70279097557068	1456,25	-1,6994754076004	
1459,375	2,69259667396545	1459,375	-1,68252658843994	
1462,5	2,68341541290283	1462,5	-1,65694046020508	
1465,625	2,65966129302979	1465,625	-1,65659987926483	
1468,75	2,62591814994812	1468,75	-1,63111042976379	
1471,875	2,60551357269287	1471,875	-1,61368417739868	
1475	2,59691715240479	1475	-1,60205841064453	
1478,125	2,57176423072815	1478,125	-1,57617115974426	
1481,25	2,56682991981506	1481,25	-1,54706513881683	
1484,375	2,52946186065674	1484,375	-1,51447403430939	
1487,5	2,51135897636414	1487,5	-1,51030480861664	
1490,625	2,49732136726379	1490,625	-1,47474527359009	
1493,75	2,47449493408203	1493,75	-1,44880628585815	
1496,875	2,47226238250732	1496,875	-1,42622029781342	
1500	2,44402575492859	1500	-1,37218713760376	
1503,125	2,4369945526123	1503,125	-1,32843112945557	
1506,25	2,44174551963806	1506,25	-1,29420161247253	
1509,375	2,41339731216431	1509,375	-1,24900925159454	
1512,5	2,41589426994324	1512,5	-1,20661973953247	
1515,625	2,42007184028625	1515,625	-1,17220401763916	
1518,75	2,42914152145386	1518,75	-1,11661458015442	
1521,875	2,43696260452271	1521,875	-1,08085238933563	
1525	2,44279360771179	1525	-1,03103411197662	
1528,125	2,47023367881775	1528,125	-0,987602233886719	
1531,25	2,49013733863831	1531,25	-0,94853550195694	
1534,375	2,51598262786865	1534,375	-0,91186535358429	
1537,5	2,53781080245972	1537,5	-0,882191300392151	
1540,625	2,5658860206604	1540,625	-0,85446298122406	
1543,75	2,59594297409058	1543,75	-0,824307382106781	
1546,875	2,62306213378906	1546,875	-0,803477346897125	
1550	2,65218210220337	1550	-0,784907460212708	
1553,125	2,68009781837463	1553,125	-0,76811021566391	
1556,25	2,70771670341492	1556,25	-0,756825268268585	
1559,375	2,73601698875427	1559,375	-0,740746140480042	
1562,5	2,76305747032166	1562,5	-0,727926135063171	
1565,625	2,78049826622009	1565,625	-0,719872295856476	
1568,75	2,8106050491333	1568,75	-0,714055776596069	
1571,875	2,83284401893616	1571,875	-0,710100531578064	
1575	2,85882043838501	1575	-0,699445366859436	
1578,125	2,87923979759216	1578,125	-0,699952125549316	
1581,25	2,90181040763855	1581,25	-0,701517224311829	
1584,375	2,91688537597656	1584,375	-0,689654946327209	
1587,5	2,9330632686615	1587,5	-0,695445120334625	
1590,625	2,95124387741089	1590,625	-0,70076185464859	
1593,75	2,95985531806946	1593,75	-0,704886615276337	
1596,875	2,96744632720947	1596,875	-0,698952913284302	
1600	2,98204398155212	1600	-0,702110171318054	
1603,125	2,99049210548401	1603,125	-0,698965609073639	
1606,25	2,99737548828125	1606,25	-0,69279146194458	
1609,375	2,98668622970581	1609,375	-0,676130056381226	
1612,5	2,98154950141907	1612,5	-0,671901702880859	
1615,625	2,99437260627747	1615,625	-0,664429724216461	
1618,75	3,00866222381592	1618,75	-0,661139607429504	
1621,875	3,01601195335388	1621,875	-0,642256677150726	
1625	3,02154541015625	1625	-0,629509210586548	
1628,125	3,0327672958374	1628,125	-0,609406888484955	
1631,25	3,04227066040039	1631,25	-0,600507080554962	
1634,375	3,06637954711914	1634,375	-0,584433197975159	
1637,5	3,07686471939087	1637,5	-0,570054948329926	
1640,625	3,07765936851501	1640,625	-0,54273509979248	
1643,75	3,0994770526886	1643,75	-0,549474477767944	
1646,875	3,12557673454285	1646,875	-0,520151078701019	
1650	3,14734792709351	1650	-0,503677189350128	
1653,125	3,16174578666687	1653,125	-0,485206723213196	
1656,25	3,19029211997986	1656,25	-0,466306358575821	
1659,375	3,22707366943359	1659,375	-0,445340842008591	
1662,5	3,27394413948059	1662,5	-0,422234237194061	
1665,625	3,35840034484863	1665,625	-0,429070085287094	
1668,75	3,41001629829407	1668,75	-0,444151818752289	
1671,875	3,43840837478638	1671,875	-0,485228836536407	
1675	3,42516875267029	1675	-0,509215414524078	
1678,125	3,43082547187805	1678,125	-0,538833796977997	
1681,25	3,45733761787415	1681,25	-0,518766820430756	
1684,375	3,44817304611206	1684,375	-0,534627616405487	
1687,5	3,46549844741821	1687,5	-0,550255715847015	
1690,625	3,48618841171265	1690,625	-0,548475503921509	
1693,75	3,49817943572998	1693,75	-0,531979620456696	
1696,875	3,53501892089844	1696,875	-0,562696099281311	
1700	3,54878449440002	1700	-0,580374658107758	
1703,125	3,58694863319397	1703,125	-0,588922500610352	
1706,25	3,60065245628357	1706,25	-0,614861130714417	
1709,375	3,60691285133362	1709,375	-0,63743668794632	
1712,5	3,63389039039612	1712,5	-0,634510695934296	
1715,625	3,64209675788879	1715,625	-0,646374344825745	
1718,75	3,67152380943298	1718,75	-0,666500151157379	
1721,875	3,68504166603088	1721,875	-0,698847055435181	
1725	3,67355370521545	1725	-0,743067979812622	
1728,125	3,70627522468567	1728,125	-0,739519596099854	
1731,25	3,74106884002686	1731,25	-0,748756349086761	
1734,375	3,7540647983551	1734,375	-0,804865479469299	
1737,5	3,72169232368469	1737,5	-0,817617952823639	
1740,625	3,75271391868591	1740,625	-0,802421748638153	
1743,75	3,72187423706055	1743,75	-0,842483103275299	
1746,875	3,72542142868042	1746,875	-0,837309718132019	
1750	3,7580623626709	1750	-0,844056129455566	
1753,125	3,75255632400513	1753,125	-0,890173673629761	
1756,25	3,73952388763428	1756,25	-0,948058426380157	
1759,375	3,77196335792542	1759,375	-0,948233723640442	
1762,5	3,74508142471313	1762,5	-0,987957775592804	
1765,625	3,71587443351746	1765,625	-1,02381992340088	
1768,75	3,69224977493286	1768,75	-1,03135061264038	
1771,875	3,70270109176636	1771,875	-1,04831039905548	
1775	3,69782280921936	1775	-1,05978608131409	
1778,125	3,6812469959259	1778,125	-1,08579754829407	
1781,25	3,65881490707397	1781,25	-1,08494365215302	
1784,375	3,65192604064941	1784,375	-1,10251128673553	
1787,5	3,65666794776917	1787,5	-1,14867687225342	
1790,625	3,61387348175049	1790,625	-1,12587058544159	
1793,75	3,60201072692871	1793,75	-1,18146061897278	
1796,875	3,61080646514893	1796,875	-1,16061949729919	
1800	3,60525155067444	1800	-1,12240040302277	
1803,125	3,56253504753113	1803,125	-1,18316495418549	
1806,25	3,56021618843079	1806,25	-1,16337788105011	
1809,375	3,54159450531006	1809,375	-1,17054033279419	
1812,5	3,56764578819275	1812,5	-1,15950906276703	
1815,625	3,5135931968689	1815,625	-1,21178579330444	
1818,75	3,49958872795105	1818,75	-1,17866575717926	
1821,875	3,49413990974426	1821,875	-1,19060444831848	
1825	3,48250222206116	1825	-1,20228374004364	
1828,125	3,48048448562622	1828,125	-1,20577096939087	
1831,25	3,46641302108765	1831,25	-1,18904101848602	
1834,375	3,43153834342957	1834,375	-1,19355309009552	
1837,5	3,42651867866516	1837,5	-1,1906259059906	
1840,625	3,41941952705383	1840,625	-1,22634756565094	
1843,75	3,38221907615662	1843,75	-1,20965969562531	
1846,875	3,36913704872131	1846,875	-1,22199559211731	
1850	3,36067247390747	1850	-1,21407461166382	
1853,125	3,35099267959595	1853,125	-1,21384227275848	
1856,25	3,33704590797424	1856,25	-1,17468917369843	
1859,375	3,3262734413147	1859,375	-1,18525528907776	
1862,5	3,28919577598572	1862,5	-1,17796170711517	
1865,625	3,29388666152954	1865,625	-1,16577255725861	
1868,75	3,2887442111969	1868,75	-1,14503526687622	
1871,875	3,27523994445801	1871,875	-1,14251399040222	
1875	3,27549362182617	1875	-1,14575839042664	
1878,125	3,25075459480286	1878,125	-1,11771106719971	
1881,25	3,24256205558777	1881,25	-1,10735237598419	
1884,375	3,24987578392029	1884,375	-1,10036885738373	
1887,5	3,25236058235168	1887,5	-1,08768951892853	
1890,625	3,2396764755249	1890,625	-1,06122589111328	
1893,75	3,24343919754028	1893,75	-1,0419180393219	
1896,875	3,23783349990845	1896,875	-1,03109467029572	
1900	3,24438071250916	1900	-1,02860736846924	
1903,125	3,24067449569702	1903,125	-1,00931394100189	
1906,25	3,2396605014801	1906,25	-1,00515854358673	
1909,375	3,25219082832336	1909,375	-1,00110673904419	
1912,5	3,27123856544495	1912,5	-0,992565453052521	
1915,625	3,26692509651184	1915,625	-0,989873230457306	
1918,75	3,25734210014343	1918,75	-0,999934494495392	
1921,875	3,28401660919189	1921,875	-0,996130704879761	
1925	3,29780745506287	1925	-1,00343644618988	
1928,125	3,28421521186829	1928,125	-0,99067097902298	
1931,25	3,29195976257324	1931,25	-0,987853467464447	
1934,375	3,29782271385193	1934,375	-0,998648524284363	
1937,5	3,30841851234436	1937,5	-0,997916340827942	
1940,625	3,30491352081299	1940,625	-1,00320434570313	
1943,75	3,30812525749207	1943,75	-1,00920939445496	
1946,875	3,29871582984924	1946,875	-1,01406562328339	
1950	3,31474041938782	1950	-1,00815379619598	
1953,125	3,31352734565735	1953,125	-1,03466975688934	
1956,25	3,32072615623474	1956,25	-1,02855515480042	
1959,375	3,31578898429871	1959,375	-1,04873824119568	
1962,5	3,33878612518311	1962,5	-1,05988001823425	
1965,625	3,3247652053833	1965,625	-1,05144596099854	
1968,75	3,31375503540039	1968,75	-1,07566237449646	
1971,875	3,29973268508911	1971,875	-1,07418978214264	
1975	3,28882384300232	1975	-1,05083847045898	
1978,125	3,29039072990417	1978,125	-1,09254240989685	
1981,25	3,29186725616455	1981,25	-1,08226716518402	
1984,375	3,26849627494812	1984,375	-1,10229289531708	
1987,5	3,27387809753418	1987,5	-1,09849059581757	
1990,625	3,27820205688477	1990,625	-1,10866403579712	
1993,75	3,23484587669373	1993,75	-1,12739741802216	
1996,875	3,23911094665527	1996,875	-1,13724076747894	
2000	3,24460053443909	2000	-1,1428964138031	
2003,125	3,22717046737671	2003,125	-1,14367258548737	
2006,25	3,20860409736633	2006,25	-1,14671957492828	
2009,375	3,17789459228516	2009,375	-1,14678418636322	
2012,5	3,15966486930847	2012,5	-1,13809728622437	
2015,625	3,15695929527283	2015,625	-1,14448773860931	
2018,75	3,11610960960388	2018,75	-1,13817262649536	
2021,875	3,13352417945862	2021,875	-1,14322555065155	
2025	3,11145377159119	2025	-1,14503514766693	
2028,125	3,09468674659729	2028,125	-1,11519777774811	
2031,25	3,05908942222595	2031,25	-1,0856659412384	
2034,375	3,0545015335083	2034,375	-1,11009883880615	
2037,5	3,05522918701172	2037,5	-1,08224487304688	
2040,625	2,99574971199036	2040,625	-1,05048787593842	
2043,75	3,00759792327881	2043,75	-1,05415737628937	
2046,875	3,01223850250244	2046,875	-1,04548454284668	
2050	3,00071692466736	2050	-1,03604888916016	
2053,125	3,0016040802002	2053,125	-1,02801537513733	
2056,25	2,99202823638916	2056,25	-1,01314699649811	
2059,375	2,98175954818726	2059,375	-0,997645616531372	
2062,5	2,97834539413452	2062,5	-0,982758283615112	
2065,625	2,97226595878601	2065,625	-0,979933500289917	
2068,75	2,98118758201599	2068,75	-0,97122997045517	
2071,875	2,97690939903259	2071,875	-0,962650299072266	
2075	2,97425174713135	2075	-0,945163786411285	
2078,125	2,96716690063477	2078,125	-0,926793992519379	
2081,25	2,96398663520813	2081,25	-0,906826376914978	
2084,375	2,96222519874573	2084,375	-0,921459496021271	
2087,5	2,9728672504425	2087,5	-0,901383399963379	
2090,625	2,97627139091492	2090,625	-0,894141495227814	
2093,75	2,9628541469574	2093,75	-0,884701013565063	
2096,875	2,97235608100891	2096,875	-0,858228504657745	
2100	2,95459580421448	2100	-0,8784059882164	
2103,125	2,96958827972412	2103,125	-0,851556062698364	
2106,25	2,97455239295959	2106,25	-0,834260761737823	
2109,375	2,9735062122345	2109,375	-0,8414266705513	
2112,5	2,98273038864136	2112,5	-0,840981304645538	
2115,625	2,97613739967346	2115,625	-0,828911185264587	
2118,75	2,99031496047974	2118,75	-0,812630355358124	
2121,875	2,9786422252655	2121,875	-0,804882884025574	
2125	2,97343754768372	2125	-0,799634516239166	
2128,125	2,9876070022583	2128,125	-0,808280646800995	
2131,25	2,99055743217468	2131,25	-0,795360267162323	
2134,375	2,97801089286804	2134,375	-0,796978890895844	
2137,5	2,98255228996277	2137,5	-0,797396779060364	
2140,625	2,98173451423645	2140,625	-0,778982043266296	
2143,75	2,98901271820068	2143,75	-0,76806914806366	
2146,875	3,00879430770874	2146,875	-0,760628223419189	
2150	3,00374960899353	2150	-0,771634042263031	
2153,125	2,99684762954712	2153,125	-0,756663918495178	
2156,25	3,00372266769409	2156,25	-0,759749174118042	
2159,375	2,99443221092224	2159,375	-0,748789548873901	
2162,5	3,00371050834656	2162,5	-0,722440361976624	
2165,625	3,00172257423401	2165,625	-0,729467153549194	
2168,75	3,00039148330688	2168,75	-0,74780398607254	
2171,875	3,00909018516541	2171,875	-0,733124673366547	
2175	3,02622127532959	2175	-0,740274846553802	
2178,125	3,01422739028931	2178,125	-0,736246764659882	
2181,25	3,01650214195251	2181,25	-0,715802490711212	
2184,375	3,00843143463135	2184,375	-0,711948692798615	
2187,5	3,01321625709534	2187,5	-0,711211740970612	
2190,625	3,02851843833923	2190,625	-0,702247262001038	
2193,75	3,0404200553894	2193,75	-0,712857902050018	
2196,875	3,03101348876953	2196,875	-0,713313639163971	
2200	3,02987837791443	2200	-0,6971794962883	
2203,125	3,03610014915466	2203,125	-0,69441556930542	
2206,25	3,0461163520813	2206,25	-0,687630593776703	
2209,375	3,04527139663696	2209,375	-0,674899816513062	
2212,5	3,06544661521912	2212,5	-0,6920006275177	
2215,625	3,07528114318848	2215,625	-0,69787210226059	
2218,75	3,07208108901978	2218,75	-0,686525166034698	
2221,875	3,06737852096558	2221,875	-0,676696538925171	
2225	3,06484842300415	2225	-0,686686813831329	
2228,125	3,07468414306641	2228,125	-0,690826714038849	
2231,25	3,06782293319702	2231,25	-0,679474771022797	
2234,375	3,06494808197021	2234,375	-0,678705513477325	
2237,5	3,08896064758301	2237,5	-0,668134093284607	
2240,625	3,10547089576721	2240,625	-0,698935389518738	
2243,75	3,10901594161987	2243,75	-0,688597083091736	
2246,875	3,10987973213196	2246,875	-0,680314660072327	
2250	3,10146522521973	2250	-0,67667543888092	
2253,125	3,10597515106201	2253,125	-0,67756050825119	
2256,25	3,09668755531311	2256,25	-0,675055861473084	
2259,375	3,11221027374268	2259,375	-0,687629878520966	
2262,5	3,11648297309875	2262,5	-0,684493899345398	
2265,625	3,11683630943298	2265,625	-0,686215996742249	
2268,75	3,10555291175842	2268,75	-0,680720448493958	
2271,875	3,11519813537598	2271,875	-0,687292397022247	
2275	3,11897778511047	2275	-0,700738370418549	
2278,125	3,13489770889282	2278,125	-0,702649533748627	
2281,25	3,13549828529358	2281,25	-0,69774204492569	
2284,375	3,13308477401733	2284,375	-0,692775666713715	
2287,5	3,14874577522278	2287,5	-0,720876097679138	
2290,625	3,13429093360901	2290,625	-0,716558754444122	
2293,75	3,12914991378784	2293,75	-0,703518450260162	
2296,875	3,13521361351013	2296,875	-0,724633693695068	
2300	3,13662362098694	2300	-0,73207950592041	
2303,125	3,12712025642395	2303,125	-0,730302810668945	
2306,25	3,12267851829529	2306,25	-0,734330594539642	
2309,375	3,13331365585327	2309,375	-0,734436213970184	
2312,5	3,12873864173889	2312,5	-0,732912421226501	
2315,625	3,11301946640015	2315,625	-0,7350212931633	
2318,75	3,10481953620911	2318,75	-0,75555020570755	
2321,875	3,09264469146729	2321,875	-0,7424276471138	
2325	3,10711741447449	2325	-0,758676290512085	
2328,125	3,10997462272644	2328,125	-0,749812781810761	
2331,25	3,10634064674377	2331,25	-0,75355339050293	
2334,375	3,11185026168823	2334,375	-0,764000415802002	
2337,5	3,10282111167908	2337,5	-0,760908424854279	
2340,625	3,08362245559692	2340,625	-0,747361958026886	
2343,75	3,09444093704224	2343,75	-0,770378410816193	
2346,875	3,08480215072632	2346,875	-0,767311811447144	
2350	3,09642243385315	2350	-0,766116976737976	
2353,125	3,08713150024414	2353,125	-0,772389590740204	
2356,25	3,08136057853699	2356,25	-0,764831006526947	
2359,375	3,07542681694031	2359,375	-0,759437203407288	
2362,5	3,0794415473938	2362,5	-0,764577925205231	
2365,625	3,06559991836548	2365,625	-0,784868657588959	
2368,75	3,06753969192505	2368,75	-0,761666536331177	
2371,875	3,03632688522339	2371,875	-0,74872875213623	
2375	3,04294586181641	2375	-0,756721556186676	
2378,125	3,04140686988831	2378,125	-0,76890105009079	
2381,25	3,04245400428772	2381,25	-0,771133899688721	
2384,375	3,05882525444031	2384,375	-0,765079736709595	
2387,5	3,0339789390564	2387,5	-0,760831534862518	
2390,625	3,03220868110657	2390,625	-0,754209160804749	
2393,75	3,03447699546814	2393,75	-0,753322064876556	
2396,875	3,03770422935486	2396,875	-0,763498485088348	
2400	3,03100490570068	2400	-0,754374206066132	
2403,125	3,03291058540344	2403,125	-0,75131756067276	
2406,25	3,03314399719238	2406,25	-0,76206511259079	
2409,375	3,02514719963074	2409,375	-0,765281558036804	
2412,5	3,02414035797119	2412,5	-0,736682772636414	
2415,625	3,00066733360291	2415,625	-0,757500052452087	
2418,75	3,00465154647827	2418,75	-0,7552330493927	
2421,875	3,01946687698364	2421,875	-0,748637914657593	
2425	3,0106475353241	2425	-0,740824282169342	
2428,125	2,99910950660706	2428,125	-0,749525725841522	
2431,25	3,00631856918335	2431,25	-0,745444059371948	
2434,375	2,99499487876892	2434,375	-0,741609513759613	
2437,5	2,99857592582703	2437,5	-0,739317953586578	
2440,625	2,99638080596924	2440,625	-0,740621149539948	
2443,75	2,99121332168579	2443,75	-0,745588064193726	
2446,875	2,98691821098328	2446,875	-0,732412338256836	
2450	2,99709463119507	2450	-0,735809028148651	
2453,125	2,99367213249207	2453,125	-0,731080532073975	
2456,25	2,98835468292236	2456,25	-0,733368396759033	
2459,375	2,99587535858154	2459,375	-0,731024265289307	
2462,5	2,98543977737427	2462,5	-0,735712170600891	
2465,625	2,98835754394531	2465,625	-0,730325639247894	
2468,75	2,98796534538269	2468,75	-0,712155103683472	
2471,875	2,98027062416077	2471,875	-0,745600938796997	
2475	2,98760938644409	2475	-0,723766565322876	
2478,125	2,98974442481995	2478,125	-0,733346998691559	
2481,25	2,98799180984497	2481,25	-0,71152675151825	
2484,375	2,99801182746887	2484,375	-0,726263403892517	
2487,5	2,98768186569214	2487,5	-0,758700609207153	
2490,625	2,98259615898132	2490,625	-0,735624134540558	
2493,75	2,97236180305481	2493,75	-0,728367686271667	
2496,875	2,97634673118591	2496,875	-0,727504968643188	
2500	2,99280619621277	2500	-0,724348962306976	
2503,125	2,97078084945679	2503,125	-0,737578272819519	
2506,25	2,98503184318542	2506,25	-0,730509459972382	
2509,375	2,97791910171509	2509,375	-0,729081630706787	
2512,5	2,97704267501831	2512,5	-0,724950850009918	
2515,625	2,9644775390625	2515,625	-0,717520415782928	
2518,75	2,97106552124023	2518,75	-0,717480897903442	
2521,875	2,97580194473267	2521,875	-0,719153761863709	
2525	2,97805523872375	2525	-0,75270026922226	
2528,125	2,96890091896057	2528,125	-0,720684289932251	
2531,25	2,9677562713623	2531,25	-0,721222817897797	
2534,375	2,98145198822021	2534,375	-0,722608745098114	
2537,5	2,97276449203491	2537,5	-0,742206454277039	
2540,625	2,9598662853241	2540,625	-0,714278697967529	
2543,75	2,94712448120117	2543,75	-0,731757402420044	
2546,875	2,97141480445862	2546,875	-0,74520206451416	
2550	2,97762250900269	2550	-0,739807665348053	
2553,125	2,96644353866577	2553,125	-0,752790451049805	
2556,25	2,96880197525024	2556,25	-0,759098172187805	
2559,375	2,95897507667542	2559,375	-0,755840718746185	
2562,5	2,95013189315796	2562,5	-0,754260301589966	
2565,625	2,94795060157776	2565,625	-0,750106453895569	
2568,75	2,94848465919495	2568,75	-0,753858089447021	
2571,875	2,95310187339783	2571,875	-0,760638535022736	
2575	2,94610238075256	2575	-0,759219527244568	
2578,125	2,91735672950745	2578,125	-0,755258321762085	
2581,25	2,9355673789978	2581,25	-0,75320565700531	
2584,375	2,91958546638489	2584,375	-0,753325045108795	
2587,5	2,91927075386047	2587,5	-0,75845855474472	
2590,625	2,91240262985229	2590,625	-0,758628666400909	
2593,75	2,91008543968201	2593,75	-0,759205996990204	
2596,875	2,92158627510071	2596,875	-0,761048257350922	
2600	2,90948271751404	2600	-0,755278587341309	
2603,125	2,8989622592926	2603,125	-0,757230222225189	
2606,25	2,89436864852905	2606,25	-0,746167838573456	
2609,375	2,90287709236145	2609,375	-0,754685461521149	
2612,5	2,89869284629822	2612,5	-0,75854504108429	
2615,625	2,89126181602478	2615,625	-0,764098703861237	
2618,75	2,90248274803162	2618,75	-0,765615224838257	
2621,875	2,88410830497742	2621,875	-0,759030520915985	
2625	2,8804624080658	2625	-0,742666780948639	
2628,125	2,87935185432434	2628,125	-0,748110115528107	
2631,25	2,86381840705872	2631,25	-0,748466849327087	
2634,375	2,85693621635437	2634,375	-0,729955315589905	
2637,5	2,85123085975647	2637,5	-0,744217753410339	
2640,625	2,85296201705933	2640,625	-0,746349513530731	
2643,75	2,86295700073242	2643,75	-0,754845023155212	
2646,875	2,87363314628601	2646,875	-0,744676768779755	
2650	2,84704899787903	2650	-0,766886234283447	
2653,125	2,8500657081604	2653,125	-0,746593832969666	
2656,25	2,8614604473114	2656,25	-0,759013116359711	
2659,375	2,85330963134766	2659,375	-0,759499430656433	
2662,5	2,84759569168091	2662,5	-0,745331764221191	
2665,625	2,84671497344971	2665,625	-0,750819027423859	
2668,75	2,8343141078949	2668,75	-0,740285992622375	
2671,875	2,84292912483215	2671,875	-0,747855246067047	
2675	2,84492874145508	2675	-0,749045431613922	
2678,125	2,84184241294861	2678,125	-0,74065899848938	
2681,25	2,84120059013367	2681,25	-0,753095090389252	
2684,375	2,83585429191589	2684,375	-0,758994877338409	
2687,5	2,83800315856934	2687,5	-0,745289444923401	
2690,625	2,82232522964478	2690,625	-0,757362425327301	
2693,75	2,82729291915894	2693,75	-0,74786376953125	
2696,875	2,81808257102966	2696,875	-0,742153167724609	
2700	2,81706237792969	2700	-0,741436541080475	
2703,125	2,81243538856506	2703,125	-0,744836270809174	
2706,25	2,8018434047699	2706,25	-0,738380193710327	
2709,375	2,80627036094666	2709,375	-0,740768074989319	
2712,5	2,81604719161987	2712,5	-0,739087760448456	
2715,625	2,80250191688538	2715,625	-0,742142677307129	
2718,75	2,79086518287659	2718,75	-0,738207221031189	
2721,875	2,78836154937744	2721,875	-0,730570793151855	
2725	2,79576706886292	2725	-0,732413172721863	
2728,125	2,79796290397644	2728,125	-0,740135848522186	
2731,25	2,79354619979858	2731,25	-0,733028054237366	
2734,375	2,78352689743042	2734,375	-0,721853971481323	
2737,5	2,78111052513123	2737,5	-0,721260190010071	
2740,625	2,79016137123108	2740,625	-0,717715263366699	
2743,75	2,79906702041626	2743,75	-0,725517272949219	
2746,875	2,79094409942627	2746,875	-0,71663773059845	
2750	2,78232860565186	2750	-0,711427867412567	
2753,125	2,79189801216125	2753,125	-0,70991986989975	
2756,25	2,78393173217773	2756,25	-0,725010752677917	
2759,375	2,7854118347168	2759,375	-0,717149078845978	
2762,5	2,77736067771912	2762,5	-0,712525129318237	
2765,625	2,78312397003174	2765,625	-0,709149599075317	
2768,75	2,79340600967407	2768,75	-0,719732880592346	
2771,875	2,77846050262451	2771,875	-0,714090049266815	
2775	2,77827930450439	2775	-0,715051233768463	
2778,125	2,77622842788696	2778,125	-0,708989977836609	
2781,25	2,77770209312439	2781,25	-0,713811993598938	
2784,375	2,77410411834717	2784,375	-0,706993758678436	
2787,5	2,76624774932861	2787,5	-0,704347789287567	
2790,625	2,76742243766785	2790,625	-0,715509116649628	
2793,75	2,77021026611328	2793,75	-0,711688280105591	
2796,875	2,77302765846252	2796,875	-0,708905935287476	
2800	2,77323174476624	2800	-0,711249887943268	
2803,125	2,7840461730957	2803,125	-0,715106129646301	
2806,25	2,76566100120544	2806,25	-0,712373375892639	
2809,375	2,77244925498962	2809,375	-0,707458674907684	
2812,5	2,77326607704163	2812,5	-0,71616804599762	
2815,625	2,76730012893677	2815,625	-0,714365661144257	
2818,75	2,76275777816772	2818,75	-0,709517240524292	
2821,875	2,76159811019897	2821,875	-0,712943911552429	
2825	2,75587272644043	2825	-0,703844904899597	
2828,125	2,7556471824646	2828,125	-0,704749286174774	
2831,25	2,75249314308167	2831,25	-0,719142377376556	
2834,375	2,74724102020264	2834,375	-0,710548341274261	
2837,5	2,75755190849304	2837,5	-0,721803963184357	
2840,625	2,75701355934143	2840,625	-0,716709494590759	
2843,75	2,74792170524597	2843,75	-0,702276647090912	
2846,875	2,74378204345703	2846,875	-0,716349422931671	
2850	2,74202847480774	2850	-0,708176255226135	
2853,125	2,73490810394287	2853,125	-0,702697694301605	
2856,25	2,74199962615967	2856,25	-0,706519901752472	
2859,375	2,73419046401978	2859,375	-0,706395149230957	
2862,5	2,73443484306335	2862,5	-0,706882297992706	
2865,625	2,7225136756897	2865,625	-0,709081649780273	
2868,75	2,72814345359802	2868,75	-0,70328414440155	
2871,875	2,73745703697205	2871,875	-0,705611824989319	
2875	2,72373700141907	2875	-0,702672123908997	
2878,125	2,72319388389587	2878,125	-0,699613153934479	
2881,25	2,72236609458923	2881,25	-0,702330350875854	
2884,375	2,71639919281006	2884,375	-0,700675129890442	
2887,5	2,71913504600525	2887,5	-0,699664533138275	
2890,625	2,7181134223938	2890,625	-0,708581745624542	
2893,75	2,71620512008667	2893,75	-0,702997267246246	
2896,875	2,70923399925232	2896,875	-0,695381820201874	
2900	2,70971894264221	2900	-0,690301775932312	
2903,125	2,71031379699707	2903,125	-0,688913226127625	
2906,25	2,69991135597229	2906,25	-0,687271654605865	
2909,375	2,70124435424805	2909,375	-0,688648581504822	
2912,5	2,69382500648499	2912,5	-0,680456221103668	
2915,625	2,68489289283752	2915,625	-0,676624834537506	
2918,75	2,6860134601593	2918,75	-0,682448029518127	
2921,875	2,69564604759216	2921,875	-0,674655735492706	
2925	2,69981145858765	2925	-0,674369752407074	
2928,125	2,6876049041748	2928,125	-0,669056951999664	
2931,25	2,67914080619812	2931,25	-0,66513866186142	
2934,375	2,68844866752625	2934,375	-0,668008327484131	
2937,5	2,68859815597534	2937,5	-0,667478024959564	
2940,625	2,68431091308594	2940,625	-0,658434629440308	
2943,75	2,68181538581848	2943,75	-0,651575744152069	
2946,875	2,67487978935242	2946,875	-0,666987895965576	
2950	2,67582964897156	2950	-0,664547622203827	
2953,125	2,67238616943359	2953,125	-0,661690473556519	
2956,25	2,68056178092957	2956,25	-0,656511008739471	
2959,375	2,67847800254822	2959,375	-0,660887062549591	
2962,5	2,65542578697205	2962,5	-0,648572385311127	
2965,625	2,65920543670654	2965,625	-0,645444929599762	
2968,75	2,66545343399048	2968,75	-0,645027458667755	
2971,875	2,65771150588989	2971,875	-0,639108955860138	
2975	2,65620923042297	2975	-0,629921019077301	
2978,125	2,65452647209167	2978,125	-0,624309420585632	
2981,25	2,645339012146	2981,25	-0,617064952850342	
2984,375	2,65533471107483	2984,375	-0,617016553878784	
2987,5	2,65686702728271	2987,5	-0,610078752040863	
2990,625	2,64836096763611	2990,625	-0,603799164295197	
2993,75	2,6537766456604	2993,75	-0,589884340763092	
2996,875	2,65449047088623	2996,875	-0,587185263633728	
3000	2,6438467502594	3000	-0,59781539440155	
3003,125	2,65740370750427	3003,125	-0,591897964477539	
3006,25	2,65708875656128	3006,25	-0,583800792694092	
3009,375	2,65446019172668	3009,375	-0,578204870223999	
3012,5	2,65115165710449	3012,5	-0,576125264167786	
3015,625	2,65407276153564	3015,625	-0,579136073589325	
3018,75	2,65864706039429	3018,75	-0,567704677581787	
3021,875	2,65085220336914	3021,875	-0,558147192001343	
3025	2,65529012680054	3025	-0,557065963745117	
3028,125	2,66290760040283	3028,125	-0,550822556018829	
3031,25	2,66894149780273	3031,25	-0,554753065109253	
3034,375	2,66013073921204	3034,375	-0,539981603622437	
3037,5	2,65562915802002	3037,5	-0,554755747318268	
3040,625	2,65856099128723	3040,625	-0,536951422691345	
3043,75	2,66722774505615	3043,75	-0,527770102024078	
3046,875	2,67862272262573	3046,875	-0,537504613399506	
3050	2,66831040382385	3050	-0,528584718704224	
3053,125	2,67144227027893	3053,125	-0,527614951133728	
3056,25	2,67423367500305	3056,25	-0,523210406303406	
3059,375	2,68400454521179	3059,375	-0,523281276226044	
3062,5	2,68269610404968	3062,5	-0,520813822746277	
3065,625	2,68342351913452	3065,625	-0,51463919878006	
3068,75	2,68245506286621	3068,75	-0,515985548496246	
3071,875	2,6882905960083	3071,875	-0,509462058544159	
3075	2,69145512580872	3075	-0,511315584182739	
3078,125	2,68644452095032	3078,125	-0,505107402801514	
3081,25	2,68428111076355	3081,25	-0,506208598613739	
3084,375	2,69276189804077	3084,375	-0,502791047096252	
3087,5	2,70102500915527	3087,5	-0,500284612178802	
3090,625	2,70861434936523	3090,625	-0,502525568008423	
3093,75	2,71167540550232	3093,75	-0,508508026599884	
3096,875	2,71007323265076	3096,875	-0,49821862578392	
3100	2,69828486442566	3100	-0,493866205215454	
3103,125	2,70607972145081	3103,125	-0,484491407871246	
3106,25	2,70981311798096	3106,25	-0,492994397878647	
3109,375	2,70239996910095	3109,375	-0,493639320135117	
3112,5	2,7123646736145	3112,5	-0,487691044807434	
3115,625	2,71956777572632	3115,625	-0,481385618448257	
3118,75	2,718665599823	3118,75	-0,492580085992813	
3121,875	2,72750401496887	3121,875	-0,486295253038406	
3125	2,72304725646973	3125	-0,496247261762619	
3128,125	2,7309308052063	3128,125	-0,48754495382309	
3131,25	2,72733044624329	3131,25	-0,483074188232422	
3134,375	2,72575783729553	3134,375	-0,485544592142105	
3137,5	2,72539734840393	3137,5	-0,475168019533157	
3140,625	2,72069907188416	3140,625	-0,48411762714386	
3143,75	2,72971367835999	3143,75	-0,473965287208557	
3146,875	2,73329472541809	3146,875	-0,477203190326691	
3150	2,7229471206665	3150	-0,478067934513092	
3153,125	2,72675085067749	3153,125	-0,47479972243309	
3156,25	2,73354649543762	3156,25	-0,485153049230576	
3159,375	2,73803353309631	3159,375	-0,474677711725235	
3162,5	2,72358727455139	3162,5	-0,46422266960144	
3165,625	2,71403813362122	3165,625	-0,466950267553329	
3168,75	2,72147965431213	3168,75	-0,460790514945984	
3171,875	2,71868681907654	3171,875	-0,465100139379501	
3175	2,7270176410675	3175	-0,472821265459061	
3178,125	2,71872782707214	3178,125	-0,4759501516819	
3181,25	2,73386859893799	3181,25	-0,464837580919266	
3184,375	2,75218152999878	3184,375	-0,466050148010254	
3187,5	2,74484324455261	3187,5	-0,463697910308838	
3190,625	2,73478126525879	3190,625	-0,465412735939026	
3193,75	2,72988700866699	3193,75	-0,457212150096893	
3196,875	2,74135828018188	3196,875	-0,474122107028961	
3200	2,74678564071655	3200	-0,466289132833481	
3203,125	2,73499941825867	3203,125	-0,469249695539474	
3206,25	2,73277163505554	3206,25	-0,465205818414688	
3209,375	2,73218178749084	3209,375	-0,456184864044189	
3212,5	2,73103046417236	3212,5	-0,461069077253342	
3215,625	2,7275288105011	3215,625	-0,454392462968826	
3218,75	2,73762512207031	3218,75	-0,449786484241486	
3221,875	2,7244565486908	3221,875	-0,451310962438583	
3225	2,72500681877136	3225	-0,460651248693466	
3228,125	2,72925186157227	3228,125	-0,464085668325424	
3231,25	2,73487448692322	3231,25	-0,461165815591812	
3234,375	2,7352123260498	3234,375	-0,454296380281448	
3237,5	2,73734593391418	3237,5	-0,447395592927933	
3240,625	2,73403072357178	3240,625	-0,444605380296707	
3243,75	2,73485970497131	3243,75	-0,443478256464005	
3246,875	2,7362756729126	3246,875	-0,440472483634949	
3250	2,73494005203247	3250	-0,433753997087479	
3253,125	2,7336277961731	3253,125	-0,451183974742889	
3256,25	2,73258447647095	3256,25	-0,433768600225449	
3259,375	2,73647594451904	3259,375	-0,43554300069809	
3262,5	2,73121905326843	3262,5	-0,440301775932312	
3265,625	2,712233543396	3265,625	-0,444381326436996	
3268,75	2,72244811058044	3268,75	-0,435495972633362	
3271,875	2,72301030158997	3271,875	-0,436183631420136	
3275	2,71418881416321	3275	-0,436767250299454	
3278,125	2,71411466598511	3278,125	-0,423590928316116	
3281,25	2,72507309913635	3281,25	-0,426830470561981	
3284,375	2,71446967124939	3284,375	-0,425026744604111	
3287,5	2,72133040428162	3287,5	-0,423123955726624	
3290,625	2,73057413101196	3290,625	-0,418468534946442	
3293,75	2,71650838851929	3293,75	-0,441280722618103	
3296,875	2,70167875289917	3296,875	-0,432137757539749	
3300	2,70503926277161	3300	-0,424028933048248	
3303,125	2,70645475387573	3303,125	-0,414204955101013	
3306,25	2,7087230682373	3306,25	-0,416313976049423	
3309,375	2,71330952644348	3309,375	-0,422833919525146	
3312,5	2,71502232551575	3312,5	-0,415380328893662	
3315,625	2,70378637313843	3315,625	-0,404500067234039	
3318,75	2,71361994743347	3318,75	-0,398533403873444	
3321,875	2,70689725875854	3321,875	-0,407956749200821	
3325	2,71095132827759	3325	-0,412121057510376	
3328,125	2,70603704452515	3328,125	-0,413101226091385	
3331,25	2,70607686042786	3331,25	-0,404591053724289	
3334,375	2,71040678024292	3334,375	-0,397445976734161	
3337,5	2,69641900062561	3337,5	-0,407883435487747	
3340,625	2,69458985328674	3340,625	-0,396656632423401	
3343,75	2,70371222496033	3343,75	-0,39521250128746	
3346,875	2,70772814750671	3346,875	-0,413457632064819	
3350	2,71384191513062	3350	-0,406483680009842	
3353,125	2,70409750938416	3353,125	-0,406877487897873	
3356,25	2,69550037384033	3356,25	-0,383710414171219	
3359,375	2,69800519943237	3359,375	-0,394333988428116	
3362,5	2,68790650367737	3362,5	-0,395912051200867	
3365,625	2,68890786170959	3365,625	-0,387165099382401	
3368,75	2,68591475486755	3368,75	-0,383652448654175	
3371,875	2,68712282180786	3371,875	-0,369823157787323	
3375	2,67955875396729	3375	-0,356313049793243	
3378,125	2,67803573608398	3378,125	-0,390684932470322	
3381,25	2,6785101890564	3381,25	-0,374566495418549	
3384,375	2,68011021614075	3384,375	-0,362259328365326	
3387,5	2,66459727287292	3387,5	-0,35905584692955	
3390,625	2,67708611488342	3390,625	-0,358931988477707	
3393,75	2,66916942596436	3393,75	-0,355860084295273	
3396,875	2,6680314540863	3396,875	-0,351832687854767	
3400	2,66984057426453	3400	-0,359139233827591	
3403,125	2,67764186859131	3403,125	-0,348637074232101	
3406,25	2,68373894691467	3406,25	-0,349210619926453	
3409,375	2,67149877548218	3409,375	-0,352773576974869	
3412,5	2,68059325218201	3412,5	-0,347639054059982	
3415,625	2,68256664276123	3415,625	-0,350476831197739	
3418,75	2,66362547874451	3418,75	-0,344300538301468	
3421,875	2,67015361785889	3421,875	-0,327829003334045	
3425	2,67228174209595	3425	-0,318300187587738	
3428,125	2,65649843215942	3428,125	-0,33792433142662	
3431,25	2,65663075447083	3431,25	-0,325250148773193	
3434,375	2,6626935005188	3434,375	-0,318789601325989	
3437,5	2,6635570526123	3437,5	-0,327260673046112	
3440,625	2,659823179245	3440,625	-0,327299565076828	
3443,75	2,65893864631653	3443,75	-0,313667982816696	
3446,875	2,6482982635498	3446,875	-0,312844634056091	
3450	2,64207887649536	3450	-0,314285427331924	
3453,125	2,64654803276062	3453,125	-0,302994161844254	
3456,25	2,65108728408813	3456,25	-0,303957343101501	
3459,375	2,65765595436096	3459,375	-0,294656246900558	
3462,5	2,64523816108704	3462,5	-0,292324155569077	
3465,625	2,64796257019043	3465,625	-0,286041408777237	
3468,75	2,65916275978088	3468,75	-0,289230346679688	
3471,875	2,65504312515259	3471,875	-0,279151886701584	
3475	2,6503734588623	3475	-0,282536536455154	
3478,125	2,65091180801392	3478,125	-0,269473761320114	
3481,25	2,6340651512146	3481,25	-0,27163565158844	
3484,375	2,63670372962952	3484,375	-0,265346109867096	
3487,5	2,64953398704529	3487,5	-0,263534367084503	
3490,625	2,64777398109436	3490,625	-0,264080584049225	
3493,75	2,65344285964966	3493,75	-0,264960557222366	
3496,875	2,64714074134827	3496,875	-0,250936239957809	
3500	2,64201068878174	3500	-0,26017227768898	
3503,125	2,64375591278076	3503,125	-0,252967059612274	
3506,25	2,65299296379089	3506,25	-0,251588940620422	
3509,375	2,65554261207581	3509,375	-0,240102663636208	
3512,5	2,63526082038879	3512,5	-0,241507276892662	
3515,625	2,62934947013855	3515,625	-0,241094753146172	
3518,75	2,64563751220703	3518,75	-0,227460891008377	
3521,875	2,6414589881897	3521,875	-0,227485060691833	
3525	2,63936471939087	3525	-0,236539348959923	
3528,125	2,64600324630737	3528,125	-0,233829438686371	
3531,25	2,6543664932251	3531,25	-0,231062337756157	
3534,375	2,65037393569946	3534,375	-0,215808138251305	
3537,5	2,63675737380981	3537,5	-0,211921498179436	
3540,625	2,64086651802063	3540,625	-0,214737087488174	
3543,75	2,6417224407196	3543,75	-0,21096907556057	
3546,875	2,63994002342224	3546,875	-0,198626026511192	
3550	2,63946437835693	3550	-0,209950223565102	
3553,125	2,6426215171814	3553,125	-0,200814515352249	
3556,25	2,64717221260071	3556,25	-0,200501978397369	
3559,375	2,64284133911133	3559,375	-0,196773067116737	
3562,5	2,65148997306824	3562,5	-0,197027757763863	
3565,625	2,64866185188293	3565,625	-0,195847868919373	
3568,75	2,64710354804993	3568,75	-0,18815404176712	
3571,875	2,65278887748718	3571,875	-0,194823890924454	
3575	2,6608099937439	3575	-0,194481074810028	
3578,125	2,66289687156677	3578,125	-0,189044281840324	
3581,25	2,66273784637451	3581,25	-0,186778113245964	
3584,375	2,65402126312256	3584,375	-0,183699101209641	
3587,5	2,64834356307983	3587,5	-0,179179608821869	
3590,625	2,65934538841248	3590,625	-0,178276166319847	
3593,75	2,66775918006897	3593,75	-0,178813233971596	
3596,875	2,66844248771667	3596,875	-0,175310805439949	
3600	2,66913557052612	3600	-0,175585150718689	
3603,125	2,66351437568665	3603,125	-0,180013298988342	
3606,25	2,67015314102173	3606,25	-0,164798393845558	
3609,375	2,66226887702942	3609,375	-0,174579381942749	
3612,5	2,66274571418762	3612,5	-0,168514385819435	
3615,625	2,67414689064026	3615,625	-0,16290770471096	
3618,75	2,66642999649048	3618,75	-0,165575847029686	
3621,875	2,66685795783997	3621,875	-0,158588752150536	
3625	2,66319918632507	3625	-0,16164793074131	
3628,125	2,66801309585571	3628,125	-0,162812322378159	
3631,25	2,67061829566956	3631,25	-0,171798437833786	
3634,375	2,6787645816803	3634,375	-0,165106013417244	
3637,5	2,67154669761658	3637,5	-0,158350571990013	
3640,625	2,65875124931335	3640,625	-0,160960450768471	
3643,75	2,66784453392029	3643,75	-0,163086637854576	
3646,875	2,66339015960693	3646,875	-0,155686929821968	
3650	2,6671667098999	3650	-0,15835465490818	
3653,125	2,66370964050293	3653,125	-0,158079370856285	
3656,25	2,66330409049988	3656,25	-0,153147548437119	
3659,375	2,67087650299072	3659,375	-0,153785020112991	
3662,5	2,6736581325531	3662,5	-0,157688423991203	
3665,625	2,68796825408936	3665,625	-0,146920919418335	
3668,75	2,67132115364075	3668,75	-0,166227146983147	
3671,875	2,66203379631042	3671,875	-0,150363594293594	
3675	2,67084646224976	3675	-0,152005240321159	
3678,125	2,671870470047	3678,125	-0,152358680963516	
3681,25	2,67856550216675	3681,25	-0,133293077349663	
3684,375	2,64796495437622	3684,375	-0,168915882706642	
3687,5	2,65860962867737	3687,5	-0,148514062166214	
3690,625	2,66267943382263	3690,625	-0,143248826265335	
3693,75	2,66595363616943	3693,75	-0,152610808610916	
3696,875	2,67342019081116	3696,875	-0,14686119556427	
3700	2,66214156150818	3700	-0,141717553138733	
3703,125	2,65372538566589	3703,125	-0,149354562163353	
3706,25	2,66658449172974	3706,25	-0,154275432229042	
3709,375	2,66946387290955	3709,375	-0,142444983124733	
3712,5	2,65771675109863	3712,5	-0,142649129033089	
3715,625	2,64345192909241	3715,625	-0,144394099712372	
3718,75	2,66528248786926	3718,75	-0,147511124610901	
3721,875	2,65911769866943	3721,875	-0,149730861186981	
3725	2,66728401184082	3725	-0,141957625746727	
3728,125	2,65800166130066	3728,125	-0,15131026506424	
3731,25	2,65969824790955	3731,25	-0,141290694475174	
3734,375	2,65173578262329	3734,375	-0,147142797708511	
3737,5	2,65511870384216	3737,5	-0,135688945651054	
3740,625	2,65905165672302	3740,625	-0,151205480098724	
3743,75	2,65594100952148	3743,75	-0,145013332366943	
3746,875	2,65730500221252	3746,875	-0,136065244674683	
3750	2,65276408195496	3750	-0,144704177975655	
3753,125	2,64836955070496	3753,125	-0,141208335757256	
3756,25	2,64628553390503	3756,25	-0,143237456679344	
3759,375	2,6416642665863	3759,375	-0,140046134591103	
3762,5	2,65388345718384	3762,5	-0,125539988279343	
3765,625	2,63527059555054	3765,625	-0,15727587044239	
3768,75	2,6393187046051	3768,75	-0,135637566447258	
3771,875	2,63074016571045	3771,875	-0,134716972708702	
3775	2,63844776153564	3775	-0,133357897400856	
3778,125	2,63191056251526	3778,125	-0,13581745326519	
3781,25	2,63283276557922	3781,25	-0,141694858670235	
3784,375	2,64185166358948	3784,375	-0,130849063396454	
3787,5	2,64671683311462	3787,5	-0,14103826880455	
3790,625	2,64000248908997	3790,625	-0,130268633365631	
3793,75	2,62254309654236	3793,75	-0,143451228737831	
3796,875	2,62160778045654	3796,875	-0,130292505025864	
3800	2,61010885238647	3800	-0,129473283886909	
3803,125	2,62006139755249	3803,125	-0,133534491062164	
3806,25	2,63099360466003	3806,25	-0,130883559584618	
3809,375	2,61856746673584	3809,375	-0,129948422312737	
3812,5	2,61132550239563	3812,5	-0,131120458245277	
3815,625	2,60518503189087	3815,625	-0,126839056611061	
3818,75	2,61451053619385	3818,75	-0,129628360271454	
3821,875	2,60633087158203	3821,875	-0,126640245318413	
3825	2,60914945602417	3825	-0,116157062351704	
3828,125	2,60980272293091	3828,125	-0,127101823687553	
3831,25	2,61063027381897	3831,25	-0,125604316592216	
3834,375	2,61217951774597	3834,375	-0,129054471850395	
3837,5	2,61637830734253	3837,5	-0,119774587452412	
3840,625	2,60021066665649	3840,625	-0,124521650373936	
3843,75	2,58882093429565	3843,75	-0,123238548636436	
3846,875	2,59601449966431	3846,875	-0,131526067852974	
3850	2,59594368934631	3850	-0,121961414813995	
3853,125	2,59794616699219	3853,125	-0,118669517338276	
3856,25	2,60815477371216	3856,25	-0,118441179394722	
3859,375	2,5936496257782	3859,375	-0,114833615720272	
3862,5	2,58553194999695	3862,5	-0,124838180840015	
3865,625	2,59375596046448	3865,625	-0,117094181478024	
3868,75	2,59277534484863	3868,75	-0,114375829696655	
3871,875	2,58126616477966	3871,875	-0,117642231285572	
3875	2,58095693588257	3875	-0,113354198634624	
3878,125	2,59384775161743	3878,125	-0,121128045022488	
3881,25	2,58415699005127	3881,25	-0,121214993298054	
3884,375	2,58200883865356	3884,375	-0,129006490111351	
3887,5	2,58313012123108	3887,5	-0,115269541740417	
3890,625	2,57820987701416	3890,625	-0,115601398050785	
3893,75	2,59198403358459	3893,75	-0,118558675050735	
3896,875	2,58294749259949	3896,875	-0,124637395143509	
3900	2,5872974395752	3900	-0,11712796241045	
3903,125	2,58485817909241	3903,125	-0,114082276821136	
3906,25	2,57945013046265	3906,25	-0,12326692044735	
3909,375	2,57737135887146	3909,375	-0,118489131331444	
3912,5	2,57259011268616	3912,5	-0,112489350140095	
3915,625	2,57387089729309	3915,625	-0,123953096568584	
3918,75	2,57243323326111	3918,75	-0,0979278162121773	
3921,875	2,56820011138916	3921,875	-0,138711914420128	
3925	2,55779528617859	3925	-0,114115476608276	
3928,125	2,55580234527588	3928,125	-0,112491615116596	
3931,25	2,5599422454834	3931,25	-0,096745602786541	
3934,375	2,5609974861145	3934,375	-0,103289842605591	
3937,5	2,55944442749023	3937,5	-0,110622249543667	
3940,625	2,56328701972961	3940,625	-0,10477489233017	
3943,75	2,56426811218262	3943,75	-0,0944971367716789	
3946,875	2,55350637435913	3946,875	-0,101470559835434	
3950	2,54500460624695	3950	-0,105120778083801	
3953,125	2,5521776676178	3953,125	-0,104306913912296	
3956,25	2,55275249481201	3956,25	-0,0953965038061142	
3959,375	2,53925395011902	3959,375	-0,0953173264861107	
3962,5	2,54557061195374	3962,5	-0,104390896856785	
3965,625	2,55687975883484	3965,625	-0,0981098562479019	
3968,75	2,55525612831116	3968,75	-0,0985811650753021	
3971,875	2,55549430847168	3971,875	-0,104221135377884	
3975	2,56098866462708	3975	-0,116286784410477	
3978,125	2,55304932594299	3978,125	-0,10822506994009	
3981,25	2,54572701454163	3981,25	-0,0941895022988319	
3984,375	2,5446343421936	3984,375	-0,0919567197561264	
3987,5	2,54764842987061	3987,5	-0,0907134860754013	
3990,625	2,55447268486023	3990,625	-0,097372017800808	
3993,75	2,55666542053223	3993,75	-0,0934260115027428	
3996,875	2,55983901023865	3996,875	-0,0924549698829651	
4000	2,57218837738037	4000	-0,103201061487198	
4003,125	2,56414937973022	4003,125	-0,100554436445236	
4006,25	2,55997967720032	4006,25	-0,0980861261487007	
4009,375	2,55623626708984	4009,375	-0,0971046611666679	
4012,5	2,55752944946289	4012,5	-0,0955843403935432	
4015,625	2,56269478797913	4015,625	-0,0964591130614281	
4018,75	2,56345367431641	4018,75	-0,0993006229400635	
4021,875	2,56051659584045	4021,875	-0,105155296623707	
4025	2,56479716300964	4025	-0,104109890758991	
4028,125	2,56163334846497	4028,125	-0,0923352614045143	
4031,25	2,55148196220398	4031,25	-0,107692204415798	
4034,375	2,55652832984924	4034,375	-0,108407407999039	
4037,5	2,57229328155518	4037,5	-0,109740637242794	
4040,625	2,54465365409851	4040,625	-0,103200010955334	
4043,75	2,55428051948547	4043,75	-0,109388634562492	
4046,875	2,55088996887207	4046,875	-0,113245867192745	
4050	2,54347372055054	4050	-0,116531118750572	
4053,125	2,55419325828552	4053,125	-0,107944302260876	
4056,25	2,55127692222595	4056,25	-0,119418129324913	
4059,375	2,55012249946594	4059,375	-0,10565222799778	
4062,5	2,53928399085999	4062,5	-0,115730591118336	
4065,625	2,55255579948425	4065,625	-0,119810029864311	
4068,75	2,54771494865417	4068,75	-0,113940238952637	
4071,875	2,5373101234436	4071,875	-0,11133997887373	
4075	2,56119704246521	4075	-0,125895887613297	
4078,125	2,56061720848084	4078,125	-0,121981471776962	
4081,25	2,55791831016541	4081,25	-0,124884225428104	
4084,375	2,54477739334106	4084,375	-0,129616603255272	
4087,5	2,56064748764038	4087,5	-0,137022793292999	
4090,625	2,54780960083008	4090,625	-0,125182777643204	
4093,75	2,53208231925964	4093,75	-0,137437969446182	
4096,875	2,54534196853638	4096,875	-0,132495865225792	
4100	2,54762983322144	4100	-0,143740862607956	
4103,125	2,54434728622437	4103,125	-0,145859822630882	
4106,25	2,54050779342651	4106,25	-0,137794330716133	
4109,375	2,55007362365723	4109,375	-0,139868006110191	
4112,5	2,53448843955994	4112,5	-0,149673014879227	
4115,625	2,527836561203	4115,625	-0,152223199605942	
4118,75	2,53402996063232	4118,75	-0,151436626911163	
4121,875	2,52768635749817	4121,875	-0,144324347376823	
4125	2,51493716239929	4125	-0,160928353667259	
4128,125	2,5181028842926	4128,125	-0,156585082411766	
4131,25	2,51683378219604	4131,25	-0,14880733191967	
4134,375	2,51767659187317	4134,375	-0,156862333416939	
4137,5	2,51653146743774	4137,5	-0,156275123357773	
4140,625	2,50628733634949	4140,625	-0,146711677312851	
4143,75	2,50198650360107	4143,75	-0,15908981859684	
4146,875	2,50318884849548	4146,875	-0,149127602577209	
4150	2,49656224250793	4150	-0,160966396331787	
4153,125	2,51421666145325	4153,125	-0,155705317854881	
4156,25	2,50619411468506	4156,25	-0,160365104675293	
4159,375	2,490065574646	4159,375	-0,144765958189964	
4162,5	2,48521590232849	4162,5	-0,157391846179962	
4165,625	2,48815250396729	4165,625	-0,155244186520576	
4168,75	2,48547792434692	4168,75	-0,150325357913971	
4171,875	2,48388028144836	4171,875	-0,144475743174553	
4175	2,48623490333557	4175	-0,142667561769485	
4178,125	2,49015522003174	4178,125	-0,148983985185623	
4181,25	2,48626327514648	4181,25	-0,150966003537178	
4184,375	2,48347568511963	4184,375	-0,141284227371216	
4187,5	2,48284435272217	4187,5	-0,142944723367691	
4190,625	2,48736238479614	4190,625	-0,137833803892136	
4193,75	2,4878191947937	4193,75	-0,133361503481865	
4196,875	2,47984886169434	4196,875	-0,136725872755051	
4200	2,47270202636719	4200	-0,134317725896835	
4203,125	2,4725615978241	4203,125	-0,136246249079704	
4206,25	2,4600145816803	4206,25	-0,133046433329582	
4209,375	2,46558666229248	4209,375	-0,132570624351501	
4212,5	2,47543501853943	4212,5	-0,131091937422752	
4215,625	2,47601675987244	4215,625	-0,131814956665039	
4218,75	2,47635436058044	4218,75	-0,129136368632317	
4221,875	2,47138786315918	4221,875	-0,121344059705734	
4225	2,47177028656006	4225	-0,123542554676533	
4228,125	2,46285033226013	4228,125	-0,123946443200111	
4231,25	2,46885704994202	4231,25	-0,11392629891634	
4234,375	2,46493196487427	4234,375	-0,115191198885441	
4237,5	2,46285176277161	4237,5	-0,124509930610657	
4240,625	2,47482442855835	4240,625	-0,115833207964897	
4243,75	2,46539831161499	4243,75	-0,113594152033329	
4246,875	2,47267460823059	4246,875	-0,11052468419075	
4250	2,47273349761963	4250	-0,118125587701797	
4253,125	2,46019673347473	4253,125	-0,11093594878912	
4256,25	2,4617657661438	4256,25	-0,113642029464245	
4259,375	2,46383857727051	4259,375	-0,100695624947548	
4262,5	2,4657678604126	4262,5	-0,104335784912109	
4265,625	2,46537566184998	4265,625	-0,113484278321266	
4268,75	2,46460294723511	4268,75	-0,103714555501938	
4271,875	2,45868873596191	4271,875	-0,0989580899477005	
4275	2,45891189575195	4275	-0,119014672935009	
4278,125	2,46520256996155	4278,125	-0,107515253126621	
4281,25	2,4672110080719	4281,25	-0,0976175665855408	
4284,375	2,47551417350769	4284,375	-0,11221419274807	
4287,5	2,47324228286743	4287,5	-0,102792471647263	
4290,625	2,47210741043091	4290,625	-0,103932283818722	
4293,75	2,45745706558228	4293,75	-0,100730128586292	
4296,875	2,45209836959839	4296,875	-0,096184991300106	
4300	2,45098233222961	4300	-0,11004500836134	
4303,125	2,45693278312683	4303,125	-0,115788787603378	
4306,25	2,44854068756104	4306,25	-0,108187593519688	
4309,375	2,4510281085968	4309,375	-0,0982061624526978	
4312,5	2,4620099067688	4312,5	-0,101996831595898	
4315,625	2,45559310913086	4315,625	-0,101052150130272	
4318,75	2,45183205604553	4318,75	-0,0990195050835609	
4321,875	2,44592475891113	4321,875	-0,099846675992012	
4325	2,44389748573303	4325	-0,0953663736581802	
4328,125	2,44627046585083	4328,125	-0,0889703705906868	
4331,25	2,44891285896301	4331,25	-0,0913160890340805	
4334,375	2,44362378120422	4334,375	-0,0923322811722755	
4337,5	2,44821548461914	4337,5	-0,0906571745872498	
4340,625	2,44360661506653	4340,625	-0,0957371965050697	
4343,75	2,44412112236023	4343,75	-0,0917095243930817	
4346,875	2,43434834480286	4346,875	-0,090550608932972	
4350	2,4320707321167	4350	-0,0930415093898773	
4353,125	2,43190169334412	4353,125	-0,0857432335615158	
4356,25	2,43113875389099	4356,25	-0,0835098847746849	
4359,375	2,42994618415833	4359,375	-0,0805682763457298	
4362,5	2,42798495292664	4362,5	-0,0798785760998726	
4365,625	2,42847323417664	4365,625	-0,070963129401207	
4368,75	2,4326343536377	4368,75	-0,0816064476966858	
4371,875	2,42372632026672	4371,875	-0,0784829258918762	
4375	2,42404627799988	4375	-0,0767267420887947	
4378,125	2,43452429771423	4378,125	-0,0881169587373734	
4381,25	2,42540550231934	4381,25	-0,0784278959035873	
4384,375	2,41730666160584	4384,375	-0,077272891998291	
4387,5	2,41273474693298	4387,5	-0,0711975917220116	
4390,625	2,41502928733826	4390,625	-0,0671837031841278	
4393,75	2,41767072677612	4393,75	-0,0706691890954971	
4396,875	2,41946601867676	4396,875	-0,0695236399769783	
4400	2,41491723060608	4400	-0,0687446370720863	
4403,125	2,4093656539917	4403,125	-0,0675620511174202	
4406,25	2,40769338607788	4406,25	-0,0606675334274769	
4409,375	2,40451192855835	4409,375	-0,0645990148186684	
4412,5	2,40442442893982	4412,5	-0,0603846870362759	
4415,625	2,40075397491455	4415,625	-0,0569915287196636	
4418,75	2,39972281455994	4418,75	-0,0585405342280865	
4421,875	2,40808725357056	4421,875	-0,052924070507288	
4425	2,40198469161987	4425	-0,0514273270964623	
4428,125	2,40486884117126	4428,125	-0,0558884628117085	
4431,25	2,40758156776428	4431,25	-0,0477227121591568	
4434,375	2,39743375778198	4434,375	-0,0487517490983009	
4437,5	2,39215207099915	4437,5	-0,0571193918585777	
4440,625	2,39563846588135	4440,625	-0,0478040240705013	
4443,75	2,39482426643372	4443,75	-0,0550126433372498	
4446,875	2,40297746658325	4446,875	-0,0512789934873581	
4450	2,40543699264526	4450	-0,0429478958249092	
4453,125	2,4049813747406	4453,125	-0,0429605729877949	
4456,25	2,39729523658752	4456,25	-0,0424993634223938	
4459,375	2,39515900611877	4459,375	-0,0489163212478161	
4462,5	2,40484929084778	4462,5	-0,0490895435214043	
4465,625	2,40240740776062	4465,625	-0,0396487973630428	
4468,75	2,40986561775208	4468,75	-0,0403395928442478	
4471,875	2,40684819221497	4471,875	-0,0579090230166912	
4475	2,40280318260193	4475	-0,0537527501583099	
4478,125	2,38978052139282	4478,125	-0,0504039376974106	
4481,25	2,3971848487854	4481,25	-0,066176526248455	
4484,375	2,40236043930054	4484,375	-0,0600863546133041	
4487,5	2,3946259021759	4487,5	-0,0542782284319401	
4490,625	2,39308094978333	4490,625	-0,0616828948259354	
4493,75	2,39116024971008	4493,75	-0,0640277937054634	
4496,875	2,38703513145447	4496,875	-0,066556379199028	
4500	2,39192509651184	4500	-0,0617881119251251	
4503,125	2,38871073722839	4503,125	-0,0688390657305717	
4506,25	2,39261484146118	4506,25	-0,0670339316129684	
4509,375	2,39307379722595	4509,375	-0,0693939253687859	
4512,5	2,38554716110229	4512,5	-0,0727565586566925	
4515,625	2,37993383407593	4515,625	-0,0745934918522835	
4518,75	2,38440656661987	4518,75	-0,0669046938419342	
4521,875	2,37506294250488	4521,875	-0,0681497156620026	
4525	2,37067270278931	4525	-0,0692047700285912	
4528,125	2,36722946166992	4528,125	-0,0764651224017143	
4531,25	2,36771583557129	4531,25	-0,0789381414651871	
4534,375	2,36690759658813	4534,375	-0,0754531472921371	
4537,5	2,36162805557251	4537,5	-0,0811650305986404	
4540,625	2,36406755447388	4540,625	-0,0841524302959442	
4543,75	2,36564350128174	4543,75	-0,0870513767004013	
4546,875	2,35993266105652	4546,875	-0,0818460732698441	
4550	2,36282277107239	4550	-0,0776168256998062	
4553,125	2,35574293136597	4553,125	-0,0862589702010155	
4556,25	2,36097168922424	4556,25	-0,087551973760128	
4559,375	2,36172008514404	4559,375	-0,0690673440694809	
4562,5	2,36048817634583	4562,5	-0,0984627082943916	
4565,625	2,35339188575745	4565,625	-0,0932354778051376	
4568,75	2,35847043991089	4568,75	-0,0922674909234047	
4571,875	2,3541476726532	4571,875	-0,0891944840550423	
4575	2,35002326965332	4575	-0,0951861366629601	
4578,125	2,3490469455719	4578,125	-0,0998811572790146	
4581,25	2,34405183792114	4581,25	-0,105338700115681	
4584,375	2,34474277496338	4584,375	-0,107215777039528	
4587,5	2,34839677810669	4587,5	-0,104225970804691	
4590,625	2,34754371643066	4590,625	-0,10903462022543	
4593,75	2,34571695327759	4593,75	-0,113656938076019	
4596,875	2,34098935127258	4596,875	-0,116472862660885	
4600	2,34629583358765	4600	-0,118234358727932	
4603,125	2,34912514686584	4603,125	-0,125334322452545	
4606,25	2,34168148040771	4606,25	-0,121302753686905	
4609,375	2,34317708015442	4609,375	-0,122100844979286	
4612,5	2,33624863624573	4612,5	-0,135621517896652	
4615,625	2,33429288864136	4615,625	-0,132088169455528	
4618,75	2,33393931388855	4618,75	-0,131316289305687	
4621,875	2,33200693130493	4621,875	-0,1363355666399	
4625	2,33488059043884	4625	-0,14825738966465	
4628,125	2,33271718025208	4628,125	-0,145316794514656	
4631,25	2,32524418830872	4631,25	-0,151165336370468	
4634,375	2,33312845230103	4634,375	-0,155775427818298	
4637,5	2,33587956428528	4637,5	-0,149028316140175	
4640,625	2,33359742164612	4640,625	-0,152243450284004	
4643,75	2,32673788070679	4643,75	-0,164801880717278	
4646,875	2,32705473899841	4646,875	-0,162478640675545	
4650	2,32844090461731	4650	-0,167706668376923	
4653,125	2,33080196380615	4653,125	-0,170646786689758	
4656,25	2,3277542591095	4656,25	-0,174491509795189	
4659,375	2,32525420188904	4659,375	-0,173135355114937	
4662,5	2,33823037147522	4662,5	-0,187253326177597	
4665,625	2,31741404533386	4665,625	-0,19128030538559	
4668,75	2,31474804878235	4668,75	-0,186975717544556	
4671,875	2,30985474586487	4671,875	-0,196866765618324	
4675	2,3113260269165	4675	-0,194913148880005	
4678,125	2,31279468536377	4678,125	-0,198378726840019	
4681,25	2,30315899848938	4681,25	-0,193318396806717	
4684,375	2,30292868614197	4684,375	-0,195954918861389	
4687,5	2,30138802528381	4687,5	-0,205233454704285	
4690,625	2,29897689819336	4690,625	-0,202766761183739	
4693,75	2,29587888717651	4693,75	-0,20379900932312	
4696,875	2,29953956604004	4696,875	-0,20800219476223	
4700	2,31059551239014	4700	-0,208447575569153	
4703,125	2,3042209148407	4703,125	-0,212606459856033	
4706,25	2,30094003677368	4706,25	-0,209280133247375	
4709,375	2,30139684677124	4709,375	-0,213567137718201	
4712,5	2,29976487159729	4712,5	-0,213357895612717	
4715,625	2,29930186271667	4715,625	-0,215494424104691	
4718,75	2,29470443725586	4718,75	-0,2161585688591	
4721,875	2,29598593711853	4721,875	-0,220824643969536	
4725	2,2975480556488	4725	-0,21534238755703	
4728,125	2,29904460906982	4728,125	-0,216781750321388	
4731,25	2,3107476234436	4731,25	-0,218923300504684	
4734,375	2,30626797676086	4734,375	-0,219266965985298	
4737,5	2,3051118850708	4737,5	-0,218367516994476	
4740,625	2,30422139167786	4740,625	-0,220191225409508	
4743,75	2,30413675308228	4743,75	-0,225711911916733	
4746,875	2,30579280853271	4746,875	-0,224454343318939	
4750	2,30946040153503	4750	-0,22285033762455	
4753,125	2,30796527862549	4753,125	-0,2271938174963	
4756,25	2,31190633773804	4756,25	-0,22455045580864	
4759,375	2,31005001068115	4759,375	-0,231205195188522	
4762,5	2,31687092781067	4762,5	-0,230955332517624	
4765,625	2,31812787055969	4765,625	-0,227148130536079	
4768,75	2,32161378860474	4768,75	-0,226708635687828	
4771,875	2,32368206977844	4771,875	-0,226881310343742	
4775	2,31709051132202	4775	-0,237932950258255	
4778,125	2,33265328407288	4778,125	-0,232554107904434	
4781,25	2,33363080024719	4781,25	-0,228075906634331	
4784,375	2,33511710166931	4784,375	-0,235800564289093	
4787,5	2,33828949928284	4787,5	-0,242579072713852	
4790,625	2,33848094940186	4790,625	-0,235527768731117	
4793,75	2,35250449180603	4793,75	-0,239294022321701	
4796,875	2,35071039199829	4796,875	-0,240629911422729	
4800	2,35248827934265	4800	-0,238908499479294	
4803,125	2,35766959190369	4803,125	-0,243964657187462	
4806,25	2,36345863342285	4806,25	-0,244056165218353	
4809,375	2,36506986618042	4809,375	-0,241730853915215	
4812,5	2,37361931800842	4812,5	-0,249847620725632	
4815,625	2,37341785430908	4815,625	-0,247035458683968	
4818,75	2,37311673164368	4818,75	-0,245497569441795	
4821,875	2,37977600097656	4821,875	-0,254947930574417	
4825	2,38684773445129	4825	-0,251713305711746	
4828,125	2,3874077796936	4828,125	-0,253527402877808	
4831,25	2,38273167610168	4831,25	-0,246546655893326	
4834,375	2,37931776046753	4834,375	-0,236004918813705	
4837,5	2,38728618621826	4837,5	-0,226293206214905	
4840,625	2,39802742004395	4840,625	-0,224513933062553	
4843,75	2,40830230712891	4843,75	-0,22421370446682	
4846,875	2,42200803756714	4846,875	-0,22244681417942	
4850	2,42722201347351	4850	-0,227534934878349	
4853,125	2,43409299850464	4853,125	-0,227491796016693	
4856,25	2,44024801254272	4856,25	-0,229836046695709	
4859,375	2,4443724155426	4859,375	-0,227678671479225	
4862,5	2,44739031791687	4862,5	-0,226587861776352	
4865,625	2,45550608634949	4865,625	-0,231544986367226	
4868,75	2,46727418899536	4868,75	-0,224981144070625	
4871,875	2,48063540458679	4871,875	-0,225430741906166	
4875	2,48510837554932	4875	-0,222730249166489	
4878,125	2,48712396621704	4878,125	-0,223757117986679	
4881,25	2,49680256843567	4881,25	-0,219773083925247	
4884,375	2,50352168083191	4884,375	-0,218949541449547	
4887,5	2,51207327842712	4887,5	-0,215157896280289	
4890,625	2,51509118080139	4890,625	-0,221993193030357	
4893,75	2,5194833278656	4893,75	-0,216876640915871	
4896,875	2,52421617507935	4896,875	-0,214107945561409	
4900	2,53420066833496	4900	-0,209212362766266	
4903,125	2,54425692558289	4903,125	-0,198442071676254	
4906,25	2,54990887641907	4906,25	-0,192605555057526	
4909,375	2,56546449661255	4909,375	-0,19997675716877	
4912,5	2,5711133480072	4912,5	-0,189699336886406	
4915,625	2,57665753364563	4915,625	-0,179245829582214	
4918,75	2,58341193199158	4918,75	-0,167578995227814	
4921,875	2,59925985336304	4921,875	-0,161335989832878	
4925	2,62501955032349	4925	-0,148554995656013	
4928,125	2,6561062335968	4928,125	-0,149971559643745	
4931,25	2,67423987388611	4931,25	-0,147294044494629	
4934,375	2,68546557426453	4934,375	-0,153758883476257	
4937,5	2,69353222846985	4937,5	-0,166452035307884	
4940,625	2,70301294326782	4940,625	-0,168334752321243	
4943,75	2,71430850028992	4943,75	-0,161346957087517	
4946,875	2,72199892997742	4946,875	-0,160324648022652	
4950	2,73056650161743	4950	-0,159687086939812	
4953,125	2,74245691299438	4953,125	-0,146233454346657	
4956,25	2,74669909477234	4956,25	-0,142173051834106	
4959,375	2,76073813438416	4959,375	-0,128900244832039	
4962,5	2,77199125289917	4962,5	-0,120793431997299	
4965,625	2,78470945358276	4965,625	-0,113749198615551	
4968,75	2,80135703086853	4968,75	-0,110943026840687	
4971,875	2,80835294723511	4971,875	-0,103599011898041	
4975	2,82219290733337	4975	-0,0886701792478561	
				
