Frequency in Hz	Acrylic_99 Sound Absorption Coefficient 1/3-octave	Frequency in Hz	Acrylic_99 Sound Absorption Coefficient continuous	
125	0,0606591440737247	100	0,045511387132969	
160	0,0723224356770515	103,125	0,0441461946532105	
200	0,0886707380414009	106,25	0,0370531092919337	
250	0,104917481541634	109,375	0,0357750872256645	
315	0,139526039361954	112,5	0,0500368874966294	
400	0,138218089938164	115,625	0,0648137817749774	
500	0,167924702167511	118,75	0,0633628670468481	
630	0,194319352507591	121,875	0,0579479436767032	
800	0,238951414823532	125	0,0578385756943139	
1000	0,305899918079376	128,125	0,0607880463742051	
1250	0,391146808862686	131,25	0,049238214396939	
1600	0,496095240116119	134,375	0,0586569369009787	
2000	0,598913848400116	137,5	0,073815476338464	
2500	0,669251441955566	140,625	0,0700927216024583	
3150	0,693377017974854	143,75	0,0752410448669824	
4000	0,645549178123474	146,875	0,0668765273126123	
		150	0,0501676056605964	
		153,125	0,0835440642817782	
		156,25	0,0708439351610236	
		159,375	0,0649331520221087	
		162,5	0,0627560022866749	
		165,625	0,0547964170912068	
		168,75	0,0936267600696459	
		171,875	0,0896472035125591	
		175	0,0831141180202187	
		178,125	0,0937314761475626	
		181,25	0,086834602215954	
		184,375	0,0868697339978449	
		187,5	0,0842257692971272	
		190,625	0,078590164181423	
		193,75	0,0865471587569794	
		196,875	0,0899646001089318	
		200	0,0949446460336525	
		203,125	0,0956130682675256	
		206,25	0,0897115413406386	
		209,375	0,098264699822131	
		212,5	0,0833675437597406	
		215,625	0,0861344103161827	
		218,75	0,0938831284025462	
		221,875	0,0813785744734716	
		225	0,0898570495613162	
		228,125	0,100029144564181	
		231,25	0,104396766374996	
		234,375	0,0910452771718021	
		237,5	0,0982012842133709	
		240,625	0,0913878443606854	
		243,75	0,102712180956277	
		246,875	0,115583560109971	
		250	0,102941307387043	
		253,125	0,104925004697765	
		256,25	0,117080763956856	
		259,375	0,118918174781208	
		262,5	0,0961405510540549	
		265,625	0,0979322249483008	
		268,75	0,0964689747717349	
		271,875	0,106603305930438	
		275	0,127354571410525	
		278,125	0,124531321252983	
		281,25	0,107322909904224	
		284,375	0,108896681710551	
		287,5	0,12293669993801	
		290,625	0,125479524762916	
		293,75	0,122753727864198	
		296,875	0,117067486107478	
		300	0,125817471065339	
		303,125	0,140193360282383	
		306,25	0,150199416305603	
		309,375	0,147191081674791	
		312,5	0,165572637375552	
		315,625	0,165723660333317	
		318,75	0,164659389643923	
		321,875	0,167644250333483	
		325	0,16367434805356	
		328,125	0,146168637779326	
		331,25	0,12779927796163	
		334,375	0,143713559484538	
		337,5	0,133190633911061	
		340,625	0,136012912013341	
		343,75	0,140258841429794	
		346,875	0,129850837485284	
		350	0,140057511244138	
		353,125	0,124236929795848	
		356,25	0,114757548501576	
		359,375	0,115060458988841	
		362,5	0,132527122843011	
		365,625	0,125100766558716	
		368,75	0,124680260333465	
		371,875	0,15520251102521	
		375	0,152039810583832	
		378,125	0,13822527948739	
		381,25	0,0957286838546956	
		384,375	0,11235988388869	
		387,5	0,131634847190529	
		390,625	0,148110572869825	
		393,75	0,123080728895761	
		396,875	0,118611225173215	
		400	0,0964791248706067	
		403,125	0,119923183434232	
		406,25	0,139595826578167	
		409,375	0,102105282038402	
		412,5	0,116700377065925	
		415,625	0,15773619107476	
		418,75	0,189081606575953	
		421,875	0,172307507940125	
		425	0,165665315883959	
		428,125	0,113738051212882	
		431,25	0,126559403841648	
		434,375	0,184879404767596	
		437,5	0,182899909176752	
		440,625	0,163119978776005	
		443,75	0,17543119771732	
		446,875	0,153200721623005	
		450	0,152038778774386	
		453,125	0,163289535881416	
		456,25	0,18540985942508	
		459,375	0,175321149411076	
		462,5	0,169161532094671	
		465,625	0,160836430685693	
		468,75	0,159908779318759	
		471,875	0,168530936391171	
		475	0,150582967689815	
		478,125	0,151000568689083	
		481,25	0,166968303905025	
		484,375	0,167028135984651	
		487,5	0,166751866778805	
		490,625	0,161704694966795	
		493,75	0,16086510381579	
		496,875	0,177425649763407	
		500	0,170154488294068	
		503,125	0,168734814005281	
		506,25	0,161295973685588	
		509,375	0,162618600279852	
		512,5	0,169470937395803	
		515,625	0,175395624299287	
		518,75	0,161706714083441	
		521,875	0,158387002781995	
		525	0,172058370669168	
		528,125	0,171214416426359	
		531,25	0,167974659939511	
		534,375	0,166883868936477	
		537,5	0,17131963688693	
		540,625	0,165907518666403	
		543,75	0,169902946323276	
		546,875	0,179889378385863	
		550	0,172928621072662	
		553,125	0,170084750713822	
		556,25	0,186812193830848	
		559,375	0,185724444336686	
		562,5	0,178051654543138	
		565,625	0,170166419253593	
		568,75	0,184366221950939	
		571,875	0,186181546133614	
		575	0,182128767251512	
		578,125	0,179147580054387	
		581,25	0,187149531819362	
		584,375	0,185079408109809	
		587,5	0,182855133638411	
		590,625	0,1822961803426	
		593,75	0,184920929081993	
		596,875	0,185725863291391	
		600	0,181505588878534	
		603,125	0,183928767961718	
		606,25	0,191754219577618	
		609,375	0,195792699843182	
		612,5	0,191393464285614	
		615,625	0,194925122928665	
		618,75	0,189774183019093	
		621,875	0,193689596551485	
		625	0,19673346986689	
		628,125	0,192889747730041	
		631,25	0,191727597535552	
		634,375	0,194686125675151	
		637,5	0,200534361612229	
		640,625	0,198952854885019	
		643,75	0,192912384338406	
		646,875	0,197359231193224	
		650	0,199391037578084	
		653,125	0,195056247723162	
		656,25	0,193256163464542	
		659,375	0,192059006777028	
		662,5	0,198636929389742	
		665,625	0,194487642863896	
		668,75	0,197243550346723	
		671,875	0,200652233002514	
		675	0,202290426302434	
		678,125	0,206849227832186	
		681,25	0,205243808561762	
		684,375	0,204625955858623	
		687,5	0,209810560721115	
		690,625	0,209932038917289	
		693,75	0,212009189229571	
		696,875	0,215668404303296	
		700	0,206577370037832	
		703,125	0,2019784510828	
		706,25	0,210612694976234	
		709,375	0,210939249019092	
		712,5	0,203850582082545	
		715,625	0,209888250817125	
		718,75	0,216856770596611	
		721,875	0,208498272717652	
		725	0,212608840165206	
		728,125	0,21679021710606	
		731,25	0,206624602397863	
		734,375	0,21224839192109	
		737,5	0,213939334162549	
		740,625	0,216565761740823	
		743,75	0,217039313619104	
		746,875	0,213687341175909	
		750	0,222895378682091	
		753,125	0,224758818392545	
		756,25	0,223278392223458	
		759,375	0,217148378286207	
		762,5	0,22424322495578	
		765,625	0,224746088983921	
		768,75	0,236500489119577	
		771,875	0,233395072694167	
		775	0,229890639419163	
		778,125	0,239687330015328	
		781,25	0,235922614325202	
		784,375	0,236919012751601	
		787,5	0,246035020933165	
		790,625	0,239233194496701	
		793,75	0,244234312454871	
		796,875	0,243838321373424	
		800	0,243550166628661	
		803,125	0,237585670852846	
		806,25	0,229157616110956	
		809,375	0,233537406497621	
		812,5	0,241931130018175	
		815,625	0,25229247391776	
		818,75	0,248728583222879	
		821,875	0,246649294386756	
		825	0,246195757810567	
		828,125	0,254292177420454	
		831,25	0,259418126524688	
		834,375	0,253646082753404	
		837,5	0,243306175049286	
		840,625	0,247017594437274	
		843,75	0,252598942381388	
		846,875	0,249933539716238	
		850	0,264617848909963	
		853,125	0,261458736923936	
		856,25	0,255965036450837	
		859,375	0,258724281575276	
		862,5	0,259030779114113	
		865,625	0,260366870497188	
		868,75	0,261564479237208	
		871,875	0,258178112625809	
		875	0,256360132556879	
		878,125	0,270344514156595	
		881,25	0,266908327662761	
		884,375	0,26620486800561	
		887,5	0,27000265560701	
		890,625	0,266302740715372	
		893,75	0,264573256197396	
		896,875	0,267504072963963	
		900	0,266441068155966	
		903,125	0,268098278614678	
		906,25	0,275603641364262	
		909,375	0,274306487403381	
		912,5	0,27508124377208	
		915,625	0,278669816508949	
		918,75	0,284553035411197	
		921,875	0,280377639507692	
		925	0,284775088236027	
		928,125	0,280031688696113	
		931,25	0,275331224636375	
		934,375	0,276979173725286	
		937,5	0,275007682242501	
		940,625	0,280679074259516	
		943,75	0,283827782277029	
		946,875	0,285601255532049	
		950	0,283900471837766	
		953,125	0,286941979280349	
		956,25	0,291639837547556	
		959,375	0,294290280420389	
		962,5	0,293426509116302	
		965,625	0,295279424836354	
		968,75	0,291031601150563	
		971,875	0,293768418201732	
		975	0,298261822458682	
		978,125	0,294509949279195	
		981,25	0,300723103582843	
		984,375	0,296431599475964	
		987,5	0,296054128126833	
		990,625	0,299967483506578	
		993,75	0,293637751414095	
		996,875	0,300665340992141	
		1000	0,303248724202391	
		1003,125	0,302723756325282	
		1006,25	0,308082730348647	
		1009,375	0,306512744398871	
		1012,5	0,303426473867167	
		1015,625	0,314434898100113	
		1018,75	0,312462623867399	
		1021,875	0,310715707259799	
		1025	0,310578564082588	
		1028,125	0,314447606147922	
		1031,25	0,312645089242877	
		1034,375	0,313096539716897	
		1037,5	0,316659065478653	
		1040,625	0,316830524432782	
		1043,75	0,319169823225279	
		1046,875	0,316977512376199	
		1050	0,318811452711398	
		1053,125	0,313715413960184	
		1056,25	0,315335356709742	
		1059,375	0,323126794053866	
		1062,5	0,321759428570795	
		1065,625	0,322975444845429	
		1068,75	0,325845844491376	
		1071,875	0,324604109467274	
		1075	0,327525819507445	
		1078,125	0,32781760498417	
		1081,25	0,330486111937292	
		1084,375	0,331767757294852	
		1087,5	0,334149618080545	
		1090,625	0,335954397717694	
		1093,75	0,336316399148781	
		1096,875	0,335638564754037	
		1100	0,335914362994226	
		1103,125	0,33558204833462	
		1106,25	0,348943588032425	
		1109,375	0,346947676243104	
		1112,5	0,339212302733798	
		1115,625	0,343244404548104	
		1118,75	0,345654484273904	
		1121,875	0,345282428718866	
		1125	0,345042077634077	
		1128,125	0,349246012863457	
		1131,25	0,348232286751265	
		1134,375	0,351246147516888	
		1137,5	0,349046762885951	
		1140,625	0,345605761087099	
		1143,75	0,348640803138369	
		1146,875	0,343905711895872	
		1150	0,344435098620517	
		1153,125	0,348342641239231	
		1156,25	0,354282125420067	
		1159,375	0,354418552910065	
		1162,5	0,356352866086781	
		1165,625	0,360483955670249	
		1168,75	0,351361048805546	
		1171,875	0,350179015204383	
		1175	0,351917460775235	
		1178,125	0,353614429411536	
		1181,25	0,356695121408686	
		1184,375	0,359549331632957	
		1187,5	0,358926476292096	
		1190,625	0,363743928460018	
		1193,75	0,370893556887019	
		1196,875	0,37480955230211	
		1200	0,367854261166257	
		1203,125	0,371559390296558	
		1206,25	0,370256872574827	
		1209,375	0,374466312638241	
		1212,5	0,373900259034893	
		1215,625	0,369207901441402	
		1218,75	0,36645936404558	
		1221,875	0,373559329478128	
		1225	0,372609408467862	
		1228,125	0,378976180961038	
		1231,25	0,373141178733363	
		1234,375	0,379124101374576	
		1237,5	0,380727172361233	
		1240,625	0,375993202158774	
		1243,75	0,382522077051427	
		1246,875	0,379671172241322	
		1250	0,38545377475232	
		1253,125	0,387891417434226	
		1256,25	0,384748587984208	
		1259,375	0,390413067021587	
		1262,5	0,399335220773398	
		1265,625	0,391129563052103	
		1268,75	0,394520700309395	
		1271,875	0,396437205049291	
		1275	0,396507508172462	
		1278,125	0,394201334773211	
		1281,25	0,399035405073632	
		1284,375	0,397611324104789	
		1287,5	0,399170537072426	
		1290,625	0,399312381918883	
		1293,75	0,399955937981378	
		1296,875	0,409087800265059	
		1300	0,409088291670421	
		1303,125	0,405664871133748	
		1306,25	0,407685806594324	
		1309,375	0,402191375010604	
		1312,5	0,400823128692427	
		1315,625	0,406901799838442	
		1318,75	0,413002902016169	
		1321,875	0,414636120177333	
		1325	0,409979095527467	
		1328,125	0,416710974796855	
		1331,25	0,415776445480259	
		1334,375	0,413480626373433	
		1337,5	0,414567718600788	
		1340,625	0,415668304254733	
		1343,75	0,4144168466093	
		1346,875	0,415670742052427	
		1350	0,42210567083401	
		1353,125	0,419601811709258	
		1356,25	0,414811233498456	
		1359,375	0,417063542308042	
		1362,5	0,419938841547501	
		1365,625	0,412957178429649	
		1368,75	0,422646063127692	
		1371,875	0,430207633145029	
		1375	0,42926121542866	
		1378,125	0,426082392254083	
		1381,25	0,427644613029476	
		1384,375	0,431058362184896	
		1387,5	0,431155764630521	
		1390,625	0,433704721969913	
		1393,75	0,433515931661556	
		1396,875	0,435160553980495	
		1400	0,433189677525926	
		1403,125	0,436409351796424	
		1406,25	0,438834587677749	
		1409,375	0,44113069223781	
		1412,5	0,438097113169254	
		1415,625	0,4393801373413	
		1418,75	0,439969262729806	
		1421,875	0,43496289541917	
		1425	0,440516763173723	
		1428,125	0,44690056529209	
		1431,25	0,447228393690702	
		1434,375	0,446459059098526	
		1437,5	0,448558186449515	
		1440,625	0,448417141772282	
		1443,75	0,449884804237897	
		1446,875	0,449558780223535	
		1450	0,454663552503682	
		1453,125	0,45623916826376	
		1456,25	0,456853519417603	
		1459,375	0,45202464497616	
		1462,5	0,457138903238587	
		1465,625	0,457911390312813	
		1468,75	0,455974332149406	
		1471,875	0,457569885046328	
		1475	0,459949742671484	
		1478,125	0,460746089135938	
		1481,25	0,456546617178869	
		1484,375	0,459946279720305	
		1487,5	0,462662076428596	
		1490,625	0,465498153742065	
		1493,75	0,467854273316688	
		1496,875	0,46436226089368	
		1500	0,461034638837864	
		1503,125	0,465921075799285	
		1506,25	0,479088747073706	
		1509,375	0,475531694265992	
		1512,5	0,470593995107445	
		1515,625	0,470905419792335	
		1518,75	0,471121572353754	
		1521,875	0,472051395403728	
		1525	0,47092409670121	
		1528,125	0,475175127533141	
		1531,25	0,475755408427553	
		1534,375	0,480221826585818	
		1537,5	0,479695016895566	
		1540,625	0,478443155349727	
		1543,75	0,483271184448659	
		1546,875	0,484007272753177	
		1550	0,480933690621889	
		1553,125	0,484511989014543	
		1556,25	0,479848562275382	
		1559,375	0,484886679001567	
		1562,5	0,487306536218571	
		1565,625	0,487902008240843	
		1568,75	0,494231021065363	
		1571,875	0,489256152723761	
		1575	0,486321743657859	
		1578,125	0,492825974880469	
		1581,25	0,492566556844703	
		1584,375	0,495335340587725	
		1587,5	0,496774406780121	
		1590,625	0,494371232918352	
		1593,75	0,491894929791063	
		1596,875	0,4929822574572	
		1600	0,492150810475372	
		1603,125	0,497559603377495	
		1606,25	0,493314727460741	
		1609,375	0,497623797782937	
		1612,5	0,50472893086859	
		1615,625	0,506535735535712	
		1618,75	0,505885895948819	
		1621,875	0,502375829806716	
		1625	0,509405166994287	
		1628,125	0,508207973084959	
		1631,25	0,515464512750949	
		1634,375	0,507370921705706	
		1637,5	0,516899778459631	
		1640,625	0,505251833496698	
		1643,75	0,507567376425385	
		1646,875	0,508089333370818	
		1650	0,513546788455831	
		1653,125	0,516318169710404	
		1656,25	0,512715765855329	
		1659,375	0,514699595653896	
		1662,5	0,51646653233499	
		1665,625	0,518505590641271	
		1668,75	0,523485426182216	
		1671,875	0,52464547150386	
		1675	0,517299253657205	
		1678,125	0,520461611992574	
		1681,25	0,520630480844639	
		1684,375	0,521806945426914	
		1687,5	0,528934914479153	
		1690,625	0,527971337584998	
		1693,75	0,531360189385606	
		1696,875	0,529393122755292	
		1700	0,528389615035281	
		1703,125	0,529026290608089	
		1706,25	0,530081925247089	
		1709,375	0,529456426097852	
		1712,5	0,533787023263454	
		1715,625	0,535316796280149	
		1718,75	0,537439469809537	
		1721,875	0,534384248021644	
		1725	0,534681672699046	
		1728,125	0,535332844701831	
		1731,25	0,538874001105419	
		1734,375	0,540168911436603	
		1737,5	0,536360432439992	
		1740,625	0,531451713247251	
		1743,75	0,54009373640929	
		1746,875	0,543046870656434	
		1750	0,54163396989193	
		1753,125	0,543291973357921	
		1756,25	0,543001992471028	
		1759,375	0,544514135226472	
		1762,5	0,544508830614853	
		1765,625	0,547407066669029	
		1768,75	0,544711609064497	
		1771,875	0,54842527871154	
		1775	0,551518580343361	
		1778,125	0,550011595338241	
		1781,25	0,547894219794369	
		1784,375	0,553013108959055	
		1787,5	0,554321205396441	
		1790,625	0,553656790477227	
		1793,75	0,551984344306544	
		1796,875	0,551592885114482	
		1800	0,552261217661158	
		1803,125	0,555360469240501	
		1806,25	0,556379446251953	
		1809,375	0,557695771307467	
		1812,5	0,55723472676042	
		1815,625	0,557005730875229	
		1818,75	0,560196634845932	
		1821,875	0,560400427205101	
		1825	0,558550031490299	
		1828,125	0,561297286955305	
		1831,25	0,562521178328708	
		1834,375	0,56034896126397	
		1837,5	0,569094181657894	
		1840,625	0,56894423971563	
		1843,75	0,569123356930712	
		1846,875	0,567810461596551	
		1850	0,561859716654036	
		1853,125	0,566476305307718	
		1856,25	0,570746427349171	
		1859,375	0,569589395408252	
		1862,5	0,568702197489244	
		1865,625	0,569685617672292	
		1868,75	0,569792888608663	
		1871,875	0,571077695179938	
		1875	0,572254540593755	
		1878,125	0,575580200904425	
		1881,25	0,573178197669126	
		1884,375	0,575397440091573	
		1887,5	0,575250951353702	
		1890,625	0,570578819637436	
		1893,75	0,574824306140668	
		1896,875	0,577141312452906	
		1900	0,578387462202465	
		1903,125	0,578290521830244	
		1906,25	0,577279416439309	
		1909,375	0,578628784350745	
		1912,5	0,582893276919519	
		1915,625	0,585193376249364	
		1918,75	0,582145277291896	
		1921,875	0,585119409373569	
		1925	0,585462873593582	
		1928,125	0,585206068888462	
		1931,25	0,584403352176571	
		1934,375	0,58394043430212	
		1937,5	0,583549453514971	
		1940,625	0,582096294556981	
		1943,75	0,589756041146825	
		1946,875	0,59350950933054	
		1950	0,590227984362739	
		1953,125	0,59403606502572	
		1956,25	0,593386678782059	
		1959,375	0,590666584953811	
		1962,5	0,593539122756559	
		1965,625	0,5966814590369	
		1968,75	0,593516304637018	
		1971,875	0,590317519900962	
		1975	0,596512499687431	
		1978,125	0,595637208578349	
		1981,25	0,596278532595621	
		1984,375	0,599040990614156	
		1987,5	0,594155728036861	
		1990,625	0,591611624679129	
		1993,75	0,595226366634749	
		1996,875	0,594546138207232	
		2000	0,592238059091864	
		2003,125	0,594925896595409	
		2006,25	0,59656939377714	
		2009,375	0,602276846846673	
		2012,5	0,60164799587231	
		2015,625	0,599772903942996	
		2018,75	0,600584223514008	
		2021,875	0,60527706649788	
		2025	0,607782589192319	
		2028,125	0,610179466372824	
		2031,25	0,60451253244257	
		2034,375	0,60335344745463	
		2037,5	0,608339407036524	
		2040,625	0,611413170212819	
		2043,75	0,611078661186752	
		2046,875	0,611794793440965	
		2050	0,61107212003298	
		2053,125	0,608840633397646	
		2056,25	0,615736724505712	
		2059,375	0,611001745172333	
		2062,5	0,611189411725997	
		2065,625	0,613423148490717	
		2068,75	0,614136431968782	
		2071,875	0,614053459078802	
		2075	0,613155020993492	
		2078,125	0,616894460804028	
		2081,25	0,615965217376937	
		2084,375	0,617895896607497	
		2087,5	0,616448403647072	
		2090,625	0,617610862584271	
		2093,75	0,618549262113395	
		2096,875	0,618710266723239	
		2100	0,620387930733754	
		2103,125	0,617769071170166	
		2106,25	0,61890350685252	
		2109,375	0,618718175517141	
		2112,5	0,623797465717876	
		2115,625	0,621637843157125	
		2118,75	0,620848373116426	
		2121,875	0,621427158218111	
		2125	0,62092156709383	
		2128,125	0,620609570920725	
		2131,25	0,62378711052613	
		2134,375	0,625606702368048	
		2137,5	0,625210154395731	
		2140,625	0,626839001705082	
		2143,75	0,625705086074619	
		2146,875	0,624687924554419	
		2150	0,627109953666068	
		2153,125	0,626199713895068	
		2156,25	0,627359457485683	
		2159,375	0,62718316873081	
		2162,5	0,630433165400147	
		2165,625	0,632794848746538	
		2168,75	0,628040284615594	
		2171,875	0,630663120143281	
		2175	0,634220458785394	
		2178,125	0,631198545830108	
		2181,25	0,633419510901987	
		2184,375	0,63164861124753	
		2187,5	0,632825037138261	
		2190,625	0,632121191727262	
		2193,75	0,634231946570252	
		2196,875	0,63404138339364	
		2200	0,635109697942014	
		2203,125	0,636209002533979	
		2206,25	0,637159726913787	
		2209,375	0,634614679580007	
		2212,5	0,634124726862326	
		2215,625	0,636234435960761	
		2218,75	0,637331691216702	
		2221,875	0,63550082114239	
		2225	0,634886351248605	
		2228,125	0,635705158905655	
		2231,25	0,637471385392409	
		2234,375	0,638318643291536	
		2237,5	0,639728110801908	
		2240,625	0,643377381198732	
		2243,75	0,640790223240389	
		2246,875	0,64024741841245	
		2250	0,641280501102817	
		2253,125	0,641022135910362	
		2256,25	0,641230828685348	
		2259,375	0,643659165628946	
		2262,5	0,641828574476035	
		2265,625	0,645201593024678	
		2268,75	0,643220368299739	
		2271,875	0,645775740876129	
		2275	0,644881964766875	
		2278,125	0,645363968277501	
		2281,25	0,646666682822714	
		2284,375	0,646789767010241	
		2287,5	0,648284610944406	
		2290,625	0,646165313584224	
		2293,75	0,647426425115617	
		2296,875	0,647572976709081	
		2300	0,64788661047223	
		2303,125	0,648587801516881	
		2306,25	0,649407317388407	
		2309,375	0,649343698961192	
		2312,5	0,647902257608107	
		2315,625	0,651183174906524	
		2318,75	0,654770889199804	
		2321,875	0,653406707889818	
		2325	0,651046257725473	
		2328,125	0,651264249393886	
		2331,25	0,650944308866172	
		2334,375	0,655062888969138	
		2337,5	0,654833931950431	
		2340,625	0,652988990364296	
		2343,75	0,64825544672836	
		2346,875	0,653340193771094	
		2350	0,653170333784039	
		2353,125	0,653673914846872	
		2356,25	0,655094666964932	
		2359,375	0,651668280403972	
		2362,5	0,654808127869016	
		2365,625	0,659695751526421	
		2368,75	0,655043939914381	
		2371,875	0,657105008018521	
		2375	0,6591604755585	
		2378,125	0,65781895104255	
		2381,25	0,657103896792108	
		2384,375	0,661548794889851	
		2387,5	0,657145687736576	
		2390,625	0,65928317331451	
		2393,75	0,656862961599306	
		2396,875	0,656821280404962	
		2400	0,661781541465796	
		2403,125	0,661205258969581	
		2406,25	0,6624041976146	
		2409,375	0,663875006034542	
		2412,5	0,66276002589783	
		2415,625	0,660120674480804	
		2418,75	0,66175228371283	
		2421,875	0,658798998220022	
		2425	0,658037713074387	
		2428,125	0,661635915893588	
		2431,25	0,66453728678269	
		2434,375	0,663733725828603	
		2437,5	0,66187409418006	
		2440,625	0,662864181569348	
		2443,75	0,661941608657022	
		2446,875	0,662148762987589	
		2450	0,661655368125025	
		2453,125	0,661543696998185	
		2456,25	0,665441485737366	
		2459,375	0,665087274017163	
		2462,5	0,663062752169562	
		2465,625	0,664039213557023	
		2468,75	0,669621905007133	
		2471,875	0,666632346983923	
		2475	0,666553414050942	
		2478,125	0,665813271219484	
		2481,25	0,66463782169512	
		2484,375	0,667526855690679	
		2487,5	0,668723163009912	
		2490,625	0,664521361660982	
		2493,75	0,665799963114294	
		2496,875	0,665039331699835	
		2500	0,667052319105564	
		2503,125	0,669884964452504	
		2506,25	0,669805826336249	
		2509,375	0,66891987504336	
		2512,5	0,669010909938778	
		2515,625	0,669022735257644	
		2518,75	0,669496401790561	
		2521,875	0,670811819288624	
		2525	0,668000162941756	
		2528,125	0,668560868091728	
		2531,25	0,670281982523601	
		2534,375	0,672105175048925	
		2537,5	0,671681646719129	
		2540,625	0,672030929967782	
		2543,75	0,670855627188708	
		2546,875	0,670744497885724	
		2550	0,672880170764358	
		2553,125	0,673059047672758	
		2556,25	0,672000479864752	
		2559,375	0,672820446453214	
		2562,5	0,674519140100719	
		2565,625	0,6744707520931	
		2568,75	0,6730181738448	
		2571,875	0,674241630908289	
		2575	0,673594497606191	
		2578,125	0,674970191762279	
		2581,25	0,67365965989929	
		2584,375	0,672600420517286	
		2587,5	0,675222585102643	
		2590,625	0,674327959421207	
		2593,75	0,67309968200475	
		2596,875	0,673264584280574	
		2600	0,673767975764868	
		2603,125	0,6765733101889	
		2606,25	0,676419284586417	
		2609,375	0,67755252925236	
		2612,5	0,678762759375946	
		2615,625	0,678126252298161	
		2618,75	0,67669500847561	
		2621,875	0,677921719065795	
		2625	0,677297501886712	
		2628,125	0,677139893434727	
		2631,25	0,677877517295621	
		2634,375	0,68157311066684	
		2637,5	0,681020785310008	
		2640,625	0,679355840205356	
		2643,75	0,680824104822527	
		2646,875	0,679233381374628	
		2650	0,680183472664807	
		2653,125	0,681136882797921	
		2656,25	0,67856041219564	
		2659,375	0,68220194714747	
		2662,5	0,68367232021684	
		2665,625	0,681743437238225	
		2668,75	0,684465949264352	
		2671,875	0,683407852703822	
		2675	0,679727206425747	
		2678,125	0,682823684966679	
		2681,25	0,680853012242463	
		2684,375	0,682129969399323	
		2687,5	0,683006555414395	
		2690,625	0,683543793782191	
		2693,75	0,681429960013924	
		2696,875	0,677506959198575	
		2700	0,682695076659327	
		2703,125	0,683649599858566	
		2706,25	0,683890312067375	
		2709,375	0,683884310455425	
		2712,5	0,68528503255443	
		2715,625	0,685566080409487	
		2718,75	0,684805105366174	
		2721,875	0,686049307800948	
		2725	0,685184289981655	
		2728,125	0,684776401033137	
		2731,25	0,685269492795718	
		2734,375	0,684404641599132	
		2737,5	0,686020676837912	
		2740,625	0,6865224250089	
		2743,75	0,686411622873416	
		2746,875	0,689510593857403	
		2750	0,687133211420866	
		2753,125	0,686226770078019	
		2756,25	0,688418646506831	
		2759,375	0,690261796253408	
		2762,5	0,691156986840186	
		2765,625	0,690234265906018	
		2768,75	0,687107447767632	
		2771,875	0,690013238531034	
		2775	0,691070099248576	
		2778,125	0,693122385328335	
		2781,25	0,696398639701053	
		2784,375	0,69363172919083	
		2787,5	0,691140351142384	
		2790,625	0,690666454704739	
		2793,75	0,691704929012543	
		2796,875	0,689503410387489	
		2800	0,688807977810076	
		2803,125	0,690569450852075	
		2806,25	0,689047792205663	
		2809,375	0,689957610620901	
		2812,5	0,692786871870278	
		2815,625	0,693892232555859	
		2818,75	0,692127563917086	
		2821,875	0,695030311973338	
		2825	0,695317101718322	
		2828,125	0,693385452376292	
		2831,25	0,6963331095894	
		2834,375	0,691892538300473	
		2837,5	0,693710621941009	
		2840,625	0,695144625218844	
		2843,75	0,692798445203031	
		2846,875	0,694112182388324	
		2850	0,694385007477352	
		2853,125	0,695981783706539	
		2856,25	0,693791657992541	
		2859,375	0,695456133000272	
		2862,5	0,695281244938728	
		2865,625	0,695631441533142	
		2868,75	0,694129782690432	
		2871,875	0,696354348380497	
		2875	0,693874136827753	
		2878,125	0,69371194002928	
		2881,25	0,695997163941505	
		2884,375	0,696522780058538	
		2887,5	0,697517676124235	
		2890,625	0,697221518554069	
		2893,75	0,693419245139251	
		2896,875	0,697576971986021	
		2900	0,696855307715236	
		2903,125	0,696705928533789	
		2906,25	0,695778024170138	
		2909,375	0,695384810454573	
		2912,5	0,696243234089148	
		2915,625	0,694906926007864	
		2918,75	0,695353458679436	
		2921,875	0,696500709600435	
		2925	0,69665788217058	
		2928,125	0,696993705214236	
		2931,25	0,695028878980582	
		2934,375	0,696959742006558	
		2937,5	0,695965153751408	
		2940,625	0,697155331614018	
		2943,75	0,696352148886466	
		2946,875	0,694878001073848	
		2950	0,696947766709715	
		2953,125	0,695270796360653	
		2956,25	0,695142041842945	
		2959,375	0,696852830544983	
		2962,5	0,696611583998063	
		2965,625	0,696695442418572	
		2968,75	0,698952728404863	
		2971,875	0,699303516095267	
		2975	0,697774945527249	
		2978,125	0,697348302575312	
		2981,25	0,699083558185311	
		2984,375	0,700893677771733	
		2987,5	0,701601894883611	
		2990,625	0,699981140722942	
		2993,75	0,700489142055736	
		2996,875	0,700031948302334	
		3000	0,704291360530705	
		3003,125	0,70283472659965	
		3006,25	0,700789491152511	
		3009,375	0,702570878556367	
		3012,5	0,701321839000514	
		3015,625	0,701001088501377	
		3018,75	0,699764365754896	
		3021,875	0,699002756433839	
		3025	0,706653773321745	
		3028,125	0,703371505568652	
		3031,25	0,702947967832286	
		3034,375	0,704595607331739	
		3037,5	0,704921246547556	
		3040,625	0,706758483607144	
		3043,75	0,703719752220316	
		3046,875	0,702418356575937	
		3050	0,703387745800547	
		3053,125	0,706302099379837	
		3056,25	0,704450476301216	
		3059,375	0,705931210741296	
		3062,5	0,707642064654624	
		3065,625	0,708990355080026	
		3068,75	0,709795893536903	
		3071,875	0,708332744374192	
		3075	0,704893044429083	
		3078,125	0,706310651028299	
		3081,25	0,709685732639633	
		3084,375	0,70905679705889	
		3087,5	0,706019253443957	
		3090,625	0,706991578763835	
		3093,75	0,705562646761132	
		3096,875	0,707273102689623	
		3100	0,708312929562112	
		3103,125	0,705979012923671	
		3106,25	0,705389087733283	
		3109,375	0,705166309956077	
		3112,5	0,702760110623525	
		3115,625	0,704333009637035	
		3118,75	0,705516694010015	
		3121,875	0,708525735276851	
		3125	0,707729661509437	
		3128,125	0,70657164161817	
		3131,25	0,70369792877474	
		3134,375	0,705930902613107	
		3137,5	0,710579670294046	
		3140,625	0,706637159209404	
		3143,75	0,706230140684558	
		3146,875	0,706510156373713	
		3150	0,706797422756339	
		3153,125	0,702605899348048	
		3156,25	0,712889746944838	
		3159,375	0,71153529167618	
		3162,5	0,709826233810925	
		3165,625	0,708720440614939	
		3168,75	0,706164690373562	
		3171,875	0,705000038341203	
		3175	0,707388769878505	
		3178,125	0,704310723505723	
		3181,25	0,705582985274386	
		3184,375	0,704590362692818	
		3187,5	0,702494168157862	
		3190,625	0,707497183469638	
		3193,75	0,703260140434784	
		3196,875	0,702422340456791	
		3200	0,707386065370567	
		3203,125	0,710203747400087	
		3206,25	0,70730548957417	
		3209,375	0,702161759776602	
		3212,5	0,705172152068915	
		3215,625	0,706741087655289	
		3218,75	0,711931291391891	
		3221,875	0,707851742825456	
		3225	0,706663457371352	
		3228,125	0,704003714108786	
		3231,25	0,705465642657578	
		3234,375	0,703611329341388	
		3237,5	0,707363958668584	
		3240,625	0,702361985307763	
		3243,75	0,699726299820043	
		3246,875	0,697125062368897	
		3250	0,70099813390883	
		3253,125	0,704923598545027	
		3256,25	0,703892502529736	
		3259,375	0,703029746464165	
		3262,5	0,697328658229659	
		3265,625	0,699470271206428	
		3268,75	0,697802191045452	
		3271,875	0,694720048298661	
		3275	0,691387685378063	
		3278,125	0,694882019917719	
		3281,25	0,696783136493231	
		3284,375	0,696168094744486	
		3287,5	0,694935791789145	
		3290,625	0,695979447080669	
		3293,75	0,693459447811323	
		3296,875	0,69444970616899	
		3300	0,693339914778495	
		3303,125	0,691303157273961	
		3306,25	0,691724704562507	
		3309,375	0,692070433898965	
		3312,5	0,691936833887594	
		3315,625	0,694628511820846	
		3318,75	0,688999697700714	
		3321,875	0,685332216757431	
		3325	0,68778334220156	
		3328,125	0,688606672923812	
		3331,25	0,691320590788207	
		3334,375	0,688474353645781	
		3337,5	0,68512670573144	
		3340,625	0,687383808337532	
		3343,75	0,689361993908836	
		3346,875	0,686232043812237	
		3350	0,684319226508315	
		3353,125	0,686737764512588	
		3356,25	0,684953312347229	
		3359,375	0,685688816138432	
		3362,5	0,686909109171155	
		3365,625	0,685683679608348	
		3368,75	0,68400957126006	
		3371,875	0,683760120673223	
		3375	0,683956180271666	
		3378,125	0,685622386517871	
		3381,25	0,683267087687557	
		3384,375	0,681163208224799	
		3387,5	0,683958669700372	
		3390,625	0,682310768095331	
		3393,75	0,682471459812371	
		3396,875	0,680717020633656	
		3400	0,67632424534593	
		3403,125	0,68149691796012	
		3406,25	0,682321699717713	
		3409,375	0,681139506305165	
		3412,5	0,679555792251419	
		3415,625	0,679793646026921	
		3418,75	0,680178342978774	
		3421,875	0,674722466712299	
		3425	0,677728701686581	
		3428,125	0,679847772205704	
		3431,25	0,67834091858845	
		3434,375	0,677808433878814	
		3437,5	0,677922058016313	
		3440,625	0,675900564096537	
		3443,75	0,677981666293512	
		3446,875	0,676100171598214	
		3450	0,674269348887824	
		3453,125	0,675349128467146	
		3456,25	0,674735735296327	
		3459,375	0,674605339095021	
		3462,5	0,673923699268309	
		3465,625	0,675094923784418	
		3468,75	0,673501752380997	
		3471,875	0,673507981067789	
		3475	0,674342994189577	
		3478,125	0,672480973967168	
		3481,25	0,671849888098846	
		3484,375	0,673472706564606	
		3487,5	0,671176394280631	
		3490,625	0,670308248115683	
		3493,75	0,670714000218005	
		3496,875	0,669177108962844	
		3500	0,669085868326503	
		3503,125	0,672544950032852	
		3506,25	0,669247123946114	
		3509,375	0,671917363307714	
		3512,5	0,669319346890005	
		3515,625	0,668575837073855	
		3518,75	0,666337440937909	
		3521,875	0,666789706083422	
		3525	0,664246740339275	
		3528,125	0,664084475133473	
		3531,25	0,666182447022423	
		3534,375	0,665258036799184	
		3537,5	0,66428706251178	
		3540,625	0,664444982646569	
		3543,75	0,661410376553081	
		3546,875	0,660431177271748	
		3550	0,660790238051682	
		3553,125	0,661327675077157	
		3556,25	0,660359573451846	
		3559,375	0,661490941710583	
		3562,5	0,658132844118878	
		3565,625	0,659816091829918	
		3568,75	0,659022288596013	
		3571,875	0,660016334801175	
		3575	0,660396793460541	
		3578,125	0,660151208890085	
		3581,25	0,661027235596334	
		3584,375	0,661739455242766	
		3587,5	0,658884461209956	
		3590,625	0,659231348107328	
		3593,75	0,660636088208315	
		3596,875	0,660765972547177	
		3600	0,663427972925936	
		3603,125	0,657875662179079	
		3606,25	0,659209007217502	
		3609,375	0,659628275938722	
		3612,5	0,658812457321127	
		3615,625	0,659654325890462	
		3618,75	0,658937479835393	
		3621,875	0,655594200885568	
		3625	0,658234159420627	
		3628,125	0,657325858759115	
		3631,25	0,657560623960947	
		3634,375	0,659632131459903	
		3637,5	0,656531160039794	
		3640,625	0,653018999830107	
		3643,75	0,654294838741222	
		3646,875	0,657242888780401	
		3650	0,658855272616127	
		3653,125	0,658104682918969	
		3656,25	0,655907620697102	
		3659,375	0,65517264367087	
		3662,5	0,654255758750539	
		3665,625	0,655290293242734	
		3668,75	0,65633639598799	
		3671,875	0,656601837932734	
		3675	0,653408697250248	
		3678,125	0,654882488111312	
		3681,25	0,655471008778546	
		3684,375	0,655062702315761	
		3687,5	0,654623076019338	
		3690,625	0,65514930517769	
		3693,75	0,655459020750706	
		3696,875	0,652763696194524	
		3700	0,652643542756544	
		3703,125	0,653774832943563	
		3706,25	0,65495998823528	
		3709,375	0,652908719993981	
		3712,5	0,655057950890997	
		3715,625	0,655159410483426	
		3718,75	0,65043456002735	
		3721,875	0,651593546752394	
		3725	0,655135619716539	
		3728,125	0,652879978899233	
		3731,25	0,653148856559237	
		3734,375	0,652029526739362	
		3737,5	0,650832408973969	
		3740,625	0,651607135675613	
		3743,75	0,651083588593111	
		3746,875	0,649419609946634	
		3750	0,650661692922202	
		3753,125	0,650757578255329	
		3756,25	0,651015254306837	
		3759,375	0,651117108987516	
		3762,5	0,648984071220029	
		3765,625	0,647734332993638	
		3768,75	0,651162867649391	
		3771,875	0,653099524307111	
		3775	0,651578263806201	
		3778,125	0,650854869490657	
		3781,25	0,651161449891521	
		3784,375	0,650716428375235	
		3787,5	0,648175156228818	
		3790,625	0,647655204839924	
		3793,75	0,646795069324736	
		3796,875	0,647350047377921	
		3800	0,649208283745354	
		3803,125	0,650001200371075	
		3806,25	0,647283054496982	
		3809,375	0,646015645088024	
		3812,5	0,647604271992673	
		3815,625	0,647261337877152	
		3818,75	0,647039487526933	
		3821,875	0,647126292104622	
		3825	0,647534878355378	
		3828,125	0,646946681422724	
		3831,25	0,645713531450118	
		3834,375	0,64745722344902	
		3837,5	0,645543145865094	
		3840,625	0,646789213155412	
		3843,75	0,646607667271199	
		3846,875	0,646446020504458	
		3850	0,644914624506971	
		3853,125	0,646535535658623	
		3856,25	0,645329503918959	
		3859,375	0,645135517112528	
		3862,5	0,644552489616601	
		3865,625	0,647041907674848	
		3868,75	0,644005504196187	
		3871,875	0,646930628422326	
		3875	0,6468337409305	
		3878,125	0,645220245860461	
		3881,25	0,644320011069196	
		3884,375	0,643277862082715	
		3887,5	0,646525150611837	
		3890,625	0,645087824899817	
		3893,75	0,640160363277583	
		3896,875	0,642749004585998	
		3900	0,645933947139907	
		3903,125	0,644564869189736	
		3906,25	0,642292863695613	
		3909,375	0,639858461191439	
		3912,5	0,638886634372559	
		3915,625	0,642371461359784	
		3918,75	0,643161156805218	
		3921,875	0,643332239650462	
		3925	0,641367976610516	
		3928,125	0,643412963920765	
		3931,25	0,64469238556143	
		3934,375	0,644094773544234	
		3937,5	0,642363181942236	
		3940,625	0,640183603084628	
		3943,75	0,642638397161493	
		3946,875	0,64113960550039	
		3950	0,640965408918106	
		3953,125	0,641793865686213	
		3956,25	0,641163540252533	
		3959,375	0,636875987100401	
		3962,5	0,640933321501582	
		3965,625	0,642007955233619	
		3968,75	0,641123012109651	
		3971,875	0,641834662053389	
		3975	0,640523716138556	
		3978,125	0,63562478219543	
		3981,25	0,638334100142275	
		3984,375	0,642146923505085	
		3987,5	0,641363808910575	
		3990,625	0,640995909021338	
		3993,75	0,643416206075774	
		3996,875	0,639555995566857	
		4000	0,639444011796743	
		4003,125	0,640942312070003	
		4006,25	0,638617435681647	
		4009,375	0,645315767905991	
		4012,5	0,637750372119321	
		4015,625	0,634970428994778	
		4018,75	0,640539249878732	
		4021,875	0,639309745848958	
		4025	0,63442749065615	
		4028,125	0,640421830811896	
		4031,25	0,639354881901152	
		4034,375	0,635969821520871	
		4037,5	0,637142415697212	
		4040,625	0,637654699266317	
		4043,75	0,633888338794158	
		4046,875	0,631227466944092	
		4050	0,634199252496515	
		4053,125	0,636984838752399	
		4056,25	0,63498608895399	
		4059,375	0,63552616367834	
		4062,5	0,631292224469014	
		4065,625	0,631952627740931	
		4068,75	0,631864044359759	
		4071,875	0,632103594640167	
		4075	0,629594579107349	
		4078,125	0,628467453995178	
		4081,25	0,630944949973219	
		4084,375	0,634118544923387	
		4087,5	0,632477041840253	
		4090,625	0,629556735482138	
		4093,75	0,632952774513323	
		4096,875	0,632395119105292	
		4100	0,629507534697171	
		4103,125	0,628718123024031	
		4106,25	0,632418950422701	
		4109,375	0,631177956847475	
		4112,5	0,630680982294177	
		4115,625	0,628487531477465	
		4118,75	0,630754263708054	
		4121,875	0,6283463506847	
		4125	0,626050667770683	
		4128,125	0,628973634924001	
		4131,25	0,630765908379525	
		4134,375	0,630071267288047	
		4137,5	0,627183878442248	
		4140,625	0,627031407425938	
		4143,75	0,629751865541154	
		4146,875	0,627754356426576	
		4150	0,626045319304177	
		4153,125	0,630189502041329	
		4156,25	0,631539625727219	
		4159,375	0,632075846134832	
		4162,5	0,627977187112933	
		4165,625	0,629515831397258	
		4168,75	0,633419341681968	
		4171,875	0,633091012422341	
		4175	0,633404704992175	
		4178,125	0,634482318875409	
		4181,25	0,633272490677653	
		4184,375	0,632912151957915	
		4187,5	0,636856327049266	
		4190,625	0,638431013699228	
		4193,75	0,634952715633094	
		4196,875	0,637288755710335	
		4200	0,634949583469914	
		4203,125	0,636300005069734	
		4206,25	0,63797396243825	
		4209,375	0,634421139608022	
		4212,5	0,633611548579617	
		4215,625	0,635113442462919	
		4218,75	0,637333306275081	
		4221,875	0,638518164846987	
		4225	0,638686626056017	
		4228,125	0,639476458731198	
		4231,25	0,635086357199584	
		4234,375	0,635864207295536	
		4237,5	0,634601412157403	
		4240,625	0,634170318124771	
		4243,75	0,638391047759406	
		4246,875	0,639488834348301	
		4250	0,636553201180218	
		4253,125	0,643464377081165	
		4256,25	0,642653416334967	
		4259,375	0,640111243782103	
		4262,5	0,640831184714474	
		4265,625	0,640321603092595	
		4268,75	0,641261233436913	
		4271,875	0,644992052352582	
		4275	0,644805124214971	
		4278,125	0,642438136398869	
		4281,25	0,643323472612542	
		4284,375	0,644012866013138	
		4287,5	0,645587777018907	
		4290,625	0,64580336556009	
		4293,75	0,649302998541675	
		4296,875	0,647814248625348	
		4300	0,643195886885045	
		4303,125	0,641340069366595	
		4306,25	0,641799112555756	
		4309,375	0,644430751437844	
		4312,5	0,642782267348242	
		4315,625	0,646801733593199	
		4318,75	0,646474749214353	
		4321,875	0,647124695879503	
		4325	0,649941356077213	
		4328,125	0,647020812402928	
		4331,25	0,646793522450335	
		4334,375	0,646433320472987	
		4337,5	0,645651040901279	
		4340,625	0,641277902519866	
		4343,75	0,645614352719304	
		4346,875	0,651321455708968	
		4350	0,650747596844883	
		4353,125	0,64735925554492	
		4356,25	0,646054846418688	
		4359,375	0,649533729924773	
		4362,5	0,651783926531859	
		4365,625	0,651090239407251	
		4368,75	0,649448798834102	
		4371,875	0,652738770357083	
		4375	0,656277444499228	
		4378,125	0,651744955674765	
		4381,25	0,650373160983677	
		4384,375	0,656381665957696	
		4387,5	0,654325405338416	
		4390,625	0,650592023308279	
		4393,75	0,653835606203945	
		4396,875	0,654149644551148	
		4400	0,652295533937074	
		4403,125	0,646107862344472	
		4406,25	0,6480522575817	
		4409,375	0,648702845268234	
		4412,5	0,654898883048007	
		4415,625	0,654529969430837	
		4418,75	0,65813589182663	
		4421,875	0,657569976120061	
		4425	0,65921279723468	
		4428,125	0,65861970941993	
		4431,25	0,65858048860144	
		4434,375	0,65749339044469	
		4437,5	0,651543976903878	
		4440,625	0,656841477792426	
		4443,75	0,657654942113283	
		4446,875	0,659718345320326	
		4450	0,65736557926634	
		4453,125	0,659904831013084	
		4456,25	0,656874590432156	
		4459,375	0,655655418244716	
		4462,5	0,656119413697124	
		4465,625	0,652600022934859	
		4468,75	0,654882011072891	
		4471,875	0,655379284021697	
		4475	0,651472067144646	
		4478,125	0,653861394097232	
		4481,25	0,65416338825062	
		4484,375	0,65280080825117	
		4487,5	0,652113115100049	
		4490,625	0,65030544103859	
		4493,75	0,650769098483232	
		4496,875	0,653532743563438	
		4500	0,648822162695277	
		4503,125	0,650499455005309	
		4506,25	0,651585008696863	
		4509,375	0,651126052088421	
		4512,5	0,650695548854802	
		4515,625	0,650770103541956	
		4518,75	0,648370954336423	
		4521,875	0,647986891486913	
		4525	0,652314188574968	
		4528,125	0,653112129697887	
		4531,25	0,654406966930063	
		4534,375	0,648433937525187	
		4537,5	0,649249848863827	
		4540,625	0,648446343352439	
		4543,75	0,651941796160487	
		4546,875	0,653444735103176	
		4550	0,651258955126331	
		4553,125	0,653997147914644	
		4556,25	0,65245859138857	
		4559,375	0,648315990540295	
		4562,5	0,645930676285894	
		4565,625	0,650182506732115	
		4568,75	0,649621338915089	
		4571,875	0,652411945299263	
		4575	0,65338628673231	
		4578,125	0,652381164940562	
		4581,25	0,651418280855341	
		4584,375	0,648226313432668	
		4587,5	0,645240373909346	
		4590,625	0,64809145915589	
		4593,75	0,647949974184044	
		4596,875	0,647411922367011	
		4600	0,645690136280922	
		4603,125	0,645490076567205	
		4606,25	0,651000119685282	
		4609,375	0,648972255818564	
		4612,5	0,64799920977846	
		4615,625	0,645365664970446	
		4618,75	0,64927455881599	
		4621,875	0,64583728748332	
		4625	0,645848532120519	
		4628,125	0,645893165450444	
		4631,25	0,645808818156653	
		4634,375	0,648520548077914	
		4637,5	0,647723549783144	
		4640,625	0,647207284183222	
		4643,75	0,644612586964891	
		4646,875	0,643829931409331	
		4650	0,646589255488673	
		4653,125	0,645549126720874	
		4656,25	0,646791838345909	
		4659,375	0,643749252429448	
		4662,5	0,641139817918822	
		4665,625	0,64520451111869	
		4668,75	0,644287761346786	
		4671,875	0,642975138727522	
		4675	0,640415396595772	
		4678,125	0,643264149664249	
		4681,25	0,640879688695878	
		4684,375	0,637786546304891	
		4687,5	0,637521657285621	
		4690,625	0,636266110474365	
		4693,75	0,637782415913633	
		4696,875	0,635473961910895	
		4700	0,633807559837591	
		4703,125	0,634412752031173	
		4706,25	0,634664513465188	
		4709,375	0,634640596003432	
		4712,5	0,631230271975169	
		4715,625	0,630539472045207	
		4718,75	0,63103625021954	
		4721,875	0,630401355543984	
		4725	0,62854699955234	
		4728,125	0,62823761813471	
		4731,25	0,626499777289022	
		4734,375	0,627503469148245	
		4737,5	0,628037971932944	
		4740,625	0,626047215345403	
		4743,75	0,630486168604115	
		4746,875	0,627949484431805	
		4750	0,626704370720232	
		4753,125	0,622563190877109	
		4756,25	0,627183315625845	
		4759,375	0,625824729492096	
		4762,5	0,628130385424345	
		4765,625	0,627174667792827	
		4768,75	0,625324184166305	
		4771,875	0,628083826616895	
		4775	0,630032822179174	
		4778,125	0,629392363195078	
		4781,25	0,629417201502091	
		4784,375	0,630681824710846	
		4787,5	0,626371367274959	
		4790,625	0,631170056178785	
		4793,75	0,631515813725718	
		4796,875	0,630066826754001	
		4800	0,627566176417923	
		4803,125	0,623926845763138	
		4806,25	0,621878416836056	
		4809,375	0,624372335420996	
		4812,5	0,625317002635907	
		4815,625	0,62446532145205	
		4818,75	0,623203232382614	
		4821,875	0,62203093906226	
		4825	0,620436244808942	
		4828,125	0,622692205773541	
		4831,25	0,620369769716253	
		4834,375	0,620540299376442	
		4837,5	0,61824656620141	
		4840,625	0,615809369263446	
		4843,75	0,614546973632046	
		4846,875	0,611978564603432	
		4850	0,606099376004494	
		4853,125	0,597043254347563	
		4856,25	0,593864888894041	
		4859,375	0,589228720564667	
		4862,5	0,583914666060031	
		4865,625	0,591913576009176	
		4868,75	0,588908511220755	
		4871,875	0,593509416323451	
		4875	0,590520236249345	
		4878,125	0,587717486216326	
		4881,25	0,586845218402948	
		4884,375	0,586554880227414	
		4887,5	0,58296511955109	
		4890,625	0,575730403920434	
		4893,75	0,577085904369259	
		4896,875	0,575081852746741	
		4900	0,575585837056084	
		4903,125	0,572974107844758	
		4906,25	0,571401680112388	
		4909,375	0,568771174525857	
		4912,5	0,566982757859962	
		4915,625	0,562796957245254	
		4918,75	0,560566918806513	
		4921,875	0,561601267198997	
		4925	0,558370434758414	
		4928,125	0,557877773185104	
		4931,25	0,550540517496972	
		4934,375	0,552329733792985	
		4937,5	0,550083844070469	
		4940,625	0,550411759066538	
		4943,75	0,544401587705901	
		4946,875	0,542316323772708	
		4950	0,540179135035102	
		4953,125	0,539604819602756	
		4956,25	0,5346836584095	
		4959,375	0,524645933061401	
		4962,5	0,521587387650923	
		4965,625	0,518027645614088	
		4968,75	0,509584146914755	
		4971,875	0,504573030771185	
				
