Frequency in Hz	Silk_97 Normalized Surface Impedance continuous Re	Frequency in Hz	Silk_97 Normalized Surface Impedance continuous Im	
100	3,45753479003906	100	-13,9879598617554	
103,125	4,81560659408569	103,125	-14,3132829666138	
106,25	2,76983833312988	106,25	-11,8484411239624	
109,375	2,59482169151306	109,375	-13,462833404541	
112,5	3,29900789260864	112,5	-12,4779872894287	
115,625	2,84463000297546	115,625	-11,6619215011597	
118,75	2,91530108451843	118,75	-12,3624629974365	
121,875	3,38567090034485	121,875	-11,2575950622559	
125	2,61566758155823	125	-11,6063842773438	
128,125	2,30051231384277	128,125	-10,8993406295776	
131,25	2,35325479507446	131,25	-11,0018606185913	
134,375	1,85776722431183	134,375	-11,2343406677246	
137,5	2,60364055633545	137,5	-9,64480018615723	
140,625	3,0795304775238	140,625	-10,0492706298828	
143,75	2,78320097923279	143,75	-9,4419994354248	
146,875	2,42245960235596	146,875	-10,5033016204834	
150	2,64384627342224	150	-9,53704643249512	
153,125	2,23685240745544	153,125	-9,02073287963867	
156,25	2,37231707572937	156,25	-9,21168231964111	
159,375	2,24549770355225	159,375	-8,98281955718994	
162,5	2,22030901908875	162,5	-9,01753520965576	
165,625	2,42547607421875	165,625	-8,87996768951416	
168,75	2,05609273910522	168,75	-8,25104141235352	
171,875	2,46392107009888	171,875	-8,39902019500732	
175	2,44279813766479	175	-7,98957347869873	
178,125	2,14433670043945	178,125	-8,05731773376465	
181,25	2,23392701148987	181,25	-8,11433982849121	
184,375	2,40015530586243	184,375	-7,91968011856079	
187,5	2,37311005592346	187,5	-7,45371437072754	
190,625	2,49370074272156	190,625	-7,53433513641357	
193,75	2,30476236343384	193,75	-7,13536167144775	
196,875	2,35021281242371	196,875	-7,30543422698975	
200	2,18779635429382	200	-7,44431304931641	
203,125	2,12388873100281	203,125	-7,51963376998901	
206,25	2,00973320007324	206,25	-6,83492660522461	
209,375	2,15875363349915	209,375	-6,91905975341797	
212,5	2,11953449249268	212,5	-7,18834686279297	
215,625	2,11595964431763	215,625	-6,57997131347656	
218,75	2,20326089859009	218,75	-6,79732656478882	
221,875	2,11484527587891	221,875	-6,52945899963379	
225	2,22085499763489	225	-6,44037199020386	
228,125	2,21176385879517	228,125	-6,33070659637451	
231,25	2,19996309280396	231,25	-6,30323028564453	
234,375	2,20778274536133	234,375	-6,15790605545044	
237,5	2,12337040901184	237,5	-6,28378772735596	
240,625	1,88269972801208	240,625	-6,01555776596069	
243,75	2,01654171943665	243,75	-6,0429368019104	
246,875	2,14686441421509	246,875	-5,84850883483887	
250	2,16120553016663	250	-5,78819894790649	
253,125	2,05872297286987	253,125	-5,78669786453247	
256,25	2,01464915275574	256,25	-5,62423849105835	
259,375	2,15614652633667	259,375	-5,57943630218506	
262,5	2,01595830917358	262,5	-5,52586793899536	
265,625	1,91160809993744	265,625	-5,45895528793335	
268,75	2,02223467826843	268,75	-5,44975757598877	
271,875	1,97104167938232	271,875	-5,28590106964111	
275	1,92650544643402	275	-5,30655097961426	
278,125	1,94406008720398	278,125	-5,14887714385986	
281,25	1,96637105941772	281,25	-5,14226341247559	
284,375	1,95336055755615	284,375	-5,10112905502319	
287,5	1,88232600688934	287,5	-5,20028829574585	
290,625	1,79175198078156	290,625	-4,86009407043457	
293,75	1,8001002073288	293,75	-4,89070844650269	
296,875	1,8382580280304	296,875	-4,81092262268066	
300	1,85284388065338	300	-4,75030326843262	
303,125	1,79901361465454	303,125	-4,62649822235107	
306,25	1,83000218868256	306,25	-4,53534364700317	
309,375	1,87599742412567	309,375	-4,45769119262695	
312,5	1,88473296165466	312,5	-4,28757905960083	
315,625	2,11450290679932	315,625	-4,23913240432739	
318,75	2,11107730865479	318,75	-4,19243144989014	
321,875	2,17451786994934	321,875	-4,32346105575562	
325	2,22386288642883	325	-4,3737735748291	
328,125	2,2929220199585	328,125	-4,34437227249146	
331,25	2,07184863090515	331,25	-4,37884426116943	
334,375	2,05493664741516	334,375	-4,36749219894409	
337,5	2,11325168609619	337,5	-4,34070920944214	
340,625	2,04517245292664	340,625	-4,33134078979492	
343,75	1,99532163143158	343,75	-4,21589851379395	
346,875	1,98299217224121	346,875	-4,21822738647461	
350	2,019686460495	350	-4,18607950210571	
353,125	2,00037980079651	353,125	-4,1891393661499	
356,25	1,90068829059601	356,25	-4,16047620773315	
359,375	1,84422779083252	359,375	-4,04790353775024	
362,5	1,88637351989746	362,5	-4,00244760513306	
365,625	1,9545122385025	365,625	-3,93739461898804	
368,75	1,89182710647583	368,75	-3,98190212249756	
371,875	1,77563858032227	371,875	-4,04029655456543	
375	1,98302948474884	375	-3,76152157783508	
378,125	1,89569044113159	378,125	-3,7570972442627	
381,25	1,90495765209198	381,25	-3,88982510566711	
384,375	1,94811344146729	384,375	-3,69765615463257	
387,5	1,82618999481201	387,5	-3,62862229347229	
390,625	1,76520133018494	390,625	-3,63067412376404	
393,75	1,85675632953644	393,75	-3,76454281806946	
396,875	1,87492775917053	396,875	-3,74644374847412	
400	1,90891563892365	400	-3,7214457988739	
403,125	1,91681945323944	403,125	-3,69676446914673	
406,25	1,88909757137299	406,25	-3,57795095443726	
409,375	1,87398087978363	409,375	-3,4367208480835	
412,5	1,80942022800446	412,5	-3,37252449989319	
415,625	1,77891194820404	415,625	-3,48492884635925	
418,75	1,83031046390533	418,75	-3,37970685958862	
421,875	1,74936866760254	421,875	-3,3493549823761	
425	1,79278254508972	425	-3,34875321388245	
428,125	1,90993881225586	428,125	-3,39910674095154	
431,25	1,78039979934692	431,25	-3,32787704467773	
434,375	1,830482006073	434,375	-3,3255352973938	
437,5	1,84392166137695	437,5	-3,31404328346252	
440,625	1,87166106700897	440,625	-3,28975534439087	
443,75	1,82822370529175	443,75	-3,23290777206421	
446,875	1,86193263530731	446,875	-3,20603799819946	
450	1,85085713863373	450	-3,28905177116394	
453,125	1,85412108898163	453,125	-3,26897311210632	
456,25	1,82469511032104	456,25	-3,28940343856812	
459,375	1,80459535121918	459,375	-3,20483350753784	
462,5	1,7586510181427	462,5	-3,13017344474792	
465,625	1,75131464004517	465,625	-3,12762594223022	
468,75	1,77405393123627	468,75	-3,11865735054016	
471,875	1,70643508434296	471,875	-3,03432011604309	
475	1,73086023330688	475	-3,01067590713501	
478,125	1,80628514289856	478,125	-3,00392866134644	
481,25	1,8044136762619	481,25	-3,04977607727051	
484,375	1,77427506446838	484,375	-2,97043991088867	
487,5	1,81190204620361	487,5	-2,96911334991455	
490,625	1,79456651210785	490,625	-2,94102883338928	
493,75	1,79998743534088	493,75	-2,89591574668884	
496,875	1,80366098880768	496,875	-2,8823094367981	
500	1,75780093669891	500	-2,90692567825317	
503,125	1,75565707683563	503,125	-2,88201594352722	
506,25	1,7672244310379	506,25	-2,87437748908997	
509,375	1,73563826084137	509,375	-2,85863041877747	
512,5	1,7380176782608	512,5	-2,80498600006104	
515,625	1,78101801872253	515,625	-2,80283379554749	
518,75	1,7981299161911	518,75	-2,79130268096924	
521,875	1,73726999759674	521,875	-2,76092457771301	
525	1,74899780750275	525	-2,73299956321716	
528,125	1,75434064865112	528,125	-2,75919318199158	
531,25	1,74772107601166	531,25	-2,71857190132141	
534,375	1,75304460525513	534,375	-2,70002508163452	
537,5	1,74692571163177	537,5	-2,68210577964783	
540,625	1,74313902854919	540,625	-2,67660188674927	
543,75	1,77639198303223	543,75	-2,65963768959045	
546,875	1,72069430351257	546,875	-2,64194297790527	
550	1,73982286453247	550	-2,62601351737976	
553,125	1,73742055892944	553,125	-2,59725546836853	
556,25	1,74501669406891	556,25	-2,59852027893066	
559,375	1,75657761096954	559,375	-2,5578408241272	
562,5	1,75762724876404	562,5	-2,55109739303589	
565,625	1,74710237979889	565,625	-2,53936719894409	
568,75	1,75435090065002	568,75	-2,51873755455017	
571,875	1,75913953781128	571,875	-2,50549530982971	
575	1,7502965927124	575	-2,49989771842957	
578,125	1,76782858371735	578,125	-2,4778938293457	
581,25	1,75608158111572	581,25	-2,47864151000977	
584,375	1,74500942230225	584,375	-2,46726059913635	
587,5	1,74823546409607	587,5	-2,45767951011658	
590,625	1,75201427936554	590,625	-2,43761372566223	
593,75	1,75080919265747	593,75	-2,42111444473267	
596,875	1,7539918422699	596,875	-2,4174747467041	
600	1,74138247966766	600	-2,398770570755	
603,125	1,75081861019135	603,125	-2,39099645614624	
606,25	1,74696111679077	606,25	-2,37338733673096	
609,375	1,75148105621338	609,375	-2,37311053276062	
612,5	1,74966883659363	612,5	-2,35874104499817	
615,625	1,74124693870544	615,625	-2,34317207336426	
618,75	1,74636876583099	618,75	-2,33675479888916	
621,875	1,75337707996368	621,875	-2,33447265625	
625	1,75661158561707	625	-2,31549191474915	
628,125	1,74369871616364	628,125	-2,3019859790802	
631,25	1,74986565113068	631,25	-2,27907419204712	
634,375	1,74966239929199	634,375	-2,26942539215088	
637,5	1,74752271175385	637,5	-2,26644039154053	
640,625	1,76033866405487	640,625	-2,26335406303406	
643,75	1,74407339096069	643,75	-2,24826169013977	
646,875	1,75046741962433	646,875	-2,23369359970093	
650	1,74383163452148	650	-2,23376774787903	
653,125	1,75130093097687	653,125	-2,21840763092041	
656,25	1,75445771217346	656,25	-2,20654940605164	
659,375	1,74685859680176	659,375	-2,19590520858765	
662,5	1,75123476982117	662,5	-2,19937872886658	
665,625	1,7452757358551	665,625	-2,19395780563354	
668,75	1,74709403514862	668,75	-2,17738223075867	
671,875	1,757603764534	671,875	-2,16955733299255	
675	1,75000035762787	675	-2,15133476257324	
678,125	1,74761855602264	678,125	-2,13968992233276	
681,25	1,75090718269348	681,25	-2,13751554489136	
684,375	1,75167179107666	684,375	-2,13401651382446	
687,5	1,75285840034485	687,5	-2,14117193222046	
690,625	1,72952735424042	690,625	-2,11706066131592	
693,75	1,74665999412537	693,75	-2,11945104598999	
696,875	1,74737560749054	696,875	-2,11357307434082	
700	1,74254190921783	700	-2,09896683692932	
703,125	1,7388174533844	703,125	-2,09620237350464	
706,25	1,74556875228882	706,25	-2,09526491165161	
709,375	1,75063836574554	709,375	-2,08224177360535	
712,5	1,72605693340302	712,5	-2,06768035888672	
715,625	1,73744523525238	715,625	-2,07555413246155	
718,75	1,73304855823517	718,75	-2,07466006278992	
721,875	1,73333311080933	721,875	-2,06185412406921	
725	1,72833096981049	725	-2,06217551231384	
728,125	1,72902226448059	728,125	-2,04650235176086	
731,25	1,72772443294525	731,25	-2,0487368106842	
734,375	1,72789287567139	734,375	-2,04162192344666	
737,5	1,72550642490387	737,5	-2,04358005523682	
740,625	1,7257866859436	740,625	-2,02338123321533	
743,75	1,72205483913422	743,75	-2,00848245620728	
746,875	1,7034969329834	746,875	-2,01371431350708	
750	1,70314466953278	750	-2,01126050949097	
753,125	1,70915293693542	753,125	-2,00910997390747	
756,25	1,71197700500488	756,25	-2,00142955780029	
759,375	1,71656942367554	759,375	-1,98964166641235	
762,5	1,71528351306915	762,5	-1,99817216396332	
765,625	1,71455228328705	765,625	-1,99133956432343	
768,75	1,69327211380005	768,75	-1,98512351512909	
771,875	1,69190442562103	771,875	-1,97178769111633	
775	1,69785666465759	775	-1,97653007507324	
778,125	1,69902670383453	778,125	-1,96776723861694	
781,25	1,685791015625	781,25	-1,96473979949951	
784,375	1,67780137062073	784,375	-1,95588517189026	
787,5	1,66660833358765	787,5	-1,95240390300751	
790,625	1,66403937339783	790,625	-1,95164752006531	
793,75	1,66852390766144	793,75	-1,9500321149826	
796,875	1,66585183143616	796,875	-1,95340740680695	
800	1,6580365896225	800	-1,94705533981323	
803,125	1,65948843955994	803,125	-1,95282852649689	
806,25	1,64545559883118	806,25	-1,94792723655701	
809,375	1,62005865573883	809,375	-1,92415642738342	
812,5	1,6355721950531	812,5	-1,93846356868744	
815,625	1,63525414466858	815,625	-1,93920576572418	
818,75	1,61353480815887	818,75	-1,92321336269379	
821,875	1,61481142044067	821,875	-1,91947257518768	
825	1,63232612609863	825	-1,93129980564117	
828,125	1,61485254764557	828,125	-1,92309808731079	
831,25	1,63972580432892	831,25	-1,88474249839783	
834,375	1,57894802093506	834,375	-1,89142918586731	
837,5	1,55590796470642	837,5	-1,90592396259308	
840,625	1,54160952568054	840,625	-1,89919865131378	
843,75	1,52856945991516	843,75	-1,8830338716507	
846,875	1,51596808433533	846,875	-1,89854049682617	
850	1,49909043312073	850	-1,89702892303467	
853,125	1,49997818470001	853,125	-1,89041185379028	
856,25	1,49772369861603	856,25	-1,87115716934204	
859,375	1,48175418376923	859,375	-1,84225296974182	
862,5	1,45536601543427	862,5	-1,83404314517975	
865,625	1,44050312042236	865,625	-1,82758021354675	
868,75	1,42744040489197	868,75	-1,8243533372879	
871,875	1,39774107933044	871,875	-1,79919028282166	
875	1,40397298336029	875	-1,77022004127502	
878,125	1,37760710716248	878,125	-1,75215280056	
881,25	1,36452078819275	881,25	-1,71993553638458	
884,375	1,34112524986267	884,375	-1,66695880889893	
887,5	1,34623336791992	887,5	-1,63087058067322	
890,625	1,3242849111557	890,625	-1,60829865932465	
893,75	1,29890990257263	893,75	-1,59569489955902	
896,875	1,29428791999817	896,875	-1,55440521240234	
900	1,30377614498138	900	-1,53496181964874	
903,125	1,30711185932159	903,125	-1,49435353279114	
906,25	1,31731963157654	906,25	-1,47028720378876	
909,375	1,31366169452667	909,375	-1,45351827144623	
912,5	1,3046053647995	912,5	-1,42444169521332	
915,625	1,31962084770203	915,625	-1,39634823799133	
918,75	1,33574855327606	918,75	-1,37558567523956	
921,875	1,35782814025879	921,875	-1,34524238109589	
925	1,36821317672729	925	-1,32692837715149	
928,125	1,37499678134918	928,125	-1,31904494762421	
931,25	1,3882611989975	931,25	-1,28587687015533	
934,375	1,4075186252594	934,375	-1,27625703811646	
937,5	1,4203690290451	937,5	-1,26258063316345	
940,625	1,43293213844299	940,625	-1,25310277938843	
943,75	1,44651627540588	943,75	-1,23710942268372	
946,875	1,45842635631561	946,875	-1,22592401504517	
950	1,47604191303253	950	-1,21980810165405	
953,125	1,49264967441559	953,125	-1,21069610118866	
956,25	1,50427770614624	956,25	-1,20640897750854	
959,375	1,51501727104187	959,375	-1,20383155345917	
962,5	1,52403664588928	962,5	-1,19853436946869	
965,625	1,5373375415802	965,625	-1,19549429416656	
968,75	1,54801523685455	968,75	-1,1953399181366	
971,875	1,5547651052475	971,875	-1,19193506240845	
975	1,56442058086395	975	-1,19007575511932	
978,125	1,57300615310669	978,125	-1,18832421302795	
981,25	1,58005690574646	981,25	-1,18293344974518	
984,375	1,58791196346283	984,375	-1,1852400302887	
987,5	1,59576845169067	987,5	-1,18462371826172	
990,625	1,60147261619568	990,625	-1,18434023857117	
993,75	1,60247230529785	993,75	-1,18827664852142	
996,875	1,60816562175751	996,875	-1,18749821186066	
1000	1,61089015007019	1000	-1,18923127651215	
1003,125	1,61714267730713	1003,125	-1,18735218048096	
1006,25	1,62067627906799	1006,25	-1,18763732910156	
1009,375	1,62109708786011	1009,375	-1,18857204914093	
1012,5	1,62596166133881	1012,5	-1,18898355960846	
1015,625	1,62902474403381	1015,625	-1,19228625297546	
1018,75	1,62336528301239	1018,75	-1,19435620307922	
1021,875	1,62795698642731	1021,875	-1,19606339931488	
1025	1,62393772602081	1025	-1,19530737400055	
1028,125	1,62603437900543	1028,125	-1,19772100448608	
1031,25	1,62765741348267	1031,25	-1,20172548294067	
1034,375	1,62366712093353	1034,375	-1,20194745063782	
1037,5	1,62185382843018	1037,5	-1,201828956604	
1040,625	1,61788427829742	1040,625	-1,20403552055359	
1043,75	1,61640357971191	1043,75	-1,20388185977936	
1046,875	1,61233806610107	1046,875	-1,20231115818024	
1050	1,60533547401428	1050	-1,20683014392853	
1053,125	1,60140287876129	1053,125	-1,21280813217163	
1056,25	1,59158301353455	1056,25	-1,20977425575256	
1059,375	1,5897125005722	1059,375	-1,21095752716064	
1062,5	1,58122110366821	1062,5	-1,21128344535828	
1065,625	1,56642246246338	1065,625	-1,20750069618225	
1068,75	1,5649927854538	1068,75	-1,20134675502777	
1071,875	1,55525887012482	1071,875	-1,19965672492981	
1075	1,54567170143127	1075	-1,20106709003448	
1078,125	1,53367495536804	1078,125	-1,19954431056976	
1081,25	1,51510667800903	1081,25	-1,18031752109528	
1084,375	1,50814890861511	1084,375	-1,17963838577271	
1087,5	1,49777805805206	1087,5	-1,17220616340637	
1090,625	1,49055409431458	1090,625	-1,16294932365417	
1093,75	1,47516000270844	1093,75	-1,15267789363861	
1096,875	1,46578919887543	1096,875	-1,13637173175812	
1100	1,45592451095581	1100	-1,12175810337067	
1103,125	1,44516181945801	1103,125	-1,10495507717133	
1106,25	1,44594204425812	1106,25	-1,09122812747955	
1109,375	1,43009781837463	1109,375	-1,07159054279327	
1112,5	1,42487502098083	1112,5	-1,06086337566376	
1115,625	1,43010330200195	1115,625	-1,03642117977142	
1118,75	1,41783893108368	1118,75	-1,01955878734589	
1121,875	1,42477238178253	1121,875	-1,00541353225708	
1125	1,42132234573364	1125	-0,984434306621552	
1128,125	1,42227649688721	1128,125	-0,969682693481445	
1131,25	1,42716336250305	1131,25	-0,940345227718353	
1134,375	1,43396329879761	1134,375	-0,92969286441803	
1137,5	1,43738806247711	1137,5	-0,91758406162262	
1140,625	1,44388198852539	1140,625	-0,897277593612671	
1143,75	1,45444536209106	1143,75	-0,887791574001312	
1146,875	1,46442151069641	1146,875	-0,876821458339691	
1150	1,47287797927856	1150	-0,862758159637451	
1153,125	1,48463582992554	1153,125	-0,855720460414886	
1156,25	1,48981726169586	1156,25	-0,84690910577774	
1159,375	1,49664747714996	1159,375	-0,835850059986115	
1162,5	1,506263256073	1162,5	-0,83075213432312	
1165,625	1,51143038272858	1165,625	-0,822374939918518	
1168,75	1,51801133155823	1168,75	-0,819277048110962	
1171,875	1,52431190013885	1171,875	-0,816452085971832	
1175	1,52764534950256	1175	-0,80969762802124	
1178,125	1,53254926204681	1178,125	-0,805795133113861	
1181,25	1,53762435913086	1181,25	-0,801463067531586	
1184,375	1,54198920726776	1184,375	-0,795388519763947	
1187,5	1,54233515262604	1187,5	-0,790737092494965	
1190,625	1,54659378528595	1190,625	-0,784267425537109	
1193,75	1,55271947383881	1193,75	-0,777839601039886	
1196,875	1,55573177337646	1196,875	-0,768199801445007	
1200	1,54886281490326	1200	-0,764861941337585	
1203,125	1,55275082588196	1203,125	-0,756765484809875	
1206,25	1,55969309806824	1206,25	-0,748417973518372	
1209,375	1,55893194675446	1209,375	-0,744266927242279	
1212,5	1,56250429153442	1212,5	-0,73747318983078	
1215,625	1,56726491451263	1215,625	-0,729432761669159	
1218,75	1,56714475154877	1218,75	-0,714644432067871	
1221,875	1,57763457298279	1221,875	-0,711210012435913	
1225	1,58496856689453	1225	-0,706687986850739	
1228,125	1,58798706531525	1228,125	-0,694971084594727	
1231,25	1,59196484088898	1231,25	-0,68803346157074	
1234,375	1,59970831871033	1234,375	-0,678707361221313	
1237,5	1,60965538024902	1237,5	-0,675626218318939	
1240,625	1,61418342590332	1240,625	-0,671749353408813	
1243,75	1,62254405021667	1243,75	-0,665430843830109	
1246,875	1,62833642959595	1246,875	-0,657854676246643	
1250	1,63231861591339	1250	-0,654504895210266	
1253,125	1,63994133472443	1253,125	-0,651783347129822	
1256,25	1,64356422424316	1256,25	-0,646950125694275	
1259,375	1,65410530567169	1259,375	-0,643957376480103	
1262,5	1,66313648223877	1262,5	-0,64129626750946	
1265,625	1,66841042041779	1265,625	-0,637225151062012	
1268,75	1,67640471458435	1268,75	-0,636342406272888	
1271,875	1,68048357963562	1271,875	-0,634072840213776	
1275	1,68366801738739	1275	-0,631577968597412	
1278,125	1,69207286834717	1278,125	-0,630025744438171	
1281,25	1,69762825965881	1281,25	-0,628087639808655	
1284,375	1,7028990983963	1284,375	-0,624299287796021	
1287,5	1,70980477333069	1287,5	-0,6251021027565	
1290,625	1,71536695957184	1290,625	-0,625849962234497	
1293,75	1,72027719020844	1293,75	-0,62137097120285	
1296,875	1,72113955020905	1296,875	-0,621597230434418	
1300	1,73148846626282	1300	-0,621664106845856	
1303,125	1,73566162586212	1303,125	-0,622416853904724	
1306,25	1,73885667324066	1306,25	-0,619418323040009	
1309,375	1,742147564888	1309,375	-0,619615435600281	
1312,5	1,74780821800232	1312,5	-0,620220482349396	
1315,625	1,75353848934174	1315,625	-0,619625687599182	
1318,75	1,75421869754791	1318,75	-0,618237972259521	
1321,875	1,75698530673981	1321,875	-0,615018665790558	
1325	1,76123452186584	1325	-0,615099310874939	
1328,125	1,76713740825653	1328,125	-0,617092192173004	
1331,25	1,76651811599731	1331,25	-0,616614699363709	
1334,375	1,76836121082306	1334,375	-0,620789766311646	
1337,5	1,7728226184845	1337,5	-0,617704510688782	
1340,625	1,77413952350616	1340,625	-0,616614401340485	
1343,75	1,78012609481812	1343,75	-0,616274476051331	
1346,875	1,77992308139801	1346,875	-0,615669131278992	
1350	1,78108978271484	1350	-0,617981314659119	
1353,125	1,78612124919891	1353,125	-0,617405474185944	
1356,25	1,78670072555542	1356,25	-0,621719658374786	
1359,375	1,78684031963348	1359,375	-0,616898894309998	
1362,5	1,7884556055069	1362,5	-0,616145431995392	
1365,625	1,79069805145264	1365,625	-0,617041230201721	
1368,75	1,79270660877228	1368,75	-0,617268085479736	
1371,875	1,7913898229599	1371,875	-0,61762809753418	
1375	1,79439616203308	1375	-0,61870950460434	
1378,125	1,79808127880096	1378,125	-0,619122326374054	
1381,25	1,79418277740479	1381,25	-0,621381103992462	
1384,375	1,79783427715302	1384,375	-0,622906088829041	
1387,5	1,80061662197113	1387,5	-0,6190345287323	
1390,625	1,8010493516922	1390,625	-0,617239952087402	
1393,75	1,79795217514038	1393,75	-0,617109894752502	
1396,875	1,79637980461121	1396,875	-0,618698835372925	
1400	1,79596829414368	1400	-0,616947174072266	
1403,125	1,79456090927124	1403,125	-0,618404984474182	
1406,25	1,7922694683075	1406,25	-0,618051648139954	
1409,375	1,78929615020752	1409,375	-0,614817917346954	
1412,5	1,79054236412048	1412,5	-0,610892713069916	
1415,625	1,78907072544098	1415,625	-0,608202755451202	
1418,75	1,78955078125	1418,75	-0,605894088745117	
1421,875	1,79096961021423	1421,875	-0,601380944252014	
1425	1,79251277446747	1425	-0,600146472454071	
1428,125	1,79094529151917	1428,125	-0,599804937839508	
1431,25	1,79328799247742	1431,25	-0,596098780632019	
1434,375	1,79379105567932	1434,375	-0,592541873455048	
1437,5	1,79186034202576	1437,5	-0,587656021118164	
1440,625	1,79815661907196	1440,625	-0,585849523544312	
1443,75	1,79145276546478	1443,75	-0,586524307727814	
1446,875	1,79535531997681	1446,875	-0,580914735794067	
1450	1,7961950302124	1450	-0,579026758670807	
1453,125	1,79773950576782	1453,125	-0,5762038230896	
1456,25	1,79679715633392	1456,25	-0,574501633644104	
1459,375	1,79837930202484	1459,375	-0,571441769599915	
1462,5	1,80000817775726	1462,5	-0,566886901855469	
1465,625	1,80148422718048	1465,625	-0,56589537858963	
1468,75	1,80061197280884	1468,75	-0,564532876014709	
1471,875	1,80153477191925	1471,875	-0,562398195266724	
1475	1,80595242977142	1475	-0,559320867061615	
1478,125	1,80611205101013	1478,125	-0,556431412696838	
1481,25	1,80848515033722	1481,25	-0,552299320697784	
1484,375	1,80726790428162	1484,375	-0,55243444442749	
1487,5	1,81179809570313	1487,5	-0,553532898426056	
1490,625	1,81298160552979	1490,625	-0,550943613052368	
1493,75	1,81462550163269	1493,75	-0,550334751605988	
1496,875	1,82047498226166	1496,875	-0,547438263893127	
1500	1,81621885299683	1500	-0,547102451324463	
1503,125	1,81738889217377	1503,125	-0,54468047618866	
1506,25	1,82084536552429	1506,25	-0,541168928146362	
1509,375	1,81916308403015	1509,375	-0,546117305755615	
1512,5	1,82066810131073	1512,5	-0,543044805526733	
1515,625	1,82366716861725	1515,625	-0,543313086032867	
1518,75	1,82331323623657	1518,75	-0,541004776954651	
1521,875	1,82709002494812	1521,875	-0,537830293178558	
1525	1,82443583011627	1525	-0,542396724224091	
1528,125	1,82448792457581	1528,125	-0,536928772926331	
1531,25	1,82495737075806	1531,25	-0,536629736423492	
1534,375	1,82453763484955	1534,375	-0,53371000289917	
1537,5	1,82449650764465	1537,5	-0,536051154136658	
1540,625	1,82680284976959	1540,625	-0,532350599765778	
1543,75	1,82187521457672	1543,75	-0,534638106822968	
1546,875	1,82535254955292	1546,875	-0,530085146427155	
1550	1,82418811321259	1550	-0,531312227249146	
1553,125	1,82703280448914	1553,125	-0,529597222805023	
1556,25	1,82342386245728	1556,25	-0,528990626335144	
1559,375	1,82475864887238	1559,375	-0,529240369796753	
1562,5	1,82424414157867	1562,5	-0,527897238731384	
1565,625	1,81981718540192	1565,625	-0,522690057754517	
1568,75	1,82098269462585	1568,75	-0,524144887924194	
1571,875	1,81806564331055	1571,875	-0,522049963474274	
1575	1,82112348079681	1575	-0,520145118236542	
1578,125	1,81957900524139	1578,125	-0,519806861877441	
1581,25	1,81932055950165	1581,25	-0,521012961864471	
1584,375	1,82061326503754	1584,375	-0,515269935131073	
1587,5	1,81875503063202	1587,5	-0,515786230564117	
1590,625	1,81787061691284	1590,625	-0,516379415988922	
1593,75	1,8150372505188	1593,75	-0,515582799911499	
1596,875	1,81510949134827	1596,875	-0,511223495006561	
1600	1,81481420993805	1600	-0,510551691055298	
1603,125	1,8133704662323	1603,125	-0,50872790813446	
1606,25	1,81061279773712	1606,25	-0,506930589675903	
1609,375	1,8059458732605	1609,375	-0,497542262077332	
1612,5	1,80058419704437	1612,5	-0,494042336940765	
1615,625	1,80172646045685	1615,625	-0,493787348270416	
1618,75	1,80176937580109	1618,75	-0,496478945016861	
1621,875	1,80069470405579	1621,875	-0,491167217493057	
1625	1,79513871669769	1625	-0,488749474287033	
1628,125	1,79693651199341	1628,125	-0,482965618371964	
1631,25	1,79240953922272	1631,25	-0,48075532913208	
1634,375	1,79575335979462	1634,375	-0,480671435594559	
1637,5	1,79031467437744	1637,5	-0,475960433483124	
1640,625	1,79116916656494	1640,625	-0,464203894138336	
1643,75	1,78210961818695	1643,75	-0,464124262332916	
1646,875	1,78766047954559	1646,875	-0,459126949310303	
1650	1,78752946853638	1650	-0,456911683082581	
1653,125	1,78514969348907	1653,125	-0,451228350400925	
1656,25	1,78520381450653	1656,25	-0,446104645729065	
1659,375	1,78793883323669	1659,375	-0,438274145126343	
1662,5	1,78837478160858	1662,5	-0,432702273130417	
1665,625	1,7878212928772	1665,625	-0,430980801582336	
1668,75	1,78952407836914	1668,75	-0,425511866807938	
1671,875	1,79042041301727	1671,875	-0,423318356275558	
1675	1,78895747661591	1675	-0,418072074651718	
1678,125	1,7890077829361	1678,125	-0,416155576705933	
1681,25	1,79522788524628	1681,25	-0,409497439861298	
1684,375	1,78909170627594	1684,375	-0,403870701789856	
1687,5	1,79120373725891	1687,5	-0,402374267578125	
1690,625	1,79204595088959	1690,625	-0,398980438709259	
1693,75	1,79278349876404	1693,75	-0,390351712703705	
1696,875	1,79493701457977	1696,875	-0,391831994056702	
1700	1,7945271730423	1700	-0,388001620769501	
1703,125	1,79800724983215	1703,125	-0,386598944664001	
1706,25	1,79928958415985	1706,25	-0,383917838335037	
1709,375	1,79552280902863	1709,375	-0,378263622522354	
1712,5	1,79676556587219	1712,5	-0,372683644294739	
1715,625	1,79587352275848	1715,625	-0,36915597319603	
1718,75	1,79908800125122	1718,75	-0,368035942316055	
1721,875	1,79768037796021	1721,875	-0,366544753313065	
1725	1,79040884971619	1725	-0,361891508102417	
1728,125	1,79737591743469	1728,125	-0,356196612119675	
1731,25	1,80351638793945	1731,25	-0,348852425813675	
1734,375	1,80378890037537	1734,375	-0,348074167966843	
1737,5	1,8030059337616	1737,5	-0,342590630054474	
1740,625	1,81008124351501	1740,625	-0,33754962682724	
1743,75	1,80663764476776	1743,75	-0,33376082777977	
1746,875	1,80860376358032	1746,875	-0,327553987503052	
1750	1,81359255313873	1750	-0,324439853429794	
1753,125	1,81399011611938	1753,125	-0,320398420095444	
1756,25	1,81297647953033	1756,25	-0,318571150302887	
1759,375	1,81927680969238	1759,375	-0,312536776065826	
1762,5	1,82021903991699	1762,5	-0,310839921236038	
1765,625	1,82225632667542	1765,625	-0,310346841812134	
1768,75	1,82444190979004	1768,75	-0,304246664047241	
1771,875	1,8293662071228	1771,875	-0,299536734819412	
1775	1,83215224742889	1775	-0,296314358711243	
1778,125	1,8331047296524	1778,125	-0,296223104000092	
1781,25	1,83708560466766	1781,25	-0,292089492082596	
1784,375	1,83971285820007	1784,375	-0,287416458129883	
1787,5	1,84583032131195	1787,5	-0,289680451154709	
1790,625	1,84297358989716	1790,625	-0,284489929676056	
1793,75	1,85028088092804	1793,75	-0,287946671247482	
1796,875	1,85634815692902	1796,875	-0,281085342168808	
1800	1,85639417171478	1800	-0,271874219179153	
1803,125	1,85624754428864	1803,125	-0,28066149353981	
1806,25	1,86111986637115	1806,25	-0,275168925523758	
1809,375	1,86189365386963	1809,375	-0,273618221282959	
1812,5	1,86894023418427	1812,5	-0,26667383313179	
1815,625	1,868896484375	1815,625	-0,275479942560196	
1818,75	1,86740612983704	1818,75	-0,268138825893402	
1821,875	1,8721159696579	1821,875	-0,270054548978806	
1825	1,8768424987793	1825	-0,272309541702271	
1828,125	1,87844800949097	1828,125	-0,271030634641647	
1831,25	1,87932920455933	1831,25	-0,267664670944214	
1834,375	1,87906408309937	1834,375	-0,268329977989197	
1837,5	1,8826892375946	1837,5	-0,265441924333572	
1840,625	1,8869469165802	1840,625	-0,27026155591011	
1843,75	1,88306796550751	1843,75	-0,268091320991516	
1846,875	1,88590168952942	1846,875	-0,27084693312645	
1850	1,88699042797089	1850	-0,270390540361404	
1853,125	1,88823068141937	1853,125	-0,268902093172073	
1856,25	1,88567316532135	1856,25	-0,261971324682236	
1859,375	1,8878720998764	1859,375	-0,264687180519104	
1862,5	1,88533198833466	1862,5	-0,265865206718445	
1865,625	1,88837862014771	1865,625	-0,262160688638687	
1868,75	1,88720774650574	1868,75	-0,258577704429626	
1871,875	1,88703620433807	1871,875	-0,260096341371536	
1875	1,89120328426361	1875	-0,260434806346893	
1878,125	1,88510024547577	1878,125	-0,258235633373261	
1881,25	1,88575553894043	1881,25	-0,257233589887619	
1884,375	1,88868451118469	1884,375	-0,25710928440094	
1887,5	1,88797926902771	1887,5	-0,254717648029327	
1890,625	1,88415729999542	1890,625	-0,249936446547508	
1893,75	1,88426125049591	1893,75	-0,245167195796967	
1896,875	1,88302302360535	1896,875	-0,242302969098091	
1900	1,8850644826889	1900	-0,241735264658928	
1903,125	1,88323104381561	1903,125	-0,236089423298836	
1906,25	1,88283908367157	1906,25	-0,234388455748558	
1909,375	1,88415324687958	1909,375	-0,231368884444237	
1912,5	1,88743257522583	1912,5	-0,227037638425827	
1915,625	1,88570940494537	1915,625	-0,225098967552185	
1918,75	1,88583707809448	1918,75	-0,227093100547791	
1921,875	1,89156687259674	1921,875	-0,222380995750427	
1925	1,89485859870911	1925	-0,221602335572243	
1928,125	1,89160168170929	1928,125	-0,21675243973732	
1931,25	1,89385974407196	1931,25	-0,211730018258095	
1934,375	1,89727306365967	1934,375	-0,211064264178276	
1937,5	1,90078377723694	1937,5	-0,207945853471756	
1940,625	1,90187203884125	1940,625	-0,206859365105629	
1943,75	1,90358793735504	1943,75	-0,205061227083206	
1946,875	1,90264570713043	1946,875	-0,202903732657433	
1950	1,9069801568985	1950	-0,197921380400658	
1953,125	1,91062593460083	1953,125	-0,201296254992485	
1956,25	1,91392982006073	1956,25	-0,197058543562889	
1959,375	1,91659128665924	1959,375	-0,198529347777367	
1962,5	1,92325341701508	1962,5	-0,197584301233292	
1965,625	1,9210444688797	1965,625	-0,194589883089066	
1968,75	1,92467164993286	1968,75	-0,196740657091141	
1971,875	1,92255353927612	1971,875	-0,193600088357925	
1975	1,92015635967255	1975	-0,188756451010704	
1978,125	1,92742168903351	1978,125	-0,197045683860779	
1981,25	1,92994940280914	1981,25	-0,191634982824326	
1984,375	1,92928898334503	1984,375	-0,193209648132324	
1987,5	1,93324565887451	1987,5	-0,189367100596428	
1990,625	1,9363055229187	1990,625	-0,187774136662483	
1993,75	1,93288242816925	1993,75	-0,194398626685143	
1996,875	1,93793725967407	1996,875	-0,193588525056839	
2000	1,94325590133667	2000	-0,193406373262405	
2003,125	1,94329917430878	2003,125	-0,192622616887093	
2006,25	1,9424729347229	2006,25	-0,19337560236454	
2009,375	1,94058001041412	2009,375	-0,196682542562485	
2012,5	1,93964147567749	2012,5	-0,19466158747673	
2015,625	1,94142234325409	2015,625	-0,193641752004623	
2018,75	1,93747818470001	2018,75	-0,196140572428703	
2021,875	1,94661617279053	2021,875	-0,194482892751694	
2025	1,9464920759201	2025	-0,195633471012115	
2028,125	1,94322860240936	2028,125	-0,190729930996895	
2031,25	1,93482661247253	2031,25	-0,187239676713943	
2034,375	1,9421728849411	2034,375	-0,197598800063133	
2037,5	1,94271337985992	2037,5	-0,190892264246941	
2040,625	1,92693078517914	2040,625	-0,193139106035233	
2043,75	1,9347859621048	2043,75	-0,191290974617004	
2046,875	1,93846833705902	2046,875	-0,188255593180656	
2050	1,93721425533295	2050	-0,193276017904282	
2053,125	1,93896067142487	2053,125	-0,192123353481293	
2056,25	1,93558883666992	2056,25	-0,189869344234467	
2059,375	1,93335366249084	2059,375	-0,190802335739136	
2062,5	1,93095350265503	2062,5	-0,188312068581581	
2065,625	1,93005263805389	2065,625	-0,190926164388657	
2068,75	1,93285119533539	2068,75	-0,188332185149193	
2071,875	1,93378257751465	2071,875	-0,18827098608017	
2075	1,93058574199677	2075	-0,185634687542915	
2078,125	1,92596745491028	2078,125	-0,18242983520031	
2081,25	1,92371106147766	2081,25	-0,178238391876221	
2084,375	1,92554330825806	2084,375	-0,182117387652397	
2087,5	1,92555522918701	2087,5	-0,177019119262695	
2090,625	1,92432844638824	2090,625	-0,174462512135506	
2093,75	1,91987812519073	2093,75	-0,174315452575684	
2096,875	1,92006993293762	2096,875	-0,164889380335808	
2100	1,91448271274567	2100	-0,170622155070305	
2103,125	1,91445136070251	2103,125	-0,162074908614159	
2106,25	1,91571617126465	2106,25	-0,155910030007362	
2109,375	1,91513216495514	2109,375	-0,155695155262947	
2112,5	1,91740024089813	2112,5	-0,152364790439606	
2115,625	1,91544806957245	2115,625	-0,148234590888023	
2118,75	1,91737568378448	2118,75	-0,142564997076988	
2121,875	1,91240704059601	2121,875	-0,139166921377182	
2125	1,91162717342377	2125	-0,136100947856903	
2128,125	1,91799318790436	2128,125	-0,135424703359604	
2131,25	1,91728436946869	2131,25	-0,129447504878044	
2134,375	1,91642904281616	2134,375	-0,129834771156311	
2137,5	1,92036986351013	2137,5	-0,123485326766968	
2140,625	1,91845464706421	2140,625	-0,118473522365093	
2143,75	1,91987025737762	2143,75	-0,116216383874416	
2146,875	1,92828762531281	2146,875	-0,109636142849922	
2150	1,93058586120605	2150	-0,109957717359066	
2153,125	1,92864775657654	2153,125	-0,10436375439167	
2156,25	1,93660879135132	2156,25	-0,101616069674492	
2159,375	1,93637466430664	2159,375	-0,100310228765011	
2162,5	1,93721044063568	2162,5	-0,0907515808939934	
2165,625	1,9382598400116	2165,625	-0,0899722650647163	
2168,75	1,9446884393692	2168,75	-0,0957799553871155	
2171,875	1,94802939891815	2171,875	-0,0909662172198296	
2175	1,9564927816391	2175	-0,088981956243515	
2178,125	1,9550222158432	2178,125	-0,0894080251455307	
2181,25	1,95429003238678	2181,25	-0,0842171609401703	
2184,375	1,95429730415344	2184,375	-0,0858975127339363	
2187,5	1,95982384681702	2187,5	-0,0853027477860451	
2190,625	1,96415936946869	2190,625	-0,0787287876009941	
2193,75	1,97221004962921	2193,75	-0,0814997106790543	
2196,875	1,97358059883118	2196,875	-0,0835178047418594	
2200	1,97192120552063	2200	-0,0828802511096001	
2203,125	1,97667908668518	2203,125	-0,0834260284900665	
2206,25	1,9776703119278	2206,25	-0,0799842551350594	
2209,375	1,97934067249298	2209,375	-0,0776219218969345	
2212,5	1,99186837673187	2212,5	-0,0824742987751961	
2215,625	1,99555027484894	2215,625	-0,0846224278211594	
2218,75	1,99321448802948	2218,75	-0,0794823616743088	
2221,875	1,99166655540466	2221,875	-0,0772055760025978	
2225	1,99410998821259	2225	-0,0829531252384186	
2228,125	1,99906957149506	2228,125	-0,0850391536951065	
2231,25	1,99448263645172	2231,25	-0,0823536887764931	
2234,375	1,99225914478302	2234,375	-0,0830010697245598	
2237,5	1,99894368648529	2237,5	-0,0778050497174263	
2240,625	2,00779342651367	2240,625	-0,0862695053219795	
2243,75	2,00738835334778	2243,75	-0,0827392935752869	
2246,875	2,00725817680359	2246,875	-0,0790631249547005	
2250	2,0017876625061	2250	-0,0798174515366554	
2253,125	2,00426316261292	2253,125	-0,0820138677954674	
2256,25	2,00255227088928	2256,25	-0,0824056938290596	
2259,375	2,00730156898499	2259,375	-0,0828823819756508	
2262,5	2,00829839706421	2262,5	-0,0809217914938927	
2265,625	2,00813436508179	2265,625	-0,0816610679030418	
2268,75	2,00170373916626	2268,75	-0,0811931863427162	
2271,875	2,00443530082703	2271,875	-0,080946758389473	
2275	2,00836253166199	2275	-0,0847432017326355	
2278,125	2,01241827011108	2278,125	-0,0827904567122459	
2281,25	2,01129674911499	2281,25	-0,0794900208711624	
2284,375	2,01124095916748	2284,375	-0,0764949843287468	
2287,5	2,01910710334778	2287,5	-0,0812455788254738	
2290,625	2,01429581642151	2290,625	-0,0787584185600281	
2293,75	2,01296591758728	2293,75	-0,0734572038054466	
2296,875	2,0170955657959	2296,875	-0,0765363574028015	
2300	2,01777982711792	2300	-0,0766327977180481	
2303,125	2,01628017425537	2303,125	-0,0758213251829147	
2306,25	2,0190007686615	2306,25	-0,0763460099697113	
2309,375	2,02341961860657	2309,375	-0,0720748379826546	
2312,5	2,02076268196106	2312,5	-0,0703344270586967	
2315,625	2,01682186126709	2315,625	-0,0706461817026138	
2318,75	2,02338194847107	2318,75	-0,0770643055438995	
2321,875	2,01764607429504	2321,875	-0,0731963515281677	
2325	2,02599191665649	2325	-0,0743176564574242	
2328,125	2,02803540229797	2328,125	-0,0705249160528183	
2331,25	2,03084230422974	2331,25	-0,0712076425552368	
2334,375	2,03616094589233	2334,375	-0,0709979981184006	
2337,5	2,03451991081238	2337,5	-0,0708584636449814	
2340,625	2,02876114845276	2340,625	-0,0699547603726387	
2343,75	2,04123783111572	2343,75	-0,073342427611351	
2346,875	2,03766107559204	2346,875	-0,0741957351565361	
2350	2,04327535629272	2350	-0,069833479821682	
2353,125	2,0437650680542	2353,125	-0,0727442428469658	
2356,25	2,04352116584778	2356,25	-0,0717185661196709	
2359,375	2,04275393486023	2359,375	-0,0712760612368584	
2362,5	2,04519963264465	2362,5	-0,0733464956283569	
2365,625	2,04912304878235	2365,625	-0,081098236143589	
2368,75	2,04833602905273	2368,75	-0,0732986479997635	
2371,875	2,03616714477539	2371,875	-0,075263112783432	
2375	2,04245710372925	2375	-0,0775877237319946	
2378,125	2,04621863365173	2378,125	-0,0827751681208611	
2381,25	2,04949140548706	2381,25	-0,0824134424328804	
2384,375	2,0552237033844	2384,375	-0,077571228146553	
2387,5	2,04704523086548	2387,5	-0,0817880854010582	
2390,625	2,0473415851593	2390,625	-0,081578865647316	
2393,75	2,05003428459167	2393,75	-0,0809593424201012	
2396,875	2,05584669113159	2396,875	-0,0840828865766525	
2400	2,05173349380493	2400	-0,0822560340166092	
2403,125	2,05243945121765	2403,125	-0,0813458263874054	
2406,25	2,05674719810486	2406,25	-0,0841220319271088	
2409,375	2,05525279045105	2409,375	-0,0869848504662514	
2412,5	2,04995083808899	2412,5	-0,0791564434766769	
2415,625	2,04579162597656	2415,625	-0,0933127179741859	
2418,75	2,04832816123962	2418,75	-0,0909819453954697	
2421,875	2,05369639396667	2421,875	-0,0852111130952835	
2425	2,051513671875	2425	-0,0845020487904549	
2428,125	2,04919934272766	2428,125	-0,0892539396882057	
2431,25	2,04939913749695	2431,25	-0,0885509848594666	
2434,375	2,04804730415344	2434,375	-0,089196503162384	
2437,5	2,04972767829895	2437,5	-0,086490124464035	
2440,625	2,04981184005737	2440,625	-0,0865112096071243	
2443,75	2,04903721809387	2443,75	-0,0896811857819557	
2446,875	2,04640507698059	2446,875	-0,0877095311880112	
2450	2,05106902122498	2450	-0,0858497694134712	
2453,125	2,05075263977051	2453,125	-0,085839681327343	
2456,25	2,05148935317993	2456,25	-0,0875187963247299	
2459,375	2,05495738983154	2459,375	-0,0846701040863991	
2462,5	2,05188250541687	2462,5	-0,0884247124195099	
2465,625	2,05309462547302	2465,625	-0,0872848480939865	
2468,75	2,04997515678406	2468,75	-0,0817711651325226	
2471,875	2,05502915382385	2471,875	-0,0937938913702965	
2475	2,05418181419373	2475	-0,0850306525826454	
2478,125	2,05869030952454	2478,125	-0,0863553732633591	
2481,25	2,05758309364319	2481,25	-0,0784230008721352	
2484,375	2,0574939250946	2484,375	-0,0875126570463181	
2487,5	2,06020975112915	2487,5	-0,0945376604795456	
2490,625	2,05785083770752	2490,625	-0,0866015329957008	
2493,75	2,05140852928162	2493,75	-0,0864577144384384	
2496,875	2,05208516120911	2496,875	-0,0879912152886391	
2500	2,05936574935913	2500	-0,0869775414466858	
2503,125	2,05706524848938	2503,125	-0,0900513231754303	
2506,25	2,06502175331116	2506,25	-0,082917757332325	
2509,375	2,06209778785706	2509,375	-0,0841067731380463	
2512,5	2,06053400039673	2512,5	-0,0822365060448647	
2515,625	2,05620884895325	2515,625	-0,0841731503605843	
2518,75	2,05965065956116	2518,75	-0,0817992687225342	
2521,875	2,06067562103271	2521,875	-0,0796371623873711	
2525	2,06877136230469	2525	-0,091274306178093	
2528,125	2,05919194221497	2528,125	-0,0850279107689857	
2531,25	2,05943894386292	2531,25	-0,0866601020097733	
2534,375	2,06600260734558	2534,375	-0,0831042006611824	
2537,5	2,06871843338013	2537,5	-0,0916869789361954	
2540,625	2,05852341651917	2540,625	-0,0835389792919159	
2543,75	2,05550336837769	2543,75	-0,0911398753523827	
2546,875	2,06949710845947	2546,875	-0,0923589393496513	
2550	2,07226538658142	2550	-0,0886092036962509	
2553,125	2,07253861427307	2553,125	-0,0923768877983093	
2556,25	2,07390379905701	2556,25	-0,0943141132593155	
2559,375	2,07085680961609	2559,375	-0,0939478650689125	
2562,5	2,06715369224548	2562,5	-0,0948363319039345	
2565,625	2,06689858436584	2565,625	-0,0939265489578247	
2568,75	2,06987905502319	2568,75	-0,0928790494799614	
2571,875	2,07490849494934	2571,875	-0,0937914103269577	
2575	2,0725691318512	2575	-0,0960716158151627	
2578,125	2,06029462814331	2578,125	-0,101773604750633	
2581,25	2,06884503364563	2581,25	-0,0952358469367027	
2584,375	2,06723141670227	2584,375	-0,0965467393398285	
2587,5	2,069340467453	2587,5	-0,0990607663989067	
2590,625	2,06666159629822	2590,625	-0,101505927741528	
2593,75	2,06715488433838	2593,75	-0,102311804890633	
2596,875	2,07235431671143	2596,875	-0,0974961966276169	
2600	2,06771302223206	2600	-0,097310021519661	
2603,125	2,06687426567078	2603,125	-0,10168444365263	
2606,25	2,06377530097961	2606,25	-0,0981211289763451	
2609,375	2,07028007507324	2609,375	-0,0962400659918785	
2612,5	2,07104635238647	2612,5	-0,098416268825531	
2615,625	2,07064533233643	2615,625	-0,105345502495766	
2618,75	2,07575964927673	2618,75	-0,10328347235918	
2621,875	2,07215189933777	2621,875	-0,105748169124126	
2625	2,06861901283264	2625	-0,101755820214748	
2628,125	2,07078218460083	2628,125	-0,103298433125019	
2631,25	2,06950902938843	2631,25	-0,107782021164894	
2634,375	2,06598210334778	2634,375	-0,10352236777544	
2637,5	2,06619167327881	2637,5	-0,109785035252571	
2640,625	2,06875157356262	2640,625	-0,108608163893223	
2643,75	2,0757040977478	2643,75	-0,108480833470821	
2646,875	2,07889747619629	2646,875	-0,100061476230621	
2650	2,07606291770935	2650	-0,118627391755581	
2653,125	2,07256317138672	2653,125	-0,111243896186352	
2656,25	2,07789087295532	2656,25	-0,111958704888821	
2659,375	2,07593369483948	2659,375	-0,114774905145168	
2662,5	2,07270097732544	2662,5	-0,11187344789505	
2665,625	2,07229018211365	2665,625	-0,114424116909504	
2668,75	2,06423759460449	2668,75	-0,114726908504963	
2671,875	2,07341051101685	2671,875	-0,114721037447453	
2675	2,07560110092163	2675	-0,113893255591393	
2678,125	2,07349896430969	2678,125	-0,11160846054554	
2681,25	2,07696461677551	2681,25	-0,113053932785988	
2684,375	2,07663583755493	2684,375	-0,119401909410954	
2687,5	2,07495760917664	2687,5	-0,115357212722301	
2690,625	2,07418155670166	2690,625	-0,124490946531296	
2693,75	2,07360172271729	2693,75	-0,11783304810524	
2696,875	2,0698254108429	2696,875	-0,12012156099081	
2700	2,06937265396118	2700	-0,120311237871647	
2703,125	2,07111883163452	2703,125	-0,121150389313698	
2706,25	2,06896114349365	2706,25	-0,119252286851406	
2709,375	2,07099270820618	2709,375	-0,120097227394581	
2712,5	2,07434797286987	2712,5	-0,116929143667221	
2715,625	2,07256674766541	2715,625	-0,12027108669281	
2718,75	2,06894373893738	2718,75	-0,121993772685528	
2721,875	2,06668424606323	2721,875	-0,120005697011948	
2725	2,07178997993469	2725	-0,12012592703104	
2728,125	2,07734823226929	2728,125	-0,121808394789696	
2731,25	2,07599496841431	2731,25	-0,121092706918716	
2734,375	2,07043266296387	2734,375	-0,119374111294746	
2737,5	2,07086420059204	2737,5	-0,121491260826588	
2740,625	2,07560706138611	2740,625	-0,117613390088081	
2743,75	2,08404994010925	2743,75	-0,118338584899902	
2746,875	2,07985997200012	2746,875	-0,117711991071701	
2750	2,07291769981384	2750	-0,117497429251671	
2753,125	2,07924222946167	2753,125	-0,117412455379963	
2756,25	2,08195519447327	2756,25	-0,124470047652721	
2759,375	2,08178520202637	2759,375	-0,119958885014057	
2762,5	2,07960820198059	2762,5	-0,122558623552322	
2765,625	2,08205151557922	2765,625	-0,119045816361904	
2768,75	2,090487241745	2768,75	-0,123360350728035	
2771,875	2,08490586280823	2771,875	-0,124030955135822	
2775	2,08570408821106	2775	-0,124385491013527	
2778,125	2,08497452735901	2778,125	-0,124690927565098	
2781,25	2,08925557136536	2781,25	-0,126266717910767	
2784,375	2,08687114715576	2784,375	-0,12487056106329	
2787,5	2,08331418037415	2787,5	-0,125966981053352	
2790,625	2,08877539634705	2790,625	-0,129260465502739	
2793,75	2,09055471420288	2793,75	-0,127989619970322	
2796,875	2,09303855895996	2796,875	-0,128337010741234	
2800	2,09503483772278	2800	-0,128542512655258	
2803,125	2,10236096382141	2803,125	-0,127737030386925	
2806,25	2,09608244895935	2806,25	-0,133338451385498	
2809,375	2,0975604057312	2809,375	-0,130837619304657	
2812,5	2,10028433799744	2812,5	-0,135680198669434	
2815,625	2,1001672744751	2815,625	-0,136533081531525	
2818,75	2,09796905517578	2818,75	-0,136127516627312	
2821,875	2,0994918346405	2821,875	-0,138811498880386	
2825	2,09626746177673	2825	-0,136844888329506	
2828,125	2,09909987449646	2828,125	-0,136429041624069	
2831,25	2,1015989780426	2831,25	-0,144877970218658	
2834,375	2,09774160385132	2834,375	-0,143608659505844	
2837,5	2,10826659202576	2837,5	-0,146304875612259	
2840,625	2,10701704025269	2840,625	-0,145679861307144	
2843,75	2,09962296485901	2843,75	-0,143719494342804	
2846,875	2,10226154327393	2846,875	-0,150508388876915	
2850	2,10243773460388	2850	-0,14819048345089	
2853,125	2,09999847412109	2853,125	-0,147652462124825	
2856,25	2,10537075996399	2856,25	-0,146643593907356	
2859,375	2,10326266288757	2859,375	-0,147857710719109	
2862,5	2,10350322723389	2862,5	-0,151645869016647	
2865,625	2,09961032867432	2865,625	-0,155767232179642	
2868,75	2,10279583930969	2868,75	-0,15303997695446	
2871,875	2,10912489891052	2871,875	-0,151962950825691	
2875	2,10405802726746	2875	-0,156937927007675	
2878,125	2,1053786277771	2878,125	-0,155759915709496	
2881,25	2,10512781143188	2881,25	-0,157343521714211	
2884,375	2,10401773452759	2884,375	-0,157723516225815	
2887,5	2,1088342666626	2887,5	-0,158181741833687	
2890,625	2,11138558387756	2890,625	-0,163323074579239	
2893,75	2,10931301116943	2893,75	-0,161919370293617	
2896,875	2,10617709159851	2896,875	-0,161329284310341	
2900	2,10679912567139	2900	-0,15966534614563	
2903,125	2,10794639587402	2903,125	-0,160195171833038	
2906,25	2,10389089584351	2906,25	-0,162765383720398	
2909,375	2,10749387741089	2909,375	-0,162822052836418	
2912,5	2,10430479049683	2912,5	-0,161066561937332	
2915,625	2,10233902931213	2915,625	-0,163654014468193	
2918,75	2,10431027412415	2918,75	-0,166052863001823	
2921,875	2,10858583450317	2921,875	-0,162130489945412	
2925	2,11380791664124	2925	-0,163125768303871	
2928,125	2,10723400115967	2928,125	-0,165913283824921	
2931,25	2,10434222221375	2931,25	-0,164904907345772	
2934,375	2,10981678962708	2934,375	-0,164437770843506	
2937,5	2,10958480834961	2937,5	-0,165976718068123	
2940,625	2,10522818565369	2940,625	-0,16490963101387	
2943,75	2,10478615760803	2943,75	-0,165087625384331	
2946,875	2,10939788818359	2946,875	-0,169101476669312	
2950	2,10931396484375	2950	-0,165761828422546	
2953,125	2,11020088195801	2953,125	-0,167546451091766	
2956,25	2,11661028862	2956,25	-0,164623096585274	
2959,375	2,11368489265442	2959,375	-0,16807633638382	
2962,5	2,10965895652771	2962,5	-0,166199430823326	
2965,625	2,11399602890015	2965,625	-0,166475832462311	
2968,75	2,12008762359619	2968,75	-0,16703824698925	
2971,875	2,12072229385376	2971,875	-0,166275635361671	
2975	2,12034034729004	2975	-0,164203137159348	
2978,125	2,12068843841553	2978,125	-0,164059296250343	
2981,25	2,11668872833252	2981,25	-0,164374366402626	
2984,375	2,12459850311279	2984,375	-0,165038198232651	
2987,5	2,12678647041321	2987,5	-0,164678543806076	
2990,625	2,12414360046387	2990,625	-0,166975736618042	
2993,75	2,12800860404968	2993,75	-0,164402663707733	
2996,875	2,13051819801331	2996,875	-0,165863588452339	
3000	2,12863969802856	3000	-0,173886850476265	
3003,125	2,13919401168823	3003,125	-0,171042799949646	
3006,25	2,13852977752686	3006,25	-0,173795357346535	
3009,375	2,13426065444946	3009,375	-0,17525540292263	
3012,5	2,13333034515381	3012,5	-0,178135216236115	
3015,625	2,13645720481873	3015,625	-0,181941136717796	
3018,75	2,13736414909363	3018,75	-0,178139552474022	
3021,875	2,13430428504944	3021,875	-0,182525262236595	
3025	2,13539409637451	3025	-0,183799237012863	
3028,125	2,13710999488831	3028,125	-0,180924534797668	
3031,25	2,14200472831726	3031,25	-0,184304937720299	
3034,375	2,13606262207031	3034,375	-0,17774310708046	
3037,5	2,13042616844177	3037,5	-0,190845638513565	
3040,625	2,13134336471558	3040,625	-0,18800961971283	
3043,75	2,13366937637329	3043,75	-0,183667659759521	
3046,875	2,14219164848328	3046,875	-0,188593193888664	
3050	2,13666701316834	3050	-0,188480198383331	
3053,125	2,13673520088196	3053,125	-0,191757470369339	
3056,25	2,13678646087646	3056,25	-0,190777152776718	
3059,375	2,14215803146362	3059,375	-0,192969709634781	
3062,5	2,1415958404541	3062,5	-0,194010674953461	
3065,625	2,14260601997375	3065,625	-0,190187439322472	
3068,75	2,14140439033508	3068,75	-0,191501662135124	
3071,875	2,14140748977661	3071,875	-0,188300833106041	
3075	2,1416347026825	3075	-0,191874459385872	
3078,125	2,13677334785461	3078,125	-0,195552736520767	
3081,25	2,13718390464783	3081,25	-0,194160506129265	
3084,375	2,13919901847839	3084,375	-0,192631706595421	
3087,5	2,1426248550415	3087,5	-0,189933300018311	
3090,625	2,1435546875	3090,625	-0,193893164396286	
3093,75	2,14709258079529	3093,75	-0,198855251073837	
3096,875	2,14665412902832	3096,875	-0,197546556591988	
3100	2,13860893249512	3100	-0,19901230931282	
3103,125	2,13956499099731	3103,125	-0,197445765137672	
3106,25	2,14098620414734	3106,25	-0,202767953276634	
3109,375	2,13918685913086	3109,375	-0,201710447669029	
3112,5	2,14170980453491	3112,5	-0,197474405169487	
3115,625	2,14234972000122	3115,625	-0,193157508969307	
3118,75	2,14313435554504	3118,75	-0,196811899542809	
3121,875	2,15276622772217	3121,875	-0,190150946378708	
3125	2,147700548172	3125	-0,200890138745308	
3128,125	2,14735555648804	3128,125	-0,198181569576263	
3131,25	2,14351534843445	3131,25	-0,199473366141319	
3134,375	2,14711880683899	3134,375	-0,203377887606621	
3137,5	2,14558005332947	3137,5	-0,197888091206551	
3140,625	2,14310550689697	3140,625	-0,199542477726936	
3143,75	2,14703750610352	3143,75	-0,196115151047707	
3146,875	2,14344072341919	3146,875	-0,19914311170578	
3150	2,14090847969055	3150	-0,203697621822357	
3153,125	2,13792896270752	3153,125	-0,202255427837372	
3156,25	2,13451313972473	3156,25	-0,206541016697884	
3159,375	2,13661098480225	3159,375	-0,205161541700363	
3162,5	2,13514399528503	3162,5	-0,201170191168785	
3165,625	2,13125252723694	3165,625	-0,197732195258141	
3168,75	2,13211274147034	3168,75	-0,193243399262428	
3171,875	2,13190054893494	3171,875	-0,194186314940453	
3175	2,13262343406677	3175	-0,200356617569923	
3178,125	2,13183546066284	3178,125	-0,20602884888649	
3181,25	2,14127898216248	3181,25	-0,19689729809761	
3184,375	2,13844418525696	3184,375	-0,198938310146332	
3187,5	2,1374785900116	3187,5	-0,20458211004734	
3190,625	2,12985897064209	3190,625	-0,201122477650642	
3193,75	2,13407206535339	3193,75	-0,195464417338371	
3196,875	2,13851022720337	3196,875	-0,19596628844738	
3200	2,14031434059143	3200	-0,19690628349781	
3203,125	2,13507175445557	3203,125	-0,199841886758804	
3206,25	2,13291311264038	3206,25	-0,198237210512161	
3209,375	2,1331307888031	3209,375	-0,194732189178467	
3212,5	2,13622045516968	3212,5	-0,196788504719734	
3215,625	2,13534307479858	3215,625	-0,193578958511353	
3218,75	2,13693284988403	3218,75	-0,180899903178215	
3221,875	2,13349056243896	3221,875	-0,186758920550346	
3225	2,13506889343262	3225	-0,196492448449135	
3228,125	2,13551783561707	3228,125	-0,199762955307961	
3231,25	2,13991165161133	3231,25	-0,199023485183716	
3234,375	2,14696526527405	3234,375	-0,192894786596298	
3237,5	2,14366626739502	3237,5	-0,186409637331963	
3240,625	2,14164924621582	3240,625	-0,187440112233162	
3243,75	2,14171981811523	3243,75	-0,189212635159492	
3246,875	2,14281249046326	3246,875	-0,183867186307907	
3250	2,14527344703674	3250	-0,178157106041908	
3253,125	2,14515256881714	3253,125	-0,18252731859684	
3256,25	2,14323329925537	3256,25	-0,180455431342125	
3259,375	2,14320349693298	3259,375	-0,180350884795189	
3262,5	2,13970732688904	3262,5	-0,183089405298233	
3265,625	2,13632082939148	3265,625	-0,185487240552902	
3268,75	2,13556933403015	3268,75	-0,179615914821625	
3271,875	2,13823676109314	3271,875	-0,184134930372238	
3275	2,1366171836853	3275	-0,181822791695595	
3278,125	2,13853096961975	3278,125	-0,173908740282059	
3281,25	2,14636778831482	3281,25	-0,179307624697685	
3284,375	2,14098262786865	3284,375	-0,176302075386047	
3287,5	2,13853907585144	3287,5	-0,174743473529816	
3290,625	2,1484546661377	3290,625	-0,175680682063103	
3293,75	2,14767289161682	3293,75	-0,185003206133842	
3296,875	2,13619089126587	3296,875	-0,182522758841515	
3300	2,13648819923401	3300	-0,17694865167141	
3303,125	2,13600611686707	3303,125	-0,172919690608978	
3306,25	2,13787150382996	3306,25	-0,172377541661263	
3309,375	2,1425142288208	3309,375	-0,175514549016953	
3312,5	2,14288830757141	3312,5	-0,17169064283371	
3315,625	2,13953566551209	3315,625	-0,166460588574409	
3318,75	2,14684391021729	3318,75	-0,163416922092438	
3321,875	2,14118361473084	3321,875	-0,167298644781113	
3325	2,14606308937073	3325	-0,168947204947472	
3328,125	2,14549708366394	3328,125	-0,170365408062935	
3331,25	2,14126801490784	3331,25	-0,16367344558239	
3334,375	2,14478707313538	3334,375	-0,160853534936905	
3337,5	2,1405827999115	3337,5	-0,165289744734764	
3340,625	2,1367974281311	3340,625	-0,166959047317505	
3343,75	2,14423799514771	3343,75	-0,161184534430504	
3346,875	2,14454531669617	3346,875	-0,174938559532166	
3350	2,14808297157288	3350	-0,172080844640732	
3353,125	2,14825224876404	3353,125	-0,170877918601036	
3356,25	2,14525365829468	3356,25	-0,1608567237854	
3359,375	2,15059804916382	3359,375	-0,167688548564911	
3362,5	2,14538955688477	3362,5	-0,167668268084526	
3365,625	2,14242339134216	3365,625	-0,159058526158333	
3368,75	2,13582110404968	3368,75	-0,161113440990448	
3371,875	2,14172196388245	3371,875	-0,153813883662224	
3375	2,13937020301819	3375	-0,147211283445358	
3378,125	2,13559865951538	3378,125	-0,167655929923058	
3381,25	2,13782835006714	3381,25	-0,157957047224045	
3384,375	2,13890671730042	3384,375	-0,156441658735275	
3387,5	2,13530921936035	3387,5	-0,157436162233353	
3390,625	2,14325785636902	3390,625	-0,15280245244503	
3393,75	2,13311553001404	3393,75	-0,151183843612671	
3396,875	2,13530325889587	3396,875	-0,150897815823555	
3400	2,1366400718689	3400	-0,157669931650162	
3403,125	2,14216446876526	3403,125	-0,15278647840023	
3406,25	2,14781546592712	3406,25	-0,152307748794556	
3409,375	2,14142537117004	3409,375	-0,153034552931786	
3412,5	2,14616632461548	3412,5	-0,148946806788445	
3415,625	2,14982509613037	3415,625	-0,150634586811066	
3418,75	2,1388988494873	3418,75	-0,15064163506031	
3421,875	2,14269161224365	3421,875	-0,146033719182014	
3425	2,14451456069946	3425	-0,144559904932976	
3428,125	2,13591718673706	3428,125	-0,149990275502205	
3431,25	2,13599634170532	3431,25	-0,149342119693756	
3434,375	2,13997459411621	3434,375	-0,145238384604454	
3437,5	2,13943243026733	3437,5	-0,151312991976738	
3440,625	2,13916993141174	3440,625	-0,154422551393509	
3443,75	2,13968777656555	3443,75	-0,1474848985672	
3446,875	2,13515639305115	3446,875	-0,149155825376511	
3450	2,13224744796753	3450	-0,152000263333321	
3453,125	2,13354063034058	3453,125	-0,145720899105072	
3456,25	2,13661193847656	3456,25	-0,14858689904213	
3459,375	2,13858652114868	3459,375	-0,144825667142868	
3462,5	2,13258624076843	3462,5	-0,146352842450142	
3465,625	2,13403487205505	3465,625	-0,142573997378349	
3468,75	2,14186692237854	3468,75	-0,146907821297646	
3471,875	2,14107823371887	3471,875	-0,145070508122444	
3475	2,13519763946533	3475	-0,146587252616882	
3478,125	2,13658714294434	3478,125	-0,139684036374092	
3481,25	2,12307381629944	3481,25	-0,142488941550255	
3484,375	2,12490963935852	3484,375	-0,142051205039024	
3487,5	2,13439965248108	3487,5	-0,142033860087395	
3490,625	2,13159918785095	3490,625	-0,142639562487602	
3493,75	2,1348021030426	3493,75	-0,145208850502968	
3496,875	2,12968707084656	3496,875	-0,138259887695313	
3500	2,13086152076721	3500	-0,146811798214912	
3503,125	2,12864780426025	3503,125	-0,14664401113987	
3506,25	2,13594055175781	3506,25	-0,14768822491169	
3509,375	2,13524222373962	3509,375	-0,142257630825043	
3512,5	2,12193369865417	3512,5	-0,142615005373955	
3515,625	2,11780071258545	3515,625	-0,142536953091621	
3518,75	2,12616562843323	3518,75	-0,136940449476242	
3521,875	2,12340116500854	3521,875	-0,140454083681107	
3525	2,1194269657135	3525	-0,141914531588554	
3528,125	2,1244375705719	3528,125	-0,142450198531151	
3531,25	2,1287899017334	3531,25	-0,145101085305214	
3534,375	2,12442278862	3534,375	-0,139471769332886	
3537,5	2,11647081375122	3537,5	-0,136741310358047	
3540,625	2,11670112609863	3540,625	-0,140373662114143	
3543,75	2,11603474617004	3543,75	-0,140430331230164	
3546,875	2,11505436897278	3546,875	-0,134223416447639	
3550	2,11442065238953	3550	-0,141014471650124	
3553,125	2,11496424674988	3553,125	-0,134956181049347	
3556,25	2,11510968208313	3556,25	-0,139383688569069	
3559,375	2,11384248733521	3559,375	-0,139458492398262	
3562,5	2,11943507194519	3562,5	-0,139053091406822	
3565,625	2,11542749404907	3565,625	-0,13856115937233	
3568,75	2,11267185211182	3568,75	-0,134746626019478	
3571,875	2,11408352851868	3571,875	-0,141709432005882	
3575	2,1164984703064	3575	-0,143228903412819	
3578,125	2,11707282066345	3578,125	-0,14150770008564	
3581,25	2,11677527427673	3581,25	-0,141991496086121	
3584,375	2,11038827896118	3584,375	-0,139771327376366	
3587,5	2,1060619354248	3587,5	-0,136598959565163	
3590,625	2,1104588508606	3590,625	-0,137618124485016	
3593,75	2,11307907104492	3593,75	-0,138988882303238	
3596,875	2,11328625679016	3596,875	-0,137979462742805	
3600	2,1113977432251	3600	-0,140412122011185	
3603,125	2,10679149627686	3603,125	-0,142962619662285	
3606,25	2,11043477058411	3606,25	-0,134151101112366	
3609,375	2,10379338264465	3609,375	-0,14083705842495	
3612,5	2,10408496856689	3612,5	-0,138769075274467	
3615,625	2,11026048660278	3615,625	-0,136695697903633	
3618,75	2,10353779792786	3618,75	-0,138775885105133	
3621,875	2,10301327705383	3621,875	-0,135335668921471	
3625	2,10117173194885	3625	-0,1352449208498	
3628,125	2,10243725776672	3628,125	-0,138063371181488	
3631,25	2,10135865211487	3631,25	-0,145858004689217	
3634,375	2,10350346565247	3634,375	-0,142468199133873	
3637,5	2,09917306900024	3637,5	-0,137343600392342	
3640,625	2,09274744987488	3640,625	-0,138220742344856	
3643,75	2,09461426734924	3643,75	-0,139607608318329	
3646,875	2,09167218208313	3646,875	-0,135785505175591	
3650	2,09420919418335	3650	-0,137821912765503	
3653,125	2,09097862243652	3653,125	-0,138640150427818	
3656,25	2,09045886993408	3656,25	-0,137487933039665	
3659,375	2,09488916397095	3659,375	-0,13863417506218	
3662,5	2,09401798248291	3662,5	-0,141528561711311	
3665,625	2,10051345825195	3665,625	-0,134577453136444	
3668,75	2,09110856056213	3668,75	-0,146442577242851	
3671,875	2,08680963516235	3671,875	-0,138265013694763	
3675	2,08949589729309	3675	-0,139223113656044	
3678,125	2,08842349052429	3678,125	-0,139883607625961	
3681,25	2,09271049499512	3681,25	-0,128541857004166	
3684,375	2,07214260101318	3684,375	-0,149476364254951	
3687,5	2,07925176620483	3687,5	-0,139869257807732	
3690,625	2,08118557929993	3690,625	-0,137565195560455	
3693,75	2,08097052574158	3693,75	-0,143956452608109	
3696,875	2,08459997177124	3696,875	-0,140662133693695	
3700	2,08021450042725	3700	-0,138199284672737	
3703,125	2,0748815536499	3703,125	-0,140918388962746	
3706,25	2,08196926116943	3706,25	-0,146958261728287	
3709,375	2,08039689064026	3709,375	-0,140138581395149	
3712,5	2,07255411148071	3712,5	-0,138802632689476	
3715,625	2,06402635574341	3715,625	-0,14107047021389	
3718,75	2,07764148712158	3718,75	-0,145716026425362	
3721,875	2,07328152656555	3721,875	-0,145296275615692	
3725	2,07650303840637	3725	-0,141991958022118	
3728,125	2,06993937492371	3728,125	-0,14658434689045	
3731,25	2,07247519493103	3731,25	-0,14087787270546	
3734,375	2,06817078590393	3734,375	-0,144437491893768	
3737,5	2,07039308547974	3737,5	-0,140126153826714	
3740,625	2,06872153282166	3740,625	-0,150170832872391	
3743,75	2,06655406951904	3743,75	-0,147167459130287	
3746,875	2,06658983230591	3746,875	-0,141685366630554	
3750	2,06368684768677	3750	-0,147581279277802	
3753,125	2,0613124370575	3753,125	-0,145246922969818	
3756,25	2,05975532531738	3756,25	-0,146139547228813	
3759,375	2,05581450462341	3759,375	-0,145248308777809	
3762,5	2,0627384185791	3762,5	-0,139301732182503	
3765,625	2,05201411247253	3765,625	-0,156038925051689	
3768,75	2,05491542816162	3768,75	-0,144189208745956	
3771,875	2,04808855056763	3771,875	-0,14432492852211	
3775	2,05381369590759	3775	-0,144749566912651	
3778,125	2,0497305393219	3778,125	-0,146259784698486	
3781,25	2,04860591888428	3781,25	-0,151002407073975	
3784,375	2,05399417877197	3784,375	-0,145483702421188	
3787,5	2,05613803863525	3787,5	-0,152502983808517	
3790,625	2,05205845832825	3790,625	-0,147808641195297	
3793,75	2,0421040058136	3793,75	-0,153762653470039	
3796,875	2,04132604598999	3796,875	-0,146907061338425	
3800	2,03513503074646	3800	-0,147129729390144	
3803,125	2,04118084907532	3803,125	-0,150065734982491	
3806,25	2,04665493965149	3806,25	-0,149770453572273	
3809,375	2,04023671150208	3809,375	-0,151722475886345	
3812,5	2,03472590446472	3812,5	-0,151557192206383	
3815,625	2,02999877929688	3815,625	-0,1481062322855	
3818,75	2,03445911407471	3818,75	-0,14980137348175	
3821,875	2,03028583526611	3821,875	-0,147819817066193	
3825	2,03529095649719	3825	-0,143875896930695	
3828,125	2,03441643714905	3828,125	-0,149723172187805	
3831,25	2,03092908859253	3831,25	-0,150867968797684	
3834,375	2,03316521644592	3834,375	-0,157607778906822	
3837,5	2,03507614135742	3837,5	-0,15173165500164	
3840,625	2,02663111686707	3840,625	-0,153382316231728	
3843,75	2,01918411254883	3843,75	-0,151843890547752	
3846,875	2,02078318595886	3846,875	-0,158571660518646	
3850	2,02193117141724	3850	-0,154113203287125	
3853,125	2,02284717559814	3853,125	-0,152720600366592	
3856,25	2,02758479118347	3856,25	-0,158095628023148	
3859,375	2,01971459388733	3859,375	-0,15732005238533	
3862,5	2,01315832138062	3862,5	-0,160889565944672	
3865,625	2,01703190803528	3865,625	-0,157180607318878	
3868,75	2,01572918891907	3868,75	-0,156170263886452	
3871,875	2,01057720184326	3871,875	-0,157011717557907	
3875	2,00950837135315	3875	-0,155883237719536	
3878,125	2,01708912849426	3878,125	-0,16011418402195	
3881,25	2,01116847991943	3881,25	-0,162037223577499	
3884,375	2,00641870498657	3884,375	-0,169410273432732	
3887,5	2,01003646850586	3887,5	-0,162954345345497	
3890,625	2,00972104072571	3890,625	-0,162700146436691	
3893,75	2,01214957237244	3893,75	-0,16364648938179	
3896,875	2,00509428977966	3896,875	-0,167525425553322	
3900	2,00981569290161	3900	-0,1668711155653	
3903,125	2,00697588920593	3903,125	-0,167188927531242	
3906,25	2,00326442718506	3906,25	-0,171062886714935	
3909,375	2,00328779220581	3909,375	-0,167646527290344	
3912,5	2,00148892402649	3912,5	-0,166675373911858	
3915,625	2,00041007995605	3915,625	-0,174983352422714	
3918,75	2,00053668022156	3918,75	-0,160347476601601	
3921,875	1,99621891975403	3921,875	-0,181222319602966	
3925	1,98943734169006	3925	-0,169325605034828	
3928,125	1,98809552192688	3928,125	-0,170654237270355	
3931,25	1,99226295948029	3931,25	-0,160956516861916	
3934,375	1,99342143535614	3934,375	-0,168568000197411	
3937,5	1,99005520343781	3937,5	-0,173718005418777	
3940,625	1,99169933795929	3940,625	-0,171845570206642	
3943,75	1,99265122413635	3943,75	-0,169868513941765	
3946,875	1,98475503921509	3946,875	-0,174033746123314	
3950	1,97857117652893	3950	-0,174166217446327	
3953,125	1,9802280664444	3953,125	-0,175826787948608	
3956,25	1,98051619529724	3956,25	-0,171633780002594	
3959,375	1,9712005853653	3959,375	-0,170463293790817	
3962,5	1,97361838817596	3962,5	-0,181868404150009	
3965,625	1,98392426967621	3965,625	-0,178024902939796	
3968,75	1,98457062244415	3968,75	-0,179749518632889	
3971,875	1,97938573360443	3971,875	-0,184321328997612	
3975	1,97736799716949	3975	-0,19129142165184	
3978,125	1,97419881820679	3978,125	-0,186760380864143	
3981,25	1,96983408927917	3981,25	-0,180780455470085	
3984,375	1,96439218521118	3984,375	-0,18339067697525	
3987,5	1,96750771999359	3987,5	-0,184335231781006	
3990,625	1,96884965896606	3990,625	-0,188544392585754	
3993,75	1,96592915058136	3993,75	-0,189018875360489	
3996,875	1,96578133106232	3996,875	-0,1911431401968	
4000	1,97124624252319	4000	-0,197717741131783	
4003,125	1,96593344211578	4003,125	-0,195152938365936	
4006,25	1,96298670768738	4006,25	-0,194038525223732	
4009,375	1,95726048946381	4009,375	-0,196190476417542	
4012,5	1,95745718479156	4012,5	-0,193617582321167	
4015,625	1,95893144607544	4015,625	-0,196910604834557	
4018,75	1,95646071434021	4018,75	-0,199223414063454	
4021,875	1,95095229148865	4021,875	-0,200358465313911	
4025	1,94950747489929	4025	-0,200774505734444	
4028,125	1,94628012180328	4028,125	-0,193874701857567	
4031,25	1,93571960926056	4031,25	-0,195269361138344	
4034,375	1,93644309043884	4034,375	-0,19540111720562	
4037,5	1,94404113292694	4037,5	-0,199467211961746	
4040,625	1,92811226844788	4040,625	-0,191950619220734	
4043,75	1,9292985200882	4043,75	-0,196677133440971	
4046,875	1,92840051651001	4046,875	-0,195677146315575	
4050	1,92301106452942	4050	-0,195797011256218	
4053,125	1,92608487606049	4053,125	-0,190637826919556	
4056,25	1,92358410358429	4056,25	-0,196534708142281	
4059,375	1,92353320121765	4059,375	-0,187680289149284	
4062,5	1,91651201248169	4062,5	-0,19154854118824	
4065,625	1,91920924186707	4065,625	-0,194211408495903	
4068,75	1,91854405403137	4068,75	-0,190375685691833	
4071,875	1,9155740737915	4071,875	-0,186827510595322	
4075	1,92073822021484	4075	-0,194196447730064	
4078,125	1,91959202289581	4078,125	-0,190154686570168	
4081,25	1,91934144496918	4081,25	-0,190506279468536	
4084,375	1,91272187232971	4084,375	-0,1910290569067	
4087,5	1,91816031932831	4087,5	-0,192402929067612	
4090,625	1,91091597080231	4090,625	-0,183866128325462	
4093,75	1,9012166261673	4093,75	-0,1904276907444	
4096,875	1,91045105457306	4096,875	-0,18832890689373	
4100	1,91269934177399	4100	-0,188321009278297	
4103,125	1,91193675994873	4103,125	-0,186046227812767	
4106,25	1,91320824623108	4106,25	-0,181660145521164	
4109,375	1,91793894767761	4109,375	-0,186530843377113	
4112,5	1,90686368942261	4112,5	-0,188243255019188	
4115,625	1,90828716754913	4115,625	-0,186575457453728	
4118,75	1,91108369827271	4118,75	-0,18653903901577	
4121,875	1,90959775447845	4121,875	-0,183766543865204	
4125	1,90187621116638	4125	-0,189353436231613	
4128,125	1,90423679351807	4128,125	-0,189543202519417	
4131,25	1,90662837028503	4131,25	-0,184539541602135	
4134,375	1,90648639202118	4134,375	-0,190392345190048	
4137,5	1,90778577327728	4137,5	-0,190460354089737	
4140,625	1,90360283851624	4140,625	-0,186364233493805	
4143,75	1,90182948112488	4143,75	-0,194494158029556	
4146,875	1,90178084373474	4146,875	-0,186409458518028	
4150	1,8986781835556	4150	-0,193956136703491	
4153,125	1,90720510482788	4153,125	-0,194378525018692	
4156,25	1,90543675422668	4156,25	-0,193245008587837	
4159,375	1,89862883090973	4159,375	-0,183439001441002	
4162,5	1,89501798152924	4162,5	-0,19036640226841	
4165,625	1,89636170864105	4165,625	-0,190717473626137	
4168,75	1,89415419101715	4168,75	-0,188892036676407	
4171,875	1,89351558685303	4171,875	-0,188506871461868	
4175	1,8982115983963	4175	-0,188295811414719	
4178,125	1,90032613277435	4178,125	-0,192130461335182	
4181,25	1,89582204818726	4181,25	-0,194082051515579	
4184,375	1,8945494890213	4184,375	-0,192269548773766	
4187,5	1,89326429367065	4187,5	-0,19299690425396	
4190,625	1,89462542533875	4190,625	-0,189676970243454	
4193,75	1,89407217502594	4193,75	-0,187997624278069	
4196,875	1,89334332942963	4196,875	-0,188143268227577	
4200	1,89306664466858	4200	-0,189549893140793	
4203,125	1,88815689086914	4203,125	-0,193865388631821	
4206,25	1,88022017478943	4206,25	-0,190349131822586	
4209,375	1,88471233844757	4209,375	-0,19027416408062	
4212,5	1,88773059844971	4212,5	-0,188987597823143	
4215,625	1,88675570487976	4215,625	-0,190180152654648	
4218,75	1,88871932029724	4218,75	-0,187408715486526	
4221,875	1,88839650154114	4221,875	-0,184170514345169	
4225	1,88494431972504	4225	-0,187037721276283	
4228,125	1,88199472427368	4228,125	-0,185874223709106	
4231,25	1,88434600830078	4231,25	-0,183722719550133	
4234,375	1,88154900074005	4234,375	-0,186350226402283	
4237,5	1,88042187690735	4237,5	-0,187205210328102	
4240,625	1,88434958457947	4240,625	-0,184476882219315	
4243,75	1,87902319431305	4243,75	-0,185252398252487	
4246,875	1,88435697555542	4246,875	-0,18540133535862	
4250	1,88345813751221	4250	-0,188140034675598	
4253,125	1,87691652774811	4253,125	-0,184191837906837	
4256,25	1,87921559810638	4256,25	-0,185536980628967	
4259,375	1,87907040119171	4259,375	-0,179492369294167	
4262,5	1,88127565383911	4262,5	-0,184391498565674	
4265,625	1,87835955619812	4265,625	-0,185309380292892	
4268,75	1,87990272045135	4268,75	-0,183750301599503	
4271,875	1,8812882900238	4271,875	-0,179285392165184	
4275	1,87738287448883	4275	-0,180629402399063	
4278,125	1,87910199165344	4278,125	-0,18319396674633	
4281,25	1,87593793869019	4281,25	-0,18077141046524	
4284,375	1,88503849506378	4284,375	-0,185452982783318	
4287,5	1,88574600219727	4287,5	-0,183691680431366	
4290,625	1,87945771217346	4290,625	-0,182162806391716	
4293,75	1,87378966808319	4293,75	-0,179534792900085	
4296,875	1,87043988704681	4296,875	-0,176138862967491	
4300	1,86672151088715	4300	-0,179853454232216	
4303,125	1,86715114116669	4303,125	-0,185175478458405	
4306,25	1,8680659532547	4306,25	-0,186857268214226	
4309,375	1,86702072620392	4309,375	-0,181214585900307	
4312,5	1,87057054042816	4312,5	-0,182967290282249	
4315,625	1,86591303348541	4315,625	-0,181714788079262	
4318,75	1,86535668373108	4318,75	-0,181998997926712	
4321,875	1,86189520359039	4321,875	-0,180722534656525	
4325	1,85720825195313	4325	-0,182478412985802	
4328,125	1,86225855350494	4328,125	-0,179785400629044	
4331,25	1,86622667312622	4331,25	-0,178868845105171	
4334,375	1,86169397830963	4334,375	-0,177125215530396	
4337,5	1,86388599872589	4337,5	-0,17919996380806	
4340,625	1,85992157459259	4340,625	-0,176646888256073	
4343,75	1,86114847660065	4343,75	-0,178959280252457	
4346,875	1,85198032855988	4346,875	-0,179917365312576	
4350	1,85168492794037	4350	-0,178779065608978	
4353,125	1,85454046726227	4353,125	-0,175847992300987	
4356,25	1,85255193710327	4356,25	-0,176824033260345	
4359,375	1,84823048114777	4359,375	-0,181920915842056	
4362,5	1,85255420207977	4362,5	-0,178444370627403	
4365,625	1,85053288936615	4365,625	-0,175499975681305	
4368,75	1,85267865657806	4368,75	-0,1785828769207	
4371,875	1,84802520275116	4371,875	-0,172677621245384	
4375	1,84886586666107	4375	-0,168884694576263	
4378,125	1,85075664520264	4378,125	-0,177118137478828	
4381,25	1,84618973731995	4381,25	-0,174574509263039	
4384,375	1,84209978580475	4384,375	-0,1720822006464	
4387,5	1,83577167987823	4387,5	-0,169166341423988	
4390,625	1,83632242679596	4390,625	-0,168260976672173	
4393,75	1,83781445026398	4393,75	-0,172618046402931	
4396,875	1,83991384506226	4396,875	-0,170833393931389	
4400	1,83616805076599	4400	-0,170460820198059	
4403,125	1,83064079284668	4403,125	-0,167685270309448	
4406,25	1,82932436466217	4406,25	-0,166891887784004	
4409,375	1,82808363437653	4409,375	-0,170907288789749	
4412,5	1,82957315444946	4412,5	-0,171007350087166	
4415,625	1,83211612701416	4415,625	-0,167146846652031	
4418,75	1,82938265800476	4418,75	-0,165655449032784	
4421,875	1,83256900310516	4421,875	-0,163845956325531	
4425	1,82820105552673	4425	-0,164857536554337	
4428,125	1,82874667644501	4428,125	-0,164971396327019	
4431,25	1,82984638214111	4431,25	-0,156481444835663	
4434,375	1,82446420192719	4434,375	-0,159961074590683	
4437,5	1,82116603851318	4437,5	-0,163934797048569	
4440,625	1,82342672348022	4440,625	-0,162792593240738	
4443,75	1,82212603092194	4443,75	-0,164375454187393	
4446,875	1,8258683681488	4446,875	-0,163693159818649	
4450	1,82527256011963	4450	-0,161850169301033	
4453,125	1,82143926620483	4453,125	-0,163987472653389	
4456,25	1,81821155548096	4456,25	-0,159807175397873	
4459,375	1,8192480802536	4459,375	-0,162934571504593	
4462,5	1,81985306739807	4462,5	-0,166690468788147	
4465,625	1,81629514694214	4465,625	-0,162527024745941	
4468,75	1,82173848152161	4468,75	-0,161609902977943	
4471,875	1,81611633300781	4471,875	-0,16589480638504	
4475	1,81095516681671	4475	-0,162243902683258	
4478,125	1,80990076065063	4478,125	-0,161563768982887	
4481,25	1,80896770954132	4481,25	-0,171731129288673	
4484,375	1,81043708324432	4484,375	-0,170041039586067	
4487,5	1,80512189865112	4487,5	-0,163735285401344	
4490,625	1,80471158027649	4490,625	-0,168066397309303	
4493,75	1,8033264875412	4493,75	-0,169507279992104	
4496,875	1,79792451858521	4496,875	-0,170287072658539	
4500	1,80172145366669	4500	-0,167402893304825	
4503,125	1,79801154136658	4503,125	-0,170853212475777	
4506,25	1,80083310604095	4506,25	-0,171967461705208	
4509,375	1,80144274234772	4509,375	-0,171337634325027	
4512,5	1,7934981584549	4512,5	-0,169430509209633	
4515,625	1,79216027259827	4515,625	-0,17418909072876	
4518,75	1,79551661014557	4518,75	-0,171356588602066	
4521,875	1,79521059989929	4521,875	-0,171300038695335	
4525	1,78854131698608	4525	-0,171637326478958	
4528,125	1,78476822376251	4528,125	-0,172237455844879	
4531,25	1,78110158443451	4531,25	-0,175955072045326	
4534,375	1,78246760368347	4534,375	-0,174120962619781	
4537,5	1,78091406822205	4537,5	-0,175977140665054	
4540,625	1,77911353111267	4540,625	-0,176779314875603	
4543,75	1,78079891204834	4543,75	-0,177691295742989	
4546,875	1,78028178215027	4546,875	-0,175849065184593	
4550	1,77687084674835	4550	-0,176398232579231	
4553,125	1,77288293838501	4553,125	-0,17745141685009	
4556,25	1,77149128913879	4556,25	-0,177989974617958	
4559,375	1,7715117931366	4559,375	-0,179695129394531	
4562,5	1,77606570720673	4562,5	-0,185161262750626	
4565,625	1,76983237266541	4565,625	-0,180751502513885	
4568,75	1,76781797409058	4568,75	-0,181454807519913	
4571,875	1,76478612422943	4571,875	-0,181134924292564	
4575	1,76280653476715	4575	-0,185697823762894	
4578,125	1,76290345191956	4578,125	-0,186900064349175	
4581,25	1,76070189476013	4581,25	-0,187394842505455	
4584,375	1,76156759262085	4584,375	-0,188818410038948	
4587,5	1,7623428106308	4587,5	-0,187674894928932	
4590,625	1,76046419143677	4590,625	-0,189676478505135	
4593,75	1,7590092420578	4593,75	-0,190863579511642	
4596,875	1,75314223766327	4596,875	-0,193217113614082	
4600	1,75530004501343	4600	-0,192700728774071	
4603,125	1,75791943073273	4603,125	-0,196654066443443	
4606,25	1,75342357158661	4606,25	-0,194783583283424	
4609,375	1,75381290912628	4609,375	-0,196500062942505	
4612,5	1,7516120672226	4612,5	-0,202690914273262	
4615,625	1,74844515323639	4615,625	-0,199492916464806	
4618,75	1,74995231628418	4618,75	-0,198833540081978	
4621,875	1,75071012973785	4621,875	-0,201707258820534	
4625	1,74174451828003	4625	-0,208390891551971	
4628,125	1,74452638626099	4628,125	-0,20959959924221	
4631,25	1,74171304702759	4631,25	-0,21042774617672	
4634,375	1,74227607250214	4634,375	-0,212102994322777	
4637,5	1,74381029605865	4637,5	-0,211155638098717	
4640,625	1,73980927467346	4640,625	-0,210543185472488	
4643,75	1,73651874065399	4643,75	-0,220282658934593	
4646,875	1,73617482185364	4646,875	-0,219784572720528	
4650	1,73581218719482	4650	-0,221700057387352	
4653,125	1,73489892482758	4653,125	-0,223964646458626	
4656,25	1,73253011703491	4656,25	-0,228882804512978	
4659,375	1,72876870632172	4659,375	-0,231075584888458	
4662,5	1,72981226444244	4662,5	-0,230426669120789	
4665,625	1,72703504562378	4665,625	-0,228567481040955	
4668,75	1,72529447078705	4668,75	-0,229470416903496	
4671,875	1,72120141983032	4671,875	-0,235149875283241	
4675	1,71864116191864	4675	-0,229695722460747	
4678,125	1,72083377838135	4678,125	-0,229163259267807	
4681,25	1,71486973762512	4681,25	-0,228210106492043	
4684,375	1,71609747409821	4684,375	-0,230633690953255	
4687,5	1,71869730949402	4687,5	-0,23203182220459	
4690,625	1,71720671653748	4690,625	-0,233850121498108	
4693,75	1,71800911426544	4693,75	-0,232706487178802	
4696,875	1,7191116809845	4696,875	-0,233530685305595	
4700	1,7229151725769	4700	-0,236891090869904	
4703,125	1,7189131975174	4703,125	-0,234354436397552	
4706,25	1,71559047698975	4706,25	-0,234548583626747	
4709,375	1,71797227859497	4709,375	-0,236847400665283	
4712,5	1,72160947322845	4712,5	-0,241147741675377	
4715,625	1,72112333774567	4715,625	-0,243525728583336	
4718,75	1,72240161895752	4718,75	-0,242534816265106	
4721,875	1,72449052333832	4721,875	-0,24418380856514	
4725	1,7223516702652	4725	-0,246788784861565	
4728,125	1,72359108924866	4728,125	-0,249108955264091	
4731,25	1,72956693172455	4731,25	-0,251999258995056	
4734,375	1,7279862165451	4734,375	-0,253429710865021	
4737,5	1,72591829299927	4737,5	-0,259066075086594	
4740,625	1,72408819198608	4740,625	-0,259722918272018	
4743,75	1,72675764560699	4743,75	-0,260513693094254	
4746,875	1,72781085968018	4746,875	-0,259721487760544	
4750	1,72608494758606	4750	-0,261068224906921	
4753,125	1,72703218460083	4753,125	-0,264093607664108	
4756,25	1,72893118858337	4756,25	-0,268611520528793	
4759,375	1,72560846805573	4759,375	-0,27445462346077	
4762,5	1,72407400608063	4762,5	-0,273316234350204	
4765,625	1,72289943695068	4765,625	-0,269991397857666	
4768,75	1,72408425807953	4768,75	-0,269899308681488	
4771,875	1,72554075717926	4771,875	-0,273784607648849	
4775	1,72388219833374	4775	-0,275408297777176	
4778,125	1,72543215751648	4778,125	-0,278280109167099	
4781,25	1,72682118415833	4781,25	-0,280819028615952	
4784,375	1,72979879379272	4784,375	-0,281132876873016	
4787,5	1,72955870628357	4787,5	-0,282922178506851	
4790,625	1,73164546489716	4790,625	-0,28308579325676	
4793,75	1,72982513904572	4793,75	-0,285798966884613	
4796,875	1,72805631160736	4796,875	-0,286601036787033	
4800	1,73192691802979	4800	-0,287719815969467	
4803,125	1,73798418045044	4803,125	-0,287139862775803	
4806,25	1,73590087890625	4806,25	-0,28858545422554	
4809,375	1,7362242937088	4809,375	-0,289688974618912	
4812,5	1,73736703395844	4812,5	-0,292907983064651	
4815,625	1,73915231227875	4815,625	-0,292628198862076	
4818,75	1,73861241340637	4818,75	-0,294416278600693	
4821,875	1,74109506607056	4821,875	-0,295507997274399	
4825	1,7401020526886	4825	-0,290325790643692	
4828,125	1,73770678043365	4828,125	-0,284718692302704	
4831,25	1,73955392837524	4831,25	-0,278671860694885	
4834,375	1,75132310390472	4834,375	-0,274830609560013	
4837,5	1,76024258136749	4837,5	-0,279410988092422	
4840,625	1,76465284824371	4840,625	-0,285933643579483	
4843,75	1,76808106899261	4843,75	-0,289123505353928	
4846,875	1,76991438865662	4846,875	-0,291106581687927	
4850	1,77177774906158	4850	-0,294636934995651	
4853,125	1,77340936660767	4853,125	-0,298281192779541	
4856,25	1,77450358867645	4856,25	-0,298963487148285	
4859,375	1,77953481674194	4859,375	-0,298472166061401	
4862,5	1,77962100505829	4862,5	-0,296794146299362	
4865,625	1,78422832489014	4865,625	-0,298805773258209	
4868,75	1,78310346603394	4868,75	-0,30045485496521	
4871,875	1,78311336040497	4871,875	-0,298225313425064	
4875	1,78908121585846	4875	-0,293764621019363	
4878,125	1,79018759727478	4878,125	-0,297099351882935	
4881,25	1,79424095153809	4881,25	-0,29582816362381	
4884,375	1,79803562164307	4884,375	-0,297501742839813	
4887,5	1,79824078083038	4887,5	-0,298418372869492	
4890,625	1,79898285865784	4890,625	-0,297511905431747	
4893,75	1,8025016784668	4893,75	-0,294301599264145	
4896,875	1,80747950077057	4896,875	-0,295867085456848	
4900	1,81013584136963	4900	-0,294579863548279	
4903,125	1,81127369403839	4903,125	-0,292481362819672	
4906,25	1,81234455108643	4906,25	-0,291298002004623	
4909,375	1,81820714473724	4909,375	-0,28816157579422	
4912,5	1,8222907781601	4912,5	-0,283867865800858	
4915,625	1,82617294788361	4915,625	-0,283791095018387	
4918,75	1,83593618869781	4918,75	-0,281426310539246	
4921,875	1,84349346160889	4921,875	-0,275390475988388	
4925	1,85305142402649	4925	-0,274948716163635	
4928,125	1,86187660694122	4928,125	-0,277799636125565	
4931,25	1,86859142780304	4931,25	-0,279496669769287	
4934,375	1,87021148204803	4934,375	-0,283199995756149	
4937,5	1,87401831150055	4937,5	-0,284732729196548	
4940,625	1,87879455089569	4940,625	-0,286849319934845	
4943,75	1,88199281692505	4943,75	-0,286664873361588	
4946,875	1,88694226741791	4946,875	-0,287127733230591	
4950	1,89029514789581	4950	-0,284243911504745	
4953,125	1,89410161972046	4953,125	-0,28193336725235	
4956,25	1,89670896530151	4956,25	-0,279924273490906	
4959,375	1,90248310565948	4959,375	-0,274224758148193	
4962,5	1,90444421768188	4962,5	-0,273507177829742	
4965,625	1,91112375259399	4965,625	-0,273897081613541	
4968,75	1,91227447986603	4968,75	-0,274919629096985	
4971,875	1,91657447814941	4971,875	-0,269761115312576	
4975	1,921875	4975	-0,263411581516266	
				
