Frequency in Hz	Wool_96 Normalized Surface Impedance continuous Re	Frequency in Hz	Wool_96 Normalized Surface Impedance continuous Im	
100	2,86326742172241	100	-14,1099948883057	
103,125	4,06839036941528	103,125	-14,5407333374023	
106,25	2,21384334564209	106,25	-11,9622631072998	
109,375	1,88939929008484	109,375	-13,5283212661743	
112,5	2,62959980964661	112,5	-12,5976867675781	
115,625	2,24225449562073	115,625	-11,7562532424927	
118,75	2,21746063232422	118,75	-12,4784774780273	
121,875	2,73148775100708	121,875	-11,4340629577637	
125	1,90754365921021	125	-11,7235012054443	
128,125	1,63126254081726	128,125	-10,9875707626343	
131,25	1,66661584377289	131,25	-11,1112289428711	
134,375	1,14553880691528	134,375	-11,3006134033203	
137,5	2,00781750679016	137,5	-9,78882503509521	
140,625	2,41394257545471	140,625	-10,2685422897339	
143,75	2,18057107925415	143,75	-9,64852046966553	
146,875	1,65356612205505	146,875	-10,6710405349731	
150	1,95781886577606	150	-9,74677467346191	
153,125	1,58309710025787	153,125	-9,17459964752197	
156,25	1,67354512214661	156,25	-9,38422393798828	
159,375	1,55469143390656	159,375	-9,15071678161621	
162,5	1,49264001846313	162,5	-9,18416118621826	
165,625	1,68955492973328	165,625	-9,07066345214844	
168,75	1,39095747470856	168,75	-8,39466190338135	
171,875	1,75392055511475	171,875	-8,60862159729004	
175	1,76805758476257	175	-8,20320987701416	
178,125	1,43579077720642	178,125	-8,2273645401001	
181,25	1,48943734169006	181,25	-8,30232620239258	
184,375	1,66119956970215	184,375	-8,14005374908447	
187,5	1,68449866771698	187,5	-7,67167329788208	
190,625	1,77521157264709	190,625	-7,78271007537842	
193,75	1,62586319446564	193,75	-7,35146570205688	
196,875	1,62323653697968	196,875	-7,53686285018921	
200	1,41522884368896	200	-7,64778184890747	
203,125	1,30611515045166	203,125	-7,71817255020142	
206,25	1,30264961719513	206,25	-7,02434158325195	
209,375	1,41767799854279	209,375	-7,13574695587158	
212,5	1,30429422855377	212,5	-7,39710807800293	
215,625	1,39252746105194	215,625	-6,80003213882446	
218,75	1,41726517677307	218,75	-7,03176593780518	
221,875	1,36197090148926	221,875	-6,75107097625732	
225	1,46467888355255	225	-6,68368625640869	
228,125	1,45666790008545	228,125	-6,57373666763306	
231,25	1,4285751581192	231,25	-6,54517984390259	
234,375	1,4486231803894	234,375	-6,40583467483521	
237,5	1,31487095355988	237,5	-6,51441478729248	
240,625	1,11600732803345	240,625	-6,19298267364502	
243,75	1,22138333320618	243,75	-6,24854040145874	
246,875	1,37440574169159	246,875	-6,09000205993652	
250	1,38537168502808	250	-6,03368520736694	
253,125	1,26299440860748	253,125	-6,01130437850952	
256,25	1,23811042308807	256,25	-5,83811092376709	
259,375	1,36946749687195	259,375	-5,82982349395752	
262,5	1,22801506519318	262,5	-5,74464988708496	
265,625	1,12326514720917	265,625	-5,65456819534302	
268,75	1,21364235877991	268,75	-5,67392539978027	
271,875	1,18658185005188	271,875	-5,5008020401001	
275	1,11975920200348	275	-5,51263904571533	
278,125	1,16305541992188	278,125	-5,36102867126465	
281,25	1,17075610160828	281,25	-5,36011075973511	
284,375	1,15546655654907	284,375	-5,31586027145386	
287,5	1,07244610786438	287,5	-5,42516088485718	
290,625	1,04559850692749	290,625	-5,02865171432495	
293,75	1,02130651473999	293,75	-5,05112504959106	
296,875	1,05446135997772	296,875	-4,9847469329834	
300	1,06454503536224	300	-4,9084210395813	
303,125	1,03139162063599	303,125	-4,79442501068115	
306,25	1,06908941268921	306,25	-4,71541833877563	
309,375	1,12598085403442	309,375	-4,65697145462036	
312,5	1,1721727848053	312,5	-4,49856328964233	
315,625	1,39627552032471	315,625	-4,52613925933838	
318,75	1,37774503231049	318,75	-4,48535442352295	
321,875	1,37751877307892	321,875	-4,63485860824585	
325	1,39089477062225	325	-4,6943736076355	
328,125	1,45098519325256	328,125	-4,67876386642456	
331,25	1,21854841709137	331,25	-4,63575601577759	
334,375	1,18899953365326	334,375	-4,61556339263916	
337,5	1,23754286766052	337,5	-4,60794448852539	
340,625	1,15876245498657	340,625	-4,57504606246948	
343,75	1,13602352142334	343,75	-4,44916582107544	
346,875	1,11398553848267	346,875	-4,44609642028809	
350	1,1417475938797	350	-4,42758798599243	
353,125	1,11541163921356	353,125	-4,41905689239502	
356,25	1,01316285133362	356,25	-4,35968160629272	
359,375	0,977931082248688	359,375	-4,23003005981445	
362,5	1,01574409008026	362,5	-4,20179986953735	
365,625	1,10069143772125	365,625	-4,15972471237183	
368,75	0,998795568943024	368,75	-4,17956972122192	
371,875	0,854421615600586	371,875	-4,18522691726685	
375	1,14487552642822	375	-3,97832179069519	
378,125	1,05609035491943	378,125	-3,9542818069458	
381,25	0,99463564157486	381,25	-4,0936017036438	
384,375	1,09944224357605	384,375	-3,92283844947815	
387,5	0,993596792221069	387,5	-3,80586194992065	
390,625	0,921380639076233	390,625	-3,77983331680298	
393,75	0,947883129119873	393,75	-3,94680094718933	
396,875	0,955580949783325	396,875	-3,93615484237671	
400	0,976029694080353	400	-3,92196869850159	
403,125	0,976119339466095	403,125	-3,89907050132751	
406,25	0,997014284133911	406,25	-3,78796339035034	
409,375	1,02664411067963	409,375	-3,63019895553589	
412,5	0,982753396034241	412,5	-3,54061675071716	
415,625	0,893270134925842	415,625	-3,62926697731018	
418,75	0,977134764194489	418,75	-3,55133008956909	
421,875	0,903460562229156	421,875	-3,48128437995911	
425	0,930341899394989	425	-3,50389838218689	
428,125	1,00030660629272	428,125	-3,60847401618958	
431,25	0,902517735958099	431,25	-3,47652387619019	
434,375	0,934849321842194	434,375	-3,4938633441925	
437,5	0,934160590171814	437,5	-3,48545861244202	
440,625	0,959568321704865	440,625	-3,47549176216125	
443,75	0,936131775379181	443,75	-3,39586567878723	
446,875	0,963058769702911	446,875	-3,38937282562256	
450	0,900320529937744	450	-3,45213985443115	
453,125	0,898407995700836	453,125	-3,4317831993103	
456,25	0,850558280944824	456,25	-3,42823195457459	
459,375	0,865859389305115	459,375	-3,34002065658569	
462,5	0,857591092586517	462,5	-3,25127959251404	
465,625	0,84085476398468	465,625	-3,24159955978394	
468,75	0,853204488754272	468,75	-3,23974585533142	
471,875	0,826975166797638	471,875	-3,13852667808533	
475	0,846338212490082	475	-3,1277756690979	
478,125	0,899036288261414	478,125	-3,15593528747559	
481,25	0,865058243274689	481,25	-3,18529200553894	
484,375	0,867438018321991	484,375	-3,09920358657837	
487,5	0,886967122554779	487,5	-3,11231327056885	
490,625	0,875704646110535	490,625	-3,07680797576904	
493,75	0,891296148300171	493,75	-3,03927779197693	
496,875	0,887563169002533	496,875	-3,02482175827026	
500	0,833110094070435	500	-3,01332974433899	
503,125	0,833775699138641	503,125	-2,98452544212341	
506,25	0,836716651916504	506,25	-2,98175191879272	
509,375	0,811612844467163	509,375	-2,95065546035767	
512,5	0,829661011695862	512,5	-2,90590763092041	
515,625	0,852649807929993	515,625	-2,91746473312378	
518,75	0,861387610435486	518,75	-2,91294431686401	
521,875	0,821016073226929	521,875	-2,85535860061646	
525	0,835447192192078	525	-2,83602476119995	
528,125	0,817687630653381	528,125	-2,85314130783081	
531,25	0,823481023311615	531,25	-2,81131982803345	
534,375	0,826126337051392	534,375	-2,79523181915283	
537,5	0,822079658508301	537,5	-2,77588796615601	
540,625	0,816468060016632	540,625	-2,76034426689148	
543,75	0,838798642158508	543,75	-2,75908970832825	
546,875	0,796209812164307	546,875	-2,71415686607361	
550	0,811746001243591	550	-2,70686554908752	
553,125	0,817602396011353	553,125	-2,6788444519043	
556,25	0,908503293991089	556,25	-2,83672976493835	
559,375	0,929168879985809	559,375	-2,80256295204163	
562,5	0,926728129386902	562,5	-2,79166555404663	
565,625	0,916579008102417	565,625	-2,77237629890442	
568,75	0,92559552192688	568,75	-2,75438117980957	
571,875	0,930795729160309	571,875	-2,74292516708374	
575	0,918433666229248	575	-2,7286388874054	
578,125	0,936494588851929	578,125	-2,71547245979309	
581,25	0,917741537094116	581,25	-2,70503783226013	
584,375	0,907082080841064	584,375	-2,68518996238709	
587,5	0,907630741596222	587,5	-2,67655682563782	
590,625	0,914415776729584	590,625	-2,65688157081604	
593,75	0,913164973258972	593,75	-2,63811707496643	
596,875	0,911781489849091	596,875	-2,63421273231506	
600	0,902705132961273	600	-2,60620784759521	
603,125	0,906983017921448	603,125	-2,60213971138	
606,25	0,906363248825073	606,25	-2,5797119140625	
609,375	0,902793228626251	609,375	-2,57874774932861	
612,5	0,901016354560852	612,5	-2,56192922592163	
615,625	0,895451962947845	615,625	-2,54040288925171	
618,75	0,897107839584351	618,75	-2,53333306312561	
621,875	0,897691190242767	621,875	-2,53043842315674	
625	0,904504001140594	625	-2,51135635375977	
628,125	0,894148588180542	628,125	-2,48933792114258	
631,25	0,903866589069366	631,25	-2,4694550037384	
634,375	0,901188611984253	634,375	-2,45728373527527	
637,5	0,89467853307724	637,5	-2,44972681999207	
640,625	0,900608420372009	640,625	-2,45000004768372	
643,75	0,886940360069275	643,75	-2,42222261428833	
646,875	0,894925892353058	646,875	-2,40960335731506	
650	0,881750345230103	650	-2,40159916877747	
653,125	0,890785038471222	653,125	-2,38816928863525	
656,25	0,895855486392975	656,25	-2,3752167224884	
659,375	0,889530181884766	659,375	-2,35520029067993	
662,5	0,884347140789032	662,5	-2,3569540977478	
665,625	0,876380503177643	665,625	-2,34536004066467	
668,75	0,882423937320709	668,75	-2,3272340297699	
671,875	0,890145421028137	671,875	-2,32192015647888	
675	0,8885378241539	675	-2,29799437522888	
678,125	0,888309299945831	678,125	-2,28108382225037	
681,25	0,886110484600067	681,25	-2,27614688873291	
684,375	0,884665071964264	684,375	-2,26935410499573	
687,5	0,875628352165222	687,5	-2,27131938934326	
690,625	0,866924703121185	690,625	-2,23099327087402	
693,75	0,876558721065521	693,75	-2,23963141441345	
696,875	0,87645560503006	696,875	-2,23045492172241	
700	0,87762451171875	700	-2,21086931228638	
703,125	0,872422397136688	703,125	-2,20218586921692	
706,25	0,873936057090759	706,25	-2,20142221450806	
709,375	0,880710482597351	709,375	-2,18909239768982	
712,5	0,869522392749786	712,5	-2,15559029579163	
715,625	0,870440185070038	715,625	-2,16372203826904	
718,75	0,864697277545929	718,75	-2,15670037269592	
721,875	0,871127545833588	721,875	-2,14255285263062	
725	0,863404095172882	725	-2,13610005378723	
728,125	0,872100055217743	728,125	-2,11934947967529	
731,25	0,867717206478119	731,25	-2,11727452278137	
734,375	0,869031369686127	734,375	-2,10838460922241	
737,5	0,864578068256378	737,5	-2,10717964172363	
740,625	0,874781429767609	740,625	-2,08478426933289	
743,75	0,878863453865051	743,75	-2,06741833686829	
746,875	0,856575012207031	746,875	-2,05767750740051	
750	0,855269432067871	750	-2,05202174186707	
753,125	0,862103700637817	753,125	-2,05076122283936	
756,25	0,867219865322113	756,25	-2,04308724403381	
759,375	0,874495327472687	759,375	-2,03828477859497	
762,5	0,866686403751373	762,5	-2,03931021690369	
765,625	0,870974838733673	765,625	-2,0282883644104	
768,75	0,858617842197418	768,75	-2,0083281993866	
771,875	0,865068852901459	771,875	-1,99066126346588	
775	0,863693714141846	775	-1,99590182304382	
778,125	0,86881685256958	778,125	-1,99010348320007	
781,25	0,861528098583221	781,25	-1,97678160667419	
784,375	0,862085461616516	784,375	-1,96264851093292	
787,5	0,857434213161469	787,5	-1,94851839542389	
790,625	0,85644918680191	790,625	-1,94371521472931	
793,75	0,859947323799133	793,75	-1,94540631771088	
796,875	0,855366706848145	796,875	-1,94539701938629	
800	0,854608774185181	800	-1,93361473083496	
803,125	0,850915670394897	803,125	-1,93910348415375	
806,25	0,850989639759064	806,25	-1,92440748214722	
809,375	0,847870588302612	809,375	-1,88911771774292	
812,5	0,855454683303833	812,5	-1,91212594509125	
815,625	0,855678856372833	815,625	-1,91608500480652	
818,75	0,85383152961731	818,75	-1,89189398288727	
821,875	0,858990490436554	821,875	-1,89418208599091	
825	0,862471640110016	825	-1,91494166851044	
828,125	0,857233822345734	828,125	-1,90469443798065	
831,25	0,900061547756195	831,25	-1,89415037631989	
834,375	0,860294342041016	834,375	-1,86918008327484	
837,5	0,837336599826813	837,5	-1,87591171264648	
840,625	0,826571881771088	840,625	-1,87303328514099	
843,75	0,82381808757782	843,75	-1,86054003238678	
846,875	0,809251070022583	846,875	-1,8699916601181	
850	0,790249645709991	850	-1,86739563941956	
853,125	0,785034716129303	853,125	-1,86933922767639	
856,25	0,791942000389099	856,25	-1,86781013011932	
859,375	0,7881800532341	859,375	-1,84292030334473	
862,5	0,764574110507965	862,5	-1,82696092128754	
865,625	0,750381410121918	865,625	-1,81653034687042	
868,75	0,738947808742523	868,75	-1,80739879608154	
871,875	0,723210155963898	871,875	-1,7764413356781	
875	0,740544378757477	875	-1,7559529542923	
878,125	0,727806031703949	878,125	-1,73448252677917	
881,25	0,733276188373566	881,25	-1,70672655105591	
884,375	0,791376292705536	884,375	-1,77424585819244	
887,5	0,810917496681213	887,5	-1,75447332859039	
890,625	0,807337939739227	890,625	-1,73095178604126	
893,75	0,791402757167816	893,75	-1,717365026474	
896,875	0,801157712936401	896,875	-1,69384801387787	
900	0,812496185302734	900	-1,69106197357178	
903,125	0,825144290924072	903,125	-1,67337477207184	
906,25	0,831296741962433	906,25	-1,66378617286682	
909,375	0,826631963253021	909,375	-1,65908050537109	
912,5	0,825074195861816	912,5	-1,64171242713928	
915,625	0,834879875183105	915,625	-1,63132917881012	
918,75	0,845035135746002	918,75	-1,62482297420502	
921,875	0,856793999671936	921,875	-1,61703288555145	
925	0,859631896018982	925	-1,61118614673615	
928,125	0,858258485794067	928,125	-1,6139178276062	
931,25	0,859203815460205	931,25	-1,59116744995117	
934,375	0,863077402114868	934,375	-1,5884690284729	
937,5	0,866321444511414	937,5	-1,58011138439178	
940,625	0,869617879390717	940,625	-1,57688021659851	
943,75	0,863796532154083	943,75	-1,56454491615295	
946,875	0,866458535194397	946,875	-1,55801010131836	
950	0,871958792209625	950	-1,55257546901703	
953,125	0,876509130001068	953,125	-1,55037713050842	
956,25	0,881634414196014	956,25	-1,5418496131897	
959,375	0,881780445575714	959,375	-1,53180146217346	
962,5	0,876834809780121	962,5	-1,52648591995239	
965,625	0,879404783248901	965,625	-1,52167761325836	
968,75	0,878499269485474	968,75	-1,5227130651474	
971,875	0,880339443683624	971,875	-1,50892984867096	
975	0,88389265537262	975	-1,50551545619965	
978,125	0,884493589401245	978,125	-1,50024783611298	
981,25	0,887321174144745	981,25	-1,4903963804245	
984,375	0,883180499076843	984,375	-1,4874951839447	
987,5	0,882992208003998	987,5	-1,48146533966064	
990,625	0,885681211948395	990,625	-1,47626316547394	
993,75	0,878089785575867	993,75	-1,4694344997406	
996,875	0,878992319107056	996,875	-1,46455192565918	
1000	0,875522017478943	1000	-1,45565712451935	
1003,125	0,880012214183807	1003,125	-1,44963693618774	
1006,25	0,880269825458527	1006,25	-1,44222664833069	
1009,375	0,878745853900909	1009,375	-1,43281042575836	
1012,5	0,881959736347198	1012,5	-1,42891693115234	
1015,625	0,879787802696228	1015,625	-1,42433071136475	
1018,75	0,87804901599884	1018,75	-1,41002464294434	
1021,875	0,88208395242691	1021,875	-1,4083104133606	
1025	0,884264290332794	1025	-1,39766955375671	
1028,125	0,886216461658478	1028,125	-1,39303028583527	
1031,25	0,884226739406586	1031,25	-1,39178609848022	
1034,375	0,885116577148438	1034,375	-1,38379466533661	
1037,5	0,887527763843536	1037,5	-1,37754356861115	
1040,625	0,88574206829071	1040,625	-1,3715752363205	
1043,75	0,888547718524933	1043,75	-1,36819756031036	
1046,875	0,89103901386261	1046,875	-1,36286556720734	
1050	0,886967122554779	1050	-1,35522544384003	
1053,125	0,88542103767395	1053,125	-1,35429251194	
1056,25	0,88553911447525	1056,25	-1,34589171409607	
1059,375	0,886299252510071	1059,375	-1,34499788284302	
1062,5	0,885026395320892	1062,5	-1,34133756160736	
1065,625	0,882101237773895	1065,625	-1,32985782623291	
1068,75	0,88800036907196	1068,75	-1,32738494873047	
1071,875	0,887937724590302	1071,875	-1,32195901870728	
1075	0,886748373508453	1075	-1,31778883934021	
1078,125	0,881285130977631	1078,125	-1,31372582912445	
1081,25	0,886193633079529	1081,25	-1,29778611660004	
1084,375	0,885604739189148	1084,375	-1,29790556430817	
1087,5	0,885246217250824	1087,5	-1,29354095458984	
1090,625	0,88606071472168	1090,625	-1,2892724275589	
1093,75	0,884858250617981	1093,75	-1,28401386737823	
1096,875	0,886913537979126	1096,875	-1,27497899532318	
1100	0,887161195278168	1100	-1,26905703544617	
1103,125	0,885983765125275	1103,125	-1,26429748535156	
1106,25	0,892816126346588	1106,25	-1,26172339916229	
1109,375	0,884938657283783	1109,375	-1,25498509407043	
1112,5	0,886560082435608	1112,5	-1,2565495967865	
1115,625	0,89201545715332	1115,625	-1,24843430519104	
1118,75	0,883755803108215	1118,75	-1,24938130378723	
1121,875	0,889865577220917	1121,875	-1,24711298942566	
1125	0,884882986545563	1125	-1,24345672130585	
1128,125	0,883362889289856	1128,125	-1,24225163459778	
1131,25	0,883681654930115	1131,25	-1,23080217838287	
1134,375	0,884887158870697	1134,375	-1,23278856277466	
1137,5	0,878080785274506	1137,5	-1,23574268817902	
1140,625	0,869728684425354	1140,625	-1,22413778305054	
1143,75	0,872732937335968	1143,75	-1,22621393203735	
1146,875	0,86917382478714	1146,875	-1,22062146663666	
1150	0,866085767745972	1150	-1,20904815196991	
1153,125	0,864599883556366	1153,125	-1,20651483535767	
1156,25	0,855006098747253	1156,25	-1,21218824386597	
1159,375	0,845576703548431	1159,375	-1,20300626754761	
1162,5	0,848697781562805	1162,5	-1,20152997970581	
1165,625	0,843682885169983	1165,625	-1,18671715259552	
1168,75	0,841393947601318	1168,75	-1,18174600601196	
1171,875	0,835448205471039	1171,875	-1,17343521118164	
1175	0,832901179790497	1175	-1,15826117992401	
1178,125	0,831362664699554	1178,125	-1,15055930614471	
1181,25	0,83213484287262	1181,25	-1,14595437049866	
1184,375	0,829750597476959	1184,375	-1,13143527507782	
1187,5	0,826591432094574	1187,5	-1,12036871910095	
1190,625	0,830890595912933	1190,625	-1,11357295513153	
1193,75	0,834011018276215	1193,75	-1,11259651184082	
1196,875	0,838460743427277	1196,875	-1,10390520095825	
1200	0,83546781539917	1200	-1,08887684345245	
1203,125	0,839222073554993	1203,125	-1,08575868606567	
1206,25	0,848667502403259	1206,25	-1,08260679244995	
1209,375	0,840906381607056	1209,375	-1,0716677904129	
1212,5	0,83774733543396	1212,5	-1,06226253509521	
1215,625	0,842789709568024	1215,625	-1,06249248981476	
1218,75	0,840837299823761	1218,75	-1,05144715309143	
1221,875	0,845783174037933	1221,875	-1,05039572715759	
1225	0,847167670726776	1225	-1,0515353679657	
1228,125	0,843379974365234	1228,125	-1,03697919845581	
1231,25	0,844637215137482	1231,25	-1,03852880001068	
1234,375	0,846429944038391	1234,375	-1,0384384393692	
1237,5	0,840851724147797	1237,5	-1,03108382225037	
1240,625	0,843072891235352	1240,625	-1,02725315093994	
1243,75	0,841683804988861	1243,75	-1,02173709869385	
1246,875	0,841998994350433	1246,875	-1,01631009578705	
1250	0,843201398849487	1250	-1,00754570960999	
1253,125	0,83732807636261	1253,125	-1,00432479381561	
1256,25	0,835097372531891	1256,25	-0,993243515491486	
1259,375	0,837560653686523	1259,375	-0,989466965198517	
1262,5	0,840031206607819	1262,5	-0,986106336116791	
1265,625	0,839349210262299	1265,625	-0,980932772159576	
1268,75	0,837604522705078	1268,75	-0,97387170791626	
1271,875	0,84086537361145	1271,875	-0,965827763080597	
1275	0,839742422103882	1275	-0,960509717464447	
1278,125	0,84151417016983	1278,125	-0,953387498855591	
1281,25	0,840098917484283	1281,25	-0,949692726135254	
1284,375	0,844216287136078	1284,375	-0,946946918964386	
1287,5	0,843321621417999	1287,5	-0,943768560886383	
1290,625	0,842481911182404	1290,625	-0,934981942176819	
1293,75	0,847348928451538	1293,75	-0,930996298789978	
1296,875	0,848679006099701	1296,875	-0,923184156417847	
1300	0,845067381858826	1300	-0,922926843166351	
1303,125	0,843758761882782	1303,125	-0,91814136505127	
1306,25	0,849042534828186	1306,25	-0,9134122133255	
1309,375	0,851611137390137	1309,375	-0,90678483247757	
1312,5	0,850302934646606	1312,5	-0,903163313865662	
1315,625	0,849724769592285	1315,625	-0,901756346225739	
1318,75	0,853379905223846	1318,75	-0,893572866916656	
1321,875	0,856380462646484	1321,875	-0,891587138175964	
1325	0,857237637042999	1325	-0,889545857906342	
1328,125	0,855060279369354	1328,125	-0,884214639663696	
1331,25	0,857426941394806	1331,25	-0,878911197185516	
1334,375	0,85351037979126	1334,375	-0,873797059059143	
1337,5	0,857032835483551	1337,5	-0,871850252151489	
1340,625	0,859604775905609	1340,625	-0,86640864610672	
1343,75	0,860603034496307	1343,75	-0,865695416927338	
1346,875	0,862104117870331	1346,875	-0,858978748321533	
1350	0,860041081905365	1350	-0,855976700782776	
1353,125	0,861023545265198	1353,125	-0,855562686920166	
1356,25	0,856151103973389	1356,25	-0,848907351493835	
1359,375	0,861777901649475	1359,375	-0,845039129257202	
1362,5	0,862295150756836	1362,5	-0,840205371379852	
1365,625	0,86097776889801	1365,625	-0,838078916072845	
1368,75	0,862723886966705	1368,75	-0,835924625396729	
1371,875	0,861649215221405	1371,875	-0,830850780010223	
1375	0,858417153358459	1375	-0,829748868942261	
1378,125	0,858502984046936	1378,125	-0,828681528568268	
1381,25	0,855418562889099	1381,25	-0,819146573543549	
1384,375	0,855220973491669	1384,375	-0,817549645900726	
1387,5	0,858239769935608	1387,5	-0,815237164497375	
1390,625	0,860099136829376	1390,625	-0,809361100196838	
1393,75	0,860002934932709	1393,75	-0,803890824317932	
1396,875	0,858864843845367	1396,875	-0,801027238368988	
1400	0,861462235450745	1400	-0,796763062477112	
1403,125	0,859480619430542	1403,125	-0,793339788913727	
1406,25	0,857606589794159	1406,25	-0,790473878383636	
1409,375	0,857172846794128	1409,375	-0,784424602985382	
1412,5	0,860394179821014	1412,5	-0,781296133995056	
1415,625	0,85864931344986	1415,625	-0,776455819606781	
1418,75	0,858371734619141	1418,75	-0,774118721485138	
1421,875	0,861018419265747	1421,875	-0,77016419172287	
1425	0,861300945281982	1425	-0,768040657043457	
1428,125	0,856256008148193	1428,125	-0,761525332927704	
1431,25	0,859517395496368	1431,25	-0,759190142154694	
1434,375	0,860731422901154	1434,375	-0,755117893218994	
1437,5	0,863044917583466	1437,5	-0,748473703861237	
1440,625	0,865286409854889	1440,625	-0,751020789146423	
1443,75	0,858098566532135	1443,75	-0,740972280502319	
1446,875	0,863304674625397	1446,875	-0,739809036254883	
1450	0,86406683921814	1450	-0,735926449298859	
1453,125	0,864423394203186	1453,125	-0,732584536075592	
1456,25	0,862632930278778	1456,25	-0,727784216403961	
1459,375	0,864283740520477	1459,375	-0,724953889846802	
1462,5	0,866975009441376	1462,5	-0,720583617687225	
1465,625	0,864526510238647	1465,625	-0,718728601932526	
1468,75	0,864315330982208	1468,75	-0,712373793125153	
1471,875	0,864058017730713	1471,875	-0,709485232830048	
1475	0,864943742752075	1475	-0,70906013250351	
1478,125	0,864854335784912	1478,125	-0,703978776931763	
1481,25	0,867856800556183	1481,25	-0,700332045555115	
1484,375	0,865970075130463	1484,375	-0,694339752197266	
1487,5	0,862734436988831	1487,5	-0,694892942905426	
1490,625	0,864120662212372	1490,625	-0,690861165523529	
1493,75	0,863269686698914	1493,75	-0,688449144363403	
1496,875	0,86526882648468	1496,875	-0,688455522060394	
1500	0,863100528717041	1500	-0,680818855762482	
1503,125	0,86494916677475	1503,125	-0,676436841487885	
1506,25	0,867714583873749	1506,25	-0,674363613128662	
1509,375	0,862725436687469	1509,375	-0,669610500335693	
1512,5	0,862930834293365	1512,5	-0,666573703289032	
1515,625	0,86215478181839	1515,625	-0,664641678333282	
1518,75	0,865949690341949	1518,75	-0,660572588443756	
1521,875	0,866616189479828	1521,875	-0,659643173217773	
1525	0,859838783740997	1525	-0,654434561729431	
1528,125	0,864980041980743	1528,125	-0,650061070919037	
1531,25	0,864691913127899	1531,25	-0,648341417312622	
1534,375	0,866126596927643	1534,375	-0,642966032028198	
1537,5	0,861670970916748	1537,5	-0,641118347644806	
1540,625	0,863493084907532	1540,625	-0,639946937561035	
1543,75	0,859902024269104	1543,75	-0,632008254528046	
1546,875	0,863315343856812	1546,875	-0,630010008811951	
1550	0,860844373703003	1550	-0,625366806983948	
1553,125	0,861241698265076	1553,125	-0,624179601669312	
1556,25	0,861687958240509	1556,25	-0,618236720561981	
1559,375	0,861314833164215	1559,375	-0,615941405296326	
1562,5	0,860615849494934	1562,5	-0,613578915596008	
1565,625	0,862922728061676	1565,625	-0,606438338756561	
1568,75	0,859387040138245	1568,75	-0,606440722942352	
1571,875	0,860262215137482	1571,875	-0,600318729877472	
1575	0,861749351024628	1575	-0,599142730236053	
1578,125	0,862310290336609	1578,125	-0,595029652118683	
1581,25	0,860425472259521	1581,25	-0,590830564498901	
1584,375	0,864717841148376	1584,375	-0,588419675827026	
1587,5	0,862819135189056	1587,5	-0,582938849925995	
1590,625	0,859903156757355	1590,625	-0,580156266689301	
1593,75	0,860524296760559	1593,75	-0,577296733856201	
1596,875	0,862359702587128	1596,875	-0,574118554592133	
1600	0,860935568809509	1600	-0,572626531124115	
1603,125	0,860352993011475	1603,125	-0,569957792758942	
1606,25	0,86117696762085	1606,25	-0,566348969936371	
1609,375	0,866512715816498	1609,375	-0,560403943061829	
1612,5	0,86608898639679	1612,5	-0,553949892520905	
1615,625	0,86370575428009	1615,625	-0,553052604198456	
1618,75	0,861816108226776	1618,75	-0,553084313869476	
1621,875	0,863417327404022	1621,875	-0,550298810005188	
1625	0,862065076828003	1625	-0,546240508556366	
1628,125	0,864159464836121	1628,125	-0,544713199138641	
1631,25	0,861843705177307	1631,25	-0,538717806339264	
1634,375	0,860680818557739	1634,375	-0,538228929042816	
1637,5	0,85975593328476	1637,5	-0,535559415817261	
1640,625	0,866392076015472	1640,625	-0,531685888767242	
1643,75	0,859278619289398	1643,75	-0,522425651550293	
1646,875	0,860978662967682	1646,875	-0,525005698204041	
1650	0,858726501464844	1650	-0,52356481552124	
1653,125	0,859507620334625	1653,125	-0,51823216676712	
1656,25	0,859503269195557	1656,25	-0,514969766139984	
1659,375	0,86084258556366	1659,375	-0,513180315494537	
1662,5	0,861911714076996	1662,5	-0,510146200656891	
1665,625	0,857894837856293	1665,625	-0,506345152854919	
1668,75	0,858270227909088	1668,75	-0,504529535770416	
1671,875	0,856974065303802	1671,875	-0,501564621925354	
1675	0,858213603496552	1675	-0,495859891176224	
1678,125	0,855416774749756	1678,125	-0,492491245269775	
1681,25	0,857571661472321	1681,25	-0,491577923297882	
1684,375	0,858522355556488	1684,375	-0,482190489768982	
1687,5	0,857815146446228	1687,5	-0,480276614427567	
1690,625	0,858363389968872	1690,625	-0,477146416902542	
1693,75	0,861027777194977	1693,75	-0,473506480455399	
1696,875	0,856315135955811	1696,875	-0,47015717625618	
1700	0,857845723628998	1700	-0,467582672834396	
1703,125	0,856289327144623	1703,125	-0,466126441955566	
1706,25	0,856027245521545	1706,25	-0,462295323610306	
1709,375	0,856777667999268	1709,375	-0,455745726823807	
1712,5	0,857142567634583	1712,5	-0,453523486852646	
1715,625	0,857127785682678	1715,625	-0,449551552534103	
1718,75	0,855982482433319	1718,75	-0,449095726013184	
1721,875	0,855152070522308	1721,875	-0,446005165576935	
1725	0,855036616325378	1725	-0,437802940607071	
1728,125	0,856217324733734	1728,125	-0,437374442815781	
1731,25	0,856507241725922	1731,25	-0,435934036970139	
1734,375	0,854399383068085	1734,375	-0,432082951068878	
1737,5	0,856834948062897	1737,5	-0,427998811006546	
1740,625	0,85821658372879	1740,625	-0,427701056003571	
1743,75	0,858402669429779	1743,75	-0,420066624879837	
1746,875	0,860028088092804	1746,875	-0,417413890361786	
1750	0,860303938388824	1750	-0,416896492242813	
1753,125	0,858739674091339	1753,125	-0,413377940654755	
1756,25	0,857718944549561	1756,25	-0,409221917390823	
1759,375	0,85944527387619	1759,375	-0,409489721059799	
1762,5	0,858611106872559	1762,5	-0,404831051826477	
1765,625	0,857681274414063	1765,625	-0,401137590408325	
1768,75	0,858813583850861	1768,75	-0,39664301276207	
1771,875	0,859012484550476	1771,875	-0,395407974720001	
1775	0,859898626804352	1775	-0,393903344869614	
1778,125	0,859290361404419	1778,125	-0,391175419092178	
1781,25	0,860198199748993	1781,25	-0,386392533779144	
1784,375	0,859735608100891	1784,375	-0,383842647075653	
1787,5	0,857562780380249	1787,5	-0,383423030376434	
1790,625	0,858632862567902	1790,625	-0,378675401210785	
1793,75	0,855683207511902	1793,75	-0,376408517360687	
1796,875	0,858031272888184	1796,875	-0,374753028154373	
1800	0,860825717449188	1800	-0,371874094009399	
1803,125	0,85729444026947	1803,125	-0,367459088563919	
1806,25	0,860046744346619	1806,25	-0,364976048469543	
1809,375	0,860289335250854	1809,375	-0,360990285873413	
1812,5	0,861665070056915	1812,5	-0,361605405807495	
1815,625	0,85760110616684	1815,625	-0,355756849050522	
1818,75	0,86089414358139	1818,75	-0,353020012378693	
1821,875	0,859860301017761	1821,875	-0,35112538933754	
1825	0,859219908714294	1825	-0,349597871303558	
1828,125	0,8589968085289	1828,125	-0,34757187962532	
1831,25	0,861245214939117	1831,25	-0,344457596540451	
1834,375	0,860865414142609	1834,375	-0,340850114822388	
1837,5	0,860791563987732	1837,5	-0,338385701179504	
1840,625	0,85778945684433	1840,625	-0,336482554674149	
1843,75	0,857943892478943	1843,75	-0,332989394664764	
1846,875	0,85683012008667	1846,875	-0,33054706454277	
1850	0,857779800891876	1850	-0,329053401947021	
1853,125	0,857260048389435	1853,125	-0,327347338199615	
1856,25	0,8600794672966	1856,25	-0,323463827371597	
1859,375	0,858324527740479	1859,375	-0,321313828229904	
1862,5	0,857058525085449	1862,5	-0,316473573446274	
1865,625	0,857797622680664	1865,625	-0,315811544656754	
1868,75	0,858942091464996	1868,75	-0,313660681247711	
1871,875	0,857122719287872	1871,875	-0,310377031564713	
1875	0,857003033161163	1875	-0,309495985507965	
1878,125	0,857239663600922	1878,125	-0,305533438920975	
1881,25	0,856335520744324	1881,25	-0,301960855722427	
1884,375	0,855991840362549	1884,375	-0,300280839204788	
1887,5	0,856506049633026	1887,5	-0,297861397266388	
1890,625	0,857358574867249	1890,625	-0,293275058269501	
1893,75	0,857706606388092	1893,75	-0,290752679109573	
1896,875	0,85815703868866	1896,875	-0,28751727938652	
1900	0,85675460100174	1900	-0,285158783197403	
1903,125	0,857434928417206	1903,125	-0,282158195972443	
1906,25	0,856541872024536	1906,25	-0,278322964906693	
1909,375	0,855611860752106	1909,375	-0,277407199144363	
1912,5	0,856719076633453	1912,5	-0,276133149862289	
1915,625	0,856800079345703	1915,625	-0,271421730518341	
1918,75	0,855903565883636	1918,75	-0,268015921115875	
1921,875	0,85524445772171	1921,875	-0,267856180667877	
1925	0,853825986385345	1925	-0,266142934560776	
1928,125	0,85511189699173	1928,125	-0,261301606893539	
1931,25	0,855834722518921	1931,25	-0,259336799383163	
1934,375	0,855122327804565	1934,375	-0,256530314683914	
1937,5	0,855191290378571	1937,5	-0,254459083080292	
1940,625	0,854742169380188	1940,625	-0,251526653766632	
1943,75	0,854359805583954	1943,75	-0,248006284236908	
1946,875	0,854646980762482	1946,875	-0,245689809322357	
1950	0,85588675737381	1950	-0,243372097611427	
1953,125	0,853909134864807	1953,125	-0,240424111485481	
1956,25	0,854401767253876	1956,25	-0,238903507590294	
1959,375	0,854087769985199	1959,375	-0,236079901456833	
1962,5	0,853910386562347	1962,5	-0,235351026058197	
1965,625	0,85368812084198	1965,625	-0,232123285531998	
1968,75	0,854256868362427	1968,75	-0,230770483613014	
1971,875	0,855520009994507	1971,875	-0,22680675983429	
1975	0,855405211448669	1975	-0,223045006394386	
1978,125	0,853950798511505	1978,125	-0,220691904425621	
1981,25	0,855201959609985	1981,25	-0,221373736858368	
1984,375	0,855160117149353	1984,375	-0,216851368546486	
1987,5	0,855437755584717	1987,5	-0,214512169361115	
1990,625	0,854612469673157	1990,625	-0,212549313902855	
1993,75	0,855283379554749	1993,75	-0,210417002439499	
1996,875	0,853976368904114	1996,875	-0,20880252122879	
2000	0,853456854820251	2000	-0,206710532307625	
2003,125	0,853297293186188	2003,125	-0,20541013777256	
2006,25	0,853091657161713	2006,25	-0,201836705207825	
2009,375	0,854044556617737	2009,375	-0,199189111590385	
2012,5	0,854548871517181	2012,5	-0,19718262553215	
2015,625	0,853627264499664	2015,625	-0,195067778229713	
2018,75	0,854013919830322	2018,75	-0,1921007335186	
2021,875	0,853731274604797	2021,875	-0,190903276205063	
2025	0,853380024433136	2025	-0,189011096954346	
2028,125	0,854213535785675	2028,125	-0,186636820435524	
2031,25	0,855808675289154	2031,25	-0,183149591088295	
2034,375	0,852368950843811	2034,375	-0,181650146842003	
2037,5	0,85325026512146	2037,5	-0,180463969707489	
2040,625	0,854304671287537	2040,625	-0,175842717289925	
2043,75	0,854661047458649	2043,75	-0,174341559410095	
2046,875	0,853762745857239	2046,875	-0,172647356987	
2050	0,852433502674103	2050	-0,170285910367966	
2053,125	0,851998269557953	2053,125	-0,168308660387993	
2056,25	0,852348744869232	2056,25	-0,165479704737663	
2059,375	0,852138876914978	2059,375	-0,163478791713715	
2062,5	0,851666629314423	2062,5	-0,161661893129349	
2065,625	0,850497007369995	2065,625	-0,159164920449257	
2068,75	0,850499093532562	2068,75	-0,157706469297409	
2071,875	0,850271701812744	2071,875	-0,155995771288872	
2075	0,849471986293793	2075	-0,15316379070282	
2078,125	0,850115418434143	2078,125	-0,150272235274315	
2081,25	0,850778162479401	2081,25	-0,147648826241493	
2084,375	0,849032044410706	2084,375	-0,145215824246407	
2087,5	0,848359763622284	2087,5	-0,144103199243546	
2090,625	0,847736537456512	2090,625	-0,141846477985382	
2093,75	0,84832888841629	2093,75	-0,138733491301537	
2096,875	0,848252415657043	2096,875	-0,136932015419006	
2100	0,846613585948944	2100	-0,132395297288895	
2103,125	0,847629368305206	2103,125	-0,131455525755882	
2106,25	0,847492933273315	2106,25	-0,128444790840149	
2109,375	0,845936834812164	2109,375	-0,126345634460449	
2112,5	0,845723092556	2112,5	-0,124546825885773	
2115,625	0,846433997154236	2115,625	-0,121189661324024	
2118,75	0,846729934215546	2118,75	-0,119163580238819	
2121,875	0,847084045410156	2121,875	-0,116540245711803	
2125	0,847202301025391	2125	-0,113923519849777	
2128,125	0,846458494663239	2128,125	-0,111319273710251	
2131,25	0,846556603908539	2131,25	-0,109554059803486	
2134,375	0,846111476421356	2134,375	-0,106948040425777	
2137,5	0,846186399459839	2137,5	-0,103723138570786	
2140,625	0,846511781215668	2140,625	-0,10123299062252	
2143,75	0,846763908863068	2143,75	-0,0991839990019798	
2146,875	0,846332609653473	2146,875	-0,098014235496521	
2150	0,846396088600159	2150	-0,0953325107693672	
2153,125	0,84773850440979	2153,125	-0,0927843153476715	
2156,25	0,846604228019714	2156,25	-0,0905778855085373	
2159,375	0,846569418907166	2159,375	-0,0875505208969116	
2162,5	0,847799479961395	2162,5	-0,0862147957086563	
2165,625	0,848060667514801	2165,625	-0,0831509009003639	
2168,75	0,84776771068573	2168,75	-0,0806204825639725	
2171,875	0,847461640834808	2171,875	-0,0791585966944695	
2175	0,846359312534332	2175	-0,0771496370434761	
2178,125	0,846956968307495	2178,125	-0,0748137235641479	
2181,25	0,847630739212036	2181,25	-0,0731924623250961	
2184,375	0,848388135433197	2184,375	-0,0703194662928581	
2187,5	0,848256886005402	2187,5	-0,0681016594171524	
2190,625	0,848152875900269	2190,625	-0,0668172463774681	
2193,75	0,847431302070618	2193,75	-0,0648535341024399	
2196,875	0,847814559936523	2196,875	-0,0618778318166733	
2200	0,847927272319794	2200	-0,0604978576302528	
2203,125	0,847667157649994	2203,125	-0,0585896298289299	
2206,25	0,848576366901398	2206,25	-0,0567027404904366	
2209,375	0,849287986755371	2209,375	-0,0546604655683041	
2212,5	0,848463594913483	2212,5	-0,0525586158037186	
2215,625	0,84781277179718	2215,625	-0,0509094223380089	
2218,75	0,848318994045258	2218,75	-0,0488434955477715	
2221,875	0,848239362239838	2221,875	-0,0466715581715107	
2225	0,847636938095093	2225	-0,0443343557417393	
2228,125	0,847771763801575	2228,125	-0,0423795692622662	
2231,25	0,848072409629822	2231,25	-0,0409044958651066	
2234,375	0,848348617553711	2234,375	-0,0381622426211834	
2237,5	0,847864091396332	2237,5	-0,0370985679328442	
2240,625	0,847154140472412	2240,625	-0,0344671905040741	
2243,75	0,846993029117584	2243,75	-0,0327541343867779	
2246,875	0,847197115421295	2246,875	-0,0313839390873909	
2250	0,84719979763031	2250	-0,02960748039186	
2253,125	0,847714066505432	2253,125	-0,0269265063107014	
2256,25	0,848758280277252	2256,25	-0,0244243685156107	
2259,375	0,848128437995911	2259,375	-0,0225385520607233	
2262,5	0,848076105117798	2262,5	-0,0207970831543207	
2265,625	0,848558187484741	2265,625	-0,0185013003647327	
2268,75	0,849263787269592	2268,75	-0,0170582514256239	
2271,875	0,848694086074829	2271,875	-0,015215752646327	
2275	0,84831714630127	2275	-0,0126817133277655	
2278,125	0,848105490207672	2278,125	-0,0107629103586078	
2281,25	0,848198354244232	2281,25	-0,00945715606212616	
2284,375	0,848179042339325	2284,375	-0,00782021414488554	
2287,5	0,847138345241547	2287,5	-0,00429002195596695	
2290,625	0,848070800304413	2290,625	-0,00331864249892533	
2293,75	0,848365843296051	2293,75	-0,00222254148684442	
2296,875	0,847457885742188	2296,875	0,000123484991490841	
2300	0,84677791595459	2300	0,00241999211721122	
2303,125	0,847594738006592	2303,125	0,0039922958239913	
2306,25	0,847985208034515	2306,25	0,00578445522114635	
2309,375	0,847298264503479	2309,375	0,00771715771406889	
2312,5	0,848111033439636	2312,5	0,00941882561892271	
2315,625	0,847981214523315	2315,625	0,0114036705344915	
2318,75	0,848714113235474	2318,75	0,0128914648666978	
2321,875	0,849592089653015	2321,875	0,0147312711924314	
2325	0,847867786884308	2325	0,0171255692839623	
2328,125	0,847351372241974	2328,125	0,0183244291692972	
2331,25	0,847408831119537	2331,25	0,0195182412862778	
2334,375	0,846934616565704	2334,375	0,0216306503862143	
2337,5	0,846706449985504	2337,5	0,0239835921674967	
2340,625	0,847674369812012	2340,625	0,0253159161657095	
2343,75	0,846848666667938	2343,75	0,0277454182505608	
2346,875	0,847206175327301	2346,875	0,0295110940933228	
2350	0,846507847309113	2350	0,0315963961184025	
2353,125	0,846694469451904	2353,125	0,0336035750806332	
2356,25	0,846279323101044	2356,25	0,0346755906939507	
2359,375	0,846210420131683	2359,375	0,036374356597662	
2362,5	0,845869421958923	2362,5	0,0388279296457767	
2365,625	0,847167432308197	2365,625	0,0415091551840305	
2368,75	0,846751153469086	2368,75	0,0422899387776852	
2371,875	0,848887145519257	2371,875	0,0430179126560688	
2375	0,848284959793091	2375	0,0458135791122913	
2378,125	0,847201883792877	2378,125	0,0483827292919159	
2381,25	0,846637845039368	2381,25	0,0502130500972271	
2384,375	0,846295595169067	2384,375	0,0520500987768173	
2387,5	0,847991466522217	2387,5	0,0534301213920116	
2390,625	0,847271323204041	2390,625	0,0548155456781387	
2393,75	0,846400856971741	2393,75	0,056672714650631	
2396,875	0,845709145069122	2396,875	0,0598195493221283	
2400	0,846112191677094	2400	0,0609463229775429	
2403,125	0,846129298210144	2403,125	0,0627157613635063	
2406,25	0,845705687999725	2406,25	0,0649763122200966	
2409,375	0,845946848392487	2409,375	0,0668269991874695	
2412,5	0,844979345798492	2412,5	0,0667072832584381	
2415,625	0,847425401210785	2415,625	0,069447249174118	
2418,75	0,847296357154846	2418,75	0,0714616924524307	
2421,875	0,845809161663055	2421,875	0,073438473045826	
2425	0,845944762229919	2425	0,0751035585999489	
2428,125	0,846501171588898	2428,125	0,0769281610846519	
2431,25	0,845899224281311	2431,25	0,0788293853402138	
2434,375	0,84669017791748	2434,375	0,0809980779886246	
2437,5	0,84601628780365	2437,5	0,0819146186113358	
2440,625	0,846114158630371	2440,625	0,0836541205644608	
2443,75	0,846105515956879	2443,75	0,0863657221198082	
2446,875	0,846217691898346	2446,875	0,0877321437001228	
2450	0,845141291618347	2450	0,0900565981864929	
2453,125	0,845776736736298	2453,125	0,0916439443826675	
2456,25	0,846209108829498	2456,25	0,0933029055595398	
2459,375	0,844939112663269	2459,375	0,0954005792737007	
2462,5	0,846160471439362	2462,5	0,0974028259515762	
2465,625	0,845942854881287	2465,625	0,0990445837378502	
2468,75	0,84562349319458	2468,75	0,099489800632	
2471,875	0,84766560792923	2471,875	0,10358715057373	
2475	0,846360385417938	2475	0,105253510177135	
2478,125	0,845837831497192	2478,125	0,107767589390278	
2481,25	0,845833599567413	2481,25	0,107798859477043	
2484,375	0,845882534980774	2484,375	0,109922423958778	
2487,5	0,846379220485687	2487,5	0,114395044744015	
2490,625	0,846357464790344	2490,625	0,114025890827179	
2493,75	0,847170174121857	2493,75	0,114870749413967	
2496,875	0,847593069076538	2496,875	0,116576261818409	
2500	0,845750093460083	2500	0,118518404662609	
2503,125	0,847694873809814	2503,125	0,121752016246319	
2506,25	0,846079707145691	2506,25	0,123521633446217	
2509,375	0,846559822559357	2509,375	0,125083774328232	
2512,5	0,846833348274231	2512,5	0,126243352890015	
2515,625	0,848169088363647	2515,625	0,127638146281242	
2518,75	0,847448348999023	2518,75	0,12989367544651	
2521,875	0,846559047698975	2521,875	0,13079622387886	
2525	0,847949683666229	2525	0,134651646018028	
2528,125	0,848214566707611	2528,125	0,133842185139656	
2531,25	0,848517715930939	2531,25	0,13467338681221	
2534,375	0,847733378410339	2534,375	0,136397153139114	
2537,5	0,849246025085449	2537,5	0,141121283173561	
2540,625	0,849305808544159	2540,625	0,139892995357513	
2543,75	0,850099980831146	2543,75	0,14232125878334	
2546,875	0,848472833633423	2546,875	0,14495524764061	
2550	0,848009824752808	2550	0,14648149907589	
2553,125	0,848266661167145	2553,125	0,149222761392593	
2556,25	0,848111927509308	2556,25	0,151057749986649	
2559,375	0,849241018295288	2559,375	0,152106299996376	
2562,5	0,849748015403748	2562,5	0,153827011585236	
2565,625	0,849706411361694	2565,625	0,154774308204651	
2568,75	0,84944099187851	2568,75	0,156890451908112	
2571,875	0,8490110039711	2571,875	0,159934565424919	
2575	0,849489510059357	2575	0,160926803946495	
2578,125	0,852262556552887	2578,125	0,161155194044113	
2581,25	0,850261211395264	2581,25	0,163637936115265	
2584,375	0,852048873901367	2584,375	0,165233641862869	
2587,5	0,852015912532806	2587,5	0,167364105582237	
2590,625	0,852605164051056	2590,625	0,168743386864662	
2593,75	0,853199005126953	2593,75	0,170596539974213	
2596,875	0,852028071880341	2596,875	0,172495022416115	
2600	0,853048622608185	2600	0,173534289002419	
2603,125	0,854345202445984	2603,125	0,175876289606094	
2606,25	0,854778051376343	2606,25	0,17630173265934	
2609,375	0,853829920291901	2609,375	0,178851947188377	
2612,5	0,854711294174194	2612,5	0,180405274033546	
2615,625	0,855899810791016	2615,625	0,182196035981178	
2618,75	0,855286478996277	2618,75	0,183232605457306	
2621,875	0,856837451457977	2621,875	0,184374749660492	
2625	0,857325434684753	2625	0,183883175253868	
2628,125	0,857295513153076	2628,125	0,185692742466927	
2631,25	0,858907043933868	2631,25	0,188201129436493	
2634,375	0,858213901519775	2634,375	0,187600627541542	
2637,5	0,859791934490204	2637,5	0,190061286091805	
2640,625	0,859384536743164	2640,625	0,192047536373138	
2643,75	0,85873806476593	2643,75	0,194050520658493	
2646,875	0,856617271900177	2646,875	0,194211721420288	
2650	0,859883606433868	2650	0,199224948883057	
2653,125	0,859566509723663	2653,125	0,198459938168526	
2656,25	0,859399795532227	2656,25	0,200331673026085	
2659,375	0,860055804252625	2659,375	0,201799243688583	
2662,5	0,859854459762573	2662,5	0,20236799120903	
2665,625	0,861539781093597	2665,625	0,204217195510864	
2668,75	0,863929390907288	2668,75	0,204059556126595	
2671,875	0,861799776554108	2671,875	0,206764876842499	
2675	0,861116766929626	2675	0,208704873919487	
2678,125	0,861699163913727	2678,125	0,209663406014442	
2681,25	0,860559523105621	2681,25	0,21139669418335	
2684,375	0,861713230609894	2684,375	0,213585317134857	
2687,5	0,860753774642944	2687,5	0,213700875639915	
2690,625	0,863285720348358	2690,625	0,217096611857414	
2693,75	0,862623751163483	2693,75	0,216689556837082	
2696,875	0,864346444606781	2696,875	0,217564076185226	
2700	0,864627838134766	2700	0,219611674547195	
2703,125	0,865116536617279	2703,125	0,221757099032402	
2706,25	0,866338133811951	2706,25	0,221518665552139	
2709,375	0,865973174571991	2709,375	0,223581284284592	
2712,5	0,864678621292114	2712,5	0,225340083241463	
2715,625	0,866060733795166	2715,625	0,227191716432571	
2718,75	0,867300748825073	2718,75	0,227942779660225	
2721,875	0,867538452148438	2721,875	0,227710500359535	
2725	0,867228209972382	2725	0,230256572365761	
2728,125	0,867545485496521	2728,125	0,233049303293228	
2731,25	0,86801290512085	2731,25	0,233131170272827	
2734,375	0,86859530210495	2734,375	0,233168542385101	
2737,5	0,869619727134705	2737,5	0,235022529959679	
2740,625	0,86835390329361	2740,625	0,236266791820526	
2743,75	0,866946160793304	2743,75	0,239291697740555	
2746,875	0,868264973163605	2746,875	0,239948451519012	
2750	0,870912313461304	2750	0,240357428789139	
2753,125	0,870169878005981	2753,125	0,241839557886124	
2756,25	0,871184468269348	2756,25	0,245092868804932	
2759,375	0,87036269903183	2759,375	0,245155513286591	
2762,5	0,871619999408722	2762,5	0,24626313149929	
2765,625	0,870671033859253	2765,625	0,247055232524872	
2768,75	0,870709359645844	2768,75	0,249903500080109	
2771,875	0,872790098190308	2771,875	0,250415444374084	
2775	0,8729367852211	2775	0,251429319381714	
2778,125	0,873400211334229	2778,125	0,251948863267899	
2781,25	0,873671531677246	2781,25	0,254521876573563	
2784,375	0,874274253845215	2784,375	0,254348307847977	
2787,5	0,87524938583374	2787,5	0,255092561244965	
2790,625	0,874667942523956	2790,625	0,258357554674149	
2793,75	0,874437034130096	2793,75	0,258768677711487	
2796,875	0,874589860439301	2796,875	0,259628295898438	
2800	0,8739333152771	2800	0,261619597673416	
2803,125	0,872289896011353	2803,125	0,264361381530762	
2806,25	0,875546991825104	2806,25	0,265076696872711	
2809,375	0,874229967594147	2809,375	0,265532314777374	
2812,5	0,874665260314941	2812,5	0,268309861421585	
2815,625	0,876058638095856	2815,625	0,269259959459305	
2818,75	0,877048194408417	2818,75	0,269444972276688	
2821,875	0,877113580703735	2821,875	0,271044015884399	
2825	0,877716720104218	2825	0,270435512065887	
2828,125	0,877736032009125	2828,125	0,27277797460556	
2831,25	0,879019141197205	2831,25	0,27561143040657	
2834,375	0,879386246204376	2834,375	0,275606900453568	
2837,5	0,877540290355682	2837,5	0,279273003339767	
2840,625	0,877682983875275	2840,625	0,280341476202011	
2843,75	0,879378139972687	2843,75	0,279404282569885	
2846,875	0,880358278751373	2846,875	0,282225072383881	
2850	0,880313873291016	2850	0,282045781612396	
2853,125	0,880956709384918	2853,125	0,283186793327332	
2856,25	0,880129873752594	2856,25	0,28510457277298	
2859,375	0,882025480270386	2859,375	0,285767018795013	
2862,5	0,881333112716675	2862,5	0,287945449352264	
2865,625	0,882676601409912	2865,625	0,289923995733261	
2868,75	0,881440937519073	2868,75	0,290402442216873	
2871,875	0,880133807659149	2871,875	0,292459428310394	
2875	0,88257360458374	2875	0,293581396341324	
2878,125	0,883138656616211	2878,125	0,294597715139389	
2881,25	0,883258938789368	2881,25	0,296500861644745	
2884,375	0,884850382804871	2884,375	0,297132283449173	
2887,5	0,883933663368225	2887,5	0,298746883869171	
2890,625	0,883277475833893	2890,625	0,301908731460571	
2893,75	0,88356614112854	2893,75	0,302353233098984	
2896,875	0,88496059179306	2896,875	0,302663922309875	
2900	0,884513378143311	2900	0,303713947534561	
2903,125	0,885577499866486	2903,125	0,306140214204788	
2906,25	0,88788640499115	2906,25	0,307299584150314	
2909,375	0,88662850856781	2909,375	0,308328092098236	
2912,5	0,887334704399109	2912,5	0,308362126350403	
2915,625	0,888206422328949	2915,625	0,310565114021301	
2918,75	0,888603150844574	2918,75	0,312324076890945	
2921,875	0,887205243110657	2921,875	0,312671095132828	
2925	0,886233329772949	2925	0,315647900104523	
2928,125	0,888495922088623	2928,125	0,315928339958191	
2931,25	0,889924883842468	2931,25	0,316357672214508	
2934,375	0,888841092586517	2934,375	0,318561196327209	
2937,5	0,889138162136078	2937,5	0,320417821407318	
2940,625	0,890395164489746	2940,625	0,32048511505127	
2943,75	0,891290307044983	2943,75	0,322160840034485	
2946,875	0,89107084274292	2946,875	0,325073927640915	
2950	0,890512526035309	2950	0,325876474380493	
2953,125	0,891111552715302	2953,125	0,327363878488541	
2956,25	0,888911724090576	2956,25	0,328558087348938	
2959,375	0,89008504152298	2959,375	0,330926030874252	
2962,5	0,892734110355377	2962,5	0,332253605127335	
2965,625	0,891519367694855	2965,625	0,333221793174744	
2968,75	0,890819787979126	2968,75	0,33607342839241	
2971,875	0,891048789024353	2971,875	0,337399899959564	
2975	0,891541063785553	2975	0,337958514690399	
2978,125	0,89096337556839	2978,125	0,339507400989532	
2981,25	0,892927646636963	2981,25	0,340536206960678	
2984,375	0,892218410968781	2984,375	0,342957377433777	
2987,5	0,892565548419952	2987,5	0,344761431217194	
2990,625	0,893681287765503	2990,625	0,346075773239136	
2993,75	0,892671346664429	2993,75	0,347088634967804	
2996,875	0,893393456935883	2996,875	0,349100351333618	
3000	0,895448803901672	3000	0,352047026157379	
3003,125	0,892505764961243	3003,125	0,354539334774017	
3006,25	0,89309298992157	3006,25	0,355773240327835	
3009,375	0,895024061203003	3009,375	0,356430262327194	
3012,5	0,89776211977005	3012,5	0,359147936105728	
3015,625	0,897225916385651	3015,625	0,363227844238281	
3018,75	0,895540595054626	3018,75	0,363271474838257	
3021,875	0,897348046302795	3021,875	0,366569191217422	
3025	0,898373305797577	3025	0,367676258087158	
3028,125	0,898434698581696	3028,125	0,369405508041382	
3031,25	0,897555768489838	3031,25	0,375053256750107	
3034,375	0,899838984012604	3034,375	0,373302400112152	
3037,5	0,904899120330811	3037,5	0,378569573163986	
3040,625	0,90555328130722	3040,625	0,37820628285408	
3043,75	0,906147062778473	3043,75	0,378648370504379	
3046,875	0,90569543838501	3046,875	0,382000923156738	
3050	0,90898859500885	3050	0,381897389888763	
3053,125	0,91050398349762	3053,125	0,383749723434448	
3056,25	0,911702334880829	3056,25	0,385374218225479	
3059,375	0,910825550556183	3059,375	0,386842280626297	
3062,5	0,91310727596283	3062,5	0,38709020614624	
3065,625	0,913307845592499	3065,625	0,386499792337418	
3068,75	0,914668083190918	3068,75	0,388474375009537	
3071,875	0,914097785949707	3071,875	0,389092832803726	
3075	0,913894891738892	3075	0,38989195227623	
3078,125	0,917200565338135	3078,125	0,390258342027664	
3081,25	0,918646514415741	3081,25	0,390887707471848	
3084,375	0,917461097240448	3084,375	0,392380565404892	
3087,5	0,916603207588196	3087,5	0,39369985461235	
3090,625	0,91706371307373	3090,625	0,397091388702393	
3093,75	0,916931927204132	3093,75	0,398020476102829	
3096,875	0,917562901973724	3096,875	0,398412793874741	
3100	0,921328783035278	3100	0,400216609239578	
3103,125	0,92063695192337	3103,125	0,400300085544586	
3106,25	0,921287357807159	3106,25	0,401976466178894	
3109,375	0,923150658607483	3109,375	0,404721200466156	
3112,5	0,92097008228302	3112,5	0,406944125890732	
3115,625	0,921301603317261	3115,625	0,406323134899139	
3118,75	0,923124372959137	3118,75	0,407133042812347	
3121,875	0,918640911579132	3121,875	0,408034086227417	
3125	0,920762896537781	3125	0,41112294793129	
3128,125	0,922406315803528	3128,125	0,411572396755219	
3131,25	0,925548911094666	3131,25	0,412707298994064	
3134,375	0,926095366477966	3134,375	0,415055483579636	
3137,5	0,925946056842804	3137,5	0,412975609302521	
3140,625	0,926261186599731	3140,625	0,416782945394516	
3143,75	0,923721492290497	3143,75	0,417449951171875	
3146,875	0,925635039806366	3146,875	0,418348670005798	
3150	0,928888857364655	3150	0,419366896152496	
3153,125	0,927654147148132	3153,125	0,421569854021072	
3156,25	0,927121102809906	3156,25	0,423849254846573	
3159,375	0,92905068397522	3159,375	0,423053294420242	
3162,5	0,932629346847534	3162,5	0,420174241065979	
3165,625	0,92990106344223	3165,625	0,424007087945938	
3168,75	0,926538944244385	3168,75	0,424365490674973	
3171,875	0,930795967578888	3171,875	0,42644190788269	
3175	0,933705449104309	3175	0,428445756435394	
3178,125	0,933522641658783	3178,125	0,430445849895477	
3181,25	0,931145906448364	3181,25	0,431359231472015	
3184,375	0,92906528711319	3184,375	0,429641872644424	
3187,5	0,927630364894867	3187,5	0,431675165891647	
3190,625	0,93081271648407	3190,625	0,432992905378342	
3193,75	0,92983090877533	3193,75	0,433027595281601	
3196,875	0,930290400981903	3196,875	0,43675884604454	
3200	0,927222371101379	3200	0,439127534627914	
3203,125	0,930143535137177	3203,125	0,440640836954117	
3206,25	0,931146264076233	3206,25	0,440691143274307	
3209,375	0,929859936237335	3209,375	0,441626787185669	
3212,5	0,930968999862671	3212,5	0,443125993013382	
3215,625	0,932849943637848	3215,625	0,444096088409424	
3218,75	0,92797189950943	3218,75	0,446583807468414	
3221,875	0,929486334323883	3221,875	0,447612375020981	
3225	0,931920528411865	3225	0,451708316802979	
3228,125	0,931969583034515	3228,125	0,454537123441696	
3231,25	0,932365655899048	3231,25	0,452581495046616	
3234,375	0,929084002971649	3234,375	0,455347657203674	
3237,5	0,928892254829407	3237,5	0,457896023988724	
3240,625	0,929820656776428	3240,625	0,459991574287415	
3243,75	0,92820018529892	3243,75	0,461608648300171	
3246,875	0,926188409328461	3246,875	0,462812900543213	
3250	0,925418555736542	3250	0,460650861263275	
3253,125	0,925871133804321	3253,125	0,467082738876343	
3256,25	0,928645193576813	3256,25	0,468042314052582	
3259,375	0,929118454456329	3259,375	0,468714624643326	
3262,5	0,9300177693367	3262,5	0,47013384103775	
3265,625	0,932830333709717	3265,625	0,470514386892319	
3268,75	0,930856823921204	3268,75	0,471665114164352	
3271,875	0,930798947811127	3271,875	0,474791586399078	
3275	0,9316645860672	3275	0,478690564632416	
3278,125	0,930518507957459	3278,125	0,476566791534424	
3281,25	0,930608034133911	3281,25	0,483443409204483	
3284,375	0,931782066822052	3284,375	0,483469814062119	
3287,5	0,929992437362671	3287,5	0,482414931058884	
3290,625	0,928182780742645	3290,625	0,48429200053215	
3293,75	0,931992530822754	3293,75	0,486392825841904	
3296,875	0,933518946170807	3296,875	0,487269848585129	
3300	0,93117880821228	3300	0,490024566650391	
3303,125	0,932010293006897	3303,125	0,491272509098053	
3306,25	0,933666169643402	3306,25	0,493036359548569	
3309,375	0,932666838169098	3309,375	0,496035128831863	
3312,5	0,93084043264389	3312,5	0,497891664505005	
3315,625	0,932074725627899	3315,625	0,498539954423904	
3318,75	0,930579900741577	3318,75	0,49882173538208	
3321,875	0,932565808296204	3321,875	0,501960873603821	
3325	0,932243764400482	3325	0,50346440076828	
3328,125	0,933977484703064	3328,125	0,504243493080139	
3331,25	0,934246897697449	3331,25	0,50450724363327	
3334,375	0,934522807598114	3334,375	0,505896389484406	
3337,5	0,935321092605591	3337,5	0,509427845478058	
3340,625	0,935539484024048	3340,625	0,509245812892914	
3343,75	0,934257209300995	3343,75	0,509549200534821	
3346,875	0,935723960399628	3346,875	0,517583787441254	
3350	0,933760225772858	3350	0,518461883068085	
3353,125	0,935699224472046	3353,125	0,518988370895386	
3356,25	0,935470819473267	3356,25	0,516434669494629	
3359,375	0,93490731716156	3359,375	0,520949840545654	
3362,5	0,93748664855957	3362,5	0,52177894115448	
3365,625	0,938713669776917	3365,625	0,521481990814209	
3368,75	0,939919114112854	3368,75	0,520590960979462	
3371,875	0,936864256858826	3371,875	0,523057639598846	
3375	0,936075091362	3375	0,523341834545136	
3378,125	0,939143419265747	3378,125	0,528825998306274	
3381,25	0,937972962856293	3381,25	0,528724312782288	
3384,375	0,939192831516266	3384,375	0,530060946941376	
3387,5	0,941383481025696	3387,5	0,530634522438049	
3390,625	0,938290894031525	3390,625	0,533641040325165	
3393,75	0,939883768558502	3393,75	0,532389044761658	
3396,875	0,939036130905151	3396,875	0,534000217914581	
3400	0,939608037471771	3400	0,536877691745758	
3403,125	0,939062714576721	3403,125	0,538189649581909	
3406,25	0,939047038555145	3406,25	0,539898753166199	
3409,375	0,941147446632385	3409,375	0,542415678501129	
3412,5	0,939550876617432	3412,5	0,544084548950195	
3415,625	0,939257204532623	3415,625	0,54549115896225	
3418,75	0,94020289182663	3418,75	0,545020282268524	
3421,875	0,938789188861847	3421,875	0,545574843883514	
3425	0,938604831695557	3425	0,547749280929565	
3428,125	0,941167712211609	3428,125	0,549136936664581	
3431,25	0,9413982629776	3431,25	0,548324286937714	
3434,375	0,941230714321136	3434,375	0,551731407642365	
3437,5	0,941512167453766	3437,5	0,555419504642487	
3440,625	0,942320108413696	3440,625	0,556335270404816	
3443,75	0,941140949726105	3443,75	0,555102467536926	
3446,875	0,942564427852631	3446,875	0,55576092004776	
3450	0,944121360778809	3450	0,557509064674377	
3453,125	0,942948579788208	3453,125	0,558331251144409	
3456,25	0,942493081092834	3456,25	0,56020724773407	
3459,375	0,941069900989532	3459,375	0,560148119926453	
3462,5	0,943479359149933	3462,5	0,560627937316895	
3465,625	0,942363202571869	3465,625	0,562875032424927	
3468,75	0,942911028862	3468,75	0,566019654273987	
3471,875	0,943574666976929	3471,875	0,565745532512665	
3475	0,944310009479523	3475	0,567918479442596	
3478,125	0,943056225776672	3478,125	0,567848742008209	
3481,25	0,946315050125122	3481,25	0,567995846271515	
3484,375	0,944496750831604	3484,375	0,568487584590912	
3487,5	0,943026781082153	3487,5	0,570739924907684	
3490,625	0,945046484470367	3490,625	0,573099911212921	
3493,75	0,946454226970673	3493,75	0,574967980384827	
3496,875	0,946595549583435	3496,875	0,574090659618378	
3500	0,947385013103485	3500	0,57641738653183	
3503,125	0,946345925331116	3503,125	0,576892912387848	
3506,25	0,945942401885986	3506,25	0,580885529518127	
3509,375	0,945386826992035	3509,375	0,580708205699921	
3512,5	0,947283804416656	3512,5	0,579308807849884	
3515,625	0,94901567697525	3515,625	0,579441428184509	
3518,75	0,946510553359985	3518,75	0,581126928329468	
3521,875	0,947572946548462	3521,875	0,581303298473358	
3525	0,948373138904572	3525	0,582733511924744	
3528,125	0,948022603988647	3528,125	0,58547443151474	
3531,25	0,947394609451294	3531,25	0,588087201118469	
3534,375	0,947237253189087	3534,375	0,587406039237976	
3537,5	0,949065208435059	3537,5	0,585641324520111	
3540,625	0,949228405952454	3540,625	0,587163209915161	
3543,75	0,949039816856384	3543,75	0,588599503040314	
3546,875	0,947804093360901	3546,875	0,588377416133881	
3550	0,948993921279907	3550	0,590614318847656	
3553,125	0,947279453277588	3553,125	0,59057092666626	
3556,25	0,948740899562836	3556,25	0,591984272003174	
3559,375	0,949754774570465	3559,375	0,593763887882233	
3562,5	0,947600722312927	3562,5	0,596381962299347	
3565,625	0,948318421840668	3565,625	0,596347630023956	
3568,75	0,948789596557617	3568,75	0,59689599275589	
3571,875	0,950286984443665	3571,875	0,599563300609589	
3575	0,949344038963318	3575	0,602642416954041	
3578,125	0,949018061161041	3578,125	0,603515267372131	
3581,25	0,950078010559082	3581,25	0,603642880916595	
3584,375	0,950683891773224	3584,375	0,602960765361786	
3587,5	0,95136421918869	3587,5	0,603222966194153	
3590,625	0,95106714963913	3590,625	0,606249988079071	
3593,75	0,950331807136536	3593,75	0,608514308929443	
3596,875	0,950083613395691	3596,875	0,608870148658752	
3600	0,951798319816589	3600	0,610499024391174	
3603,125	0,95376181602478	3603,125	0,610693693161011	
3606,25	0,95120245218277	3606,25	0,611388564109802	
3609,375	0,954691767692566	3609,375	0,611793696880341	
3612,5	0,954149186611176	3612,5	0,612419009208679	
3615,625	0,952546298503876	3615,625	0,614578723907471	
3618,75	0,954352915287018	3618,75	0,614289879798889	
3621,875	0,954062044620514	3621,875	0,614204227924347	
3625	0,955390751361847	3625	0,615353405475616	
3628,125	0,955609142780304	3628,125	0,61809378862381	
3631,25	0,957309722900391	3631,25	0,619662404060364	
3634,375	0,956209421157837	3634,375	0,621245741844177	
3637,5	0,955762982368469	3637,5	0,620513319969177	
3640,625	0,958004713058472	3640,625	0,619107246398926	
3643,75	0,958593189716339	3643,75	0,621775925159454	
3646,875	0,958073258399963	3646,875	0,621625185012817	
3650	0,959038436412811	3650	0,623193025588989	
3653,125	0,960147738456726	3653,125	0,623615205287933	
3656,25	0,959526002407074	3656,25	0,624059975147247	
3659,375	0,958980560302734	3659,375	0,626783490180969	
3662,5	0,960173070430756	3662,5	0,62804913520813	
3665,625	0,956879615783691	3665,625	0,630151152610779	
3668,75	0,9629145860672	3668,75	0,630499064922333	
3671,875	0,961722910404205	3671,875	0,6279536485672	
3675	0,961370468139648	3675	0,630492925643921	
3678,125	0,962278544902802	3678,125	0,631704270839691	
3681,25	0,958061516284943	3681,25	0,632474303245544	
3684,375	0,968088388442993	3684,375	0,631112098693848	
3687,5	0,963967621326447	3687,5	0,631768405437469	
3690,625	0,963184952735901	3690,625	0,633025586605072	
3693,75	0,965253412723541	3693,75	0,635951697826386	
3696,875	0,963806748390198	3696,875	0,63755214214325	
3700	0,964169025421143	3700	0,635925710201263	
3703,125	0,966940999031067	3703,125	0,635530889034271	
3706,25	0,967418313026428	3706,25	0,6400146484375	
3709,375	0,965815901756287	3709,375	0,64018976688385	
3712,5	0,967857658863068	3712,5	0,637815058231354	
3715,625	0,970415115356445	3715,625	0,637620985507965	
3718,75	0,969045877456665	3718,75	0,643543362617493	
3721,875	0,969748735427856	3721,875	0,642882466316223	
3725	0,967697143554688	3725	0,644452929496765	
3728,125	0,970962941646576	3728,125	0,644336700439453	
3731,25	0,970205724239349	3731,25	0,644904434680939	
3734,375	0,973007798194885	3734,375	0,644946575164795	
3737,5	0,970709145069122	3737,5	0,646235227584839	
3740,625	0,973714053630829	3740,625	0,649316132068634	
3743,75	0,973095118999481	3743,75	0,648793041706085	
3746,875	0,970977008342743	3746,875	0,649360060691834	
3750	0,973336637020111	3750	0,650564253330231	
3753,125	0,97433865070343	3753,125	0,649811506271362	
3756,25	0,975901663303375	3756,25	0,650427758693695	
3759,375	0,976097702980042	3759,375	0,650291681289673	
3762,5	0,971382975578308	3762,5	0,651928544044495	
3765,625	0,980136156082153	3765,625	0,653541922569275	
3768,75	0,976185977458954	3768,75	0,653054177761078	
3771,875	0,977753162384033	3771,875	0,651877284049988	
3775	0,977064788341522	3775	0,654153883457184	
3778,125	0,978909552097321	3778,125	0,654099643230438	
3781,25	0,980417847633362	3781,25	0,655933797359467	
3784,375	0,978026747703552	3784,375	0,65824168920517	
3787,5	0,980218112468719	3787,5	0,661282598972321	
3790,625	0,979190587997437	3790,625	0,659634232521057	
3793,75	0,98364269733429	3793,75	0,659292936325073	
3796,875	0,981629848480225	3796,875	0,658636033535004	
3800	0,98345410823822	3800	0,657127201557159	
3803,125	0,983378946781158	3803,125	0,660188674926758	
3806,25	0,981992423534393	3806,25	0,663048565387726	
3809,375	0,984526574611664	3809,375	0,662461936473846	
3812,5	0,98654580116272	3812,5	0,661687314510345	
3815,625	0,98615437746048	3815,625	0,661037147045136	
3818,75	0,985544383525848	3818,75	0,664685487747192	
3821,875	0,985992252826691	3821,875	0,662754237651825	
3825	0,984108150005341	3825	0,664214670658112	
3828,125	0,98745459318161	3828,125	0,667078971862793	
3831,25	0,987748444080353	3831,25	0,66810667514801	
3834,375	0,989255487918854	3834,375	0,670241117477417	
3837,5	0,987022280693054	3837,5	0,670731365680695	
3840,625	0,989182949066162	3840,625	0,669805109500885	
3843,75	0,990404605865479	3843,75	0,668343007564545	
3846,875	0,992904543876648	3846,875	0,671432077884674	
3850	0,991708159446716	3850	0,671301186084747	
3853,125	0,990943372249603	3853,125	0,67159229516983	
3856,25	0,991614639759064	3856,25	0,675386309623718	
3859,375	0,993325412273407	3859,375	0,674272656440735	
3862,5	0,996262490749359	3862,5	0,673562824726105	
3865,625	0,99389374256134	3865,625	0,676211178302765	
3868,75	0,994079053401947	3868,75	0,677091181278229	
3871,875	0,997069120407104	3871,875	0,675692856311798	
3875	0,99729722738266	3875	0,676440060138702	
3878,125	0,997843861579895	3878,125	0,679900348186493	
3881,25	0,999480426311493	3881,25	0,678854405879974	
3884,375	1,00317060947418	3884,375	0,681956708431244	
3887,5	1,00104463100433	3887,5	0,681916415691376	
3890,625	1,00193190574646	3890,625	0,6817906498909	
3893,75	1,0013439655304	3893,75	0,684817433357239	
3896,875	1,00407242774963	3896,875	0,68429833650589	
3900	1,00200092792511	3900	0,686435341835022	
3903,125	1,00251793861389	3903,125	0,686437606811523	
3906,25	1,00639140605927	3906,25	0,687088191509247	
3909,375	1,00528001785278	3909,375	0,687044680118561	
3912,5	1,00436890125275	3912,5	0,686790645122528	
3915,625	1,00917279720306	3915,625	0,690027058124542	
3918,75	1,00352311134338	3918,75	0,687916159629822	
3921,875	1,01401627063751	3921,875	0,692831218242645	
3925	1,01051914691925	3925	0,687666296958923	
3928,125	1,011394739151	3928,125	0,688737571239471	
3931,25	1,00636959075928	3931,25	0,689471840858459	
3934,375	1,00883102416992	3934,375	0,691926181316376	
3937,5	1,01256346702576	3937,5	0,692980170249939	
3940,625	1,01090753078461	3940,625	0,694580256938934	
3943,75	1,00910544395447	3943,75	0,695591151714325	
3946,875	1,01311421394348	3946,875	0,694637358188629	
3950	1,01496934890747	3950	0,692928016185761	
3953,125	1,01556193828583	3953,125	0,694880902767181	
3956,25	1,01417911052704	3956,25	0,695498704910278	
3959,375	1,01717686653137	3959,375	0,692548930644989	
3962,5	1,01961290836334	3962,5	0,697596192359924	
3965,625	1,01571953296661	3965,625	0,70130980014801	
3968,75	1,01708841323853	3968,75	0,70241379737854	
3971,875	1,02148389816284	3971,875	0,703336536884308	
3975	1,02426898479462	3975	0,707205533981323	
3978,125	1,02276575565338	3978,125	0,704211056232452	
3981,25	1,02129328250885	3981,25	0,700689256191254	
3984,375	1,02374637126923	3984,375	0,701225757598877	
3987,5	1,02223694324493	3987,5	0,704920411109924	
3990,625	1,02507781982422	3990,625	0,708003044128418	
3993,75	1,02478957176208	3993,75	0,708347678184509	
3996,875	1,02543044090271	3996,875	0,710433423519135	
4000	1,02841460704803	4000	0,716481626033783	
4003,125	1,02992510795593	4003,125	0,715101420879364	
4006,25	1,03075075149536	4006,25	0,713577091693878	
4009,375	1,03280580043793	4009,375	0,713220477104187	
4012,5	1,03245580196381	4012,5	0,715328812599182	
4015,625	1,03383457660675	4015,625	0,717268824577332	
4018,75	1,03474640846252	4018,75	0,717787027359009	
4021,875	1,03652107715607	4021,875	0,71861606836319	
4025	1,03784549236298	4025	0,720447063446045	
4028,125	1,03610718250275	4028,125	0,717137396335602	
4031,25	1,04441797733307	4031,25	0,715528726577759	
4034,375	1,04312109947205	4034,375	0,71851646900177	
4037,5	1,04268801212311	4037,5	0,72374427318573	
4040,625	1,04353368282318	4040,625	0,714580059051514	
4043,75	1,04695844650269	4043,75	0,71856427192688	
4046,875	1,05100619792938	4046,875	0,718784391880035	
4050	1,05153954029083	4050	0,71905779838562	
4053,125	1,04858696460724	4053,125	0,720559060573578	
4056,25	1,05407512187958	4056,25	0,722077488899231	
4059,375	1,05053532123566	4059,375	0,719998478889465	
4062,5	1,05641436576843	4062,5	0,716395437717438	
4065,625	1,05762255191803	4065,625	0,721362292766571	
4068,75	1,05776309967041	4068,75	0,720833480358124	
4071,875	1,05901718139648	4071,875	0,717913925647736	
4075	1,06125974655151	4075	0,724571287631989	
4078,125	1,0607830286026	4078,125	0,724754273891449	
4081,25	1,06462872028351	4081,25	0,72502875328064	
4084,375	1,06731474399567	4084,375	0,720743954181671	
4087,5	1,0683878660202	4087,5	0,724851846694946	
4090,625	1,06643903255463	4090,625	0,719341456890106	
4093,75	1,07409822940826	4093,75	0,716704726219177	
4096,875	1,07131624221802	4096,875	0,72043389081955	
4100	1,07425725460052	4100	0,722400307655334	
4103,125	1,07511496543884	4103,125	0,720895528793335	
4106,25	1,07316851615906	4106,25	0,718901574611664	
4109,375	1,07704627513885	4109,375	0,722395896911621	
4112,5	1,08003354072571	4112,5	0,716233193874359	
4115,625	1,07963299751282	4115,625	0,717226445674896	
4118,75	1,07923555374146	4118,75	0,719415366649628	
4121,875	1,07685136795044	4121,875	0,717711567878723	
4125	1,0828150510788	4125	0,714186549186707	
4128,125	1,08266925811768	4128,125	0,713745176792145	
4131,25	1,07976686954498	4131,25	0,714033186435699	
4134,375	1,08390617370605	4134,375	0,714557647705078	
4137,5	1,08474278450012	4137,5	0,715345501899719	
4140,625	1,08247995376587	4140,625	0,712823450565338	
4143,75	1,08672630786896	4143,75	0,712514877319336	
4146,875	1,08345544338226	4146,875	0,7109335064888	
4150	1,08744812011719	4150	0,709863245487213	
4153,125	1,0873064994812	4153,125	0,716599881649017	
4156,25	1,08848083019257	4156,25	0,714490830898285	
4159,375	1,08322274684906	4159,375	0,709972739219666	
4162,5	1,08815765380859	4162,5	0,710323214530945	
4165,625	1,09001040458679	4165,625	0,71124804019928	
4168,75	1,0893087387085	4168,75	0,709583759307861	
4171,875	1,08730411529541	4171,875	0,707911729812622	
4175	1,08474767208099	4175	0,711091458797455	
4178,125	1,08830571174622	4178,125	0,714684963226318	
4181,25	1,09185063838959	4181,25	0,711005330085754	
4184,375	1,08869755268097	4184,375	0,710280120372772	
4187,5	1,0899760723114	4187,5	0,711757659912109	
4190,625	1,08965992927551	4190,625	0,713221728801727	
4193,75	1,0889230966568	4193,75	0,71238100528717	
4196,875	1,09091901779175	4196,875	0,71165668964386	
4200	1,08995294570923	4200	0,71200168132782	
4203,125	1,09284555912018	4203,125	0,711808204650879	
4206,25	1,09375882148743	4206,25	0,706556677818298	
4209,375	1,092649102211	4209,375	0,709461271762848	
4212,5	1,09202194213867	4212,5	0,712583541870117	
4215,625	1,09368765354156	4215,625	0,713665843009949	
4218,75	1,09379947185516	4218,75	0,714470744132996	
4221,875	1,09353446960449	4221,875	0,714342892169952	
4225	1,09657120704651	4225	0,714529156684875	
4228,125	1,096395611763	4228,125	0,711923599243164	
4231,25	1,09381699562073	4231,25	0,714629650115967	
4234,375	1,09640491008759	4234,375	0,713241755962372	
4237,5	1,09897792339325	4237,5	0,711994528770447	
4240,625	1,09597778320313	4240,625	0,71506929397583	
4243,75	1,09782385826111	4243,75	0,711494445800781	
4246,875	1,09688687324524	4246,875	0,715264320373535	
4250	1,09814918041229	4250	0,715289890766144	
4253,125	1,09898114204407	4253,125	0,711520910263062	
4256,25	1,10122036933899	4256,25	0,712940156459808	
4259,375	1,09704065322876	4259,375	0,714409053325653	
4262,5	1,09976422786713	4262,5	0,717806458473206	
4265,625	1,10370671749115	4265,625	0,71588796377182	
4268,75	1,10048627853394	4268,75	0,715612471103668	
4271,875	1,09940767288208	4271,875	0,712854564189911	
4275	1,10656940937042	4275	0,719852805137634	
4278,125	1,10506868362427	4278,125	0,716713428497314	
4281,25	1,10173332691193	4281,25	0,714791536331177	
4284,375	1,10917484760284	4284,375	0,719951808452606	
4287,5	1,10726571083069	4287,5	0,718245208263397	
4290,625	1,10627913475037	4290,625	0,717317938804626	
4293,75	1,10763490200043	4293,75	0,713591635227203	
4296,875	1,1071013212204	4296,875	0,710633337497711	
4300	1,10996735095978	4300	0,71220076084137	
4303,125	1,11305749416351	4303,125	0,716626286506653	
4306,25	1,11318099498749	4306,25	0,71234518289566	
4309,375	1,10882914066315	4309,375	0,711483716964722	
4312,5	1,11318123340607	4312,5	0,715298891067505	
4315,625	1,11647069454193	4315,625	0,712680220603943	
4318,75	1,11503779888153	4318,75	0,711641550064087	
4321,875	1,11651170253754	4321,875	0,711395621299744	
4325	1,11614263057709	4325	0,709732949733734	
4328,125	1,1124187707901	4328,125	0,710931539535522	
4331,25	1,11312401294708	4331,25	0,714291572570801	
4334,375	1,1143114566803	4334,375	0,71119099855423	
4337,5	1,11531341075897	4337,5	0,714121580123901	
4340,625	1,11586856842041	4340,625	0,710389912128448	
4343,75	1,1163330078125	4343,75	0,710651993751526	
4346,875	1,11778259277344	4346,875	0,707341492176056	
4350	1,1192672252655	4350	0,708198189735413	
4353,125	1,11699938774109	4353,125	0,708608508110046	
4356,25	1,11693680286407	4356,25	0,706617891788483	
4359,375	1,11857259273529	4359,375	0,703956484794617	
4362,5	1,11760306358337	4362,5	0,709689617156982	
4365,625	1,11297917366028	4365,625	0,709174633026123	
4368,75	1,1156804561615	4368,75	0,709531009197235	
4371,875	1,11625611782074	4371,875	0,705265283584595	
4375	1,11523222923279	4375	0,704868793487549	
4378,125	1,1168806552887	4378,125	0,712285816669464	
4381,25	1,11721992492676	4381,25	0,710063278675079	
4384,375	1,117915391922	4384,375	0,709412336349487	
4387,5	1,11553657054901	4387,5	0,708899259567261	
4390,625	1,115194439888	4390,625	0,712012827396393	
4393,75	1,11930739879608	4393,75	0,715774476528168	
4396,875	1,11660361289978	4396,875	0,718264520168304	
4400	1,11772489547729	4400	0,717201054096222	
4403,125	1,11841666698456	4403,125	0,715716600418091	
4406,25	1,12055611610413	4406,25	0,717420279979706	
4409,375	1,12347817420959	4409,375	0,721179485321045	
4412,5	1,12335813045502	4412,5	0,720199763774872	
4415,625	1,12390208244324	4415,625	0,723463535308838	
4418,75	1,12595546245575	4418,75	0,726570069789886	
4421,875	1,12618160247803	4421,875	0,728497862815857	
4425	1,12777650356293	4425	0,726304292678833	
4428,125	1,13092315196991	4428,125	0,729641258716583	
4431,25	1,1288503408432	4431,25	0,730217278003693	
4434,375	1,13521540164948	4434,375	0,727770805358887	
4437,5	1,13728260993958	4437,5	0,728776693344116	
4440,625	1,13830542564392	4440,625	0,729083001613617	
4443,75	1,14345479011536	4443,75	0,725986778736115	
4446,875	1,14193046092987	4446,875	0,7311190366745	
4450	1,1432226896286	4450	0,732247114181519	
4453,125	1,14793264865875	4453,125	0,73037189245224	
4456,25	1,1469703912735	4456,25	0,727845966815948	
4459,375	1,14901113510132	4459,375	0,725487232208252	
4462,5	1,15464818477631	4462,5	0,731946349143982	
4465,625	1,15561783313751	4465,625	0,729244887828827	
4468,75	1,15612733364105	4468,75	0,730800330638886	
4471,875	1,16295659542084	4471,875	0,729336082935333	
4475	1,16451489925385	4475	0,725428521633148	
4478,125	1,16646683216095	4478,125	0,72198760509491	
4481,25	1,17172336578369	4481,25	0,727690517902374	
4484,375	1,17112267017365	4484,375	0,725863933563232	
4487,5	1,17114806175232	4487,5	0,721224725246429	
4490,625	1,17255067825317	4490,625	0,72355979681015	
4493,75	1,17504823207855	4493,75	0,722543001174927	
4496,875	1,18306338787079	4496,875	0,719496726989746	
4500	1,17982840538025	4500	0,721938729286194	
4503,125	1,18370723724365	4503,125	0,721670091152191	
4506,25	1,18492293357849	4506,25	0,722617149353027	
4509,375	1,18720591068268	4509,375	0,722902357578278	
4512,5	1,18785262107849	4512,5	0,718652904033661	
4515,625	1,18980395793915	4515,625	0,71650093793869	
4518,75	1,18933022022247	4518,75	0,718578457832336	
4521,875	1,19255220890045	4521,875	0,718118190765381	
4525	1,19656932353973	4525	0,716013550758362	
4528,125	1,19988644123077	4528,125	0,711941778659821	
4531,25	1,20296597480774	4531,25	0,712279498577118	
4534,375	1,20309376716614	4534,375	0,713113129138947	
4537,5	1,20678806304932	4537,5	0,71116578578949	
4540,625	1,20841240882874	4540,625	0,710447013378143	
4543,75	1,21173560619354	4543,75	0,709527373313904	
4546,875	1,21200966835022	4546,875	0,708585739135742	
4550	1,21130418777466	4550	0,709085404872894	
4553,125	1,21473050117493	4553,125	0,706364095211029	
4556,25	1,21753168106079	4556,25	0,706863164901733	
4559,375	1,213862657547	4559,375	0,704438924789429	
4562,5	1,2281140089035	4562,5	0,710479617118835	
4565,625	1,22443437576294	4565,625	0,706325054168701	
4568,75	1,22605383396149	4568,75	0,705677032470703	
4571,875	1,22573506832123	4571,875	0,703592419624329	
4575	1,23044610023499	4575	0,702390909194946	
4578,125	1,23286843299866	4578,125	0,69754958152771	
4581,25	1,23856890201569	4581,25	0,696265876293182	
4584,375	1,24007642269135	4584,375	0,698957443237305	
4587,5	1,23808372020721	4587,5	0,700286149978638	
4590,625	1,24396741390228	4590,625	0,699781596660614	
4593,75	1,24466264247894	4593,75	0,699369132518768	
4596,875	1,24727213382721	4596,875	0,694290399551392	
4600	1,24947023391724	4600	0,696363747119904	
4603,125	1,25288081169128	4603,125	0,699265956878662	
4606,25	1,25193560123444	4606,25	0,694656610488892	
4609,375	1,25199282169342	4609,375	0,695314586162567	
4612,5	1,25696527957916	4612,5	0,694657266139984	
4615,625	1,25851476192474	4615,625	0,690598607063293	
4618,75	1,26219069957733	4618,75	0,692004442214966	
4621,875	1,26333212852478	4621,875	0,692974984645844	
4625	1,27000963687897	4625	0,688568711280823	
4628,125	1,27082943916321	4628,125	0,688252449035645	
4631,25	1,27475941181183	4631,25	0,687455475330353	
4634,375	1,27837610244751	4634,375	0,691170752048492	
4637,5	1,27602899074554	4637,5	0,688750147819519	
4640,625	1,27846705913544	4640,625	0,684800684452057	
4643,75	1,28391098976135	4643,75	0,687558710575104	
4646,875	1,28514766693115	4646,875	0,689263224601746	
4650	1,28899133205414	4650	0,688355267047882	
4653,125	1,29122257232666	4653,125	0,690226435661316	
4656,25	1,29266500473022	4656,25	0,689974367618561	
4659,375	1,29107069969177	4659,375	0,690495193004608	
4662,5	1,29726004600525	4662,5	0,697799563407898	
4665,625	1,30179607868195	4665,625	0,693657636642456	
4668,75	1,29842686653137	4668,75	0,689619302749634	
4671,875	1,30949819087982	4671,875	0,687290966510773	
4675	1,31223809719086	4675	0,686985015869141	
4678,125	1,31452059745789	4678,125	0,690408229827881	
4681,25	1,315101146698	4681,25	0,686272740364075	
4684,375	1,31983280181885	4684,375	0,693661093711853	
4687,5	1,32442033290863	4687,5	0,694950044155121	
4690,625	1,32680857181549	4690,625	0,691417992115021	
4693,75	1,33176481723785	4693,75	0,691568553447723	
4696,875	1,33466637134552	4696,875	0,696366667747498	
4700	1,33989262580872	4700	0,700085878372192	
4703,125	1,34282279014587	4703,125	0,696080923080444	
4706,25	1,34662592411041	4706,25	0,694251716136932	
4709,375	1,35288262367249	4709,375	0,696184515953064	
4712,5	1,35463118553162	4712,5	0,697157025337219	
4715,625	1,35873413085938	4715,625	0,695115864276886	
4718,75	1,36181104183197	4718,75	0,693921506404877	
4721,875	1,3637068271637	4721,875	0,694528102874756	
4725	1,36923599243164	4725	0,696122527122498	
4728,125	1,37507712841034	4728,125	0,697048842906952	
4731,25	1,37718260288239	4731,25	0,698173344135284	
4734,375	1,37888336181641	4734,375	0,69729608297348	
4737,5	1,3832528591156	4737,5	0,697972536087036	
4740,625	1,39043605327606	4740,625	0,697438955307007	
4743,75	1,39909958839417	4743,75	0,69751900434494	
4746,875	1,40032434463501	4746,875	0,698716461658478	
4750	1,40498530864716	4750	0,701730072498322	
4753,125	1,4117625951767	4753,125	0,70454341173172	
4756,25	1,41591966152191	4756,25	0,702057421207428	
4759,375	1,42008352279663	4759,375	0,696830034255981	
4762,5	1,42657291889191	4762,5	0,695430994033813	
4765,625	1,42750656604767	4765,625	0,696163654327393	
4768,75	1,43251419067383	4768,75	0,696018874645233	
4771,875	1,43551516532898	4771,875	0,696143805980682	
4775	1,44071805477142	4775	0,688812494277954	
4778,125	1,44587206840515	4778,125	0,695468664169312	
4781,25	1,44388973712921	4781,25	0,693014085292816	
4784,375	1,447833776474	4784,375	0,692029058933258	
4787,5	1,45313692092896	4787,5	0,692566394805908	
4790,625	1,45383203029633	4790,625	0,693952262401581	
4793,75	1,45936179161072	4793,75	0,694377064704895	
4796,875	1,4633857011795	4796,875	0,695552706718445	
4800	1,46587228775024	4800	0,693988025188446	
4803,125	1,47285556793213	4803,125	0,694949686527252	
4806,25	1,47607481479645	4806,25	0,700415253639221	
4809,375	1,47358107566833	4809,375	0,699815452098846	
4812,5	1,47909808158875	4812,5	0,701655328273773	
4815,625	1,4789332151413	4815,625	0,701895892620087	
4818,75	1,48215675354004	4818,75	0,7015460729599	
4821,875	1,48824596405029	4821,875	0,704523503780365	
4825	1,48999512195587	4825	0,708097815513611	
4828,125	1,49441111087799	4828,125	0,708114624023438	
4831,25	1,49594056606293	4831,25	0,707014560699463	
4834,375	1,49830758571625	4834,375	0,707916438579559	
4837,5	1,50116789340973	4837,5	0,71010023355484	
4840,625	1,50492143630981	4840,625	0,712849378585815	
4843,75	1,50794148445129	4843,75	0,716516971588135	
4846,875	1,51341724395752	4846,875	0,716495394706726	
4850	1,51714193820953	4850	0,720109283924103	
4853,125	1,52042317390442	4853,125	0,724067151546478	
4856,25	1,5220091342926	4856,25	0,725007891654968	
4859,375	1,52753090858459	4859,375	0,726528525352478	
4862,5	1,52734625339508	4862,5	0,723290026187897	
4865,625	1,53239858150482	4865,625	0,728209316730499	
4868,75	1,53607249259949	4868,75	0,730960011482239	
4871,875	1,53787267208099	4871,875	0,735130846500397	
4875	1,54052412509918	4875	0,740135192871094	
4878,125	1,54466938972473	4878,125	0,737492084503174	
4881,25	1,54643380641937	4881,25	0,739697694778442	
4884,375	1,54802298545837	4884,375	0,743971168994904	
4887,5	1,54945266246796	4887,5	0,74865186214447	
4890,625	1,55703210830688	4890,625	0,749275505542755	
4893,75	1,55960071086884	4893,75	0,747696816921234	
4896,875	1,56326150894165	4896,875	0,753782570362091	
4900	1,56534171104431	4900	0,760481894016266	
4903,125	1,56522476673126	4903,125	0,765131115913391	
4906,25	1,56522798538208	4906,25	0,765021622180939	
4909,375	1,5760543346405	4909,375	0,765744268894196	
4912,5	1,57839024066925	4912,5	0,77238529920578	
4915,625	1,5807968378067	4915,625	0,776937901973724	
4918,75	1,58348679542542	4918,75	0,777425706386566	
4921,875	1,58814477920532	4921,875	0,780719399452209	
4925	1,59035789966583	4925	0,786286354064941	
4928,125	1,59276342391968	4928,125	0,790039598941803	
4931,25	1,59382951259613	4931,25	0,79203075170517	
4934,375	1,59926724433899	4934,375	0,793327927589417	
4937,5	1,6016343832016	4937,5	0,792856216430664	
4940,625	1,6016765832901	4940,625	0,796020805835724	
4943,75	1,60178971290588	4943,75	0,803325533866882	
4946,875	1,60192024707794	4946,875	0,80545848608017	
4950	1,60534930229187	4950	0,808537244796753	
4953,125	1,60142850875854	4953,125	0,818813383579254	
4956,25	1,60294997692108	4956,25	0,826526880264282	
4959,375	1,60310554504395	4959,375	0,83420604467392	
4962,5	1,60727572441101	4962,5	0,843205451965332	
4965,625	1,61572206020355	4965,625	0,84796279668808	
4968,75	1,62186467647552	4968,75	0,85748678445816	
4971,875	1,62257790565491	4971,875	0,865011215209961	
4975	1,62519228458405	4975	0,867054343223572	
				
