Frequency in Hz	Silk_98 Sound Reflection Factor continuous Re	Frequency in Hz	Silk_98 Sound Reflection Factor continuous Im	
100	0,96453469991684	100	-0,130795210599899	
103,125	0,957870185375214	103,125	-0,121540240943432	
106,25	0,959485173225403	106,25	-0,155031561851501	
109,375	0,971078038215637	109,375	-0,140490233898163	
112,5	0,958417773246765	112,5	-0,144655674695969	
115,625	0,956919133663177	115,625	-0,156910255551338	
118,75	0,962195158004761	118,75	-0,149424031376839	
121,875	0,948870122432709	121,875	-0,15810726583004	
125	0,961236596107483	125	-0,160472020506859	
128,125	0,959383010864258	128,125	-0,172147378325462	
131,25	0,959227621555328	131,25	-0,170452430844307	
134,375	0,968629717826843	134,375	-0,171447992324829	
137,5	0,943428814411163	137,5	-0,187483727931976	
140,625	0,942180216312408	140,625	-0,176059499382973	
143,75	0,938425004482269	143,75	-0,187986552715302	
146,875	0,956405818462372	146,875	-0,177306488156319	
150	0,943056762218475	150	-0,189344376325607	
153,125	0,942981481552124	153,125	-0,203132167458534	
156,25	0,943510413169861	156,25	-0,198382169008255	
159,375	0,942901313304901	159,375	-0,204373881220818	
162,5	0,944397270679474	162,5	-0,204219818115234	
165,625	0,939079403877258	165,625	-0,204066559672356	
168,75	0,936340272426605	168,75	-0,222150728106499	
171,875	0,931822657585144	171,875	-0,212785094976425	
175	0,924985110759735	175	-0,220807403326035	
178,125	0,932538211345673	178,125	-0,225661665201187	
181,25	0,93224436044693	181,25	-0,223312497138977	
184,375	0,92584902048111	184,375	-0,22448505461216	
187,5	0,916844129562378	187,5	-0,234610661864281	
190,625	0,91699355840683	190,625	-0,230987519025803	
193,75	0,911863267421722	193,75	-0,243391513824463	
196,875	0,915332973003387	196,875	-0,239588782191277	
200	0,922421216964722	200	-0,240492850542068	
203,125	0,926289856433868	203,125	-0,241019546985626	
206,25	0,912667334079742	206,25	-0,260104179382324	
209,375	0,911701023578644	209,375	-0,254772037267685	
212,5	0,920041620731354	212,5	-0,249972179532051	
215,625	0,904309749603271	215,625	-0,264486342668533	
218,75	0,908647954463959	218,75	-0,257694929838181	
221,875	0,903560936450958	221,875	-0,26701495051384	
225	0,898473620414734	225	-0,266924440860748	
228,125	0,89570951461792	228,125	-0,270235598087311	
231,25	0,895751535892487	231,25	-0,272040188312531	
234,375	0,891081273555756	234,375	-0,275763690471649	
237,5	0,898095965385437	237,5	-0,276435911655426	
240,625	0,89533007144928	240,625	-0,292647808790207	
243,75	0,893302202224731	243,75	-0,287870734930038	
246,875	0,883415579795837	246,875	-0,288175284862518	
250	0,880516171455383	250	-0,289937913417816	
253,125	0,883597075939178	253,125	-0,295084625482559	
256,25	0,878608524799347	256,25	-0,301854699850082	
259,375	0,873428523540497	259,375	-0,297969192266464	
262,5	0,875504016876221	262,5	-0,306042462587357	
265,625	0,875770211219788	265,625	-0,313581228256226	
268,75	0,872767865657806	268,75	-0,309273570775986	
271,875	0,867013275623322	271,875	-0,317128300666809	
275	0,869619488716125	275	-0,319511920213699	
278,125	0,861757755279541	278,125	-0,323830187320709	
281,25	0,861055910587311	281,25	-0,323803335428238	
284,375	0,859406411647797	284,375	-0,326134979724884	
287,5	0,866409957408905	287,5	-0,324724704027176	
290,625	0,850916266441345	290,625	-0,344472318887711	
293,75	0,853508174419403	293,75	-0,344342976808548	
296,875	0,848550260066986	296,875	-0,34553462266922	
300	0,844166338443756	300	-0,348473578691483	
303,125	0,839432597160339	303,125	-0,355965137481689	
306,25	0,833229422569275	306,25	-0,358156800270081	
309,375	0,827077865600586	309,375	-0,357713580131531	
312,5	0,814814746379852	312,5	-0,363672435283661	
315,625	0,805743455886841	315,625	-0,348601222038269	
318,75	0,802195429801941	318,75	-0,351620435714722	
321,875	0,810129821300507	321,875	-0,344710290431976	
325	0,812695920467377	325	-0,340533494949341	
328,125	0,809909105300903	328,125	-0,337005585432053	
331,25	0,817689001560211	331,25	-0,352383524179459	
334,375	0,817636549472809	334,375	-0,354556739330292	
337,5	0,814729928970337	337,5	-0,351972699165344	
340,625	0,816519796848297	340,625	-0,358500748872757	
343,75	0,809537589550018	343,75	-0,36560320854187	
346,875	0,81001204252243	346,875	-0,367450177669525	
350	0,807037889957428	350	-0,366434544324875	
353,125	0,80778980255127	353,125	-0,368268817663193	
356,25	0,808541476726532	356,25	-0,37806162238121	
359,375	0,801634788513184	359,375	-0,38743457198143	
362,5	0,797260701656342	362,5	-0,385918349027634	
365,625	0,789342284202576	365,625	-0,382094502449036	
368,75	0,795812368392944	368,75	-0,388270407915115	
371,875	0,804349482059479	371,875	-0,398451060056686	
375	0,772392630577087	375	-0,387472867965698	
378,125	0,774617850780487	378,125	-0,395867139101028	
381,25	0,788553297519684	381,25	-0,392513424158096	
384,375	0,768749296665192	384,375	-0,393312960863113	
387,5	0,76484215259552	387,5	-0,408523499965668	
390,625	0,766111433506012	390,625	-0,416378796100616	
393,75	0,778719842433929	393,75	-0,404045164585114	
396,875	0,777046799659729	396,875	-0,403850972652435	
400	0,774695038795471	400	-0,402356922626495	
403,125	0,772076308727264	403,125	-0,403989106416702	
406,25	0,760919570922852	406,25	-0,408687740564346	
409,375	0,744599401950836	409,375	-0,414189577102661	
412,5	0,738299787044525	412,5	-0,423050969839096	
415,625	0,752046465873718	415,625	-0,426443696022034	
418,75	0,739085555076599	418,75	-0,42289811372757	
421,875	0,736080050468445	421,875	-0,433925569057465	
425	0,73643684387207	425	-0,429565042257309	
428,125	0,742131173610687	428,125	-0,416261583566666	
431,25	0,734784781932831	431,25	-0,433890134096146	
434,375	0,734182000160217	434,375	-0,429232239723206	
437,5	0,733514130115509	437,5	-0,42904007434845	
440,625	0,730740964412689	440,625	-0,427252531051636	
443,75	0,723155379295349	443,75	-0,43385848402977	
446,875	0,720595419406891	446,875	-0,430841505527496	
450	0,730713546276093	450	-0,433473497629166	
453,125	0,728553712368011	453,125	-0,434653848409653	
456,25	0,730959236621857	456,25	-0,43948096036911	
459,375	0,720121264457703	459,375	-0,442912727594376	
462,5	0,71052074432373	462,5	-0,450149863958359	
465,625	0,71026599407196	465,625	-0,452074736356735	
468,75	0,709447503089905	468,75	-0,450381934642792	
471,875	0,698633790016174	471,875	-0,46026474237442	
475	0,695526421070099	475	-0,457997024059296	
478,125	0,695071160793304	478,125	-0,449221611022949	
481,25	0,701103687286377	481,25	-0,45092386007309	
484,375	0,689859390258789	484,375	-0,456203073263168	
487,5	0,690252304077148	487,5	-0,452347129583359	
490,625	0,686149537563324	490,625	-0,455709248781204	
493,75	0,680458068847656	493,75	-0,45559886097908	
496,875	0,678741276264191	496,875	-0,456424623727798	
500	0,680745422840118	500	-0,464275240898132	
503,125	0,676480233669281	503,125	-0,46523517370224	
506,25	0,675735950469971	506,25	-0,46447765827179	
509,375	0,673410892486572	509,375	-0,469820857048035	
512,5	0,665862500667572	512,5	-0,469789445400238	
515,625	0,665959656238556	515,625	-0,465184569358826	
518,75	0,664459466934204	518,75	-0,463689684867859	
521,875	0,658974409103394	521,875	-0,473087668418884	
525	0,655093431472778	525	-0,472151845693588	
528,125	0,658827602863312	528,125	-0,47283262014389	
531,25	0,652392089366913	531,25	-0,474310636520386	
534,375	0,650005042552948	534,375	-0,474211931228638	
537,5	0,647460877895355	537,5	-0,47570863366127	
540,625	0,645825564861298	540,625	-0,477112501859665	
543,75	0,644449234008789	543,75	-0,473013639450073	
546,875	0,640348792076111	546,875	-0,48210534453392	
550	0,638313353061676	550	-0,479782819747925	
553,125	0,633881509304047	553,125	-0,480194509029388	
556,25	0,634752094745636	556,25	-0,479572027921677	
559,375	0,629058480262756	559,375	-0,478152126073837	
562,5	0,62804388999939	562,5	-0,478936851024628	
565,625	0,62609475851059	565,625	-0,481449097394943	
568,75	0,623142182826996	568,75	-0,480931878089905	
571,875	0,621298372745514	571,875	-0,480685740709305	
575	0,620049834251404	575	-0,483163118362427	
578,125	0,617265939712524	578,125	-0,480898201465607	
581,25	0,617115318775177	581,25	-0,484106212854385	
584,375	0,614983797073364	584,375	-0,486687779426575	
587,5	0,613763093948364	587,5	-0,486912846565247	
590,625	0,610695004463196	590,625	-0,486646205186844	
593,75	0,608222126960754	593,75	-0,487511456012726	
596,875	0,608122169971466	596,875	-0,48777511715889	
600	0,604852139949799	600	-0,490560948848724	
603,125	0,604406893253326	603,125	-0,489854782819748	
606,25	0,601590812206268	606,25	-0,491128444671631	
609,375	0,602371275424957	609,375	-0,491552084684372	
612,5	0,600457012653351	612,5	-0,492637157440186	
615,625	0,598045289516449	615,625	-0,494986772537231	
618,75	0,597706735134125	618,75	-0,495258212089539	
621,875	0,598279893398285	621,875	-0,495306134223938	
625	0,595704317092896	625	-0,495632410049438	
628,125	0,593654811382294	628,125	-0,499141901731491	
631,25	0,590489387512207	631,25	-0,498903751373291	
634,375	0,589649081230164	634,375	-0,500363886356354	
637,5	0,590134024620056	637,5	-0,502490997314453	
640,625	0,591157019138336	640,625	-0,501870334148407	
643,75	0,589000105857849	643,75	-0,506574809551239	
646,875	0,58746474981308	646,875	-0,507143437862396	
650	0,589004456996918	650	-0,511093616485596	
653,125	0,587414681911469	653,125	-0,511739552021027	
656,25	0,586351931095123	656,25	-0,513677179813385	
659,375	0,58523952960968	659,375	-0,518682241439819	
662,5	0,587906420230865	662,5	-0,521363914012909	
665,625	0,588129222393036	665,625	-0,526648819446564	
668,75	0,585655033588409	668,75	-0,530382990837097	
671,875	0,585141718387604	671,875	-0,531956434249878	
675	0,580859959125519	675	-0,538403451442719	
678,125	0,577996909618378	678,125	-0,545077741146088	
681,25	0,578275799751282	681,25	-0,550432682037354	
684,375	0,576223850250244	684,375	-0,55631560087204	
687,5	0,577953040599823	687,5	-0,56318324804306	
690,625	0,565491378307343	690,625	-0,5772745013237	
693,75	0,565805435180664	693,75	-0,578075349330902	
696,875	0,561085283756256	696,875	-0,584790587425232	
700	0,550635159015656	700	-0,591405034065247	
703,125	0,542400300502777	703,125	-0,599024891853333	
706,25	0,53773695230484	706,25	-0,603027641773224	
709,375	0,528648734092712	709,375	-0,604780495166779	
712,5	0,507413983345032	712,5	-0,611349105834961	
715,625	0,505955398082733	715,625	-0,613497376441956	
718,75	0,496031522750854	718,75	-0,61694210767746	
721,875	0,484433978796005	721,875	-0,614249229431152	
725	0,475951939821243	725	-0,617410182952881	
728,125	0,464162975549698	728,125	-0,61286872625351	
731,25	0,457373052835464	731,25	-0,612409114837646	
734,375	0,448883533477783	734,375	-0,60855233669281	
737,5	0,442532151937485	737,5	-0,607464909553528	
740,625	0,431573301553726	740,625	-0,600903630256653	
743,75	0,422870457172394	743,75	-0,595149338245392	
746,875	0,415263026952744	746,875	-0,597353100776672	
750	0,411756068468094	750	-0,593274891376495	
753,125	0,408990740776062	753,125	-0,587472796440125	
756,25	0,403795778751373	756,25	-0,582002818584442	
759,375	0,40034082531929	759,375	-0,574564337730408	
762,5	0,398614138364792	762,5	-0,574121594429016	
765,625	0,395681411027908	765,625	-0,569760978221893	
768,75	0,389298349618912	768,75	-0,568002700805664	
771,875	0,384528398513794	771,875	-0,563350975513458	
775	0,384935885667801	775	-0,560906827449799	
778,125	0,382616519927979	778,125	-0,556039094924927	
781,25	0,378056198358536	781,25	-0,554674923419952	
784,375	0,37341246008873	784,375	-0,551697909832001	
787,5	0,369005173444748	787,5	-0,550432562828064	
790,625	0,367929756641388	790,625	-0,547968506813049	
793,75	0,369115740060806	793,75	-0,544359624385834	
796,875	0,368827223777771	796,875	-0,543082594871521	
800	0,366029620170593	800	-0,54114830493927	
803,125	0,366686075925827	803,125	-0,540262222290039	
806,25	0,362010061740875	806,25	-0,538602828979492	
809,375	0,353175967931747	809,375	-0,535560309886932	
812,5	0,359060168266296	812,5	-0,534048020839691	
815,625	0,359304964542389	815,625	-0,532339751720428	
818,75	0,352962732315063	818,75	-0,530576169490814	
821,875	0,35336035490036	821,875	-0,527518689632416	
825	0,358512669801712	825	-0,525700032711029	
828,125	0,354495257139206	828,125	-0,52454137802124	
831,25	0,354065150022507	831,25	-0,511470437049866	
834,375	0,342838823795319	834,375	-0,520080327987671	
837,5	0,342373877763748	837,5	-0,524056613445282	
840,625	0,339650005102158	840,625	-0,523342370986938	
843,75	0,335586488246918	843,75	-0,520178556442261	
846,875	0,336566567420959	846,875	-0,522716820240021	
850	0,33440363407135	850	-0,522935569286346	
853,125	0,335639953613281	853,125	-0,519622623920441	
856,25	0,334903180599213	856,25	-0,51414555311203	
859,375	0,329800337553024	859,375	-0,509492158889771	
862,5	0,326856911182404	862,5	-0,510643184185028	
865,625	0,326554507017136	865,625	-0,510621905326843	
868,75	0,326682567596436	868,75	-0,51071572303772	
871,875	0,32163417339325	871,875	-0,510142147541046	
875	0,32101771235466	875	-0,504286408424377	
878,125	0,317786186933517	878,125	-0,505269169807434	
881,25	0,31439533829689	881,25	-0,502196431159973	
884,375	0,300275921821594	884,375	-0,504958987236023	
887,5	0,298200994729996	887,5	-0,500962734222412	
890,625	0,295049160718918	890,625	-0,501371443271637	
893,75	0,29329377412796	893,75	-0,504755020141602	
896,875	0,29020944237709	896,875	-0,502302587032318	
900	0,290284126996994	900	-0,501076221466064	
903,125	0,286529213190079	903,125	-0,498767554759979	
906,25	0,284596771001816	906,25	-0,49827778339386	
909,375	0,283588528633118	909,375	-0,50014191865921	
912,5	0,278733462095261	912,5	-0,500588476657867	
915,625	0,275643348693848	915,625	-0,499020129442215	
918,75	0,273352771997452	918,75	-0,496083825826645	
921,875	0,271173745393753	921,875	-0,492522269487381	
925	0,269101679325104	925	-0,491278380155563	
928,125	0,268532156944275	928,125	-0,492096960544586	
931,25	0,261829733848572	931,25	-0,489599615335464	
934,375	0,260548532009125	934,375	-0,487702220678329	
937,5	0,257391721010208	937,5	-0,485315173864365	
940,625	0,256047308444977	940,625	-0,483870148658752	
943,75	0,251378834247589	943,75	-0,482278019189835	
946,875	0,249249368906021	946,875	-0,480674356222153	
950	0,247697234153748	950	-0,477882474660873	
953,125	0,246395006775856	953,125	-0,475787311792374	
956,25	0,244394972920418	956,25	-0,472467064857483	
959,375	0,241709485650063	959,375	-0,469980418682098	
962,5	0,239549741148949	962,5	-0,469399958848953	
965,625	0,237795010209084	965,625	-0,467221736907959	
968,75	0,237137153744698	968,75	-0,466438174247742	
971,875	0,234046921133995	971,875	-0,46299347281456	
975	0,233602628111839	975	-0,460666656494141	
978,125	0,232293888926506	978,125	-0,458865255117416	
981,25	0,230426639318466	981,25	-0,456097632646561	
984,375	0,229023605585098	984,375	-0,455345839262009	
987,5	0,227567836642265	987,5	-0,453317910432816	
990,625	0,226595044136047	990,625	-0,451333463191986	
993,75	0,224144965410233	993,75	-0,450931876897812	
996,875	0,223327055573463	996,875	-0,449137806892395	
1000	0,221074923872948	1000	-0,44813060760498	
1003,125	0,220721945166588	1003,125	-0,445464968681335	
1006,25	0,219346225261688	1006,25	-0,443394184112549	
1009,375	0,217063263058662	1009,375	-0,441801488399506	
1012,5	0,216866716742516	1012,5	-0,440132260322571	
1015,625	0,216158494353294	1015,625	-0,439268231391907	
1018,75	0,212749153375626	1018,75	-0,437463074922562	
1021,875	0,213130787014961	1021,875	-0,435764640569687	
1025	0,210945174098015	1025	-0,433498710393906	
1028,125	0,210333362221718	1028,125	-0,432058453559875	
1031,25	0,20984959602356	1031,25	-0,431475073099136	
1034,375	0,207957893610001	1034,375	-0,42951625585556	
1037,5	0,206822216510773	1037,5	-0,427467852830887	
1040,625	0,205258771777153	1040,625	-0,426312655210495	
1043,75	0,204835057258606	1043,75	-0,424829006195068	
1046,875	0,204036831855774	1046,875	-0,42324435710907	
1050	0,201844826340675	1050	-0,422184675931931	
1053,125	0,201285675168037	1053,125	-0,421851694583893	
1056,25	0,199458748102188	1056,25	-0,419615805149078	
1059,375	0,199484884738922	1059,375	-0,418277859687805	
1062,5	0,198449954390526	1062,5	-0,417204618453979	
1065,625	0,195837840437889	1065,625	-0,415997117757797	
1068,75	0,196065321564674	1068,75	-0,413725614547729	
1071,875	0,194960176944733	1071,875	-0,412080943584442	
1075	0,194339781999588	1075	-0,411254554986954	
1078,125	0,192802399396896	1078,125	-0,411298930644989	
1081,25	0,190414756536484	1081,25	-0,407330572605133	
1084,375	0,190196499228477	1084,375	-0,406892448663712	
1087,5	0,189606294035912	1087,5	-0,405676037073135	
1090,625	0,189364433288574	1090,625	-0,40463986992836	
1093,75	0,187881961464882	1093,75	-0,4038165807724	
1096,875	0,186452075839043	1096,875	-0,401688903570175	
1100	0,185144439339638	1100	-0,400409251451492	
1103,125	0,184012338519096	1103,125	-0,399199157953262	
1106,25	0,184560373425484	1106,25	-0,396922022104263	
1109,375	0,182022392749786	1109,375	-0,397064656019211	
1112,5	0,182455465197563	1112,5	-0,396646678447723	
1115,625	0,181342124938965	1115,625	-0,393382519483566	
1118,75	0,180329084396362	1118,75	-0,39466193318367	
1121,875	0,180612653493881	1121,875	-0,393027752637863	
1125	0,178964138031006	1125	-0,393189013004303	
1128,125	0,178878858685493	1128,125	-0,392902433872223	
1131,25	0,175547391176224	1131,25	-0,390361577272415	
1134,375	0,17582069337368	1134,375	-0,389643341302872	
1137,5	0,174793988466263	1137,5	-0,390330076217651	
1140,625	0,171540260314941	1140,625	-0,388918429613113	
1143,75	0,172638818621635	1143,75	-0,387355268001556	
1146,875	0,170797556638718	1146,875	-0,386690616607666	
1150	0,1686632335186	1150	-0,384189814329147	
1153,125	0,16881375014782	1153,125	-0,382831126451492	
1156,25	0,168429002165794	1156,25	-0,383934080600739	
1159,375	0,165281072258949	1159,375	-0,383580654859543	
1162,5	0,16636361181736	1162,5	-0,382151663303375	
1165,625	0,164223089814186	1165,625	-0,380671471357346	
1168,75	0,163094416260719	1168,75	-0,379633754491806	
1171,875	0,162089869379997	1171,875	-0,379254996776581	
1175	0,159642040729523	1175	-0,377758979797363	
1178,125	0,15862663090229	1178,125	-0,377445876598358	
1181,25	0,157969236373901	1181,25	-0,376786053180695	
1184,375	0,155461758375168	1184,375	-0,374967068433762	
1187,5	0,15379036962986	1187,5	-0,374115616083145	
1190,625	0,153236731886864	1190,625	-0,372723579406738	
1193,75	0,153354600071907	1193,75	-0,372342765331268	
1196,875	0,151506260037422	1196,875	-0,369840532541275	
1200	0,147840827703476	1200	-0,369506120681763	
1203,125	0,147364541888237	1203,125	-0,367511868476868	
1206,25	0,147109732031822	1206,25	-0,365017771720886	
1209,375	0,143137335777283	1209,375	-0,365566909313202	
1212,5	0,140635639429092	1212,5	-0,363550662994385	
1215,625	0,141301840543747	1215,625	-0,36243861913681	
1218,75	0,136981278657913	1218,75	-0,36072039604187	
1221,875	0,137482061982155	1221,875	-0,358862608671188	
1225	0,137065023183823	1225	-0,358737677335739	
1228,125	0,132688358426094	1228,125	-0,355553030967712	
1231,25	0,133218288421631	1231,25	-0,354290127754211	
1234,375	0,133723393082619	1234,375	-0,353014707565308	
1237,5	0,130596667528152	1237,5	-0,352451115846634	
1240,625	0,129898473620415	1240,625	-0,349364578723907	
1243,75	0,129105865955353	1243,75	-0,34753206372261	
1246,875	0,128548160195351	1246,875	-0,346219420433044	
1250	0,127493888139725	1250	-0,342696964740753	
1253,125	0,126228377223015	1253,125	-0,342223584651947	
1256,25	0,12388314306736	1256,25	-0,339612931013107	
1259,375	0,124739609658718	1259,375	-0,337831199169159	
1262,5	0,125017508864403	1262,5	-0,336236089468002	
1265,625	0,124678827822208	1265,625	-0,33462855219841	
1268,75	0,124111525714397	1268,75	-0,333331137895584	
1271,875	0,123845428228378	1271,875	-0,331434696912766	
1275	0,12329912930727	1275	-0,330658823251724	
1278,125	0,123387679457664	1278,125	-0,328651636838913	
1281,25	0,122754320502281	1281,25	-0,328051149845123	
1284,375	0,123227946460247	1284,375	-0,326565235853195	
1287,5	0,123174726963043	1287,5	-0,326175659894943	
1290,625	0,121904201805592	1290,625	-0,325546324253082	
1293,75	0,12233143299818	1293,75	-0,324007034301758	
1296,875	0,121653072535992	1296,875	-0,322138637304306	
1300	0,121616654098034	1300	-0,323444366455078	
1303,125	0,120490573346615	1303,125	-0,322899848222733	
1306,25	0,120735697448254	1306,25	-0,321393817663193	
1309,375	0,119637914001942	1309,375	-0,32004451751709	
1312,5	0,118751019239426	1312,5	-0,319482743740082	
1315,625	0,118551075458527	1315,625	-0,31974858045578	
1318,75	0,117481462657452	1318,75	-0,317724049091339	
1321,875	0,117907799780369	1321,875	-0,317285120487213	
1325	0,117353454232216	1325	-0,316962987184525	
1328,125	0,114995315670967	1328,125	-0,317292511463165	
1331,25	0,113891392946243	1331,25	-0,31555363535881	
1334,375	0,111495889723301	1334,375	-0,315715700387955	
1337,5	0,111696846783161	1337,5	-0,314424455165863	
1340,625	0,110420092940331	1340,625	-0,312391251325607	
1343,75	0,110106624662876	1343,75	-0,312074244022369	
1346,875	0,108481802046299	1346,875	-0,309923678636551	
1350	0,107027672231197	1350	-0,309262841939926	
1353,125	0,107000388205051	1353,125	-0,308639168739319	
1356,25	0,10428711026907	1356,25	-0,308411121368408	
1359,375	0,104357160627842	1359,375	-0,305686563253403	
1362,5	0,103542402386665	1362,5	-0,304246097803116	
1365,625	0,102804936468601	1365,625	-0,303656011819839	
1368,75	0,102740436792374	1368,75	-0,302428066730499	
1371,875	0,101291708648205	1371,875	-0,301264345645905	
1375	0,100621774792671	1375	-0,301507860422134	
1378,125	0,100555323064327	1378,125	-0,30124968290329	
1381,25	0,0974930822849274	1381,25	-0,29984188079834	
1384,375	0,0977576598525047	1384,375	-0,29918384552002	
1387,5	0,0983701199293137	1387,5	-0,297789812088013	
1390,625	0,0975300371646881	1390,625	-0,296305418014526	
1393,75	0,0962507054209709	1393,75	-0,29511958360672	
1396,875	0,0952778458595276	1396,875	-0,294800907373428	
1400	0,0946309044957161	1400	-0,293671011924744	
1403,125	0,0933618098497391	1403,125	-0,293574005365372	
1406,25	0,0920936092734337	1406,25	-0,293564110994339	
1409,375	0,0902568027377129	1409,375	-0,292768031358719	
1412,5	0,0899138748645782	1412,5	-0,291486829519272	
1415,625	0,0877541154623032	1415,625	-0,290916830301285	
1418,75	0,0866025909781456	1418,75	-0,290654987096787	
1421,875	0,0860429778695107	1421,875	-0,289402395486832	
1425	0,0845884308218956	1425	-0,288909554481506	
1428,125	0,0811251774430275	1428,125	-0,28886142373085	
1431,25	0,0809211134910584	1431,25	-0,287604451179504	
1434,375	0,0793164372444153	1434,375	-0,286171019077301	
1437,5	0,0769345983862877	1437,5	-0,283303409814835	
1440,625	0,0773185342550278	1440,625	-0,283889770507813	
1443,75	0,0714967772364616	1443,75	-0,28262534737587	
1446,875	0,0720399841666222	1446,875	-0,280596017837524	
1450	0,0697690770030022	1450	-0,278755336999893	
1453,125	0,0680148154497147	1453,125	-0,277290165424347	
1456,25	0,065034881234169	1456,25	-0,275465577840805	
1459,375	0,0639057010412216	1459,375	-0,273392289876938	
1462,5	0,0630317777395248	1462,5	-0,270525217056274	
1465,625	0,0606621913611889	1465,625	-0,269770592451096	
1468,75	0,0578231103718281	1468,75	-0,265887022018433	
1471,875	0,0557797402143478	1471,875	-0,263518363237381	
1475	0,0551730878651142	1475	-0,261990189552307	
1478,125	0,0536532998085022	1478,125	-0,258776009082794	
1481,25	0,0538057237863541	1481,25	-0,255822956562042	
1484,375	0,051616083830595	1484,375	-0,251769006252289	
1487,5	0,0497534312307835	1487,5	-0,25095933675766	
1490,625	0,0492089837789536	1490,625	-0,248001843690872	
1493,75	0,0481026098132133	1493,75	-0,245357409119606	
1496,875	0,0487097017467022	1496,875	-0,243589460849762	
1500	0,0472370460629463	1500	-0,239564672112465	
1503,125	0,0475649423897266	1503,125	-0,236044347286224	
1506,25	0,0487100370228291	1506,25	-0,233326062560081	
1509,375	0,0474465303122997	1509,375	-0,230696380138397	
1512,5	0,0473772883415222	1512,5	-0,228271722793579	
1515,625	0,0471667312085629	1515,625	-0,226409435272217	
1518,75	0,0484358482062817	1518,75	-0,223533868789673	
1521,875	0,0492241941392422	1521,875	-0,221956983208656	
1525	0,0477337017655373	1525	-0,219471484422684	
1528,125	0,0494884625077248	1528,125	-0,216624423861504	
1531,25	0,0495696477591991	1531,25	-0,215224400162697	
1534,375	0,0502867586910725	1534,375	-0,212714344263077	
1537,5	0,0497892163693905	1537,5	-0,21161162853241	
1540,625	0,0508413501083851	1540,625	-0,210330680012703	
1543,75	0,0500282570719719	1543,75	-0,207397818565369	
1546,875	0,0516344383358955	1546,875	-0,205917328596115	
1550	0,0514986924827099	1550	-0,204267710447311	
1553,125	0,0520426258444786	1553,125	-0,203271150588989	
1556,25	0,0519207417964935	1556,25	-0,200865983963013	
1559,375	0,0525320619344711	1559,375	-0,199740171432495	
1562,5	0,0530705563724041	1562,5	-0,198593780398369	
1565,625	0,0532287620007992	1565,625	-0,196131125092506	
1568,75	0,0530145727097988	1568,75	-0,195825979113579	
1571,875	0,0533714890480042	1571,875	-0,194136202335358	
1575	0,0542153529822826	1575	-0,193376258015633	
1578,125	0,054498802870512	1578,125	-0,192063078284264	
1581,25	0,0542120113968849	1581,25	-0,190688878297806	
1584,375	0,0554049983620644	1584,375	-0,188963815569878	
1587,5	0,0547708570957184	1587,5	-0,187562048435211	
1590,625	0,0542722940444946	1590,625	-0,186676099896431	
1593,75	0,0544478520750999	1593,75	-0,185723334550858	
1596,875	0,0549938566982746	1596,875	-0,184143379330635	
1600	0,0549419894814491	1600	-0,183591991662979	
1603,125	0,0547668412327766	1603,125	-0,182804733514786	
1606,25	0,0547824166715145	1606,25	-0,181331783533096	
1609,375	0,0555723607540131	1609,375	-0,178644895553589	
1612,5	0,0547943785786629	1612,5	-0,176939338445663	
1615,625	0,054339237511158	1615,625	-0,1766487210989	
1618,75	0,0539239160716534	1618,75	-0,176354259252548	
1621,875	0,0543578378856182	1621,875	-0,174554795026779	
1625	0,0536319613456726	1625	-0,173365473747253	
1628,125	0,0541736520826817	1628,125	-0,172344163060188	
1631,25	0,0528932437300682	1631,25	-0,170496314764023	
1634,375	0,0529173389077187	1634,375	-0,169998869299889	
1637,5	0,0520801618695259	1637,5	-0,168761998414993	
1640,625	0,0539081767201424	1640,625	-0,166145816445351	
1643,75	0,0512595400214195	1643,75	-0,163473874330521	
1646,875	0,0524471886456013	1646,875	-0,163375362753868	
1650	0,0519089959561825	1650	-0,162587448954582	
1653,125	0,0519715547561646	1653,125	-0,160677418112755	
1656,25	0,0520385466516018	1656,25	-0,159266039729118	
1659,375	0,0523449517786503	1659,375	-0,15782855451107	
1662,5	0,0520678050816059	1662,5	-0,156194761395454	
1665,625	0,0509766116738319	1665,625	-0,154674559831619	
1668,75	0,0517497211694717	1668,75	-0,152888089418411	
1671,875	0,0517489090561867	1671,875	-0,151395916938782	
1675	0,0518072843551636	1675	-0,149230271577835	
1678,125	0,0514659695327282	1678,125	-0,148342296481133	
1681,25	0,0526282340288162	1681,25	-0,147043496370316	
1684,375	0,0521668419241905	1684,375	-0,143781185150146	
1687,5	0,0526700988411903	1687,5	-0,143171787261963	
1690,625	0,0531005896627903	1690,625	-0,141645804047585	
1693,75	0,0539565980434418	1693,75	-0,140153169631958	
1696,875	0,0538024641573429	1696,875	-0,139350652694702	
1700	0,0541267283260822	1700	-0,138006806373596	
1703,125	0,0541864484548569	1703,125	-0,137122794985771	
1706,25	0,0544560663402081	1706,25	-0,135745793581009	
1709,375	0,054311316460371	1709,375	-0,13340637087822	
1712,5	0,055037684738636	1712,5	-0,132133185863495	
1715,625	0,0552799440920353	1715,625	-0,130493655800819	
1718,75	0,0552029423415661	1718,75	-0,130420118570328	
1721,875	0,0552150160074234	1721,875	-0,129537045955658	
1725	0,0551694259047508	1725	-0,126868039369583	
1728,125	0,0561585798859596	1728,125	-0,126321569085121	
1731,25	0,0566965378820896	1731,25	-0,125428915023804	
1734,375	0,0563028566539288	1734,375	-0,124579846858978	
1737,5	0,0567782297730446	1737,5	-0,122960232198238	
1740,625	0,0578313954174519	1740,625	-0,122446976602077	
1743,75	0,0576336905360222	1743,75	-0,120073854923248	
1746,875	0,0582025498151779	1746,875	-0,118849791586399	
1750	0,0593304522335529	1750	-0,118212126195431	
1753,125	0,059208557009697	1753,125	-0,11684650182724	
1756,25	0,059085950255394	1756,25	-0,115884616971016	
1759,375	0,0601450279355049	1759,375	-0,115737870335579	
1762,5	0,0601446330547333	1762,5	-0,114630647003651	
1765,625	0,0600705854594707	1765,625	-0,113711103796959	
1768,75	0,059973269701004	1768,75	-0,112297162413597	
1771,875	0,0606270134449005	1771,875	-0,111721031367779	
1775	0,0612593479454517	1775	-0,110876716673374	
1778,125	0,0612088441848755	1778,125	-0,109869219362736	
1781,25	0,0612844713032246	1781,25	-0,108558788895607	
1784,375	0,0615742169320583	1784,375	-0,107903406023979	
1787,5	0,0617283508181572	1787,5	-0,107731103897095	
1790,625	0,0614021085202694	1790,625	-0,106426380574703	
1793,75	0,0612454749643803	1793,75	-0,106018252670765	
1796,875	0,062152449041605	1796,875	-0,105080127716064	
1800	0,0625406354665756	1800	-0,103583008050919	
1803,125	0,061245571821928	1803,125	-0,103138722479343	
1806,25	0,0620041601359844	1806,25	-0,101850599050522	
1809,375	0,0618874169886112	1809,375	-0,100603491067886	
1812,5	0,0628904029726982	1812,5	-0,100283980369568	
1815,625	0,0616725906729698	1815,625	-0,0990650728344917	
1818,75	0,0621915310621262	1818,75	-0,0973693653941154	
1821,875	0,0619280561804771	1821,875	-0,0967858210206032	
1825	0,0617621392011642	1825	-0,0963486507534981	
1828,125	0,0617068372666836	1828,125	-0,0954047739505768	
1831,25	0,0621202625334263	1831,25	-0,0941197499632835	
1834,375	0,0618588365614414	1834,375	-0,0929354354739189	
1837,5	0,0619120039045811	1837,5	-0,0918835774064064	
1840,625	0,0613706298172474	1840,625	-0,0911752060055733	
1843,75	0,061254721134901	1843,75	-0,0897146686911583	
1846,875	0,0611741282045841	1846,875	-0,0889372527599335	
1850	0,0614350400865078	1850	-0,0877903774380684	
1853,125	0,0615993030369282	1853,125	-0,0867826491594315	
1856,25	0,0618916451931	1856,25	-0,0849449262022972	
1859,375	0,0619910173118114	1859,375	-0,084152489900589	
1862,5	0,0616612657904625	1862,5	-0,0825760886073112	
1865,625	0,0622676089406013	1865,625	-0,081745907664299	
1868,75	0,062858022749424	1868,75	-0,0806270986795425	
1871,875	0,0626710280776024	1871,875	-0,0796815380454063	
1875	0,0631972849369049	1875	-0,0785694867372513	
1878,125	0,0634845942258835	1878,125	-0,0773074924945831	
1881,25	0,0636657625436783	1881,25	-0,0761935487389565	
1884,375	0,0637745410203934	1884,375	-0,0753909051418304	
1887,5	0,0640708804130554	1887,5	-0,0743448287248611	
1890,625	0,0644141212105751	1890,625	-0,0728647857904434	
1893,75	0,0649182796478271	1893,75	-0,0718063041567802	
1896,875	0,0650008991360664	1896,875	-0,0707738995552063	
1900	0,0651176944375038	1900	-0,0696031749248505	
1903,125	0,0656105875968933	1903,125	-0,0683763697743416	
1906,25	0,0657595321536064	1906,25	-0,0674983263015747	
1909,375	0,0658199563622475	1909,375	-0,0667667388916016	
1912,5	0,0667234808206558	1912,5	-0,0659258887171745	
1915,625	0,0668508782982826	1915,625	-0,0644631907343864	
1918,75	0,0662620440125465	1918,75	-0,0642140135169029	
1921,875	0,0668772310018539	1921,875	-0,0636957138776779	
1925	0,0673240125179291	1925	-0,0629135966300964	
1928,125	0,0676972568035126	1928,125	-0,0614618211984634	
1931,25	0,0682226791977882	1931,25	-0,0604788847267628	
1934,375	0,0685618966817856	1934,375	-0,0595911368727684	
1937,5	0,0687764957547188	1937,5	-0,0585854947566986	
1940,625	0,0685578584671021	1940,625	-0,0578646026551723	
1943,75	0,0690483227372169	1943,75	-0,0570245496928692	
1946,875	0,068932481110096	1946,875	-0,0560524985194206	
1950	0,0696057006716728	1950	-0,0549761429429054	
1953,125	0,0695382207632065	1953,125	-0,0543088093400002	
1956,25	0,0697511285543442	1956,25	-0,0533263981342316	
1959,375	0,0703871920704842	1959,375	-0,0527077056467533	
1962,5	0,0709006786346436	1962,5	-0,0519425459206104	
1965,625	0,0711589902639389	1965,625	-0,0504369921982288	
1968,75	0,0713109821081162	1968,75	-0,0505381859838963	
1971,875	0,0713070631027222	1971,875	-0,0494928508996964	
1975	0,0713284909725189	1975	-0,0479294508695602	
1978,125	0,0716673210263252	1978,125	-0,04767145216465	
1981,25	0,0723152533173561	1981,25	-0,0469805486500263	
1984,375	0,0720535591244698	1984,375	-0,0457772649824619	
1987,5	0,0726356878876686	1987,5	-0,0447615347802639	
1990,625	0,0730438381433487	1990,625	-0,0438678525388241	
1993,75	0,0734001994132996	1993,75	-0,0439698286354542	
1996,875	0,0737656801939011	1996,875	-0,0430608503520489	
2000	0,0738656222820282	2000	-0,042021993547678	
2003,125	0,0737721249461174	2003,125	-0,0415453501045704	
2006,25	0,0739574879407883	2006,25	-0,0405562669038773	
2009,375	0,0747103020548821	2009,375	-0,0400380007922649	
2012,5	0,0748541131615639	2012,5	-0,0392765812575817	
2015,625	0,0748064965009689	2015,625	-0,0383474044501781	
2018,75	0,0749167799949646	2018,75	-0,0378756895661354	
2021,875	0,0753785967826843	2021,875	-0,0373313911259174	
2025	0,0752581357955933	2025	-0,0363973267376423	
2028,125	0,0756728202104568	2028,125	-0,0352657176554203	
2031,25	0,0754961222410202	2031,25	-0,0337066315114498	
2034,375	0,0753312185406685	2034,375	-0,0339278653264046	
2037,5	0,0757783651351929	2037,5	-0,0327468104660511	
2040,625	0,0753507986664772	2040,625	-0,0316938199102879	
2043,75	0,0759650468826294	2043,75	-0,0307895820587873	
2046,875	0,0762713178992271	2046,875	-0,0301192961633205	
2050	0,0762870162725449	2050	-0,0295696649700403	
2053,125	0,0764852240681648	2053,125	-0,0285962633788586	
2056,25	0,0764891505241394	2056,25	-0,0274474639445543	
2059,375	0,076559767127037	2059,375	-0,0266911890357733	
2062,5	0,0769674628973007	2062,5	-0,0257301889359951	
2065,625	0,0773121491074562	2065,625	-0,0249157901853323	
2068,75	0,0777862593531609	2068,75	-0,0239557642489672	
2071,875	0,0782434567809105	2071,875	-0,0230991896241903	
2075	0,0782451406121254	2075	-0,0219808146357536	
2078,125	0,0783183798193932	2078,125	-0,0207729171961546	
2081,25	0,078672282397747	2081,25	-0,0195889472961426	
2084,375	0,0789720863103867	2084,375	-0,0193038024008274	
2087,5	0,0790919288992882	2087,5	-0,0183926559984684	
2090,625	0,0794387832283974	2090,625	-0,0173660274595022	
2093,75	0,0800458043813705	2093,75	-0,0165990833193064	
2096,875	0,0805194824934006	2096,875	-0,0152848353609443	
2100	0,0805255025625229	2100	-0,0150270937010646	
2103,125	0,0811529085040092	2103,125	-0,0139783434569836	
2106,25	0,0815571248531342	2106,25	-0,012787951156497	
2109,375	0,0817327573895454	2109,375	-0,012587983161211	
2112,5	0,0824866369366646	2112,5	-0,0116169918328524	
2115,625	0,0830903425812721	2115,625	-0,0107451602816582	
2118,75	0,0831215009093285	2118,75	-0,0099478317424655	
2121,875	0,0830071270465851	2121,875	-0,00942594185471535	
2125	0,0836708173155785	2125	-0,00843458157032728	
2128,125	0,0844135582447052	2128,125	-0,00788517482578754	
2131,25	0,0849396213889122	2131,25	-0,00716919638216496	
2134,375	0,0852275490760803	2134,375	-0,00665316730737686	
2137,5	0,0858099013566971	2137,5	-0,00539105851203203	
2140,625	0,0858188718557358	2140,625	-0,00498983729630709	
2143,75	0,0863310396671295	2143,75	-0,00458635669201612	
2146,875	0,0872953832149506	2146,875	-0,00320179504342377	
2150	0,0877839326858521	2150	-0,00299273454584181	
2153,125	0,0878526270389557	2153,125	-0,00241973996162415	
2156,25	0,0887292176485062	2156,25	-0,00163302081637084	
2159,375	0,0886586830019951	2159,375	-0,00102409673854709	
2162,5	0,0888724476099014	2162,5	4,52412423328497E-05	
2165,625	0,0896691754460335	2165,625	0,000626470660790801	
2168,75	0,0902346074581146	2168,75	0,00100156140979379	
2171,875	0,0903226062655449	2171,875	0,00179721822496504	
2175	0,0910678803920746	2175	0,00269000604748726	
2178,125	0,0911655649542809	2178,125	0,00302329030819237	
2181,25	0,0910560637712479	2181,25	0,00382735696621239	
2184,375	0,091531440615654	2184,375	0,00433237431570888	
2187,5	0,0920894891023636	2187,5	0,00502542033791542	
2190,625	0,0923001021146774	2190,625	0,00592943374067545	
2193,75	0,0928726941347122	2193,75	0,00600203545764089	
2196,875	0,0934236869215965	2196,875	0,0066956514492631	
2200	0,0934339985251427	2200	0,00757693126797676	
2203,125	0,0934933796525002	2203,125	0,00823216047137976	
2206,25	0,0937297940254211	2206,25	0,00865368917584419	
2209,375	0,0939482897520065	2209,375	0,00933908857405186	
2212,5	0,0951257199048996	2212,5	0,00985173042863607	
2215,625	0,0955613851547241	2215,625	0,0102880774065852	
2218,75	0,0957582667469978	2218,75	0,0112111438065767	
2221,875	0,0960750132799149	2221,875	0,012199480086565	
2225	0,0964164212346077	2225	0,0124312536790967	
2228,125	0,0966920405626297	2228,125	0,0131631689146161	
2231,25	0,0964976847171783	2231,25	0,0136524317786098	
2234,375	0,097132720053196	2234,375	0,0143056130036712	
2237,5	0,0974911376833916	2237,5	0,0154249127954245	
2240,625	0,0987545922398567	2240,625	0,0158113185316324	
2243,75	0,0987765043973923	2243,75	0,0166563186794519	
2246,875	0,0988709181547165	2246,875	0,0173816196620464	
2250	0,0986782535910606	2250	0,017888005822897	
2253,125	0,0993522703647614	2253,125	0,018187390640378	
2256,25	0,100079789757729	2256,25	0,0184618886560202	
2259,375	0,100421644747257	2259,375	0,0192468967288733	
2262,5	0,100735060870647	2262,5	0,0200718138366938	
2265,625	0,101349212229252	2265,625	0,0208923686295748	
2268,75	0,10137415677309	2268,75	0,0212449599057436	
2271,875	0,101625747978687	2271,875	0,0222291946411133	
2275	0,102077558636665	2275	0,0226215776056051	
2278,125	0,103035643696785	2278,125	0,0232606381177902	
2281,25	0,103224255144596	2281,25	0,0237065125256777	
2284,375	0,103437855839729	2284,375	0,0246465802192688	
2287,5	0,104408212006092	2287,5	0,0254746899008751	
2290,625	0,104345113039017	2290,625	0,0259390790015459	
2293,75	0,10447758436203	2293,75	0,0268003977835178	
2296,875	0,104963779449463	2296,875	0,0272347815334797	
2300	0,105387076735497	2300	0,0279290601611137	
2303,125	0,105629496276379	2303,125	0,0284867826849222	
2306,25	0,106283284723759	2306,25	0,0289287324994802	
2309,375	0,10671591758728	2309,375	0,0299750752747059	
2312,5	0,107214026153088	2312,5	0,0303666125983	
2315,625	0,106951557099819	2315,625	0,0304797515273094	
2318,75	0,108327329158783	2318,75	0,0305419471114874	
2321,875	0,10811148583889	2321,875	0,0314271561801434	
2325	0,109191209077835	2325	0,0323989391326904	
2328,125	0,10971961170435	2328,125	0,0332314223051071	
2331,25	0,11024634540081	2331,25	0,0334315113723278	
2334,375	0,110900573432446	2334,375	0,0341767892241478	
2337,5	0,111414968967438	2337,5	0,034832276403904	
2340,625	0,111189134418964	2340,625	0,0349308960139751	
2343,75	0,112649656832218	2343,75	0,0357800498604774	
2346,875	0,112785592675209	2346,875	0,0360142327845097	
2350	0,113311342895031	2350	0,0371481962502003	
2353,125	0,11437115073204	2353,125	0,0376299619674683	
2356,25	0,114418208599091	2356,25	0,0382741466164589	
2359,375	0,114746429026127	2359,375	0,0385726578533649	
2362,5	0,115465231239796	2362,5	0,0393242835998535	
2365,625	0,116563983261585	2365,625	0,0388352572917938	
2368,75	0,116582430899143	2368,75	0,03992835059762	
2371,875	0,116524621844292	2371,875	0,0392113104462624	
2375	0,11720110476017	2375	0,0401794463396072	
2378,125	0,117837570607662	2378,125	0,0399866327643394	
2381,25	0,119025327265263	2381,25	0,0404778234660625	
2384,375	0,119411714375019	2384,375	0,0415624566376209	
2387,5	0,119107648730278	2387,5	0,0413647256791592	
2390,625	0,119578398764133	2390,625	0,0418296046555042	
2393,75	0,120183855295181	2393,75	0,0425404161214828	
2396,875	0,121915720403194	2396,875	0,0430825091898441	
2400	0,121906131505966	2400	0,043254304677248	
2403,125	0,12200715392828	2403,125	0,0434944629669189	
2406,25	0,122969157993793	2406,25	0,0441081933677197	
2409,375	0,123773030936718	2409,375	0,0440199002623558	
2412,5	0,122752480208874	2412,5	0,0445542111992836	
2415,625	0,12372200936079	2415,625	0,0434645637869835	
2418,75	0,124343246221542	2418,75	0,0441655702888966	
2421,875	0,124954640865326	2421,875	0,0454183928668499	
2425	0,124818220734596	2425	0,045659776777029	
2428,125	0,125369071960449	2428,125	0,045191515237093	
2431,25	0,125984400510788	2431,25	0,0455642081797123	
2434,375	0,126340359449387	2434,375	0,0456413552165031	
2437,5	0,126565143465996	2437,5	0,0463060326874256	
2440,625	0,127080798149109	2440,625	0,0463347695767879	
2443,75	0,127623483538628	2443,75	0,0463486537337303	
2446,875	0,127511531114578	2446,875	0,0467848405241966	
2450	0,128261089324951	2450	0,0476408116519451	
2453,125	0,128487482666969	2453,125	0,0478320345282555	
2456,25	0,128627583384514	2456,25	0,0477845519781113	
2459,375	0,129102364182472	2459,375	0,0486453995108604	
2462,5	0,129778549075127	2462,5	0,048283539712429	
2465,625	0,130182728171349	2465,625	0,048887450248003	
2468,75	0,129691377282143	2468,75	0,0495937876403332	
2471,875	0,132023319602013	2471,875	0,049081452190876	
2475	0,131437420845032	2475	0,050263199955225	
2478,125	0,131828740239143	2478,125	0,0505336821079254	
2481,25	0,131525084376335	2481,25	0,0510665513575077	
2484,375	0,132908046245575	2484,375	0,0509245172142982	
2487,5	0,13433475792408	2487,5	0,0509627684950829	
2490,625	0,133504137396812	2490,625	0,0512749962508678	
2493,75	0,13354267179966	2493,75	0,051131397485733	
2496,875	0,134042903780937	2496,875	0,0513950437307358	
2500	0,134103924036026	2500	0,0524991601705551	
2503,125	0,134822472929955	2503,125	0,0520006008446217	
2506,25	0,135574623942375	2506,25	0,0531978756189346	
2509,375	0,135498076677322	2509,375	0,0530652441084385	
2512,5	0,135678336024284	2512,5	0,0533042959868908	
2515,625	0,136010304093361	2515,625	0,0529293306171894	
2518,75	0,136239290237427	2518,75	0,0537896044552326	
2521,875	0,136254772543907	2521,875	0,0542797744274139	
2525	0,13776770234108	2525	0,0539463944733143	
2528,125	0,136687681078911	2528,125	0,0542627796530724	
2531,25	0,137206956744194	2531,25	0,0546228587627411	
2534,375	0,13753205537796	2534,375	0,0550644472241402	
2537,5	0,138828456401825	2537,5	0,0553031824529171	
2540,625	0,137656807899475	2540,625	0,0556722804903984	
2543,75	0,138417840003967	2543,75	0,0554830282926559	
2546,875	0,139581233263016	2546,875	0,057217288762331	
2550	0,139879018068314	2550	0,0580682344734669	
2553,125	0,14093504846096	2553,125	0,0581810176372528	
2556,25	0,141808673739433	2556,25	0,0585676394402981	
2559,375	0,141982525587082	2559,375	0,0585276000201702	
2562,5	0,142268598079681	2562,5	0,0582659281790257	
2565,625	0,142639085650444	2565,625	0,0589834898710251	
2568,75	0,143432438373566	2568,75	0,0598317198455334	
2571,875	0,144724145531654	2571,875	0,0603244975209236	
2575	0,14487986266613	2575	0,0598793365061283	
2578,125	0,144497588276863	2578,125	0,0585246942937374	
2581,25	0,145380690693855	2581,25	0,0597976595163345	
2584,375	0,145896062254906	2584,375	0,0594246126711369	
2587,5	0,146105155348778	2587,5	0,0595779158174992	
2590,625	0,146280169487	2590,625	0,0594626106321812	
2593,75	0,147162780165672	2593,75	0,0599101595580578	
2596,875	0,148090958595276	2596,875	0,0609842650592327	
2600	0,147756993770599	2600	0,0605800822377205	
2603,125	0,148638337850571	2603,125	0,0604448318481445	
2606,25	0,14849516749382	2606,25	0,0603496916592121	
2609,375	0,149525433778763	2609,375	0,061057060956955	
2612,5	0,150381207466125	2612,5	0,0612163841724396	
2615,625	0,151093825697899	2615,625	0,0607899762690067	
2618,75	0,151596158742905	2618,75	0,0614007003605366	
2621,875	0,152118638157845	2621,875	0,0609825477004051	
2625	0,151686191558838	2625	0,0609772726893425	
2628,125	0,152595713734627	2628,125	0,0609977692365646	
2631,25	0,152969837188721	2631,25	0,0609753504395485	
2634,375	0,152801647782326	2634,375	0,0609874799847603	
2637,5	0,154219657182693	2637,5	0,0605477280914783	
2640,625	0,154464796185493	2640,625	0,0610004998743534	
2643,75	0,155084371566772	2643,75	0,0614612735807896	
2646,875	0,15480737388134	2646,875	0,0624422691762447	
2650	0,156849205493927	2650	0,0607580840587616	
2653,125	0,156270518898964	2653,125	0,0612318478524685	
2656,25	0,156853705644608	2656,25	0,0618901252746582	
2659,375	0,157844692468643	2659,375	0,0617011599242687	
2662,5	0,157356351613998	2662,5	0,0617318451404572	
2665,625	0,157858327031136	2665,625	0,0613848194479942	
2668,75	0,157627746462822	2668,75	0,0609323084354401	
2671,875	0,158477157354355	2671,875	0,0618053525686264	
2675	0,159071445465088	2675	0,0623271763324738	
2678,125	0,159171521663666	2678,125	0,0625112801790237	
2681,25	0,16039602458477	2681,25	0,0627631023526192	
2684,375	0,161190882325172	2684,375	0,0623235888779163	
2687,5	0,160771653056145	2687,5	0,0626810565590858	
2690,625	0,16194124519825	2690,625	0,0617701038718224	
2693,75	0,161696568131447	2693,75	0,0624800287187099	
2696,875	0,161378875374794	2696,875	0,0624623671174049	
2700	0,161891460418701	2700	0,0619226321578026	
2703,125	0,162934690713882	2703,125	0,0621039941906929	
2706,25	0,162939831614494	2706,25	0,062038991600275	
2709,375	0,163325995206833	2709,375	0,0622913874685764	
2712,5	0,163580104708672	2712,5	0,0631440654397011	
2715,625	0,164277538657188	2715,625	0,0626568272709847	
2718,75	0,164303451776505	2718,75	0,0622398555278778	
2721,875	0,164199531078339	2721,875	0,0623405799269676	
2725	0,165106996893883	2725	0,0628389120101929	
2728,125	0,166313946247101	2728,125	0,0628480315208435	
2731,25	0,165988504886627	2731,25	0,0629639774560928	
2734,375	0,165924102067947	2734,375	0,0629172623157501	
2737,5	0,166710644960403	2737,5	0,0628032013773918	
2740,625	0,166980341076851	2740,625	0,0637831464409828	
2743,75	0,168067365884781	2743,75	0,0645854920148849	
2746,875	0,168175905942917	2746,875	0,0641750916838646	
2750	0,168103754520416	2750	0,0634748786687851	
2753,125	0,168968141078949	2753,125	0,0641368180513382	
2756,25	0,170126706361771	2756,25	0,0635988414287567	
2759,375	0,16993710398674	2759,375	0,0642066299915314	
2762,5	0,170342862606049	2762,5	0,0636431723833084	
2765,625	0,170769229531288	2765,625	0,0645815283060074	
2768,75	0,172191575169563	2768,75	0,0648402273654938	
2771,875	0,171877950429916	2771,875	0,0641577616333961	
2775	0,172861948609352	2775	0,064275324344635	
2778,125	0,17300571501255	2778,125	0,0642025992274284	
2781,25	0,173795208334923	2781,25	0,0643669292330742	
2784,375	0,173686012625694	2784,375	0,0641099438071251	
2787,5	0,173731505870819	2787,5	0,0638924390077591	
2790,625	0,175200521945953	2790,625	0,064172588288784	
2793,75	0,175784841179848	2793,75	0,0643610283732414	
2796,875	0,176126182079315	2796,875	0,0644006282091141	
2800	0,176611751317978	2800	0,0646856278181076	
2803,125	0,177243426442146	2803,125	0,0658050701022148	
2806,25	0,177702650427818	2806,25	0,0644474253058434	
2809,375	0,178225845098495	2809,375	0,0648485943675041	
2812,5	0,179086059331894	2812,5	0,0646500065922737	
2815,625	0,179188951849937	2815,625	0,0643689706921577	
2818,75	0,179341971874237	2818,75	0,0641626343131065	
2821,875	0,179975658655167	2821,875	0,0641643777489662	
2825	0,179578647017479	2825	0,0641072764992714	
2828,125	0,18036262691021	2828,125	0,0643260329961777	
2831,25	0,181783244013786	2831,25	0,0644011124968529	
2834,375	0,181224718689919	2834,375	0,0641275197267532	
2837,5	0,182461649179459	2837,5	0,0648892298340797	
2840,625	0,183031931519508	2840,625	0,0648524239659309	
2843,75	0,182484865188599	2843,75	0,0642679184675217	
2846,875	0,18346007168293	2846,875	0,0638277009129524	
2850	0,183675765991211	2850	0,0639042034745216	
2853,125	0,184002339839935	2853,125	0,0640006139874458	
2856,25	0,184373542666435	2856,25	0,0647228956222534	
2859,375	0,184844717383385	2859,375	0,0639881640672684	
2862,5	0,185341387987137	2862,5	0,064094714820385	
2865,625	0,186083421111107	2865,625	0,0636317059397697	
2868,75	0,18621663749218	2868,75	0,064423032104969	
2871,875	0,186782360076904	2871,875	0,0652114897966385	
2875	0,187420427799225	2875	0,064620167016983	
2878,125	0,187915578484535	2878,125	0,0649364292621613	
2881,25	0,188476487994194	2881,25	0,0649305805563927	
2884,375	0,188820973038673	2884,375	0,064482718706131	
2887,5	0,189251735806465	2887,5	0,0651240572333336	
2890,625	0,190330117940903	2890,625	0,0657302439212799	
2893,75	0,190545603632927	2893,75	0,0655463486909866	
2896,875	0,190467059612274	2896,875	0,0652055591344833	
2900	0,190671175718307	2900	0,0654655918478966	
2903,125	0,191590189933777	2903,125	0,0655694082379341	
2906,25	0,191757693886757	2906,25	0,0652934983372688	
2909,375	0,192545756697655	2909,375	0,0656454116106033	
2912,5	0,192475616931915	2912,5	0,0651482716202736	
2915,625	0,192941755056381	2915,625	0,0653020963072777	
2918,75	0,193778499960899	2918,75	0,0652795284986496	
2921,875	0,194159582257271	2921,875	0,0660719200968742	
2925	0,195293143391609	2925	0,0668085068464279	
2928,125	0,195071265101433	2928,125	0,0661232396960258	
2931,25	0,195242151618004	2931,25	0,0657952874898911	
2934,375	0,196452423930168	2934,375	0,0666343942284584	
2937,5	0,19726736843586	2937,5	0,0667375922203064	
2940,625	0,19690328836441	2940,625	0,0665922909975052	
2943,75	0,197341084480286	2943,75	0,0664389431476593	
2946,875	0,198591813445091	2946,875	0,0665103495121002	
2950	0,198868125677109	2950	0,0669771209359169	
2953,125	0,199684396386147	2953,125	0,0670538619160652	
2956,25	0,20039875805378	2956,25	0,0678815320134163	
2959,375	0,201209738850594	2959,375	0,0677573829889297	
2962,5	0,201452001929283	2962,5	0,0667705684900284	
2965,625	0,202387526631355	2965,625	0,0672747045755386	
2968,75	0,202993527054787	2968,75	0,0681195333600044	
2971,875	0,203670486807823	2971,875	0,0683939680457115	
2975	0,204048559069633	2975	0,0685662254691124	
2978,125	0,204662352800369	2978,125	0,0684662535786629	
2981,25	0,205192595720291	2981,25	0,0681527107954025	
2984,375	0,206340089440346	2984,375	0,0688077360391617	
2987,5	0,207189589738846	2987,5	0,0692434161901474	
2990,625	0,207737073302269	2990,625	0,068619005382061	
2993,75	0,207693889737129	2993,75	0,0689378678798676	
2996,875	0,208469361066818	2996,875	0,0688656717538834	
3000	0,209962785243988	3000	0,0681185200810432	
3003,125	0,211567431688309	3003,125	0,0693597868084908	
3006,25	0,212223157286644	3006,25	0,0690568163990974	
3009,375	0,212523356080055	3009,375	0,0682962909340858	
3012,5	0,213651642203331	3012,5	0,0676404982805252	
3015,625	0,2149658203125	3015,625	0,0678592100739479	
3018,75	0,215091437101364	3018,75	0,0684247240424156	
3021,875	0,21602027118206	3021,875	0,0670659691095352	
3025	0,216789737343788	3025	0,0663705691695213	
3028,125	0,216838002204895	3028,125	0,0665299147367477	
3031,25	0,218104004859924	3031,25	0,0666776746511459	
3034,375	0,21714423596859	3034,375	0,0666268020868301	
3037,5	0,218610540032387	3037,5	0,0643220767378807	
3040,625	0,218886777758598	3040,625	0,0648926571011543	
3043,75	0,219063445925713	3043,75	0,0653741732239723	
3046,875	0,220374777913094	3046,875	0,0654359385371208	
3050	0,220108196139336	3050	0,0643082484602928	
3053,125	0,220938757061958	3053,125	0,0636723637580872	
3056,25	0,220932453870773	3056,25	0,0640833154320717	
3059,375	0,221877753734589	3059,375	0,0638885945081711	
3062,5	0,22246827185154	3062,5	0,0634789168834686	
3065,625	0,222014650702477	3065,625	0,0636667236685753	
3068,75	0,222613036632538	3068,75	0,0634083226323128	
3071,875	0,222829610109329	3071,875	0,063793808221817	
3075	0,223631203174591	3075	0,0637420266866684	
3078,125	0,223476067185402	3078,125	0,0624545216560364	
3081,25	0,223856240510941	3081,25	0,0618768483400345	
3084,375	0,224400326609612	3084,375	0,0626236870884895	
3087,5	0,224256381392479	3087,5	0,0629767701029778	
3090,625	0,224813848733902	3090,625	0,0631275549530983	
3093,75	0,22471134364605	3093,75	0,0632853284478188	
3096,875	0,225092738866806	3096,875	0,0634322986006737	
3100	0,225402861833572	3100	0,0619786716997623	
3103,125	0,225266844034195	3103,125	0,0626612454652786	
3106,25	0,226458817720413	3106,25	0,0617591813206673	
3109,375	0,226976245641708	3109,375	0,061286672949791	
3112,5	0,227871239185333	3112,5	0,0622239261865616	
3115,625	0,227251559495926	3115,625	0,0625568777322769	
3118,75	0,227282896637917	3118,75	0,0627617761492729	
3121,875	0,229009851813316	3121,875	0,0624854378402233	
3125	0,22893425822258	3125	0,0615660138428211	
3128,125	0,229706719517708	3128,125	0,0627138987183571	
3131,25	0,229733869433403	3131,25	0,0624823831021786	
3134,375	0,23057758808136	3134,375	0,0619089044630528	
3137,5	0,229467049241066	3137,5	0,0618466250598431	
3140,625	0,229640871286392	3140,625	0,0617430619895458	
3143,75	0,229360833764076	3143,75	0,0623221322894096	
3146,875	0,230208650231361	3146,875	0,0621232874691486	
3150	0,231411784887314	3150	0,0614758096635342	
3153,125	0,231611311435699	3153,125	0,0617336593568325	
3156,25	0,23116497695446	3156,25	0,0606898218393326	
3159,375	0,23171591758728	3159,375	0,0612429790198803	
3162,5	0,231429696083069	3162,5	0,0603372305631638	
3165,625	0,23253983259201	3165,625	0,060985129326582	
3168,75	0,233637064695358	3168,75	0,0616604648530483	
3171,875	0,23176871240139	3171,875	0,0615158788859844	
3175	0,231977626681328	3175	0,061642374843359	
3178,125	0,233420178294182	3178,125	0,0599588006734848	
3181,25	0,232955500483513	3181,25	0,0601269714534283	
3184,375	0,233553662896156	3184,375	0,062426496297121	
3187,5	0,234799683094025	3187,5	0,0606799423694611	
3190,625	0,233576193451881	3190,625	0,0616896934807301	
3193,75	0,233908474445343	3193,75	0,0617954209446907	
3196,875	0,234432816505432	3196,875	0,0613166354596615	
3200	0,234928786754608	3200	0,0623792745172977	
3203,125	0,234542205929756	3203,125	0,0620833821594715	
3206,25	0,234288305044174	3206,25	0,0618709698319435	
3209,375	0,233770772814751	3209,375	0,0619558058679104	
3212,5	0,234479144215584	3212,5	0,0616806745529175	
3215,625	0,233973175287247	3215,625	0,0616359263658524	
3218,75	0,234954848885536	3218,75	0,0629660934209824	
3221,875	0,235497310757637	3221,875	0,0634262189269066	
3225	0,235469132661819	3225	0,0628180578351021	
3228,125	0,236406028270721	3228,125	0,0628382042050362	
3231,25	0,2363600730896	3231,25	0,0634338110685349	
3234,375	0,237073943018913	3234,375	0,0633875206112862	
3237,5	0,236750558018684	3237,5	0,0636514723300934	
3240,625	0,237228497862816	3240,625	0,0644472986459732	
3243,75	0,237743079662323	3243,75	0,0653160065412521	
3246,875	0,238305062055588	3246,875	0,0658642053604126	
3250	0,238761633634567	3250	0,0669805109500885	
3253,125	0,238308012485504	3253,125	0,0666808784008026	
3256,25	0,23804697394371	3256,25	0,0669223964214325	
3259,375	0,238626018166542	3259,375	0,0670425072312355	
3262,5	0,239140436053276	3262,5	0,0667882263660431	
3265,625	0,238485485315323	3265,625	0,0661327987909317	
3268,75	0,238319084048271	3268,75	0,0670324936509132	
3271,875	0,238865152001381	3271,875	0,0679450258612633	
3275	0,239955216646194	3275	0,0673175603151321	
3278,125	0,239826112985611	3278,125	0,0677962526679039	
3281,25	0,241868898272514	3281,25	0,0688772425055504	
3284,375	0,241478398442268	3284,375	0,0697382539510727	
3287,5	0,241133034229279	3287,5	0,0699621438980103	
3290,625	0,242310672998428	3290,625	0,0701045244932175	
3293,75	0,243717074394226	3293,75	0,0691781938076019	
3296,875	0,242845728993416	3296,875	0,0687111541628838	
3300	0,243459969758987	3300	0,0688538029789925	
3303,125	0,243788808584213	3303,125	0,0686739608645439	
3306,25	0,244050979614258	3306,25	0,0696075558662415	
3309,375	0,244879573583603	3309,375	0,0698666423559189	
3312,5	0,245511427521706	3312,5	0,07088652998209	
3315,625	0,245728179812431	3315,625	0,0711754485964775	
3318,75	0,245971485972404	3318,75	0,0707197636365891	
3321,875	0,246730148792267	3321,875	0,071230448782444	
3325	0,247722268104553	3325	0,0711480751633644	
3328,125	0,247724995017052	3328,125	0,0701124891638756	
3331,25	0,247713923454285	3331,25	0,0706314668059349	
3334,375	0,248649790883064	3334,375	0,0715206414461136	
3337,5	0,249065428972244	3337,5	0,0708746388554573	
3340,625	0,248895645141602	3340,625	0,0703532248735428	
3343,75	0,248941391706467	3343,75	0,0712298303842545	
3346,875	0,250739574432373	3346,875	0,0704399943351746	
3350	0,251874923706055	3350	0,070685587823391	
3353,125	0,251331716775894	3353,125	0,0703978314995766	
3356,25	0,249978333711624	3356,25	0,0713232979178429	
3359,375	0,251459717750549	3359,375	0,0714090242981911	
3362,5	0,251934081315994	3362,5	0,0708191245794296	
3365,625	0,252246260643005	3365,625	0,0712694600224495	
3368,75	0,25181719660759	3368,75	0,0714515745639801	
3371,875	0,251773506402969	3371,875	0,0722796618938446	
3375	0,251723200082779	3375	0,0729943737387657	
3378,125	0,252669900655746	3378,125	0,0711742714047432	
3381,25	0,253085166215897	3381,25	0,0713094994425774	
3384,375	0,253105819225311	3384,375	0,0719870403409004	
3387,5	0,25275981426239	3387,5	0,071226567029953	
3390,625	0,254212141036987	3390,625	0,0716672986745834	
3393,75	0,253718227148056	3393,75	0,0715828388929367	
3396,875	0,253901898860931	3396,875	0,0717216804623604	
3400	0,254732519388199	3400	0,0712059065699577	
3403,125	0,255425810813904	3403,125	0,0716512724757195	
3406,25	0,256409883499146	3406,25	0,0722965449094772	
3409,375	0,256629854440689	3409,375	0,0718362033367157	
3412,5	0,257337629795074	3412,5	0,0726792812347412	
3415,625	0,257920533418655	3415,625	0,0726641491055489	
3418,75	0,256941050291061	3418,75	0,0716915652155876	
3421,875	0,257352024316788	3421,875	0,0727925226092339	
3425	0,257778137922287	3425	0,0729309991002083	
3428,125	0,256855309009552	3428,125	0,0719321295619011	
3431,25	0,257133632898331	3431,25	0,0722132846713066	
3434,375	0,258043378591537	3434,375	0,0720162838697433	
3437,5	0,259365260601044	3437,5	0,0717875584959984	
3440,625	0,259724885225296	3440,625	0,0714715048670769	
3443,75	0,25960585474968	3443,75	0,0717350542545319	
3446,875	0,259368985891342	3446,875	0,0715000480413437	
3450	0,259684383869171	3450	0,0708745196461678	
3453,125	0,260204970836639	3453,125	0,0711699873209	
3456,25	0,260327517986298	3456,25	0,0715999752283096	
3459,375	0,260122716426849	3459,375	0,0722028464078903	
3462,5	0,260087788105011	3462,5	0,0712855234742165	
3465,625	0,26079523563385	3465,625	0,0720477700233459	
3468,75	0,262458175420761	3468,75	0,0718279480934143	
3471,875	0,261857986450195	3471,875	0,0719141662120819	
3475	0,261774241924286	3475	0,0715521350502968	
3478,125	0,261751353740692	3478,125	0,0722042322158813	
3481,25	0,260551959276199	3481,25	0,0707946568727493	
3484,375	0,261164844036102	3484,375	0,0713734552264214	
3487,5	0,262498706579208	3487,5	0,0716659054160118	
3490,625	0,263098478317261	3490,625	0,0710018426179886	
3493,75	0,263637602329254	3493,75	0,071143813431263	
3496,875	0,263131707906723	3496,875	0,0714592486619949	
3500	0,263708084821701	3500	0,0703997910022736	
3503,125	0,263465642929077	3503,125	0,0708492025732994	
3506,25	0,264889895915985	3506,25	0,0710608214139938	
3509,375	0,264714747667313	3509,375	0,071418322622776	
3512,5	0,262883245944977	3512,5	0,0702808350324631	
3515,625	0,26291885972023	3515,625	0,070328451693058	
3518,75	0,263647019863129	3518,75	0,0714932978153229	
3521,875	0,263432890176773	3521,875	0,0709254220128059	
3525	0,263972043991089	3525	0,0698810815811157	
3528,125	0,264680087566376	3528,125	0,0699414983391762	
3531,25	0,265652686357498	3531,25	0,0702901631593704	
3534,375	0,26526153087616	3534,375	0,0706582143902779	
3537,5	0,263963758945465	3537,5	0,0701859518885612	
3540,625	0,26470959186554	3540,625	0,06985042989254	
3543,75	0,265230923891068	3543,75	0,0700843632221222	
3546,875	0,264478236436844	3546,875	0,0707910135388374	
3550	0,265220880508423	3550	0,0694404467940331	
3553,125	0,265376031398773	3553,125	0,0701191574335098	
3556,25	0,265914261341095	3556,25	0,0695478618144989	
3559,375	0,265699476003647	3559,375	0,0694070607423782	
3562,5	0,266560643911362	3562,5	0,0698067247867584	
3565,625	0,265988826751709	3565,625	0,0695762112736702	
3568,75	0,265380144119263	3568,75	0,0696548670530319	
3571,875	0,266741544008255	3571,875	0,0690558478236198	
3575	0,267340540885925	3575	0,0696410909295082	
3578,125	0,267323106527328	3578,125	0,0696723684668541	
3581,25	0,267467498779297	3581,25	0,0692663490772247	
3584,375	0,267075687646866	3584,375	0,0688591822981834	
3587,5	0,266650170087814	3587,5	0,0692540481686592	
3590,625	0,267336905002594	3590,625	0,0694368407130241	
3593,75	0,267601251602173	3593,75	0,0692615658044815	
3596,875	0,268306046724319	3596,875	0,0694872885942459	
3600	0,268537491559982	3600	0,0688358470797539	
3603,125	0,267846018075943	3603,125	0,0683113634586334	
3606,25	0,268102765083313	3606,25	0,0696407705545425	
3609,375	0,267423063516617	3609,375	0,0680128037929535	
3612,5	0,267666697502136	3612,5	0,0682944506406784	
3615,625	0,26866689324379	3615,625	0,0690362751483917	
3618,75	0,267824798822403	3618,75	0,0685359388589859	
3621,875	0,267998486757278	3621,875	0,0691243857145309	
3625	0,267971754074097	3625	0,0687965154647827	
3628,125	0,269130140542984	3628,125	0,068301148712635	
3631,25	0,269082456827164	3631,25	0,0675261169672012	
3634,375	0,269588172435761	3634,375	0,0681723654270172	
3637,5	0,269020885229111	3637,5	0,0686803683638573	
3640,625	0,268393278121948	3640,625	0,0675866529345512	
3643,75	0,269054472446442	3643,75	0,0675154775381088	
3646,875	0,268755882978439	3646,875	0,0677957236766815	
3650	0,26942965388298	3650	0,067452073097229	
3653,125	0,269288003444672	3653,125	0,0673414841294289	
3656,25	0,269233673810959	3656,25	0,0673049241304398	
3659,375	0,269964188337326	3659,375	0,0673040524125099	
3662,5	0,270261108875275	3662,5	0,0668917521834373	
3665,625	0,271444618701935	3665,625	0,0682485997676849	
3668,75	0,27073410153389	3668,75	0,0658745765686035	
3671,875	0,269789010286331	3671,875	0,0668263211846352	
3675	0,270602732896805	3675	0,0664991065859795	
3678,125	0,27071014046669	3678,125	0,0661751478910446	
3681,25	0,271093130111694	3681,25	0,0680608823895454	
3684,375	0,26960551738739	3684,375	0,0639996975660324	
3687,5	0,269961714744568	3687,5	0,0658437460660934	
3690,625	0,270217150449753	3690,625	0,0661022961139679	
3693,75	0,270931482315063	3693,75	0,0651068612933159	
3696,875	0,271557420492172	3696,875	0,0657423213124275	
3700	0,270890206098557	3700	0,0658084526658058	
3703,125	0,270328938961029	3703,125	0,0647566914558411	
3706,25	0,271818548440933	3706,25	0,0643299072980881	
3709,375	0,271882236003876	3709,375	0,0651298239827156	
3712,5	0,270795673131943	3712,5	0,064543679356575	
3715,625	0,269868969917297	3715,625	0,0638175904750824	
3718,75	0,272352695465088	3718,75	0,0637897849082947	
3721,875	0,271860122680664	3721,875	0,0634493306279182	
3725	0,272405177354813	3725	0,0640783756971359	
3728,125	0,271786838769913	3728,125	0,0627782195806503	
3731,25	0,27169331908226	3731,25	0,0635431408882141	
3734,375	0,271342247724533	3734,375	0,0622917599976063	
3737,5	0,271645456552505	3737,5	0,0631741806864738	
3740,625	0,27241712808609	3740,625	0,0614500790834427	
3743,75	0,27205029129982	3743,75	0,0620556622743607	
3746,875	0,272142767906189	3746,875	0,0628727450966835	
3750	0,272364169359207	3750	0,0614539422094822	
3753,125	0,272179037332535	3753,125	0,0614611841738224	
3756,25	0,272164136171341	3756,25	0,0610766001045704	
3759,375	0,271647989749908	3759,375	0,0607816092669964	
3762,5	0,272538036108017	3762,5	0,0626253187656403	
3765,625	0,272238701581955	3765,625	0,0586903616786003	
3768,75	0,2719646692276	3768,75	0,0606003478169441	
3771,875	0,270970046520233	3771,875	0,0602176673710346	
3775	0,271902114152908	3775	0,0602718330919743	
3778,125	0,271528691053391	3778,125	0,0595177300274372	
3781,25	0,271855294704437	3781,25	0,05855643004179	
3784,375	0,27252385020256	3784,375	0,0595279224216938	
3787,5	0,273771196603775	3787,5	0,0585059225559235	
3790,625	0,272860765457153	3790,625	0,0588194653391838	
3793,75	0,271679013967514	3793,75	0,0569077879190445	
3796,875	0,271312683820724	3796,875	0,0581510812044144	
3800	0,270272970199585	3800	0,0573414042592049	
3803,125	0,271245449781418	3803,125	0,0570861510932446	
3806,25	0,27241912484169	3806,25	0,0575978830456734	
3809,375	0,271478950977325	3809,375	0,0565916709601879	
3812,5	0,270896583795547	3812,5	0,0557127222418785	
3815,625	0,270387053489685	3815,625	0,0560347549617291	
3818,75	0,271536409854889	3818,75	0,0558208674192429	
3821,875	0,270513355731964	3821,875	0,055590633302927	
3825	0,270894438028336	3825	0,0563015900552273	
3828,125	0,271199107170105	3828,125	0,0546979494392872	
3831,25	0,271070003509521	3831,25	0,0541328266263008	
3834,375	0,271592289209366	3834,375	0,0539100766181946	
3837,5	0,271898061037064	3837,5	0,0548850931227207	
3840,625	0,270482420921326	3840,625	0,0537497699260712	
3843,75	0,269214868545532	3843,75	0,053596917539835	
3846,875	0,269962221384048	3846,875	0,0523441769182682	
3850	0,269757777452469	3850	0,0528899542987347	
3853,125	0,269904762506485	3853,125	0,0534225292503834	
3856,25	0,271472126245499	3856,25	0,0524566769599915	
3859,375	0,269808024168015	3859,375	0,0516546033322811	
3862,5	0,269303441047668	3862,5	0,050773948431015	
3865,625	0,270072340965271	3865,625	0,0517300963401794	
3868,75	0,269931465387344	3868,75	0,0516616515815258	
3871,875	0,268664300441742	3871,875	0,0511690638959408	
3875	0,268129795789719	3875	0,0511268638074398	
3878,125	0,26984429359436	3878,125	0,0498666390776634	
3881,25	0,269051343202591	3881,25	0,0494793020188808	
3884,375	0,26927649974823	3884,375	0,0482777431607246	
3887,5	0,26916778087616	3887,5	0,0494265221059322	
3890,625	0,269287467002869	3890,625	0,0490585118532181	
3893,75	0,270136803388596	3893,75	0,0481528043746948	
3896,875	0,269100606441498	3896,875	0,0477964282035828	
3900	0,269419342279434	3900	0,0485499985516071	
3903,125	0,269154578447342	3903,125	0,0486716404557228	
3906,25	0,268938064575195	3906,25	0,0475763939321041	
3909,375	0,26877161860466	3909,375	0,0480341613292694	
3912,5	0,268690556287766	3912,5	0,0480410940945148	
3915,625	0,269094794988632	3915,625	0,0462967678904533	
3918,75	0,268164843320847	3918,75	0,0488198325037956	
3921,875	0,268023371696472	3921,875	0,044918280094862	
3925	0,267173945903778	3925	0,0463054925203323	
3928,125	0,267113596200943	3928,125	0,0460854917764664	
3931,25	0,267270505428314	3931,25	0,0483176447451115	
3934,375	0,26766362786293	3934,375	0,0468181036412716	
3937,5	0,267269045114517	3937,5	0,0452424250543118	
3940,625	0,267662644386292	3940,625	0,0457496754825115	
3943,75	0,267675936222076	3943,75	0,046547956764698	
3946,875	0,267038434743881	3946,875	0,045301016420126	
3950	0,266354322433472	3950	0,044759314507246	
3953,125	0,267070680856705	3953,125	0,0444615669548512	
3956,25	0,267302215099335	3956,25	0,0450513102114201	
3959,375	0,266068130731583	3959,375	0,0446680337190628	
3962,5	0,266937375068665	3962,5	0,0435802675783634	
3965,625	0,268361032009125	3965,625	0,0441556870937347	
3968,75	0,268318116664886	3968,75	0,0434660874307156	
3971,875	0,268904566764832	3971,875	0,043115857988596	
3975	0,269734799861908	3975	0,0413811132311821	
3978,125	0,268514752388	3978,125	0,0418140850961208	
3981,25	0,267384141683578	3981,25	0,0428400300443172	
3984,375	0,266862601041794	3984,375	0,0421817228198051	
3987,5	0,268146812915802	3987,5	0,0421578995883465	
3990,625	0,26919874548912	3990,625	0,0408675782382488	
3993,75	0,268814325332642	3993,75	0,041152685880661	
3996,875	0,268833249807358	3996,875	0,0407007820904255	
4000	0,270784735679626	4000	0,0395813137292862	
4003,125	0,269635438919067	4003,125	0,0391441956162453	
4006,25	0,269148051738739	4006,25	0,0391413345932961	
4009,375	0,268729865550995	4009,375	0,0385594964027405	
4012,5	0,268330812454224	4012,5	0,0385547392070293	
4015,625	0,268648326396942	4015,625	0,0383187457919121	
4018,75	0,26858851313591	4018,75	0,0384378582239151	
4021,875	0,26861298084259	4021,875	0,0381651669740677	
4025	0,269244819879532	4025	0,0377884916961193	
4028,125	0,268048495054245	4028,125	0,0384947843849659	
4031,25	0,266893327236176	4031,25	0,036239642649889	
4034,375	0,268061488866806	4034,375	0,0370458886027336	
4037,5	0,270143836736679	4037,5	0,0367154590785503	
4040,625	0,267269134521484	4040,625	0,035931121557951	
4043,75	0,268319219350815	4043,75	0,0358467549085617	
4046,875	0,268032431602478	4046,875	0,0355865769088268	
4050	0,267739087343216	4050	0,0346354097127914	
4053,125	0,268378436565399	4053,125	0,0357764549553394	
4056,25	0,269099771976471	4056,25	0,0344267040491104	
4059,375	0,268826007843018	4059,375	0,035461537539959	
4062,5	0,267821818590164	4062,5	0,0336769111454487	
4065,625	0,269317835569382	4065,625	0,0336199961602688	
4068,75	0,26927524805069	4068,75	0,0337442792952061	
4071,875	0,268680036067963	4071,875	0,0332242175936699	
4075	0,271637946367264	4075	0,032317977398634	
4078,125	0,271792650222778	4078,125	0,0324794724583626	
4081,25	0,272159904241562	4081,25	0,031381830573082	
4084,375	0,270402729511261	4084,375	0,0305163115262985	
4087,5	0,27179217338562	4087,5	0,0304854046553373	
4090,625	0,269694596529007	4090,625	0,0308805778622627	
4093,75	0,269410580396652	4093,75	0,0288343392312527	
4096,875	0,271133363246918	4096,875	0,030185466632247	
4100	0,271690040826797	4100	0,0284827332943678	
4103,125	0,271328181028366	4103,125	0,0280891302973032	
4106,25	0,27065721154213	4106,25	0,0286872200667858	
4109,375	0,272948265075684	4109,375	0,0277806241065264	
4112,5	0,271171122789383	4112,5	0,0268066041171551	
4115,625	0,271120756864548	4115,625	0,0266544781625271	
4118,75	0,272519767284393	4118,75	0,0259760525077581	
4121,875	0,271953225135803	4121,875	0,0261676833033562	
4125	0,271048873662949	4125	0,0238821301609278	
4128,125	0,271350473165512	4128,125	0,0236554630100727	
4131,25	0,271311730146408	4131,25	0,0243017226457596	
4134,375	0,271971583366394	4134,375	0,0225412156432867	
4137,5	0,272004872560501	4137,5	0,0228931419551373	
4140,625	0,270458489656448	4140,625	0,0228616632521153	
4143,75	0,271144360303879	4143,75	0,0207958519458771	
4146,875	0,270778119564056	4146,875	0,0217258986085653	
4150	0,270133525133133	4150	0,0198712926357985	
4153,125	0,272537887096405	4153,125	0,0203548949211836	
4156,25	0,272138863801956	4156,25	0,0194449871778488	
4159,375	0,270614713430405	4159,375	0,0207539964467287	
4162,5	0,270674139261246	4162,5	0,0186017416417599	
4165,625	0,27001941204071	4165,625	0,0178462285548449	
4168,75	0,269641280174255	4168,75	0,0180007796734571	
4171,875	0,269928723573685	4171,875	0,0180810540914536	
4175	0,270990759134293	4175	0,0183408297598362	
4178,125	0,271681636571884	4178,125	0,0167088788002729	
4181,25	0,270946890115738	4181,25	0,0157430861145258	
4184,375	0,270574033260345	4184,375	0,0164711456745863	
4187,5	0,27040958404541	4187,5	0,0157945528626442	
4190,625	0,270206123590469	4190,625	0,0162850338965654	
4193,75	0,27006322145462	4193,75	0,0162768010050058	
4196,875	0,269946753978729	4196,875	0,0150744151324034	
4200	0,270683974027634	4200	0,0151050705462694	
4203,125	0,269642949104309	4203,125	0,0137171670794487	
4206,25	0,268508970737457	4206,25	0,0136106805875897	
4209,375	0,268681436777115	4209,375	0,0139550752937794	
4212,5	0,269001007080078	4212,5	0,0135285360738635	
4215,625	0,268882781267166	4215,625	0,0131460586562753	
4218,75	0,268728941679001	4218,75	0,0136992773041129	
4221,875	0,268506109714508	4221,875	0,0134544195607305	
4225	0,268204241991043	4225	0,012196640484035	
4228,125	0,268097519874573	4228,125	0,0118627864867449	
4231,25	0,268209367990494	4231,25	0,0124783534556627	
4234,375	0,268504619598389	4234,375	0,0124995494261384	
4237,5	0,268217086791992	4237,5	0,0114091690629721	
4240,625	0,268896251916885	4240,625	0,0115200467407703	
4243,75	0,267661213874817	4243,75	0,0110218189656734	
4246,875	0,269196808338165	4246,875	0,011129136197269	
4250	0,269040733575821	4250	0,00987272895872593	
4253,125	0,2672079205513	4253,125	0,0101803373545408	
4256,25	0,267978578805923	4256,25	0,0101456567645073	
4259,375	0,267787635326386	4259,375	0,0114295873790979	
4262,5	0,268159151077271	4262,5	0,0106328427791595	
4265,625	0,268147975206375	4265,625	0,00913266558200121	
4268,75	0,267557442188263	4268,75	0,00971201155334711	
4271,875	0,266926884651184	4271,875	0,0105281416326761	
4275	0,268520891666412	4275	0,00840040855109692	
4278,125	0,268555104732513	4278,125	0,00934013538062572	
4281,25	0,267955601215363	4281,25	0,010084442794323	
4284,375	0,268844246864319	4284,375	0,00907424930483103	
4287,5	0,268661081790924	4287,5	0,00931381527334452	
4290,625	0,267392545938492	4290,625	0,00843533780425787	
4293,75	0,266516000032425	4293,75	0,00846409797668457	
4296,875	0,265834391117096	4296,875	0,00732139265164733	
4300	0,266684204339981	4300	0,00750406552106142	
4303,125	0,266909390687943	4303,125	0,00685669854283333	
4306,25	0,266958087682724	4306,25	0,00643931701779366	
4309,375	0,265986502170563	4309,375	0,0073658712208271	
4312,5	0,266525208950043	4312,5	0,00592930242419243	
4315,625	0,265752345323563	4315,625	0,00538537371903658	
4318,75	0,265324085950851	4318,75	0,00638256641104817	
4321,875	0,264799445867538	4321,875	0,00599056389182806	
4325	0,264420688152313	4325	0,00549474265426397	
4328,125	0,265787214040756	4328,125	0,00594127643853426	
4331,25	0,2669557929039	4331,25	0,00552932266145945	
4334,375	0,26566007733345	4334,375	0,00521782739087939	
4337,5	0,266079306602478	4337,5	0,00445559760555625	
4340,625	0,265046358108521	4340,625	0,00410381425172091	
4343,75	0,265452921390533	4343,75	0,00457326509058475	
4346,875	0,26516181230545	4346,875	0,00453715492039919	
4350	0,264048278331757	4350	0,00412288121879101	
4353,125	0,264254122972488	4353,125	0,00460594147443771	
4356,25	0,263908296823502	4356,25	0,00391911575570703	
4359,375	0,262586653232574	4359,375	0,00237210048362613	
4362,5	0,26375412940979	4362,5	0,00315444148145616	
4365,625	0,264683306217194	4365,625	0,00334166502580047	
4368,75	0,264888375997543	4368,75	0,00286219199188054	
4371,875	0,263314604759216	4371,875	0,00314584630541503	
4375	0,262230336666107	4375	0,00277836550958455	
4378,125	0,263982862234116	4378,125	0,000990312779322267	
4381,25	0,262080520391464	4381,25	0,00171656219754368	
4384,375	0,261028945446014	4384,375	0,00122585718054324	
4387,5	0,260650783777237	4387,5	0,000816183513961732	
4390,625	0,26154887676239	4390,625	0,000631929840892553	
4393,75	0,261564940214157	4393,75	0,000556230079382658	
4396,875	0,261632561683655	4396,875	0,00136797549203038	
4400	0,261414915323257	4400	0,000195453685591929	
4403,125	0,260447949171066	4403,125	-0,000138716553919949	
4406,25	0,260354518890381	4406,25	-1,23481358969002E-05	
4409,375	0,260957032442093	4409,375	-0,000969626067671925	
4412,5	0,260270446538925	4412,5	-0,000679615477565676	
4415,625	0,260875701904297	4415,625	-0,00107314507476985	
4418,75	0,260073989629745	4418,75	-0,00148846895899624	
4421,875	0,260033071041107	4421,875	-0,00200180849060416	
4425	0,259674727916718	4425	-0,00212674867361784	
4428,125	0,260240823030472	4428,125	-0,00189649104140699	
4431,25	0,260136008262634	4431,25	-0,000800963549409062	
4434,375	0,259649395942688	4434,375	-0,00212016073055565	
4437,5	0,258858442306519	4437,5	-0,00292564486153424	
4440,625	0,258419901132584	4440,625	-0,00298754102550447	
4443,75	0,257450431585312	4443,75	-0,00384977599605918	
4446,875	0,258182227611542	4446,875	-0,00334078446030617	
4450	0,258498281240463	4450	-0,00324440211988986	
4453,125	0,257553279399872	4453,125	-0,00450622569769621	
4456,25	0,256732732057571	4456,25	-0,00350594334304333	
4459,375	0,255743622779846	4459,375	-0,00431574787944555	
4462,5	0,2565698325634	4462,5	-0,0061545199714601	
4465,625	0,255817234516144	4465,625	-0,00543878087773919	
4468,75	0,256541162729263	4468,75	-0,00598535034805536	
4471,875	0,255528688430786	4471,875	-0,0083680022507906	
4475	0,25404292345047	4475	-0,00770479207858443	
4478,125	0,253456741571426	4478,125	-0,00721592968329787	
4481,25	0,254377901554108	4481,25	-0,0094463350251317	
4484,375	0,254212856292725	4484,375	-0,00931072328239679	
4487,5	0,252907782793045	4487,5	-0,00937914941459894	
4490,625	0,25263586640358	4490,625	-0,00927184801548719	
4493,75	0,251894235610962	4493,75	-0,00968585629016161	
4496,875	0,252096176147461	4496,875	-0,0107802869752049	
4500	0,252572447061539	4500	-0,0102816037833691	
4503,125	0,251309663057327	4503,125	-0,0114006120711565	
4506,25	0,251372158527374	4506,25	-0,0121213989332318	
4509,375	0,251873821020126	4509,375	-0,0123517140746117	
4512,5	0,250488996505737	4512,5	-0,0125737292692065	
4515,625	0,250112920999527	4515,625	-0,0136253535747528	
4518,75	0,249800488352776	4518,75	-0,0131655372679234	
4521,875	0,249181285500526	4521,875	-0,0133420787751675	
4525	0,248196259140968	4525	-0,0148228881880641	
4528,125	0,24759766459465	4528,125	-0,014820521697402	
4531,25	0,246877461671829	4531,25	-0,0152508337050676	
4534,375	0,246623769402504	4534,375	-0,0159362051635981	
4537,5	0,247321292757988	4537,5	-0,0167942233383656	
4540,625	0,24700853228569	4540,625	-0,0176125131547451	
4543,75	0,246573805809021	4543,75	-0,0174996331334114	
4546,875	0,245892718434334	4546,875	-0,0178925897926092	
4550	0,246047973632813	4550	-0,0176466666162014	
4553,125	0,244743704795837	4553,125	-0,0187150537967682	
4556,25	0,244278639554977	4556,25	-0,0201678350567818	
4559,375	0,244733899831772	4559,375	-0,0191653128713369	
4562,5	0,244548693299294	4562,5	-0,0212757512927055	
4565,625	0,244514614343643	4565,625	-0,0211323816329241	
4568,75	0,243628650903702	4568,75	-0,0215737242251635	
4571,875	0,242322698235512	4571,875	-0,021494947373867	
4575	0,242408290505409	4575	-0,0222540777176619	
4578,125	0,241624534130096	4578,125	-0,0230021439492702	
4581,25	0,241465181112289	4581,25	-0,024226201698184	
4584,375	0,24151012301445	4584,375	-0,0242874100804329	
4587,5	0,241776347160339	4587,5	-0,0241598468273878	
4590,625	0,241736397147179	4590,625	-0,0264352057129145	
4593,75	0,240764960646629	4593,75	-0,0264934841543436	
4596,875	0,239668801426888	4596,875	-0,0271839387714863	
4600	0,240138575434685	4600	-0,0283979307860136	
4603,125	0,240174993872643	4603,125	-0,028855387121439	
4606,25	0,239293307065964	4606,25	-0,0289760287851095	
4609,375	0,239730849862099	4609,375	-0,0286670681089163	
4612,5	0,239530861377716	4612,5	-0,0302781257778406	
4615,625	0,238211691379547	4615,625	-0,0315499976277351	
4618,75	0,238371029496193	4618,75	-0,0321641974151134	
4621,875	0,237911090254784	4621,875	-0,0321164354681969	
4625	0,23817865550518	4625	-0,0335369519889355	
4628,125	0,238022997975349	4628,125	-0,0337109342217445	
4631,25	0,237836390733719	4631,25	-0,034130971878767	
4634,375	0,237192273139954	4634,375	-0,0351513028144836	
4637,5	0,236817955970764	4637,5	-0,0360711067914963	
4640,625	0,23716439306736	4640,625	-0,0362505316734314	
4643,75	0,23633374273777	4643,75	-0,0385891646146774	
4646,875	0,23645256459713	4646,875	-0,0383333005011082	
4650	0,236513793468475	4650	-0,0387179255485535	
4653,125	0,236358612775803	4653,125	-0,0397198386490345	
4656,25	0,23582635819912	4656,25	-0,0408403947949409	
4659,375	0,235465914011002	4659,375	-0,0410010330379009	
4662,5	0,237413808703423	4662,5	-0,0416044890880585	
4665,625	0,235839605331421	4665,625	-0,043478399515152	
4668,75	0,234484910964966	4668,75	-0,0433689653873444	
4671,875	0,234063237905502	4671,875	-0,0443693809211254	
4675	0,234897121787071	4675	-0,0445870161056519	
4678,125	0,235775977373123	4678,125	-0,0456532947719097	
4681,25	0,233510404825211	4681,25	-0,0459430143237114	
4684,375	0,233469054102898	4684,375	-0,0469423830509186	
4687,5	0,234066516160965	4687,5	-0,048136193305254	
4690,625	0,233652651309967	4690,625	-0,0491414591670036	
4693,75	0,233326718211174	4693,75	-0,049561832100153	
4696,875	0,23350790143013	4696,875	-0,0500057637691498	
4700	0,234418168663979	4700	-0,0509764850139618	
4703,125	0,233664080500603	4703,125	-0,0509417466819286	
4706,25	0,233715415000916	4706,25	-0,0511065609753132	
4709,375	0,233997106552124	4709,375	-0,0523808784782887	
4712,5	0,234289422631264	4712,5	-0,0530686005949974	
4715,625	0,233999460935593	4715,625	-0,0540668293833733	
4718,75	0,233530387282372	4718,75	-0,0548191517591476	
4721,875	0,233884140849113	4721,875	-0,0549678616225719	
4725	0,23482309281826	4725	-0,0559633746743202	
4728,125	0,235012158751488	4728,125	-0,0562178865075111	
4731,25	0,235237717628479	4731,25	-0,0576107911765575	
4734,375	0,235506147146225	4734,375	-0,058514628559351	
4737,5	0,23593182861805	4737,5	-0,0590229593217373	
4740,625	0,235643565654755	4740,625	-0,0594590306282043	
4743,75	0,235398530960083	4743,75	-0,0603806488215923	
4746,875	0,235526025295258	4746,875	-0,0600334517657757	
4750	0,235995173454285	4750	-0,0607462041079998	
4753,125	0,236145526170731	4753,125	-0,0634002983570099	
4756,25	0,236212775111198	4756,25	-0,0643564909696579	
4759,375	0,236315235495567	4759,375	-0,0643588304519653	
4762,5	0,236889526247978	4762,5	-0,0654032379388809	
4765,625	0,23759514093399	4765,625	-0,0655841752886772	
4768,75	0,238534823060036	4768,75	-0,0657055601477623	
4771,875	0,238726735115051	4771,875	-0,0662781596183777	
4775	0,238644376397133	4775	-0,0672804415225983	
4778,125	0,240123137831688	4778,125	-0,0694160908460617	
4781,25	0,238914608955383	4781,25	-0,0694832727313042	
4784,375	0,240044131875038	4784,375	-0,0703623965382576	
4787,5	0,240081980824471	4787,5	-0,071315310895443	
4790,625	0,24002368748188	4790,625	-0,0714051425457001	
4793,75	0,240897014737129	4793,75	-0,072162002325058	
4796,875	0,241876497864723	4796,875	-0,0723283141851425	
4800	0,241823002696037	4800	-0,0725796744227409	
4803,125	0,242225214838982	4803,125	-0,0742090046405792	
4806,25	0,243252217769623	4806,25	-0,075542539358139	
4809,375	0,244295030832291	4809,375	-0,075682520866394	
4812,5	0,24436029791832	4812,5	-0,0766068324446678	
4815,625	0,244724273681641	4815,625	-0,0771412923932076	
4818,75	0,244805797934532	4818,75	-0,0775970444083214	
4821,875	0,245750978589058	4821,875	-0,078949935734272	
4825	0,246471732854843	4825	-0,0790261477231979	
4828,125	0,246635392308235	4828,125	-0,0793340727686882	
4831,25	0,247327759861946	4831,25	-0,0799600556492805	
4834,375	0,248381555080414	4834,375	-0,0811189115047455	
4837,5	0,248471200466156	4837,5	-0,0819249227643013	
4840,625	0,248914778232574	4840,625	-0,0821964740753174	
4843,75	0,250125408172607	4843,75	-0,0824238136410713	
4846,875	0,251079618930817	4846,875	-0,0827498435974121	
4850	0,251919388771057	4850	-0,0837773606181145	
4853,125	0,252857536077499	4853,125	-0,0838384926319122	
4856,25	0,253272026777267	4856,25	-0,0838498324155808	
4859,375	0,253740578889847	4859,375	-0,0845111384987831	
4862,5	0,254296034574509	4862,5	-0,085195504128933	
4865,625	0,254688262939453	4865,625	-0,0856515616178513	
4868,75	0,255996882915497	4868,75	-0,0861202031373978	
4871,875	0,257135391235352	4871,875	-0,0870708972215652	
4875	0,258602976799011	4875	-0,0868233293294907	
4878,125	0,258419960737228	4878,125	-0,0875278785824776	
4881,25	0,259409099817276	4881,25	-0,0880042836070061	
4884,375	0,260218173265457	4884,375	-0,0886126607656479	
4887,5	0,26145201921463	4887,5	-0,0886507034301758	
4890,625	0,262062638998032	4890,625	-0,0895132794976234	
4893,75	0,262884736061096	4893,75	-0,0894623696804047	
4896,875	0,264340758323669	4896,875	-0,0896204486489296	
4900	0,265194475650787	4900	-0,089413970708847	
4903,125	0,265871316194534	4903,125	-0,0892487093806267	
4906,25	0,266477704048157	4906,25	-0,0898010730743408	
4909,375	0,267612665891647	4909,375	-0,0910641029477119	
4912,5	0,268361687660217	4912,5	-0,0907753929495811	
4915,625	0,270358800888062	4915,625	-0,0903755947947502	
4918,75	0,272025495767593	4918,75	-0,0907644033432007	
4921,875	0,273709625005722	4921,875	-0,0910600200295448	
4925	0,275842636823654	4925	-0,0912236273288727	
4928,125	0,277185708284378	4928,125	-0,0924274995923042	
4931,25	0,278880745172501	4931,25	-0,093295581638813	
4934,375	0,279572159051895	4934,375	-0,0937918424606323	
4937,5	0,280847877264023	4937,5	-0,0943948850035667	
4940,625	0,282322436571121	4940,625	-0,0950035378336906	
4943,75	0,284240365028381	4943,75	-0,0956224426627159	
4946,875	0,284856379032135	4946,875	-0,096374899148941	
4950	0,286090791225433	4950	-0,0961413756012917	
4953,125	0,28824719786644	4953,125	-0,0969932377338409	
4956,25	0,289465934038162	4956,25	-0,0977736711502075	
4959,375	0,290945649147034	4959,375	-0,0972679406404495	
4962,5	0,292036354541779	4962,5	-0,0980966091156006	
4965,625	0,292752623558044	4965,625	-0,0989451631903648	
4968,75	0,294914394617081	4968,75	-0,0990314185619354	
4971,875	0,296604961156845	4971,875	-0,0991923660039902	
4975	0,297917246818542	4975	-0,0995356738567352	
				
