Frequency in Hz	Silk_93 Sound Reflection Factor continuous Re	Frequency in Hz	Silk_93 Sound Reflection Factor continuous Im	
100	0.940697610378265	100	-0.125544980168343	
103.125	0.93403571844101	103.125	-0.11449784040451	
106.25	0.931545436382294	106.25	-0.144946545362473	
109.375	0.940996706485748	109.375	-0.130760088562965	
112.5	0.929012537002563	112.5	-0.134164348244667	
115.625	0.927448630332947	115.625	-0.143734633922577	
118.75	0.931277096271515	118.75	-0.135344341397285	
121.875	0.916443884372711	121.875	-0.140946358442307	
125	0.926062881946564	125	-0.142944648861885	
128.125	0.923444032669067	128.125	-0.151019841432571	
131.25	0.923011779785156	131.25	-0.148287981748581	
134.375	0.929839849472046	134.375	-0.148386731743813	
137.5	0.904983103275299	137.5	-0.161047220230103	
140.625	0.903258860111237	140.625	-0.149077951908112	
143.75	0.898539662361145	143.75	-0.15853063762188	
146.875	0.913841903209686	146.875	-0.147825479507446	
150	0.899825990200043	150	-0.156893119215965	
153.125	0.898915946483612	153.125	-0.167711615562439	
156.25	0.898545980453491	156.25	-0.161797806620598	
159.375	0.896928250789642	159.375	-0.165412947535515	
162.5	0.897091865539551	162.5	-0.163844421505928	
165.625	0.891427457332611	165.625	-0.161688834428787	
168.75	0.887710750102997	168.75	-0.175959631800652	
171.875	0.882880210876465	171.875	-0.165794134140015	
175	0.875600636005402	175	-0.170897826552391	
178.125	0.881532371044159	178.125	-0.173638880252838	
181.25	0.88019984960556	181.25	-0.169539198279381	
184.375	0.873371601104736	184.375	-0.168600738048553	
187.5	0.864481031894684	187.5	-0.17543850839138	
190.625	0.863887548446655	190.625	-0.17076712846756	
193.75	0.858454585075378	193.75	-0.179591670632362	
196.875	0.860699772834778	196.875	-0.174699321389198	
200	0.86637955904007	200	-0.173531115055084	
203.125	0.868248879909515	203.125	-0.171854555606842	
206.25	0.855599641799927	206.25	-0.186947926878929	
209.375	0.854375839233398	209.375	-0.180151745676994	
212.5	0.861205458641052	212.5	-0.173676297068596	
215.625	0.846161723136902	215.625	-0.185274571180344	
218.75	0.849785983562469	218.75	-0.176394879817963	
221.875	0.844821572303772	221.875	-0.182673677802086	
225	0.839885473251343	225	-0.18030509352684	
228.125	0.836891353130341	228.125	-0.181054159998894	
231.25	0.836351692676544	231.25	-0.180192187428474	
234.375	0.832041323184967	234.375	-0.181496292352676	
237.5	0.837228059768677	237.5	-0.179372206330299	
240.625	0.835203588008881	240.625	-0.190977334976196	
243.75	0.832736611366272	243.75	-0.18452450633049	
246.875	0.823841452598572	246.875	-0.183388903737068	
250	0.821048319339752	250	-0.182803571224213	
253.125	0.823667049407959	253.125	-0.185067549347878	
256.25	0.819417536258698	256.25	-0.188234001398087	
259.375	0.814478516578674	259.375	-0.18282313644886	
262.5	0.816214561462402	262.5	-0.187344744801521	
265.625	0.816724121570587	265.625	-0.19118520617485	
268.75	0.813324570655823	268.75	-0.185541808605194	
271.875	0.808736026287079	271.875	-0.190195381641388	
275	0.811028242111206	275	-0.189764589071274	
278.125	0.804959416389465	278.125	-0.191867217421532	
281.25	0.804129242897034	281.25	-0.18936425447464	
284.375	0.803054332733154	284.375	-0.189422637224197	
287.5	0.81080025434494	287.5	-0.188248217105865	
290.625	0.798554360866547	290.625	-0.200351849198341	
293.75	0.799775242805481	293.75	-0.1966373026371	
296.875	0.794992923736572	296.875	-0.195750936865807	
300	0.792915284633636	300	-0.194192036986351	
303.125	0.78778088092804	303.125	-0.199589788913727	
306.25	0.782350838184357	306.25	-0.198981881141663	
309.375	0.776841342449188	309.375	-0.197406515479088	
312.5	0.767559826374054	312.5	-0.200081765651703	
315.625	0.759037613868713	315.625	-0.18734547495842	
318.75	0.757304251194	318.75	-0.186207264661789	
321.875	0.764218509197235	321.875	-0.176377207040787	
325	0.767026364803314	325	-0.171872079372406	
328.125	0.764058589935303	328.125	-0.167553156614304	
331.25	0.771707475185394	331.25	-0.178255468606949	
334.375	0.772698640823364	334.375	-0.177055165171623	
337.5	0.769995987415314	337.5	-0.172994077205658	
340.625	0.771621823310852	340.625	-0.175282597541809	
343.75	0.767236590385437	343.75	-0.180176317691803	
346.875	0.768028080463409	346.875	-0.180404677987099	
350	0.765799403190613	350	-0.176973432302475	
353.125	0.768380522727966	353.125	-0.176889508962631	
356.25	0.769691944122314	356.25	-0.181821256875992	
359.375	0.765761375427246	359.375	-0.186220914125443	
362.5	0.761608600616455	362.5	-0.182670831680298	
365.625	0.756045281887054	365.625	-0.181653022766113	
368.75	0.761182129383087	368.75	-0.181005671620369	
371.875	0.770074069499969	371.875	-0.184160783886909	
375	0.749544441699982	375	-0.179734602570534	
378.125	0.751461923122406	378.125	-0.185473591089249	
381.25	0.757950603961945	381.25	-0.178255900740623	
384.375	0.74574488401413	384.375	-0.180967330932617	
387.5	0.745768964290619	387.5	-0.188741698861122	
390.625	0.749232053756714	390.625	-0.191133916378021	
393.75	0.754695177078247	393.75	-0.180407494306564	
396.875	0.753444015979767	396.875	-0.17837381362915	
400	0.751093327999115	400	-0.174473524093628	
403.125	0.749809563159943	403.125	-0.172904044389725	
406.25	0.743013083934784	406.25	-0.180543392896652	
409.375	0.736368179321289	409.375	-0.183414369821548	
412.5	0.734097003936768	412.5	-0.19003264605999	
415.625	0.744305074214935	415.625	-0.185904607176781	
418.75	0.7364462018013	418.75	-0.185421720147133	
421.875	0.738947510719299	421.875	-0.189998805522919	
425	0.736192524433136	425	-0.185910701751709	
428.125	0.734532833099365	428.125	-0.1749547123909	
431.25	0.736404597759247	431.25	-0.185583665966988	
434.375	0.734643876552582	434.375	-0.18008853495121	
437.5	0.733343124389648	437.5	-0.177186593413353	
440.625	0.730717778205872	440.625	-0.175106778740883	
443.75	0.728900492191315	443.75	-0.178736224770546	
446.875	0.726144254207611	446.875	-0.176839128136635	
450	0.734907031059265	450	-0.172130227088928	
453.125	0.733467876911163	453.125	-0.170015648007393	
456.25	0.737187445163727	456.25	-0.169568330049515	
459.375	0.732572972774506	459.375	-0.174983784556389	
462.5	0.730282723903656	462.5	-0.183132827281952	
465.625	0.731811821460724	465.625	-0.182078957557678	
468.75	0.731278121471405	468.75	-0.17895981669426	
471.875	0.726787209510803	471.875	-0.189171433448792	
475	0.724081695079803	475	-0.18634495139122	
478.125	0.71945983171463	478.125	-0.1777633279562	
481.25	0.725818872451782	481.25	-0.174112543463707	
484.375	0.720202147960663	484.375	-0.180182635784149	
487.5	0.719342350959778	487.5	-0.175178498029709	
490.625	0.718374311923981	490.625	-0.177317455410957	
493.75	0.714763164520264	493.75	-0.177111506462097	
496.875	0.713914930820465	496.875	-0.175680175423622	
500	0.720696806907654	500	-0.178821548819542	
503.125	0.720051169395447	503.125	-0.179398387670517	
506.25	0.719817042350769	506.25	-0.176976904273033	
509.375	0.720156192779541	509.375	-0.180189415812492	
512.5	0.71438729763031	512.5	-0.18166495859623	
515.625	0.71363639831543	515.625	-0.175549536943436	
518.75	0.712450265884399	518.75	-0.173140302300453	
521.875	0.712828874588013	521.875	-0.181429371237755	
525	0.70959734916687	525	-0.179568916559219	
528.125	0.714131236076355	528.125	-0.176088348031044	
531.25	0.711137354373932	531.25	-0.178838551044464	
534.375	0.710093319416046	534.375	-0.177889972925186	
537.5	0.709174990653992	537.5	-0.178326487541199	
540.625	0.709670722484589	540.625	-0.177990972995758	
543.75	0.706713080406189	543.75	-0.172535941004753	
546.875	0.70866858959198	546.875	-0.18056957423687	
550	0.706946492195129	550	-0.17772464454174	
553.125	0.704138278961182	553.125	-0.178897798061371	
556.25	0.712791800498962	556.25	-0.14737232029438	
559.375	0.708252549171448	559.375	-0.146673634648323	
562.5	0.708780884742737	562.5	-0.145778894424438	
565.625	0.708902478218079	565.625	-0.146927520632744	
568.75	0.706839621067047	568.75	-0.14580862224102	
571.875	0.705956935882568	571.875	-0.144914373755455	
575	0.706909537315369	575	-0.145556777715683	
578.125	0.703859150409698	578.125	-0.142894342541695	
581.25	0.706296563148499	581.25	-0.143733814358711	
584.375	0.706446468830109	584.375	-0.145087033510208	
587.5	0.705906391143799	587.5	-0.14402249455452	
590.625	0.703931331634521	590.625	-0.1437107026577	
593.75	0.702738702297211	593.75	-0.143442258238792	
596.875	0.703146517276764	596.875	-0.142323434352875	
600	0.702272415161133	600	-0.144439697265625	
603.125	0.701562881469727	603.125	-0.142243936657906	
606.25	0.700506091117859	606.25	-0.142910242080688	
609.375	0.701492607593536	609.375	-0.141207978129387	
612.5	0.700497269630432	612.5	-0.141092091798782	
615.625	0.699377179145813	615.625	-0.142314538359642	
618.75	0.69926905632019	618.75	-0.140999123454094	
621.875	0.699935436248779	621.875	-0.139152511954308	
625	0.697953581809998	625	-0.138647049665451	
628.125	0.697595715522766	628.125	-0.140146806836128	
631.25	0.694817662239075	631.25	-0.1390750259161	
634.375	0.694485604763031	634.375	-0.138542577624321	
637.5	0.695369780063629	637.5	-0.138321056962013	
640.625	0.695611357688904	640.625	-0.135531350970268	
643.75	0.69565612077713	643.75	-0.137804940342903	
646.875	0.693866193294525	646.875	-0.136832728981972	
650	0.695482015609741	650	-0.137074500322342	
653.125	0.693705558776855	653.125	-0.135851085186005	
656.25	0.69266402721405	656.25	-0.135317757725716	
659.375	0.692562818527222	659.375	-0.136808380484581	
662.5	0.69407707452774	662.5	-0.134973511099815	
665.625	0.69441145658493	665.625	-0.135440930724144	
668.75	0.692662477493286	668.75	-0.135435611009598	
671.875	0.691904604434967	671.875	-0.133342355489731	
675	0.690219759941101	675	-0.134614109992981	
678.125	0.68937885761261	678.125	-0.134957581758499	
681.25	0.690143167972565	681.25	-0.134039744734764	
684.375	0.690151393413544	684.375	-0.133649587631226	
687.5	0.692013382911682	687.5	-0.13232758641243	
690.625	0.690202295780182	690.625	-0.136807188391685	
693.75	0.690441370010376	693.75	-0.133207008242607	
696.875	0.690497636795044	696.875	-0.13264824450016	
700	0.689116716384888	700	-0.133637398481369	
703.125	0.689306080341339	703.125	-0.133915230631828	
706.25	0.689411878585815	706.25	-0.132097125053406	
709.375	0.687651991844177	709.375	-0.130936458706856	
712.5	0.686588764190674	712.5	-0.135517001152039	
715.625	0.688302040100098	715.625	-0.132592529058456	
718.75	0.688749372959137	718.75	-0.132758572697639	
721.875	0.687075793743134	721.875	-0.132636621594429	
725	0.68826150894165	725	-0.132575884461403	
728.125	0.686365187168121	728.125	-0.132556408643723	
731.25	0.687217354774475	731.25	-0.131960064172745	
734.375	0.686409533023834	734.375	-0.131415396928787	
737.5	0.687221765518188	737.5	-0.130990758538246	
740.625	0.684816837310791	740.625	-0.131466820836067	
743.75	0.683068513870239	743.75	-0.131741687655449	
746.875	0.685292184352875	746.875	-0.13312953710556	
750	0.684913992881775	750	-0.13273623585701	
753.125	0.68463271856308	753.125	-0.131445929408073	
756.25	0.683806240558624	756.25	-0.130867183208466	
759.375	0.681171596050262	759.375	-0.129457697272301	
762.5	0.683209300041199	762.5	-0.128670006990433	
765.625	0.68285858631134	765.625	-0.128534808754921	
768.75	0.683003783226013	768.75	-0.131122231483459	
771.875	0.681630969047546	771.875	-0.131304696202278	
775	0.682108700275421	775	-0.128726080060005	
778.125	0.680520355701447	778.125	-0.128169342875481	
781.25	0.680731475353241	781.25	-0.129794403910637	
784.375	0.679639160633087	784.375	-0.130901470780373	
787.5	0.680097818374634	787.5	-0.132158607244492	
790.625	0.68028736114502	790.625	-0.131528183817863	
793.75	0.67991715669632	793.75	-0.129450008273125	
796.875	0.679785668849945	796.875	-0.127763003110886	
800	0.679334104061127	800	-0.128296837210655	
803.125	0.680596828460693	803.125	-0.125845804810524	
806.25	0.680569231510162	806.25	-0.128688231110573	
809.375	0.679017663002014	809.375	-0.132450178265572	
812.5	0.679583072662354	812.5	-0.1277776658535	
815.625	0.678964734077454	815.625	-0.125756785273552	
818.75	0.677996456623077	818.75	-0.129529818892479	
821.875	0.676028251647949	821.875	-0.127445206046104	
825	0.675857424736023	825	-0.120551057159901	
828.125	0.675427138805389	828.125	-0.12210676074028	
831.25	0.669436395168304	831.25	-0.118359535932541	
834.375	0.674413919448853	834.375	-0.127753689885139	
837.5	0.677096962928772	837.5	-0.128250882029533	
840.625	0.675913631916046	840.625	-0.127494230866432	
843.75	0.674755930900574	843.75	-0.128526195883751	
846.875	0.679348826408386	846.875	-0.127544835209846	
850	0.680805325508118	850	-0.126241654157639	
853.125	0.679802656173706	853.125	-0.120746180415154	
856.25	0.674733698368073	856.25	-0.121017754077911	
859.375	0.67237788438797	859.375	-0.123350501060486	
862.5	0.673921883106232	862.5	-0.123521707952023	
865.625	0.675116658210754	865.625	-0.122072912752628	
868.75	0.677768528461456	868.75	-0.12106055021286	
871.875	0.677360057830811	871.875	-0.124119617044926	
875	0.675868093967438	875	-0.121966242790222	
878.125	0.675859570503235	878.125	-0.122200787067413	
881.25	0.675224900245667	881.25	-0.124504059553146	
884.375	0.671003043651581	884.375	-0.0748106762766838	
887.5	0.667061567306519	887.5	-0.0734215080738068	
890.625	0.66794615983963	890.625	-0.0752956792712212	
893.75	0.673574924468994	893.75	-0.0753445848822594	
896.875	0.671105265617371	896.875	-0.0770138129591942	
900	0.670740127563477	900	-0.0732226595282555	
903.125	0.667518615722656	903.125	-0.0737906992435455	
906.25	0.668458878993988	906.25	-0.0719255730509758	
909.375	0.67230212688446	909.375	-0.0706817582249641	
912.5	0.673647165298462	912.5	-0.0747983530163765	
915.625	0.672081112861633	915.625	-0.0746355727314949	
918.75	0.669997870922089	918.75	-0.0732583329081535	
921.875	0.666362762451172	921.875	-0.0709491223096848	
925	0.666617631912231	925	-0.0705674886703491	
928.125	0.67017525434494	928.125	-0.0680814981460571	
931.25	0.666288614273071	931.25	-0.0722414553165436	
934.375	0.667228996753693	934.375	-0.0700827017426491	
937.5	0.666577458381653	937.5	-0.0709041431546211	
940.625	0.66679573059082	940.625	-0.0696594938635826	
943.75	0.666887879371643	943.75	-0.0722838267683983	
946.875	0.666162014007568	946.875	-0.0715870559215546	
950	0.665384888648987	950	-0.0697040185332298	
953.125	0.664835929870605	953.125	-0.0674008205533028	
956.25	0.663627624511719	956.25	-0.0676975846290588	
959.375	0.663244545459747	959.375	-0.0692514479160309	
962.5	0.66390198469162	962.5	-0.0695988833904266	
965.625	0.663628339767456	965.625	-0.0685227960348129	
968.75	0.665169179439545	968.75	-0.0670953094959259	
971.875	0.663002490997314	971.875	-0.0686815530061722	
975	0.662557601928711	975	-0.0670186728239059	
978.125	0.662280559539795	978.125	-0.0667200237512589	
981.25	0.6598761677742	981.25	-0.0668955445289612	
984.375	0.66147392988205	984.375	-0.0666081756353378	
987.5	0.66129332780838	987.5	-0.0660132020711899	
990.625	0.660389065742493	990.625	-0.0653579905629158	
993.75	0.661541104316711	993.75	-0.0674832612276077	
996.875	0.661338806152344	996.875	-0.0658672675490379	
1000	0.661503851413727	1000	-0.0668973997235298	
1003.125	0.660060405731201	1003.125	-0.0651030242443085	
1006.25	0.659316837787628	1006.25	-0.0646465122699738	
1009.375	0.65858381986618	1009.375	-0.0659160315990448	
1012.5	0.658682286739349	1012.5	-0.0642806440591812	
1015.625	0.659749209880829	1015.625	-0.0635066702961922	
1018.75	0.658250689506531	1018.75	-0.0662214234471321	
1021.875	0.658338665962219	1021.875	-0.064275786280632	
1025	0.657082796096802	1025	-0.0651029348373413	
1028.125	0.657166361808777	1028.125	-0.0638070479035378	
1031.25	0.658386766910553	1031.25	-0.0628184080123901	
1034.375	0.657313287258148	1034.375	-0.0638256743550301	
1037.5	0.656523823738098	1037.5	-0.0634540319442749	
1040.625	0.656481802463531	1040.625	-0.0635098963975906	
1043.75	0.656035721302032	1043.75	-0.0624532699584961	
1046.875	0.655202627182007	1046.875	-0.0619709976017475	
1050	0.655710637569427	1050	-0.0627840086817741	
1053.125	0.656806111335754	1053.125	-0.0625163316726685	
1056.25	0.655439555644989	1056.25	-0.0629951730370522	
1059.375	0.655719518661499	1059.375	-0.0613827742636204	
1062.5	0.655821263790131	1062.5	-0.0613607503473759	
1065.625	0.655104339122772	1065.625	-0.0628438740968704	
1068.75	0.65359491109848	1068.75	-0.0606833733618259	
1071.875	0.653360605239868	1071.875	-0.0606427788734436	
1075	0.65421724319458	1075	-0.0600289665162563	
1078.125	0.655198991298676	1078.125	-0.0605722293257713	
1081.25	0.65158998966217	1081.25	-0.0623644441366196	
1084.375	0.652485609054565	1084.375	-0.0607218258082867	
1087.5	0.652449905872345	1087.5	-0.0601784996688366	
1090.625	0.651809573173523	1090.625	-0.0593869723379612	
1093.75	0.651767909526825	1093.75	-0.0599084682762623	
1096.875	0.65040397644043	1096.875	-0.0597934499382973	
1100	0.649713337421417	1100	-0.0599953010678291	
1103.125	0.649476051330566	1103.125	-0.0604272373020649	
1106.25	0.6484414935112	1106.25	-0.0585399642586708	
1109.375	0.649243295192719	1109.375	-0.0606243200600147	
1112.5	0.649771451950073	1112.5	-0.0590632148087025	
1115.625	0.646590828895569	1115.625	-0.0592369176447392	
1118.75	0.64926290512085	1118.75	-0.0599569790065289	
1121.875	0.647937953472137	1121.875	-0.0578706748783588	
1125	0.648792028427124	1125	-0.0587375573813915	
1128.125	0.648720562458038	1128.125	-0.0579457245767117	
1131.25	0.646968960762024	1131.25	-0.0597740299999714	
1134.375	0.646547913551331	1134.375	-0.0579230487346649	
1137.5	0.64783102273941	1137.5	-0.0573962070047855	
1140.625	0.64714777469635	1140.625	-0.0595570951700211	
1143.75	0.646944761276245	1143.75	-0.0575731992721558	
1146.875	0.646339297294617	1146.875	-0.0570693463087082	
1150	0.644646286964417	1150	-0.0584748573601246	
1153.125	0.643774628639221	1153.125	-0.0572771616280079	
1156.25	0.645964920520782	1156.25	-0.0563794523477554	
1159.375	0.646878123283386	1159.375	-0.0583456791937351	
1162.5	0.646141469478607	1162.5	-0.0559164509177208	
1165.625	0.644074976444244	1165.625	-0.0571573786437511	
1168.75	0.644147574901581	1168.75	-0.0562904812395573	
1171.875	0.64398205280304	1171.875	-0.0559534542262554	
1175	0.643571674823761	1175	-0.0576375983655453	
1178.125	0.643876433372498	1178.125	-0.0568143948912621	
1181.25	0.643917381763458	1181.25	-0.0556529052555561	
1184.375	0.642719030380249	1184.375	-0.0571095906198025	
1187.5	0.644021809101105	1187.5	-0.0575965568423271	
1190.625	0.642360687255859	1190.625	-0.055949404835701	
1193.75	0.640858352184296	1193.75	-0.0545115992426872	
1196.875	0.638336837291718	1196.875	-0.0549986101686955	
1200	0.640009760856628	1200	-0.0585048384964466	
1203.125	0.639697432518005	1203.125	-0.0570562481880188	
1206.25	0.637841165065765	1206.25	-0.0549760572612286	
1209.375	0.640696942806244	1209.375	-0.0572523064911366	
1212.5	0.640617549419403	1212.5	-0.0579611882567406	
1215.625	0.639673471450806	1215.625	-0.0560131780803204	
1218.75	0.638041794300079	1218.75	-0.0599183663725853	
1221.875	0.637305855751038	1221.875	-0.0570615902543068	
1225	0.639086186885834	1225	-0.0548476949334145	
1228.125	0.638040840625763	1228.125	-0.058901846408844	
1231.25	0.63808274269104	1231.25	-0.0581584237515926	
1234.375	0.636649131774902	1234.375	-0.0562608279287815	
1237.5	0.640311002731323	1237.5	-0.0584761314094067	
1240.625	0.638760149478912	1240.625	-0.0587636865675449	
1243.75	0.636452913284302	1243.75	-0.057812225073576	
1246.875	0.636108458042145	1246.875	-0.0583084598183632	
1250	0.634746849536896	1250	-0.0580799393355846	
1253.125	0.636382639408112	1253.125	-0.0576508045196533	
1256.25	0.636088192462921	1256.25	-0.060677096247673	
1259.375	0.635182976722717	1259.375	-0.0591710805892944	
1262.5	0.634159624576569	1262.5	-0.0572372302412987	
1265.625	0.634174525737762	1265.625	-0.0580440312623978	
1268.75	0.634086668491364	1268.75	-0.0578356049954891	
1271.875	0.632216453552246	1271.875	-0.0583598129451275	
1275	0.63175356388092	1275	-0.0590912662446499	
1278.125	0.631010234355927	1278.125	-0.0580511204898357	
1281.25	0.631790220737457	1281.25	-0.0585447810590267	
1284.375	0.630831122398376	1284.375	-0.0573150888085365	
1287.5	0.631482303142548	1287.5	-0.0574888475239277	
1290.625	0.632023632526398	1290.625	-0.0595711581408978	
1293.75	0.629719316959381	1293.75	-0.0586128160357475	
1296.875	0.627900838851929	1296.875	-0.0593086704611778	
1300	0.631029069423676	1300	-0.0594686754047871	
1303.125	0.631213068962097	1303.125	-0.0595668517053127	
1306.25	0.629157602787018	1306.25	-0.0585585907101631	
1309.375	0.628035724163055	1309.375	-0.059471994638443	
1312.5	0.628164887428284	1312.5	-0.0604824870824814	
1315.625	0.628347218036652	1315.625	-0.059991866350174	
1318.75	0.625252962112427	1318.75	-0.0591624230146408	
1321.875	0.625487208366394	1321.875	-0.0579223930835724	
1325	0.625665307044983	1325	-0.0576813109219074	
1328.125	0.625625193119049	1328.125	-0.0603199414908886	
1331.25	0.624316334724426	1331.25	-0.0601576678454876	
1334.375	0.624998867511749	1334.375	-0.0624587945640087	
1337.5	0.623948931694031	1337.5	-0.0613542348146439	
1340.625	0.622197449207306	1340.625	-0.0610125027596951	
1343.75	0.623551785945892	1343.75	-0.0600133314728737	
1346.875	0.621486127376556	1346.875	-0.0610663443803787	
1350	0.621739327907562	1350	-0.0622942261397839	
1353.125	0.622337937355042	1353.125	-0.0615942105650902	
1356.25	0.623912870883942	1356.25	-0.0646812245249748	
1359.375	0.619979619979858	1359.375	-0.0628163367509842	
1362.5	0.618973612785339	1362.5	-0.0635727196931839	
1365.625	0.619023680686951	1365.625	-0.0637023001909256	
1368.75	0.61782169342041	1368.75	-0.0634355768561363	
1371.875	0.616702914237976	1371.875	-0.0646246522665024	
1375	0.617623507976532	1375	-0.0648794621229172	
1378.125	0.617436408996582	1378.125	-0.0639437288045883	
1381.25	0.616206824779511	1381.25	-0.0679471716284752	
1384.375	0.616517841815948	1384.375	-0.0673399344086647	
1387.5	0.615724503993988	1387.5	-0.0652015805244446	
1390.625	0.614010989665985	1390.625	-0.065724141895771	
1393.75	0.612195312976837	1393.75	-0.0663741156458855	
1396.875	0.611247956752777	1396.875	-0.0667149275541306	
1400	0.610553383827209	1400	-0.0671508088707924	
1403.125	0.611043810844421	1403.125	-0.0685935690999031	
1406.25	0.609768807888031	1406.25	-0.0699968263506889	
1409.375	0.608071267604828	1409.375	-0.0715657994151115	
1412.5	0.607004642486572	1412.5	-0.0705479755997658	
1415.625	0.605991125106812	1415.625	-0.0727911964058876	
1418.75	0.605463027954102	1418.75	-0.0730283260345459	
1421.875	0.603443384170532	1421.875	-0.0723622664809227	
1425	0.602778434753418	1425	-0.0732482299208641	
1428.125	0.602160453796387	1428.125	-0.076505035161972	
1431.25	0.600535988807678	1431.25	-0.0754085034132004	
1434.375	0.598515272140503	1434.375	-0.0760209336876869	
1437.5	0.594748437404633	1437.5	-0.076729878783226	
1440.625	0.596001923084259	1440.625	-0.0756783857941628	
1443.75	0.593304634094238	1443.75	-0.0810452327132225	
1446.875	0.591370940208435	1446.875	-0.078802615404129	
1450	0.589151918888092	1450	-0.0795202776789665	
1453.125	0.587274491786957	1453.125	-0.0801370590925217	
1456.25	0.584640443325043	1456.25	-0.082928329706192	
1459.375	0.582287728786469	1459.375	-0.0827618166804314	
1462.5	0.579051673412323	1462.5	-0.0819607749581337	
1465.625	0.577627122402191	1465.625	-0.0842330977320671	
1468.75	0.572821617126465	1468.75	-0.0861082524061203	
1471.875	0.569653689861298	1471.875	-0.0870250090956688	
1475	0.567848026752472	1475	-0.086990088224411	
1478.125	0.563339233398438	1478.125	-0.0878977477550507	
1481.25	0.559740483760834	1481.25	-0.0862654969096184	
1484.375	0.553464770317078	1484.375	-0.0880650877952576	
1487.5	0.55174720287323	1487.5	-0.0896325558423996	
1490.625	0.546595096588135	1490.625	-0.0884817093610764	
1493.75	0.541863679885864	1493.75	-0.0890197977423668	
1496.875	0.539037883281708	1496.875	-0.0873219668865204	
1500	0.530360400676727	1500	-0.0861942246556282	
1503.125	0.524538934230804	1503.125	-0.0831679329276085	
1506.25	0.520878314971924	1506.25	-0.0794148668646812	
1509.375	0.512956380844116	1509.375	-0.0785457417368889	
1512.5	0.508134245872498	1512.5	-0.0740687921643257	
1515.625	0.504479467868805	1515.625	-0.0700390115380287	
1518.75	0.498908370733261	1518.75	-0.0632315874099731	
1521.875	0.495631158351898	1521.875	-0.0584403276443481	
1525	0.490652322769165	1525	-0.0523001775145531	
1528.125	0.488881140947342	1528.125	-0.0443577282130718	
1531.25	0.486943572759628	1531.25	-0.0377056822180748	
1534.375	0.486076414585114	1534.375	-0.0307103879749775	
1537.5	0.485595732927322	1537.5	-0.0249470211565495	
1540.625	0.486116856336594	1540.625	-0.0188440456986427	
1543.75	0.486736238002777	1543.75	-0.012356573715806	
1546.875	0.487957090139389	1546.875	-0.00728857144713402	
1550	0.489651262760162	1550	-0.00237833941355348	
1553.125	0.491391569375992	1553.125	0.0021471802610904	
1556.25	0.493575394153595	1556.25	0.00595246022567153	
1559.375	0.495450168848038	1559.375	0.0102862492203712	
1562.5	0.497455775737762	1562.5	0.0140861431136727	
1565.625	0.498765349388123	1565.625	0.0165615640580654	
1568.75	0.501639306545258	1568.75	0.0197210181504488	
1571.875	0.503766655921936	1571.875	0.0220413487404585	
1575	0.505795359611511	1575	0.0253273528069258	
1578.125	0.508016884326935	1578.125	0.0269716382026672	
1581.25	0.510519206523895	1581.25	0.0286395996809006	
1584.375	0.511271297931671	1584.375	0.0311830006539822	
1587.5	0.513359427452087	1587.5	0.0319270864129066	
1590.625	0.515603601932526	1590.625	0.0328580848872662	
1593.75	0.516760349273682	1593.75	0.0332571789622307	
1596.875	0.517122507095337	1596.875	0.0346214063465595	
1600	0.51881617307663	1600	0.0355214439332485	
1603.125	0.519449889659882	1603.125	0.0366469733417034	
1606.25	0.519721686840057	1606.25	0.0379721783101559	
1609.375	0.517505705356598	1609.375	0.0392053537070751	
1612.5	0.516678333282471	1612.5	0.0395376160740852	
1615.625	0.517489850521088	1615.625	0.041388776153326	
1618.75	0.518723547458649	1618.75	0.0428938865661621	
1621.875	0.518244683742523	1621.875	0.0455404631793499	
1625	0.517985761165619	1625	0.047439482063055	
1628.125	0.517868340015411	1628.125	0.0504483431577683	
1631.25	0.518279790878296	1631.25	0.0521859638392925	
1634.375	0.519767284393311	1634.375	0.0555264763534069	
1637.5	0.519969999790192	1637.5	0.0578564405441284	
1640.625	0.51844596862793	1640.625	0.0609540306031704	
1643.75	0.521045088768005	1643.75	0.0617419853806496	
1646.875	0.522046387195587	1646.875	0.0664277151226997	
1650	0.523340880870819	1650	0.0695167481899261	
1653.125	0.523796379566193	1653.125	0.0723872035741806	
1656.25	0.525677561759949	1656.25	0.0759971961379051	
1659.375	0.528287053108215	1659.375	0.0801534503698349	
1662.5	0.531787276268005	1662.5	0.0848973020911217	
1665.625	0.540181577205658	1665.625	0.0883122757077217	
1668.75	0.545612096786499	1668.75	0.0894343331456184	
1671.875	0.549970626831055	1671.875	0.0872118696570396	
1675	0.549832582473755	1675	0.0847100615501404	
1678.125	0.551677405834198	1678.125	0.0825841203331947	
1681.25	0.553053259849548	1681.25	0.0858406648039818	
1684.375	0.552937686443329	1684.375	0.0842730104923248	
1687.5	0.555145144462585	1687.5	0.0839653387665749	
1690.625	0.556817770004272	1690.625	0.0853346064686775	
1693.75	0.557058990001678	1693.75	0.0875619500875473	
1696.875	0.561555981636047	1696.875	0.0868716612458229	
1700	0.563477456569672	1700	0.0862763449549675	
1703.125	0.566978931427002	1703.125	0.0875663533806801	
1706.25	0.569233536720276	1706.25	0.0863407403230667	
1709.375	0.570737600326538	1709.375	0.0850752666592598	
1712.5	0.572711110115051	1712.5	0.0868110656738281	
1715.625	0.573862075805664	1715.625	0.0865125209093094	
1718.75	0.577038884162903	1718.75	0.0865556597709656	
1721.875	0.579528272151947	1721.875	0.0849639549851418	
1725	0.580710172653198	1725	0.0813398137688637	
1728.125	0.582953214645386	1728.125	0.0834291949868202	
1731.25	0.585916817188263	1731.25	0.0846459493041039	
1734.375	0.589468836784363	1734.375	0.0814675539731979	
1737.5	0.58772611618042	1737.5	0.0792548954486847	
1740.625	0.589180469512939	1740.625	0.0821170657873154	
1743.75	0.588894069194794	1743.75	0.0780200585722923	
1746.875	0.588854670524597	1746.875	0.0788345262408257	
1750	0.591462314128876	1750	0.080232247710228	
1753.125	0.59332662820816	1753.125	0.077011339366436	
1756.25	0.595353901386261	1756.25	0.0726429373025894	
1759.375	0.597523987293243	1759.375	0.0745757967233658	
1762.5	0.597752273082733	1762.5	0.070789597928524	
1765.625	0.597696542739868	1765.625	0.0671083480119705	
1768.75	0.59650593996048	1768.75	0.0655845329165459	
1771.875	0.598107874393463	1771.875	0.0653104782104492	
1775	0.598394691944122	1775	0.0645570904016495	
1778.125	0.59874439239502	1778.125	0.062192477285862	
1781.25	0.597196578979492	1781.25	0.0612391009926796	
1784.375	0.597732961177826	1784.375	0.0599616058170795	
1787.5	0.6007159948349	1787.5	0.0575292110443115	
1790.625	0.59656822681427	1790.625	0.056735310703516	
1793.75	0.599145591259003	1793.75	0.0526949763298035	
1796.875	0.598412871360779	1796.875	0.0548423156142235	
1800	0.595716774463654	1800	0.0572638176381588	
1803.125	0.59664523601532	1803.125	0.0509562380611897	
1806.25	0.59523218870163	1806.25	0.0523672364652157	
1809.375	0.594443619251251	1809.375	0.0510013774037361	
1812.5	0.595426559448242	1812.5	0.0536273047327995	
1815.625	0.595228850841522	1815.625	0.0470732226967812	
1818.75	0.592142164707184	1818.75	0.0485910438001156	
1821.875	0.592540383338928	1821.875	0.0477234497666359	
1825	0.592525541782379	1825	0.0464662872254848	
1828.125	0.592603325843811	1828.125	0.046376571059227	
1831.25	0.590549886226654	1831.25	0.0468112453818321	
1834.375	0.588521182537079	1834.375	0.0444425120949745	
1837.5	0.587967932224274	1837.5	0.0445660762488842	
1840.625	0.589923143386841	1840.625	0.041988842189312	
1843.75	0.586284101009369	1843.75	0.0407780483365059	
1846.875	0.586261391639709	1846.875	0.0393027029931545	
1850	0.585116565227509	1850	0.0394999794661999	
1853.125	0.584432482719421	1853.125	0.0390943139791489	
1856.25	0.580675363540649	1856.25	0.0410325825214386	
1859.375	0.580670177936554	1859.375	0.0398010611534119	
1862.5	0.57755571603775	1862.5	0.0378846824169159	
1865.625	0.576977372169495	1865.625	0.03934371098876	
1868.75	0.575090527534485	1868.75	0.0406978875398636	
1871.875	0.573926627635956	1871.875	0.0401579849421978	
1875	0.574163377285004	1875	0.0402077585458755	
1878.125	0.570305824279785	1878.125	0.0406781136989594	
1881.25	0.568925440311432	1881.25	0.041094608604908	
1884.375	0.568931698799133	1884.375	0.0424053333699703	
1887.5	0.568169891834259	1887.5	0.0437825284898281	
1890.625	0.565277099609375	1890.625	0.0450954400002956	
1893.75	0.564143180847168	1893.75	0.0470875687897205	
1896.875	0.562913775444031	1896.875	0.0477671399712563	
1900	0.563213765621185	1900	0.0486858859658241	
1903.125	0.561524868011475	1903.125	0.0501611232757568	
1906.25	0.561126530170441	1906.25	0.0506670847535133	
1909.375	0.561784207820892	1909.375	0.0521284714341164	
1912.5	0.562628388404846	1912.5	0.0543846748769283	
1915.625	0.562082469463348	1915.625	0.0545479394495487	
1918.75	0.56202632188797	1918.75	0.0533547662198544	
1921.875	0.563782155513763	1921.875	0.0557751879096031	
1925	0.565313518047333	1925	0.0564349144697189	
1928.125	0.563366234302521	1928.125	0.0567226186394691	
1931.25	0.563737452030182	1931.25	0.0577330738306046	
1934.375	0.564904808998108	1934.375	0.0575747787952423	
1937.5	0.565630078315735	1937.5	0.0586206540465355	
1940.625	0.565703630447388	1940.625	0.0582382120192051	
1943.75	0.566334366798401	1943.75	0.0582674592733383	
1946.875	0.565938591957092	1946.875	0.0575077384710312	
1950	0.566703736782074	1950	0.0593224391341209	
1953.125	0.568427264690399	1953.125	0.0575250796973705	
1956.25	0.568507194519043	1956.25	0.0587380640208721	
1959.375	0.569525361061096	1959.375	0.057169035077095	
1962.5	0.571949422359467	1962.5	0.05822579190135	
1965.625	0.570317804813385	1965.625	0.0581212602555752	
1968.75	0.571198999881744	1968.75	0.0558513440191746	
1971.875	0.570054471492767	1971.875	0.0552202835679054	
1975	0.567563533782959	1975	0.0564077384769917	
1978.125	0.570650041103363	1978.125	0.0537448190152645	
1981.25	0.569989442825317	1981.25	0.0548533461987972	
1984.375	0.569737255573273	1984.375	0.0519678257405758	
1987.5	0.56982159614563	1987.5	0.0528972595930099	
1990.625	0.570853352546692	1990.625	0.0527456477284431	
1993.75	0.569123566150665	1993.75	0.048437625169754	
1996.875	0.570150256156921	1996.875	0.0483184233307838	
2000	0.570944964885712	2000	0.048593744635582	
2003.125	0.569746971130371	2003.125	0.0474752597510815	
2006.25	0.568638801574707	2006.25	0.0460926704108715	
2009.375	0.56642484664917	2009.375	0.043954074382782	
2012.5	0.564401209354401	2012.5	0.0434015281498432	
2015.625	0.564692735671997	2015.625	0.0429814234375954	
2018.75	0.561183750629425	2018.75	0.0404144264757633	
2021.875	0.562849879264832	2021.875	0.0417116582393646	
2025	0.561364412307739	2025	0.0400444716215134	
2028.125	0.557661473751068	2028.125	0.0411420948803425	
2031.25	0.552500128746033	2031.25	0.0407137610018253	
2034.375	0.554164409637451	2034.375	0.0387101881206036	
2037.5	0.551880300045013	2037.5	0.0411636792123318	
2040.625	0.544494986534119	2040.625	0.038923691958189	
2043.75	0.545739412307739	2043.75	0.0398842394351959	
2046.875	0.545360386371613	2046.875	0.0412206239998341	
2050	0.54361617565155	2050	0.0412581413984299	
2053.125	0.542990624904633	2053.125	0.0422337129712105	
2056.25	0.540933072566986	2056.25	0.0428901091217995	
2059.375	0.53875333070755	2059.375	0.0435533411800861	
2062.5	0.537190556526184	2062.5	0.0447578430175781	
2065.625	0.536419272422791	2065.625	0.0447282902896404	
2068.75	0.536419153213501	2068.75	0.0464603789150715	
2071.875	0.535315275192261	2071.875	0.0470743142068386	
2075	0.533602774143219	2075	0.0485918596386909	
2078.125	0.531435191631317	2078.125	0.0498340018093586	
2081.25	0.529474556446075	2081.25	0.051561638712883	
2084.375	0.530513405799866	2084.375	0.0503733046352863	
2087.5	0.529759287834167	2087.5	0.0532590337097645	
2090.625	0.529439926147461	2090.625	0.0544191114604473	
2093.75	0.527450025081635	2093.75	0.05439592897892	
2096.875	0.52611380815506	2096.875	0.0577839128673077	
2100	0.526143074035645	2100	0.0547595955431461	
2103.125	0.525270581245422	2103.125	0.0586427114903927	
2106.25	0.5242999792099	2106.25	0.0608511418104172	
2109.375	0.524752914905548	2109.375	0.0603563152253628	
2112.5	0.525523841381073	2112.5	0.061377577483654	
2115.625	0.523931384086609	2115.625	0.0621845535933971	
2118.75	0.523902356624603	2118.75	0.0650347843766212	
2121.875	0.522190690040588	2121.875	0.0650627538561821	
2125	0.521265268325806	2125	0.0653736963868141	
2128.125	0.523221969604492	2128.125	0.0659375116229057	
2131.25	0.52244633436203	2131.25	0.0675938352942467	
2134.375	0.521387040615082	2134.375	0.066696472465992	
2137.5	0.521808087825775	2137.5	0.0672551020979881	
2140.625	0.520254552364349	2140.625	0.0691328719258308	
2143.75	0.520049512386322	2143.75	0.0709531977772713	
2146.875	0.521281719207764	2146.875	0.0734055638313293	
2150	0.521626353263855	2150	0.0722387135028839	
2153.125	0.519800007343292	2153.125	0.0733348652720451	
2156.25	0.520642936229706	2156.25	0.073813907802105	
2159.375	0.518901646137238	2159.375	0.0743604004383087	
2162.5	0.51773464679718	2162.5	0.0777813643217087	
2165.625	0.518042862415314	2165.625	0.0772054567933083	
2168.75	0.519280314445496	2168.75	0.075622133910656	
2171.875	0.51894074678421	2171.875	0.0778945162892342	
2175	0.521040081977844	2175	0.0787592604756355	
2178.125	0.519585490226746	2178.125	0.0784667432308197	
2181.25	0.518223822116852	2181.25	0.0807895809412003	
2184.375	0.517137348651886	2184.375	0.0807848572731018	
2187.5	0.517496645450592	2187.5	0.0814498290419579	
2190.625	0.518233060836792	2190.625	0.0836691036820412	
2193.75	0.520092070102692	2193.75	0.0837928652763367	
2196.875	0.519210457801819	2196.875	0.0832914859056473	
2200	0.517871141433716	2200	0.0849574208259583	
2203.125	0.51821368932724	2203.125	0.0859122574329376	
2206.25	0.51861846446991	2206.25	0.0875186920166016	
2209.375	0.517574787139893	2209.375	0.0888923034071922	
2212.5	0.520658373832703	2212.5	0.088987722992897	
2215.625	0.521950721740723	2215.625	0.0893926247954369	
2218.75	0.520797491073608	2218.75	0.0904499813914299	
2221.875	0.51961350440979	2221.875	0.0912647992372513	
2225	0.520054996013641	2225	0.0903904512524605	
2228.125	0.521223127841949	2228.125	0.0909542739391327	
2231.25	0.519728660583496	2231.25	0.0917512029409409	
2234.375	0.519363641738892	2234.375	0.0918537080287933	
2237.5	0.520797729492188	2237.5	0.0947867184877396	
2240.625	0.524452924728394	2240.625	0.0933729931712151	
2243.75	0.523998558521271	2243.75	0.0948036015033722	
2246.875	0.523449301719666	2246.875	0.0958588272333145	
2250	0.522379159927368	2250	0.0958376005291939	
2253.125	0.522810637950897	2253.125	0.0963140279054642	
2256.25	0.521738290786743	2256.25	0.0961259827017784	
2259.375	0.524001717567444	2259.375	0.0963162258267403	
2262.5	0.524123549461365	2262.5	0.0971421897411346	
2265.625	0.524232566356659	2265.625	0.0972509235143662	
2268.75	0.522774159908295	2268.75	0.0971917286515236	
2271.875	0.524071216583252	2271.875	0.0975173488259315	
2275	0.52532172203064	2275	0.0968135073781013	
2278.125	0.526836574077606	2278.125	0.0980118289589882	
2281.25	0.526498913764954	2281.25	0.0987327918410301	
2284.375	0.525888085365295	2284.375	0.0992474257946014	
2287.5	0.529215812683105	2287.5	0.0981042757630348	
2290.625	0.527590692043304	2290.625	0.0976990684866905	
2293.75	0.526160895824432	2293.75	0.0987316966056824	
2296.875	0.528159916400909	2296.875	0.0975357592105865	
2300	0.528773486614227	2300	0.0972249656915665	
2303.125	0.527766585350037	2303.125	0.0969377905130386	
2306.25	0.527623355388641	2306.25	0.0965031832456589	
2309.375	0.528519809246063	2309.375	0.0975057631731033	
2312.5	0.527964055538177	2312.5	0.0975501760840416	
2315.625	0.526690781116486	2315.625	0.0964619368314743	
2318.75	0.527440190315247	2318.75	0.0942950546741486	
2321.875	0.525349974632263	2321.875	0.0947860926389694	
2325	0.527786910533905	2325	0.0946754440665245	
2328.125	0.527335524559021	2328.125	0.0959033146500587	
2331.25	0.527251183986664	2331.25	0.0955479666590691	
2334.375	0.528464555740356	2334.375	0.0952893123030663	
2337.5	0.52740490436554	2337.5	0.0951260104775429	
2340.625	0.524660170078278	2340.625	0.0951163768768311	
2343.75	0.527300357818604	2343.75	0.094153955578804	
2346.875	0.526184499263763	2346.875	0.0939324721693993	
2350	0.527064502239227	2350	0.0951567888259888	
2353.125	0.526687502861023	2353.125	0.094148263335228	
2356.25	0.525565445423126	2356.25	0.0946098268032074	
2359.375	0.524590730667114	2359.375	0.0948715731501579	
2362.5	0.525291442871094	2362.5	0.0949666649103165	
2365.625	0.525600671768188	2365.625	0.0923704132437706	
2368.75	0.523937046527863	2368.75	0.094791904091835	
2371.875	0.520121335983276	2371.875	0.0937694758176804	
2375	0.521291315555573	2375	0.0938080623745918	
2378.125	0.522062301635742	2378.125	0.0928453803062439	
2381.25	0.522287249565125	2381.25	0.0929688885807991	
2384.375	0.523216068744659	2384.375	0.0950174257159233	
2387.5	0.520642340183258	2387.5	0.0936951786279678	
2390.625	0.519922077655792	2390.625	0.094385139644146	
2393.75	0.520011901855469	2393.75	0.0948799401521683	
2396.875	0.521053493022919	2396.875	0.0944655984640121	
2400	0.519697546958923	2400	0.0949895232915878	
2403.125	0.519584238529205	2403.125	0.0956498235464096	
2406.25	0.520406126976013	2406.25	0.0949489176273346	
2409.375	0.519906640052795	2409.375	0.0942689552903175	
2412.5	0.517517626285553	2412.5	0.0969879105687141	
2415.625	0.517009556293488	2415.625	0.093486376106739	
2418.75	0.517143607139587	2418.75	0.0942463874816895	
2421.875	0.517906248569489	2421.875	0.0962549522519112	
2425	0.516448974609375	2425	0.0964963659644127	
2428.125	0.516056716442108	2428.125	0.0950260609388351	
2431.25	0.516337335109711	2431.25	0.0962074398994446	
2434.375	0.514961779117584	2434.375	0.0958847403526306	
2437.5	0.515059232711792	2437.5	0.0966152101755142	
2440.625	0.514920234680176	2440.625	0.0965568274259567	
2443.75	0.514807045459747	2443.75	0.095926508307457	
2446.875	0.51331102848053	2446.875	0.097014881670475	
2450	0.514466047286987	2450	0.0977572947740555	
2453.125	0.513731122016907	2453.125	0.0981484353542328	
2456.25	0.513385415077209	2456.25	0.0977478697896004	
2459.375	0.513837039470673	2459.375	0.0988002493977547	
2462.5	0.513219356536865	2462.5	0.0977689474821091	
2465.625	0.51300585269928	2465.625	0.0987300202250481	
2468.75	0.511467039585114	2468.75	0.100597642362118	
2471.875	0.513418436050415	2471.875	0.0971551537513733	
2475	0.512273371219635	2475	0.0999724566936493	
2478.125	0.513194262981415	2478.125	0.0995059236884117	
2481.25	0.511234164237976	2481.25	0.10159345716238	
2484.375	0.513283550739288	2484.375	0.101284079253674	
2487.5	0.514933943748474	2487.5	0.097756065428257	
2490.625	0.512547016143799	2490.625	0.0996585935354233	
2493.75	0.510976910591125	2493.75	0.0997210741043091	
2496.875	0.511225402355194	2496.875	0.100358568131924	
2500	0.512423932552338	2500	0.102213107049465	
2503.125	0.511449754238129	2503.125	0.0994524583220482	
2506.25	0.512122511863709	2506.25	0.101493328809738	
2509.375	0.51131284236908	2509.375	0.101278550922871	
2512.5	0.510849714279175	2512.5	0.101817786693573	
2515.625	0.509044051170349	2515.625	0.10170654207468	
2518.75	0.509599924087524	2518.75	0.102481469511986	
2521.875	0.510123491287231	2521.875	0.102947443723679	
2525	0.513033092021942	2525	0.100324891507626	
2528.125	0.509522378444672	2528.125	0.102710172533989	
2531.25	0.509414613246918	2531.25	0.102800108492374	
2534.375	0.510731220245361	2534.375	0.104026593267918	
2537.5	0.511504530906677	2537.5	0.101770512759686	
2540.625	0.507977664470673	2540.625	0.103488221764565	
2543.75	0.508209109306335	2543.75	0.101057060062885	
2546.875	0.511490881443024	2546.875	0.102090589702129	
2550	0.511557161808014	2550	0.103324361145496	
2553.125	0.51158195734024	2553.125	0.1014618948102	
2556.25	0.512274503707886	2556.25	0.101327873766422	
2559.375	0.511073708534241	2559.375	0.101029612123966	
2562.5	0.510097622871399	2562.5	0.100659996271133	
2565.625	0.509503185749054	2565.625	0.101084366440773	
2568.75	0.509822607040405	2568.75	0.101023636758327	
2571.875	0.510766267776489	2571.875	0.101037986576557	
2575	0.509970545768738	2575	0.100804761052132	
2578.125	0.50698047876358	2578.125	0.0989315509796143	
2581.25	0.508413970470428	2581.25	0.10091557353735	
2584.375	0.506925761699677	2584.375	0.0997642800211906	
2587.5	0.507295310497284	2587.5	0.0995019003748894	
2590.625	0.506639838218689	2590.625	0.0991224572062492	
2593.75	0.506433725357056	2593.75	0.0990999191999435	
2596.875	0.507592618465424	2596.875	0.100164167582989	
2600	0.505945563316345	2600	0.0998686477541924	
2603.125	0.505109667778015	2603.125	0.0990016385912895	
2606.25	0.503671944141388	2606.25	0.0998453125357628	
2609.375	0.505153357982636	2609.375	0.100039795041084	
2612.5	0.505064308643341	2612.5	0.0995511338114738	
2615.625	0.504831075668335	2615.625	0.0986192673444748	
2618.75	0.505940496921539	2618.75	0.0997040346264839	
2621.875	0.503636658191681	2621.875	0.0989094227552414	
2625	0.501803696155548	2625	0.100324235856533	
2628.125	0.502137720584869	2628.125	0.099951945245266	
2631.25	0.500685453414917	2631.25	0.0987619310617447	
2634.375	0.498338788747787	2634.375	0.100104786455631	
2637.5	0.499039709568024	2637.5	0.0984825044870377	
2640.625	0.499348789453506	2640.625	0.0986681655049324	
2643.75	0.500998198986053	2643.75	0.0990102663636208	
2646.875	0.501027464866638	2646.875	0.101137258112431	
2650	0.500533699989319	2650	0.0969115048646927	
2653.125	0.498919665813446	2653.125	0.0992968380451202	
2656.25	0.501055181026459	2656.25	0.0994076058268547	
2659.375	0.500302612781525	2659.375	0.0988517254590988	
2662.5	0.498438119888306	2662.5	0.0998748391866684	
2665.625	0.498809993267059	2665.625	0.0995119586586952	
2668.75	0.496643573045731	2668.75	0.0995912551879883	
2671.875	0.498095989227295	2671.875	0.0998983755707741	
2675	0.498345047235489	2675	0.10019825398922	
2678.125	0.497245639562607	2678.125	0.100926302373409	
2681.25	0.498277932405472	2681.25	0.0999367162585258	
2684.375	0.498279750347137	2684.375	0.099125437438488	
2687.5	0.497172266244888	2687.5	0.100825101137161	
2690.625	0.49678111076355	2690.625	0.098477877676487	
2693.75	0.496317476034164	2693.75	0.100052505731583	
2696.875	0.494878679513931	2696.875	0.0999610349535942	
2700	0.494670301675797	2700	0.100160077214241	
2703.125	0.494505912065506	2703.125	0.0996354594826698	
2706.25	0.492855995893478	2706.25	0.099479928612709	
2709.375	0.493453085422516	2709.375	0.0998944938182831	
2712.5	0.494172036647797	2712.5	0.101191684603691	
2715.625	0.493134737014771	2715.625	0.0998625159263611	
2718.75	0.491615563631058	2718.75	0.0993635505437851	
2721.875	0.490609616041183	2721.875	0.100079499185085	
2725	0.491443425416946	2725	0.100826844573021	
2728.125	0.492333471775055	2728.125	0.100526511669159	
2731.25	0.491197794675827	2731.25	0.101008661091328	
2734.375	0.489138215780258	2734.375	0.101354449987411	
2737.5	0.488803386688232	2737.5	0.101406596601009	
2740.625	0.489291459321976	2740.625	0.102825403213501	
2743.75	0.490828841924667	2743.75	0.103141538798809	
2746.875	0.489170759916306	2746.875	0.103450149297714	
2750	0.487803399562836	2750	0.103362753987312	
2753.125	0.488535791635513	2753.125	0.104632362723351	
2756.25	0.489149421453476	2756.25	0.102657034993172	
2759.375	0.488498747348785	2759.375	0.103773817420006	
2762.5	0.487238466739655	2762.5	0.103678800165653	
2765.625	0.487426847219467	2765.625	0.1047732681036	
2768.75	0.489364147186279	2768.75	0.104953348636627	
2771.875	0.487350344657898	2771.875	0.104301430284977	
2775	0.487376630306244	2775	0.104414790868759	
2778.125	0.486554622650146	2778.125	0.105026289820671	
2781.25	0.487107396125793	2781.25	0.104924857616425	
2784.375	0.486063241958618	2784.375	0.105461992323399	
2787.5	0.48500183224678	2787.5	0.105190798640251	
2790.625	0.486136913299561	2790.625	0.104446478188038	
2793.75	0.48599112033844	2793.75	0.105304345488548	
2796.875	0.485948145389557	2796.875	0.106064327061176	
2800	0.486143320798874	2800	0.106080532073975	
2803.125	0.487499117851257	2803.125	0.106965869665146	
2806.25	0.485425442457199	2806.25	0.105690605938435	
2809.375	0.485559046268463	2809.375	0.107037529349327	
2812.5	0.486423432826996	2812.5	0.106501929461956	
2815.625	0.48562940955162	2815.625	0.106323301792145	
2818.75	0.484676092863083	2818.75	0.106573961675167	
2821.875	0.484846621751785	2821.875	0.106353610754013	
2825	0.483364671468735	2825	0.106900423765182	
2828.125	0.483381360769272	2828.125	0.10701210051775	
2831.25	0.484427839517593	2831.25	0.105537965893745	
2834.375	0.483033716678619	2834.375	0.106075376272202	
2837.5	0.485075742006302	2837.5	0.10622001439333	
2840.625	0.484478890895844	2840.625	0.10687743127346	
2843.75	0.482146352529526	2843.75	0.107606209814548	
2846.875	0.483073711395264	2846.875	0.106060333549976	
2850	0.482053130865097	2850	0.106898993253708	
2853.125	0.480773985385895	2853.125	0.106952533125877	
2856.25	0.481789708137512	2856.25	0.107497729361057	
2859.375	0.480970352888107	2859.375	0.106961980462074	
2862.5	0.480993181467056	2862.5	0.107158847153187	
2865.625	0.480002701282501	2865.625	0.105983398854733	
2868.75	0.479927211999893	2868.75	0.107326924800873	
2871.875	0.481013268232346	2871.875	0.1082404255867	
2875	0.479338318109512	2875	0.107388615608215	
2878.125	0.478932231664658	2878.125	0.107852831482887	
2881.25	0.479072064161301	2881.25	0.107724249362946	
2884.375	0.478274494409561	2884.375	0.107510484755039	
2887.5	0.478392124176025	2887.5	0.108101151883602	
2890.625	0.4791339635849	2890.625	0.107348293066025	
2893.75	0.478339731693268	2893.75	0.107920587062836	
2896.875	0.476844429969788	2896.875	0.108187325298786	
2900	0.476333826780319	2900	0.108954258263111	
2903.125	0.476203680038452	2903.125	0.109368592500687	
2906.25	0.474960654973984	2906.25	0.108705207705498	
2909.375	0.475181430578232	2909.375	0.108920365571976	
2912.5	0.473569631576538	2912.5	0.10920387506485	
2915.625	0.472239643335342	2915.625	0.108901165425777	
2918.75	0.472892075777054	2918.75	0.108648337423801	
2921.875	0.473016500473022	2921.875	0.110615663230419	
2925	0.473352491855621	2925	0.111279122531414	
2928.125	0.471545845270157	2928.125	0.110798515379429	
2931.25	0.470246374607086	2931.25	0.110552817583084	
2934.375	0.47142305970192	2934.375	0.111420445144176	
2937.5	0.471333473920822	2937.5	0.111704438924789	
2940.625	0.469938069581985	2940.625	0.112398125231266	
2943.75	0.468942314386368	2943.75	0.113056346774101	
2946.875	0.469750732183456	2946.875	0.111008457839489	
2950	0.469547122716904	2950	0.111566290259361	
2953.125	0.468856990337372	2953.125	0.111718997359276	
2956.25	0.469106525182724	2956.25	0.113288030028343	
2959.375	0.46928808093071	2959.375	0.112849362194538	
2962.5	0.465633571147919	2962.5	0.111963376402855	
2965.625	0.46564981341362	2965.625	0.11288445442915	
2968.75	0.466195672750473	2968.75	0.1137780174613	
2971.875	0.464745074510574	2971.875	0.113809026777744	
2975	0.463600397109985	2975	0.114817440509796	
2978.125	0.46280175447464	2978.125	0.115440629422665	
2981.25	0.461051255464554	2981.25	0.115472249686718	
2984.375	0.462038666009903	2984.375	0.116705633699894	
2987.5	0.46144250035286	2987.5	0.11779709905386	
2990.625	0.459859430789948	2990.625	0.117806315422058	
2993.75	0.458973377943039	2993.75	0.120033763349056	
2996.875	0.458723157644272	2996.875	0.120601534843445	
3000	0.458613246679306	3000	0.118610851466656	
3003.125	0.459393948316574	3003.125	0.12081540375948	
3006.25	0.458493113517761	3006.25	0.121850363910198	
3009.375	0.457597881555557	3009.375	0.12239134311676	
3012.5	0.456981003284454	3012.5	0.122490912675858	
3015.625	0.457537800073624	3015.625	0.122672230005264	
3018.75	0.456827312707901	3018.75	0.12455602735281	
3021.875	0.454983681440353	3021.875	0.125014111399651	
3025	0.455296367406845	3025	0.125779673457146	
3028.125	0.455439954996109	3028.125	0.127412140369415	
3031.25	0.456415057182312	3031.25	0.127793461084366	
3034.375	0.453957051038742	3034.375	0.128723919391632	
3037.5	0.454872280359268	3037.5	0.126894533634186	
3040.625	0.453371286392212	3040.625	0.129312872886658	
3043.75	0.453353077173233	3043.75	0.13136300444603	
3046.875	0.455468207597733	3046.875	0.131629601120949	
3050	0.453429251909256	3050	0.131795108318329	
3053.125	0.45361316204071	3053.125	0.132412269711494	
3056.25	0.453426718711853	3056.25	0.133366912603378	
3059.375	0.454426527023315	3059.375	0.134510964155197	
3062.5	0.453986257314682	3062.5	0.13485848903656	
3065.625	0.45340883731842	3065.625	0.135802522301674	
3068.75	0.453371495008469	3068.75	0.135771408677101	
3071.875	0.453313767910004	3071.875	0.137243241071701	
3075	0.453769475221634	3075	0.137553229928017	
3078.125	0.452571928501129	3078.125	0.137952387332916	
3081.25	0.45237985253334	3081.25	0.13783310353756	
3084.375	0.452907502651215	3084.375	0.139219880104065	
3087.5	0.45349708199501	3087.5	0.1404819637537	
3090.625	0.454459846019745	3090.625	0.141166061162949	
3093.75	0.455287575721741	3093.75	0.14102378487587	
3096.875	0.454080641269684	3096.875	0.14218108355999	
3100	0.452335625886917	3100	0.141744077205658	
3103.125	0.452229648828506	3103.125	0.14369909465313	
3106.25	0.4533651471138	3106.25	0.143340274691582	
3109.375	0.452562898397446	3109.375	0.142779007554054	
3112.5	0.45300966501236	3112.5	0.144564658403397	
3115.625	0.453128635883331	3115.625	0.146122679114342	
3118.75	0.454010874032974	3118.75	0.145046249032021	
3121.875	0.454301297664642	3121.875	0.146750211715698	
3125	0.454688727855682	3125	0.1454818546772	
3128.125	0.454648047685623	3128.125	0.147351458668709	
3131.25	0.453781217336655	3131.25	0.147701218724251	
3134.375	0.453775823116302	3134.375	0.147498786449432	
3137.5	0.452704519033432	3137.5	0.148782595992088	
3140.625	0.452967196702957	3140.625	0.14759373664856	
3143.75	0.452918887138367	3143.75	0.149725794792175	
3146.875	0.453532576560974	3146.875	0.149918839335442	
3150	0.45243912935257	3150	0.149072349071503	
3153.125	0.452473551034927	3153.125	0.149983167648315	
3156.25	0.45409169793129	3156.25	0.149719968438148	
3159.375	0.45352777838707	3159.375	0.151456043124199	
3162.5	0.450945556163788	3162.5	0.151444554328918	
3165.625	0.450101315975189	3165.625	0.15046800673008	
3168.75	0.450261384248734	3168.75	0.152031198143959	
3171.875	0.450291633605957	3171.875	0.151513203978539	
3175	0.451834917068481	3175	0.151667714118958	
3178.125	0.451172173023224	3178.125	0.150764942169189	
3181.25	0.45168599486351	3181.25	0.153569534420967	
3184.375	0.453673422336578	3184.375	0.155332669615746	
3187.5	0.452608704566956	3187.5	0.155116274952888	
3190.625	0.451625347137451	3190.625	0.154212594032288	
3193.75	0.450272440910339	3193.75	0.154842957854271	
3196.875	0.452989369630814	3196.875	0.15431147813797	
3200	0.452768474817276	3200	0.155848771333694	
3203.125	0.451721847057343	3203.125	0.154651284217834	
3206.25	0.451038211584091	3206.25	0.15508083999157	
3209.375	0.450067430734634	3209.375	0.156195253133774	
3212.5	0.450325936079025	3212.5	0.155772522091866	
3215.625	0.449259847402573	3215.625	0.156367465853691	
3218.75	0.449843376874924	3218.75	0.157999858260155	
3221.875	0.448500484228134	3221.875	0.156823769211769	
3225	0.449358254671097	3225	0.156079277396202	
3228.125	0.450060397386551	3228.125	0.15631528198719	
3231.25	0.450314551591873	3231.25	0.157355904579163	
3234.375	0.449640512466431	3234.375	0.158324360847473	
3237.5	0.449157357215881	3237.5	0.159463748335838	
3240.625	0.448472142219543	3240.625	0.159661591053009	
3243.75	0.448383688926697	3243.75	0.160064026713371	
3246.875	0.448184847831726	3246.875	0.160721719264984	
3250	0.447349548339844	3250	0.161524921655655	
3253.125	0.448746174573898	3253.125	0.159742340445518	
3256.25	0.446949601173401	3256.25	0.161715820431709	
3259.375	0.447456955909729	3259.375	0.162088230252266	
3262.5	0.447258710861206	3262.5	0.161297202110291	
3265.625	0.445524036884308	3265.625	0.15929140150547	
3268.75	0.445722013711929	3268.75	0.161408543586731	
3271.875	0.445772647857666	3271.875	0.161590665578842	
3275	0.444801330566406	3275	0.160908207297325	
3278.125	0.44349005818367	3278.125	0.162533581256866	
3281.25	0.444904029369354	3281.25	0.163402363657951	
3284.375	0.4435133934021	3284.375	0.162816405296326	
3287.5	0.444006055593491	3287.5	0.163863316178322	
3290.625	0.444500982761383	3290.625	0.165423944592476	
3293.75	0.445031732320786	3293.75	0.161860808730125	
3296.875	0.442493289709091	3296.875	0.161654964089394	
3300	0.442021369934082	3300	0.163056239485741	
3303.125	0.441181570291519	3303.125	0.164463326334953	
3306.25	0.441550940275192	3306.25	0.164646565914154	
3309.375	0.442583650350571	3309.375	0.164567992091179	
3312.5	0.441998928785324	3312.5	0.165739625692368	
3315.625	0.439681649208069	3315.625	0.166084840893745	
3318.75	0.440131574869156	3318.75	0.167853236198425	
3321.875	0.440192937850952	3321.875	0.166398242115974	
3325	0.440948009490967	3325	0.166523158550262	
3328.125	0.440427601337433	3328.125	0.166158482432365	
3331.25	0.439560115337372	3331.25	0.167294144630432	
3334.375	0.439293533563614	3334.375	0.168681219220161	
3337.5	0.438656508922577	3337.5	0.166430041193962	
3340.625	0.437324643135071	3340.625	0.167695462703705	
3343.75	0.438118785619736	3343.75	0.16890686750412	
3346.875	0.440187275409698	3346.875	0.167487099766731	
3350	0.440122812986374	3350	0.169019252061844	
3353.125	0.439020156860352	3353.125	0.168265864253044	
3356.25	0.435829669237137	3356.25	0.170212939381599	
3359.375	0.437021195888519	3359.375	0.169471830129623	
3362.5	0.435977280139923	3362.5	0.168548136949539	
3365.625	0.435187667608261	3365.625	0.169810876250267	
3368.75	0.434447407722473	3368.75	0.170119315385818	
3371.875	0.433210879564285	3371.875	0.171974942088127	
3375	0.431024342775345	3375	0.172989994287491	
3378.125	0.434001564979553	3378.125	0.169189170002937	
3381.25	0.432454258203506	3381.25	0.171231791377068	
3384.375	0.431402593851089	3384.375	0.172962039709091	
3387.5	0.429268419742584	3387.5	0.172068193554878	
3390.625	0.430592447519302	3390.625	0.173449397087097	
3393.75	0.429329633712769	3393.75	0.173253238201141	
3396.875	0.428743749856949	3396.875	0.173800498247147	
3400	0.42955482006073	3400	0.173337608575821	
3403.125	0.429376631975174	3403.125	0.175452470779419	
3406.25	0.430038869380951	3406.25	0.176150411367416	
3409.375	0.428906440734863	3409.375	0.174803242087364	
3412.5	0.429376363754272	3412.5	0.176429182291031	
3415.625	0.429782181978226	3415.625	0.176488846540451	
3418.75	0.426976501941681	3418.75	0.175616145133972	
3421.875	0.426107585430145	3421.875	0.17830316722393	
3425	0.425391107797623	3425	0.179788067936897	
3428.125	0.425320833921433	3428.125	0.176261574029922	
3431.25	0.424068212509155	3431.25	0.177926823496819	
3434.375	0.424085438251495	3434.375	0.17943000793457	
3437.5	0.42488968372345	3437.5	0.178729459643364	
3440.625	0.424382567405701	3440.625	0.178571060299873	
3443.75	0.422930002212524	3443.75	0.180255249142647	
3446.875	0.421536147594452	3446.875	0.179554432630539	
3450	0.420864313840866	3450	0.178997486829758	
3453.125	0.420249760150909	3453.125	0.180925861001015	
3456.25	0.4207863509655	3456.25	0.181427299976349	
3459.375	0.42060998082161	3459.375	0.183311179280281	
3462.5	0.418857306241989	3462.5	0.182631120085716	
3465.625	0.418513983488083	3465.625	0.183812782168388	
3468.75	0.42003521323204	3468.75	0.184659764170647	
3471.875	0.418545663356781	3471.875	0.185655117034912	
3475	0.418222069740295	3475	0.185020968317986	
3478.125	0.417005389928818	3478.125	0.18680115044117	
3481.25	0.415119856595993	3481.25	0.185191005468369	
3484.375	0.414770722389221	3484.375	0.186372861266136	
3487.5	0.416044414043427	3487.5	0.187950357794762	
3490.625	0.415799617767334	3490.625	0.187915682792664	
3493.75	0.416464239358902	3493.75	0.188518181443214	
3496.875	0.414357632398605	3496.875	0.189800262451172	
3500	0.41450023651123	3500	0.188423559069633	
3503.125	0.413964807987213	3503.125	0.189630225300789	
3506.25	0.414851397275925	3506.25	0.190821036696434	
3509.375	0.414033144712448	3509.375	0.192605599761009	
3512.5	0.411645323038101	3512.5	0.190796807408333	
3515.625	0.410808831453323	3515.625	0.19049671292305	
3518.75	0.411450564861298	3518.75	0.193797916173935	
3521.875	0.410861223936081	3521.875	0.193608596920967	
3525	0.411337196826935	3525	0.192518934607506	
3528.125	0.411800265312195	3528.125	0.193631544709206	
3531.25	0.412462830543518	3531.25	0.194901630282402	
3534.375	0.410535037517548	3534.375	0.196562319993973	
3537.5	0.408453226089478	3537.5	0.196006804704666	
3540.625	0.409112870693207	3540.625	0.196219801902771	
3543.75	0.40879026055336	3543.75	0.196939155459404	
3546.875	0.407387495040894	3546.875	0.198466047644615	
3550	0.408245623111725	3550	0.197235003113747	
3553.125	0.407725423574448	3553.125	0.198810324072838	
3556.25	0.408158361911774	3556.25	0.199437543749809	
3559.375	0.407212138175964	3559.375	0.199693515896797	
3562.5	0.40819126367569	3562.5	0.20061232149601	
3565.625	0.407653242349625	3565.625	0.200692549347878	
3568.75	0.40669509768486	3568.75	0.201675221323967	
3571.875	0.407878160476685	3571.875	0.201553121209145	
3575	0.408722549676895	3575	0.202485665678978	
3578.125	0.408405423164368	3578.125	0.203509300947189	
3581.25	0.408095479011536	3581.25	0.203955173492432	
3584.375	0.406680375337601	3584.375	0.203752547502518	
3587.5	0.405502289533615	3587.5	0.203990384936333	
3590.625	0.406664907932281	3590.625	0.205245554447174	
3593.75	0.407632946968079	3593.75	0.206097230315208	
3596.875	0.407317757606506	3596.875	0.20676463842392	
3600	0.407330274581909	3600	0.206977874040604	
3603.125	0.406942933797836	3603.125	0.206143125891685	
3606.25	0.406333595514297	3606.25	0.208738669753075	
3609.375	0.406130969524384	3609.375	0.207062304019928	
3612.5	0.405567646026611	3612.5	0.208022505044937	
3615.625	0.406366020441055	3615.625	0.209867060184479	
3618.75	0.405568361282349	3618.75	0.209067359566689	
3621.875	0.404922783374786	3621.875	0.210134863853455	
3625	0.404646903276443	3625	0.209634512662888	
3628.125	0.405233561992645	3628.125	0.210094183683395	
3631.25	0.406228095293045	3631.25	0.209422901272774	
3634.375	0.406531751155853	3634.375	0.211114913225174	
3637.5	0.40498673915863	3637.5	0.211492851376534	
3640.625	0.403567910194397	3640.625	0.210257485508919	
3643.75	0.404755264520645	3643.75	0.210973113775253	
3646.875	0.403480857610703	3646.875	0.211667463183403	
3650	0.404071033000946	3650	0.211855545639992	
3653.125	0.403532564640045	3653.125	0.211774721741676	
3656.25	0.402960121631622	3656.25	0.212521240115166	
3659.375	0.403833121061325	3659.375	0.213281273841858	
3662.5	0.404406607151031	3662.5	0.213235676288605	
3665.625	0.405104756355286	3665.625	0.21593701839447	
3668.75	0.404670655727386	3668.75	0.212378636002541	
3671.875	0.402078151702881	3671.875	0.213669791817665	
3675	0.403186947107315	3675	0.214416444301605	
3678.125	0.403242617845535	3678.125	0.21464666724205	
3681.25	0.402321606874466	3681.25	0.217703104019165	
3684.375	0.401609748601913	3684.375	0.210927039384842	
3687.5	0.40101283788681	3687.5	0.214516058564186	
3690.625	0.400952309370041	3690.625	0.215690463781357	
3693.75	0.402060091495514	3693.75	0.21502560377121	
3696.875	0.402363508939743	3696.875	0.216547772288322	
3700	0.40045827627182	3700	0.216379761695862	
3703.125	0.400002151727676	3703.125	0.214905008673668	
3706.25	0.401886701583862	3706.25	0.21561573445797	
3709.375	0.401108980178833	3709.375	0.217474147677422	
3712.5	0.399605989456177	3712.5	0.216615468263626	
3715.625	0.397922933101654	3715.625	0.215339332818985	
3718.75	0.400745272636414	3718.75	0.217051416635513	
3721.875	0.400095820426941	3721.875	0.216429144144058	
3725	0.400305420160294	3725	0.218261256814003	
3728.125	0.399901330471039	3728.125	0.216506749391556	
3731.25	0.399131298065186	3731.25	0.218048915266991	
3734.375	0.398579180240631	3734.375	0.216825976967812	
3737.5	0.397888332605362	3737.5	0.218694418668747	
3740.625	0.399621695280075	3740.625	0.217343270778656	
3743.75	0.398602962493896	3743.75	0.218000203371048	
3746.875	0.397885859012604	3746.875	0.2193853110075	
3750	0.397991806268692	3750	0.218123063445091	
3753.125	0.397051334381104	3753.125	0.218342304229736	
3756.25	0.39687716960907	3756.25	0.218093678355217	
3759.375	0.395932972431183	3759.375	0.218255177140236	
3762.5	0.396050155162811	3762.5	0.221275046467781	
3765.625	0.396492958068848	3765.625	0.215951830148697	
3768.75	0.394956767559052	3768.75	0.219128683209419	
3771.875	0.393724590539932	3771.875	0.218661725521088	
3775	0.394448041915894	3775	0.219691529870033	
3778.125	0.393765658140183	3778.125	0.218991130590439	
3781.25	0.394302368164063	3781.25	0.218534722924232	
3784.375	0.394339948892593	3784.375	0.220840036869049	
3787.5	0.395732045173645	3787.5	0.220212072134018	
3790.625	0.393860697746277	3790.625	0.221108227968216	
3793.75	0.392801702022552	3793.75	0.218116343021393	
3796.875	0.391404420137405	3796.875	0.219828829169273	
3800	0.389808893203735	3800	0.219076722860336	
3803.125	0.391303509473801	3803.125	0.219649016857147	
3806.25	0.392307639122009	3806.25	0.221132442355156	
3809.375	0.390595972537994	3809.375	0.220314353704453	
3812.5	0.389706581830978	3812.5	0.219695836305618	
3815.625	0.388457834720612	3815.625	0.219849705696106	
3818.75	0.389764040708542	3818.75	0.220524325966835	
3821.875	0.388380736112595	3821.875	0.220333486795425	
3825	0.387685596942902	3825	0.22206774353981	
3828.125	0.388650923967361	3828.125	0.220945820212364	
3831.25	0.388516783714294	3831.25	0.221383780241013	
3834.375	0.388919025659561	3834.375	0.221275299787521	
3837.5	0.388499438762665	3837.5	0.222977995872498	
3840.625	0.386822044849396	3840.625	0.221105605363846	
3843.75	0.385182559490204	3843.75	0.220402777194977	
3846.875	0.386738657951355	3846.875	0.220205381512642	
3850	0.385753571987152	3850	0.221566036343575	
3853.125	0.385601907968521	3853.125	0.22233535349369	
3856.25	0.386748462915421	3856.25	0.223466277122498	
3859.375	0.384512633085251	3859.375	0.222775936126709	
3862.5	0.384312093257904	3862.5	0.220956727862358	
3865.625	0.384528040885925	3865.625	0.22285495698452	
3868.75	0.384055376052856	3868.75	0.223281040787697	
3871.875	0.382810294628143	3871.875	0.22199222445488	
3875	0.382275253534317	3875	0.222677975893021	
3878.125	0.384500652551651	3878.125	0.223064124584198	
3881.25	0.383197277784348	3881.25	0.222336694598198	
3884.375	0.383549720048904	3884.375	0.221339389681816	
3887.5	0.382316291332245	3887.5	0.22333699464798	
3890.625	0.381627023220062	3890.625	0.223015993833542	
3893.75	0.3835209608078	3893.75	0.224091395735741	
3896.875	0.38285419344902	3896.875	0.222673296928406	
3900	0.382599532604218	3900	0.224188625812531	
3903.125	0.381911009550095	3903.125	0.224519267678261	
3906.25	0.381983906030655	3906.25	0.223043873906136	
3909.375	0.381176561117172	3909.375	0.223622858524323	
3912.5	0.379915326833725	3912.5	0.224106132984161	
3915.625	0.381044030189514	3915.625	0.222960248589516	
3918.75	0.378342181444168	3918.75	0.22627779841423	
3921.875	0.381526410579681	3921.875	0.220929622650146	
3925	0.377789050340652	3925	0.223210245370865	
3928.125	0.377281248569489	3928.125	0.22340127825737	
3931.25	0.376232087612152	3931.25	0.225963249802589	
3934.375	0.376872479915619	3934.375	0.225401431322098	
3937.5	0.377259612083435	3937.5	0.224498823285103	
3940.625	0.377095073461533	3940.625	0.225772008299828	
3943.75	0.376158982515335	3943.75	0.227339446544647	
3946.875	0.375336706638336	3946.875	0.225619912147522	
3950	0.374493151903152	3950	0.224524319171906	
3953.125	0.375227898359299	3953.125	0.225477173924446	
3956.25	0.374360412359238	3956.25	0.226838424801826	
3959.375	0.372519999742508	3959.375	0.225749745965004	
3962.5	0.374084562063217	3962.5	0.225356191396713	
3965.625	0.374828726053238	3965.625	0.227393880486488	
3968.75	0.374562561511993	3968.75	0.227352976799011	
3971.875	0.375020205974579	3971.875	0.226830869913101	
3975	0.376752972602844	3975	0.226000294089317	
3978.125	0.374882131814957	3978.125	0.22643518447876	
3981.25	0.372517347335815	3981.25	0.227698937058449	
3984.375	0.372062414884567	3984.375	0.228051796555519	
3987.5	0.372226357460022	3987.5	0.228665381669998	
3990.625	0.373618930578232	3990.625	0.228631064295769	
3993.75	0.373420834541321	3993.75	0.229509487748146	
3996.875	0.373627126216888	3996.875	0.23010165989399	
4000	0.376087248325348	4000	0.230078458786011	
4003.125	0.374723106622696	4003.125	0.229826077818871	
4006.25	0.373859167098999	4006.25	0.229915365576744	
4009.375	0.373187839984894	4009.375	0.229856684803963	
4012.5	0.373102515935898	4012.5	0.230342090129852	
4015.625	0.373732030391693	4015.625	0.230889961123466	
4018.75	0.373990267515183	4018.75	0.230774745345116	
4021.875	0.374070674180985	4021.875	0.229931101202965	
4025	0.374403327703476	4025	0.230640262365341	
4028.125	0.372785687446594	4028.125	0.231993332505226	
4031.25	0.372860848903656	4031.25	0.229261115193367	
4034.375	0.373459339141846	4034.375	0.229825854301453	
4037.5	0.375451654195786	4037.5	0.231335237622261	
4040.625	0.37125152349472	4040.625	0.229683086276054	
4043.75	0.372955650091171	4043.75	0.229999154806137	
4046.875	0.372796833515167	4046.875	0.229358524084091	
4050	0.372078835964203	4050	0.228396341204643	
4053.125	0.372489511966705	4053.125	0.230683714151382	
4056.25	0.373129189014435	4056.25	0.229134753346443	
4059.375	0.371545821428299	4059.375	0.230920016765594	
4062.5	0.371054887771606	4062.5	0.22876825928688	
4065.625	0.373012155294418	4065.625	0.229722410440445	
4068.75	0.371729880571365	4068.75	0.230155766010284	
4071.875	0.370061904191971	4071.875	0.229637548327446	
4075	0.374363034963608	4075	0.230321168899536	
4078.125	0.373804450035095	4078.125	0.230920553207397	
4081.25	0.373647511005402	4081.25	0.230468705296516	
4084.375	0.372375547885895	4084.375	0.228760153055191	
4087.5	0.374964624643326	4087.5	0.229580834507942	
4090.625	0.372105568647385	4090.625	0.229951813817024	
4093.75	0.37125951051712	4093.75	0.227031767368317	
4096.875	0.372311860322952	4096.875	0.229139715433121	
4100	0.373609960079193	4100	0.228147640824318	
4103.125	0.373313218355179	4103.125	0.227728724479675	
4106.25	0.371926128864288	4106.25	0.2285116314888	
4109.375	0.373210430145264	4109.375	0.229381233453751	
4112.5	0.372168868780136	4112.5	0.226775750517845	
4115.625	0.37150165438652	4115.625	0.225954294204712	
4118.75	0.372083604335785	4118.75	0.226851969957352	
4121.875	0.370471924543381	4121.875	0.227258160710335	
4125	0.370488584041595	4125	0.224059581756592	
4128.125	0.370329797267914	4128.125	0.225094735622406	
4131.25	0.369268655776978	4131.25	0.22610005736351	
4134.375	0.370099425315857	4134.375	0.225355207920074	
4137.5	0.369793653488159	4137.5	0.225478991866112	
4140.625	0.367425352334976	4140.625	0.225780934095383	
4143.75	0.368071585893631	4143.75	0.223954930901527	
4146.875	0.367081105709076	4146.875	0.225493460893631	
4150	0.367386519908905	4150	0.223488613963127	
4153.125	0.368931025266647	4153.125	0.226155072450638	
4156.25	0.368317753076553	4156.25	0.224910050630569	
4159.375	0.364564150571823	4159.375	0.225343808531761	
4162.5	0.365178912878037	4162.5	0.223410189151764	
4165.625	0.365218490362167	4165.625	0.224157497286797	
4168.75	0.36426043510437	4168.75	0.224661111831665	
4171.875	0.363339722156525	4171.875	0.225397869944572	
4175	0.363344132900238	4175	0.22604013979435	
4178.125	0.364398598670959	4178.125	0.225822687149048	
4181.25	0.364015102386475	4181.25	0.2253298163414	
4184.375	0.362539321184158	4184.375	0.226423308253288	
4187.5	0.362530797719955	4187.5	0.226312711834908	
4190.625	0.362460613250732	4190.625	0.227599546313286	
4193.75	0.361945778131485	4193.75	0.228378668427467	
4196.875	0.361184746026993	4196.875	0.227281257510185	
4200	0.359917819499969	4200	0.226998269557953	
4203.125	0.360000103712082	4203.125	0.226902425289154	
4206.25	0.357952624559402	4206.25	0.22614298760891	
4209.375	0.358512431383133	4209.375	0.226960584521294	
4212.5	0.359508544206619	4212.5	0.228356197476387	
4215.625	0.359554320573807	4215.625	0.228490114212036	
4218.75	0.359209924936295	4218.75	0.229030907154083	
4221.875	0.357650011777878	4221.875	0.229666337370872	
4225	0.357825547456741	4225	0.229589074850082	
4228.125	0.356620579957962	4228.125	0.22875714302063	
4231.25	0.3562291264534	4231.25	0.230841889977455	
4234.375	0.355751872062683	4234.375	0.230428874492645	
4237.5	0.356366336345673	4237.5	0.229174375534058	
4240.625	0.356877028942108	4240.625	0.231713682413101	
4243.75	0.355326563119888	4243.75	0.231171607971191	
4246.875	0.355832189321518	4246.875	0.232493951916695	
4250	0.356532990932465	4250	0.231690302491188	
4253.125	0.354058086872101	4253.125	0.231451392173767	
4256.25	0.354440897703171	4256.25	0.231430903077126	
4259.375	0.353236585855484	4259.375	0.233481645584106	
4262.5	0.353761255741119	4262.5	0.233376085758209	
4265.625	0.354569762945175	4265.625	0.232320249080658	
4268.75	0.353332042694092	4268.75	0.233657151460648	
4271.875	0.351959466934204	4271.875	0.233810305595398	
4275	0.354010671377182	4275	0.231409355998039	
4278.125	0.353489458560944	4278.125	0.23371633887291	
4281.25	0.352598130702972	4281.25	0.23536342382431	
4284.375	0.35509067773819	4284.375	0.234528556466103	
4287.5	0.353700935840607	4287.5	0.23565486073494	
4290.625	0.353567689657211	4290.625	0.235551387071609	
4293.75	0.351237207651138	4293.75	0.234576910734177	
4296.875	0.349953562021255	4296.875	0.234757959842682	
4300	0.351180285215378	4300	0.233005091547966	
4303.125	0.352455049753189	4303.125	0.233065724372864	
4306.25	0.350452363491058	4306.25	0.233304008841515	
4309.375	0.349599629640579	4309.375	0.235022112727165	
4312.5	0.351312696933746	4312.5	0.235861077904701	
4315.625	0.350277990102768	4315.625	0.235460698604584	
4318.75	0.349467515945435	4318.75	0.235482305288315	
4321.875	0.348683148622513	4321.875	0.234902992844582	
4325	0.34783211350441	4325	0.235427126288414	
4328.125	0.347349971532822	4328.125	0.236672312021255	
4331.25	0.347835302352905	4331.25	0.236807733774185	
4334.375	0.347147852182388	4334.375	0.236269637942314	
4337.5	0.347457587718964	4337.5	0.237137109041214	
4340.625	0.347294628620148	4340.625	0.23614290356636	
4343.75	0.346821129322052	4343.75	0.236880242824554	
4346.875	0.345314025878906	4346.875	0.236139580607414	
4350	0.345177173614502	4350	0.235725998878479	
4353.125	0.344259351491928	4353.125	0.236821204423904	
4356.25	0.343810349702835	4356.25	0.2371896058321	
4359.375	0.343228548765183	4359.375	0.237605139613152	
4362.5	0.342787444591522	4362.5	0.237641826272011	
4365.625	0.341785788536072	4365.625	0.239027142524719	
4368.75	0.343366682529449	4368.75	0.23822920024395	
4371.875	0.34174919128418	4371.875	0.237836375832558	
4375	0.341492921113968	4375	0.23825903236866	
4378.125	0.343989372253418	4378.125	0.238053441047668	
4381.25	0.341637670993805	4381.25	0.238494127988815	
4384.375	0.340334475040436	4384.375	0.237925216555595	
4387.5	0.338959544897079	4387.5	0.238390415906906	
4390.625	0.338720858097076	4390.625	0.239327922463417	
4393.75	0.339339196681976	4393.75	0.239305838942528	
4396.875	0.339343577623367	4396.875	0.23980712890625	
4400	0.338546246290207	4400	0.239573150873184	
4403.125	0.337569683790207	4403.125	0.239282459020615	
4406.25	0.336488306522369	4406.25	0.240175768733025	
4409.375	0.336380183696747	4409.375	0.239458158612251	
4412.5	0.33580020070076	4412.5	0.240166515111923	
4415.625	0.3348288834095	4415.625	0.240376338362694	
4418.75	0.334748923778534	4418.75	0.240209102630615	
4421.875	0.335151582956314	4421.875	0.242023631930351	
4425	0.334059447050095	4425	0.241717278957367	
4428.125	0.334820121526718	4428.125	0.241584300994873	
4431.25	0.334189265966415	4431.25	0.2431261241436	
4434.375	0.332823932170868	4434.375	0.242041632533073	
4437.5	0.332915067672729	4437.5	0.24048900604248	
4440.625	0.33225691318512	4440.625	0.242278635501862	
4443.75	0.332823425531387	4443.75	0.24137020111084	
4446.875	0.33340060710907	4446.875	0.242913961410522	
4450	0.33271649479866	4450	0.24445153772831	
4453.125	0.332544773817062	4453.125	0.244552820920944	
4456.25	0.331347703933716	4456.25	0.24393405020237	
4459.375	0.331647455692291	4459.375	0.242987707257271	
4462.5	0.332856118679047	4462.5	0.244173049926758	
4465.625	0.331391990184784	4465.625	0.245327487587929	
4468.75	0.332355737686157	4468.75	0.246192499995232	
4471.875	0.333750396966934	4471.875	0.243671879172325	
4475	0.332644730806351	4475	0.243935316801071	
4478.125	0.330418944358826	4478.125	0.243105947971344	
4481.25	0.333042979240417	4481.25	0.241964757442474	
4484.375	0.33294689655304	4484.375	0.243499487638474	
4487.5	0.331162810325623	4487.5	0.243573769927025	
4490.625	0.331664651632309	4490.625	0.242564290761948	
4493.75	0.331558257341385	4493.75	0.24218937754631	
4496.875	0.331179350614548	4496.875	0.24154269695282	
4500	0.331188887357712	4500	0.242876678705215	
4503.125	0.331437438726425	4503.125	0.241729244589806	
4506.25	0.331643879413605	4506.25	0.242558285593987	
4509.375	0.331858038902283	4509.375	0.242448061704636	
4512.5	0.331125646829605	4512.5	0.24130679666996	
4515.625	0.330476075410843	4515.625	0.240578532218933	
4518.75	0.33009284734726	4518.75	0.242260083556175	
4521.875	0.328874081373215	4521.875	0.241188630461693	
4525	0.328295141458511	4525	0.240698724985123	
4528.125	0.328553467988968	4528.125	0.239482417702675	
4531.25	0.328792959451675	4531.25	0.2393579185009	
4534.375	0.328174918889999	4534.375	0.239881470799446	
4537.5	0.328016847372055	4537.5	0.238658770918846	
4540.625	0.328579276800156	4540.625	0.23869214951992	
4543.75	0.329015821218491	4543.75	0.238639086484909	
4546.875	0.327541172504425	4546.875	0.23882120847702	
4550	0.327328652143478	4550	0.239871382713318	
4553.125	0.327276468276978	4553.125	0.238043174147606	
4556.25	0.32801565527916	4556.25	0.238630637526512	
4559.375	0.325864493846893	4559.375	0.241338506340981	
4562.5	0.329010903835297	4562.5	0.23742701113224	
4565.625	0.327345699071884	4565.625	0.237435936927795	
4568.75	0.327798247337341	4568.75	0.238311469554901	
4571.875	0.326753407716751	4571.875	0.238362342119217	
4575	0.326801747083664	4575	0.237227708101273	
4578.125	0.327120214700699	4578.125	0.236637517809868	
4581.25	0.32699990272522	4581.25	0.235467255115509	
4584.375	0.327208518981934	4584.375	0.235450819134712	
4587.5	0.327226728200912	4587.5	0.236433312296867	
4590.625	0.327581137418747	4590.625	0.235845610499382	
4593.75	0.327787816524506	4593.75	0.235166609287262	
4596.875	0.327397346496582	4596.875	0.234374701976776	
4600	0.328200936317444	4600	0.234934791922569	
4603.125	0.329322993755341	4603.125	0.234498769044876	
4606.25	0.327752530574799	4606.25	0.234273076057434	
4609.375	0.327938407659531	4609.375	0.234500229358673	
4612.5	0.32858008146286	4612.5	0.232035249471664	
4615.625	0.327783316373825	4615.625	0.232406169176102	
4618.75	0.327535688877106	4618.75	0.232613548636436	
4621.875	0.327796339988709	4621.875	0.231869056820869	
4625	0.329542994499207	4625	0.230826854705811	
4628.125	0.328791230916977	4628.125	0.231089100241661	
4631.25	0.328447580337524	4631.25	0.229546934366226	
4634.375	0.329939365386963	4634.375	0.230090692639351	
4637.5	0.329344987869263	4637.5	0.231454685330391	
4640.625	0.329346537590027	4640.625	0.230905905365944	
4643.75	0.329940408468246	4643.75	0.228578627109528	
4646.875	0.329582303762436	4646.875	0.229067802429199	
4650	0.330317437648773	4650	0.228724643588066	
4653.125	0.330887049436569	4653.125	0.228800356388092	
4656.25	0.330883681774139	4656.25	0.228074684739113	
4659.375	0.330287992954254	4659.375	0.228079676628113	
4662.5	0.333626091480255	4662.5	0.228104174137115	
4665.625	0.331420719623566	4665.625	0.225070357322693	
4668.75	0.330421626567841	4668.75	0.225421130657196	
4671.875	0.330987840890884	4671.875	0.223682433366776	
4675	0.33081579208374	4675	0.224273085594177	
4678.125	0.331351608037949	4678.125	0.224179491400719	
4681.25	0.329367458820343	4681.25	0.223707288503647	
4684.375	0.329582542181015	4684.375	0.223493337631226	
4687.5	0.330511063337326	4687.5	0.222268760204315	
4690.625	0.329778373241425	4690.625	0.222411468625069	
4693.75	0.329422354698181	4693.75	0.222020626068115	
4696.875	0.330340951681137	4696.875	0.222128644585609	
4700	0.331682652235031	4700	0.223689958453178	
4703.125	0.331336289644241	4703.125	0.222477361559868	
4706.25	0.330381512641907	4706.25	0.222608149051666	
4709.375	0.330908238887787	4709.375	0.22228416800499	
4712.5	0.330574810504913	4712.5	0.222243696451187	
4715.625	0.330701172351837	4715.625	0.222066432237625	
4718.75	0.330115020275116	4718.75	0.221518084406853	
4721.875	0.330801099538803	4721.875	0.221260204911232	
4725	0.330157160758972	4725	0.222303912043571	
4728.125	0.330434888601303	4728.125	0.222476691007614	
4731.25	0.33206844329834	4731.25	0.223929181694984	
4734.375	0.331459194421768	4734.375	0.223439857363701	
4737.5	0.331093639135361	4737.5	0.223547771573067	
4740.625	0.331125974655151	4740.625	0.223354563117027	
4743.75	0.331755757331848	4743.75	0.222814723849297	
4746.875	0.331687927246094	4746.875	0.223343953490257	
4750	0.331820368766785	4750	0.224185332655907	
4753.125	0.332118391990662	4753.125	0.223604157567024	
4756.25	0.33214259147644	4756.25	0.224609047174454	
4759.375	0.33270862698555	4759.375	0.223699688911438	
4762.5	0.333401054143906	4762.5	0.224800199270248	
4765.625	0.332939863204956	4765.625	0.225583150982857	
4768.75	0.333200484514236	4768.75	0.226255401968956	
4771.875	0.333370327949524	4771.875	0.226663410663605	
4775	0.333955556154251	4775	0.224597483873367	
4778.125	0.334999233484268	4778.125	0.227483794093132	
4781.25	0.334415823221207	4781.25	0.228303924202919	
4784.375	0.33551824092865	4784.375	0.227731332182884	
4787.5	0.336696147918701	4787.5	0.227503746747971	
4790.625	0.33567351102829	4790.625	0.228519454598427	
4793.75	0.33772674202919	4793.75	0.2300905585289	
4796.875	0.337587594985962	4796.875	0.229850277304649	
4800	0.337463051080704	4800	0.23044265806675	
4803.125	0.338633745908737	4803.125	0.230691403150558	
4806.25	0.339214295148849	4806.25	0.231600984930992	
4809.375	0.338988929986954	4809.375	0.232238948345184	
4812.5	0.340939968824387	4812.5	0.232581481337547	
4815.625	0.340440332889557	4815.625	0.233034551143646	
4818.75	0.340096741914749	4818.75	0.233327865600586	
4821.875	0.341996371746063	4821.875	0.233276158571243	
4825	0.34227055311203	4825	0.234728917479515	
4828.125	0.342464238405228	4828.125	0.234752640128136	
4831.25	0.340909749269485	4831.25	0.235092207789421	
4834.375	0.339031040668488	4834.375	0.236012175679207	
4837.5	0.338580042123795	4837.5	0.238324925303459	
4840.625	0.339479714632034	4840.625	0.240070462226868	
4843.75	0.340509355068207	4843.75	0.241576805710793	
4846.875	0.341735571622849	4846.875	0.243676990270615	
4850	0.342858165502548	4850	0.243917614221573	
4853.125	0.34351435303688	4853.125	0.244947329163551	
4856.25	0.344386875629425	4856.25	0.245617121458054	
4859.375	0.344463855028152	4859.375	0.246533542871475	
4862.5	0.34455081820488	4862.5	0.247190847992897	
4865.625	0.34595787525177	4865.625	0.247813180088997	
4868.75	0.346327513456345	4868.75	0.250158309936523	
4871.875	0.347735524177551	4871.875	0.251913517713547	
4875	0.347778260707855	4875	0.252915799617767	
4878.125	0.348008036613464	4878.125	0.253209322690964	
4881.25	0.348460257053375	4881.25	0.254981160163879	
4884.375	0.348972827196121	4884.375	0.25604385137558	
4887.5	0.349323779344559	4887.5	0.257644027471542	
4890.625	0.350352466106415	4890.625	0.257430642843246	
4893.75	0.350091904401779	4893.75	0.258667409420013	
4896.875	0.350150436162949	4896.875	0.259690463542938	
4900	0.350519239902496	4900	0.261561721563339	
4903.125	0.3502077460289	4903.125	0.264059156179428	
4906.25	0.350010722875595	4906.25	0.265504717826843	
4909.375	0.352400869131088	4909.375	0.26668718457222	
4912.5	0.351690888404846	4912.5	0.268588423728943	
4915.625	0.350959956645966	4915.625	0.270494312047958	
4918.75	0.350231528282166	4918.75	0.27266463637352	
4921.875	0.351092517375946	4921.875	0.275269359350204	
4925	0.352280795574188	4925	0.279628962278366	
4928.125	0.355557322502136	4928.125	0.283013075590134	
4931.25	0.357013285160065	4931.25	0.285391479730606	
4934.375	0.358717411756516	4934.375	0.286085903644562	
4937.5	0.360750168561935	4937.5	0.285822689533234	
4940.625	0.361769169569016	4940.625	0.286804884672165	
4943.75	0.362028509378433	4943.75	0.288857936859131	
4946.875	0.362554341554642	4946.875	0.289930194616318	
4950	0.363203942775726	4950	0.291051924228668	
4953.125	0.362857103347778	4953.125	0.29377692937851	
4956.25	0.362726509571075	4956.25	0.294779270887375	
4959.375	0.362632900476456	4959.375	0.297683626413345	
4962.5	0.362795501947403	4962.5	0.299779802560806	
4965.625	0.363212525844574	4965.625	0.30190372467041	
4968.75	0.364431113004684	4968.75	0.303982317447662	
4971.875	0.364259451627731	4971.875	0.305548816919327	
4975	0.36403214931488	4975	0.308509320020676	
				
