Frequency in Hz	Silk_93 Sound Absorption Coefficient 1/3-octave	Frequency in Hz	Silk_93 Sound Absorption Coefficient continuous	
125	0,129561081528664	100	0,0993264605787669	
160	0,172764152288437	103,125	0,11446754991449	
200	0,225862100720406	106,25	0,111213594183909	
250	0,288881570100784	109,375	0,097426959579101	
315	0,360774517059326	112,5	0,118935632335176	
400	0,409862011671066	115,625	0,119179387247542	
500	0,452818185091019	118,75	0,114404855264616	
630	0,494259774684906	121,875	0,140264758756847	
800	0,521798253059387	125	0,121974409266061	
1000	0,560249626636505	128,125	0,124444093684654	
1250	0,596987962722778	131,25	0,126059967484536	
1600	0,695424020290375	134,375	0,113379264103871	
2000	0,689569413661957	137,5	0,155069327122466	
2500	0,730891168117523	140,625	0,161899170164527	
3150	0,775632381439209	143,75	0,167494529302144	
4000	0,808566927909851	146,875	0,143040560877337	
		150	0,165697770959284	
		153,125	0,163822900959231	
		156,25	0,166436546340623	
		159,375	0,168158293415364	
		162,5	0,16838117441754	
		165,625	0,1792137876169	
		168,75	0,181007811939416	
		171,875	0,193034871496538	
		175	0,204117469479295	
		178,125	0,192750222018309	
		181,25	0,196504700061186	
		184,375	0,208795837128722	
		187,5	0,221893861053334	
		190,625	0,224536944014583	
		193,75	0,230802574974286	
		196,875	0,228676091163908	
		200	0,219273447798473	
		203,125	0,216609889723067	
		206,25	0,23299968347727	
		209,375	0,237587318833396	
		212,5	0,228161711243459	
		215,625	0,24968365999465	
		218,75	0,246748600442478	
		221,875	0,252906879708434	
		225	0,262082443488278	
		228,125	0,266832245897474	
		231,25	0,268046640374942	
		234,375	0,274766321856095	
		237,5	0,26687479194867	
		240,625	0,265962582724819	
		243,75	0,27250043612435	
		246,875	0,287653763092922	
		250	0,29246250268915	
		253,125	0,28732260111734	
		256,25	0,293122811488289	
		259,375	0,303200487710731	
		262,5	0,298695697673659	
		265,625	0,296409967397086	
		268,75	0,30407736957438	
		271,875	0,309771778067399	
		275	0,306222588424398	
		278,125	0,315227326726857	
		281,25	0,317517313867998	
		284,375	0,319222822492568	
		287,5	0,307165532871942	
		290,625	0,322170044777315	
		293,75	0,32169332949777	
		296,875	0,329667852496344	
		300	0,333574838532205	
		303,125	0,33956524304371	
		306,25	0,34833335725059	
		309,375	0,357548182983626	
		312,5	0,370819181546712	
		315,625	0,388763588865064	
		318,75	0,39181715576817	
		321,875	0,384861168931763	
		325	0,382130532866102	
		328,125	0,388140436907942	
		331,25	0,372692597619256	
		334,375	0,371588312069209	
		337,5	0,377179242361618	
		340,625	0,373875772941364	
		343,75	0,378884497363635	
		346,875	0,377586996650245	
		350	0,382231641316697	
		353,125	0,378301517424643	
		356,25	0,374515383211031	
		359,375	0,378931318237947	
		362,5	0,386583688264427	
		365,625	0,395397679477588	
		368,75	0,387838689553106	
		371,875	0,373070709413869	
		375	0,405878597123401	
		378,125	0,400904488324264	
		381,25	0,393735725063359	
		384,375	0,411115395365995	
		387,5	0,408205239571451	
		390,625	0,40211912296605	
		393,75	0,397888336143161	
		396,875	0,400504924304882	
		400	0,405417799186131	
		403,125	0,407889823636262	
		406,25	0,415335631109865	
		409,375	0,424121047952759	
		412,5	0,424989194089711	
		415,625	0,411449447574315	
		418,75	0,423265758354236	
		421,875	0,417857027386215	
		425	0,423457770010329	
		428,125	0,429852355576887	
		431,25	0,42326697106202	
		434,375	0,427866470692521	
		437,5	0,430812801600024	
		440,625	0,435389132954435	
		443,75	0,436757411988019	
		446,875	0,441442453728108	
		450	0,430282854202088	
		453,125	0,433119564176941	
		456,25	0,427801236592804	
		459,375	0,432717538761047	
		462,5	0,433149519069791	
		465,625	0,431298676203043	
		468,75	0,433205704419571	
		471,875	0,435994546997716	
		475	0,440981269848904	
		478,125	0,450777753269868	
		481,25	0,442871789765755	
		484,375	0,448843076537161	
		487,5	0,45185903983631	
		490,625	0,452496826776823	
		493,75	0,457745111831434	
		496,875	0,459461981930647	
		500	0,448618943907078	
		503,125	0,449342522723047	
		506,25	0,450542591410097	
		509,375	0,448906808678572	
		512,5	0,456648656065531	
		515,625	0,459905430975173	
		518,75	0,462437056488321	
		521,875	0,458958339752111	
		525	0,464226635276114	
		528,125	0,459009467188044	
		531,25	0,462300473845183	
		534,375	0,464122633157832	
		537,5	0,465270525232225	
		540,625	0,464686643065593	
		543,75	0,470788002538908	
		546,875	0,465183428949628	
		550	0,468640571880646	
		553,125	0,472184823231933	
		556,25	0,470209236365355	
		559,375	0,476865209927946	
		562,5	0,476378151369828	
		565,625	0,47586956591888	
		568,75	0,479117571638168	
		571,875	0,480624611288556	
		575	0,479092147048456	
		578,125	0,484163540754249	
		581,25	0,480485713578723	
		584,375	0,479883130775535	
		587,5	0,48095371728688	
		590,625	0,483827919300453	
		593,75	0,485582593202669	
		596,875	0,485329011532756	
		600	0,48595060813604	
		603,125	0,487576159305294	
		606,25	0,488867858127616	
		609,375	0,487968420018623	
		612,5	0,489396585691538	
		615,625	0,490618105213683	
		618,75	0,491141995119552	
		621,875	0,490726985582641	
		625	0,493637825298145	
		628,125	0,493719077050359	
		631,25	0,49788658000233	
		634,375	0,498495723246936	
		637,5	0,497328146572343	
		640,625	0,497756065016946	
		643,75	0,497072346510003	
		646,875	0,499826545939243	
		650	0,497515331108771	
		653,125	0,500317111360167	
		656,25	0,501905613442024	
		659,375	0,50164021679668	
		662,5	0,500039126992864	
		665,625	0,499448465428639	
		668,75	0,501875850142184	
		671,875	0,503487819172759	
		675	0,505475748792067	
		678,125	0,506543259224623	
		681,25	0,505735731958231	
		684,375	0,505828827427684	
		687,5	0,50360688281806	
		690,625	0,504904596163129	
		693,75	0,505546574244166	
		696,875	0,505617456270896	
		700	0,507259160263844	
		703,125	0,506923822126942	
		706,25	0,507261643787085	
		709,375	0,509990351215399	
		712,5	0,510231021343307	
		715,625	0,508659508899662	
		718,75	0,507999462366158	
		721,875	0,510334411378981	
		725	0,508719716746364	
		728,125	0,51133159257931	
		731,25	0,510318823946252	
		734,375	0,511571905817785	
		737,5	0,510567689837995	
		740,625	0,513742394242362	
		743,75	0,516061541962315	
		746,875	0,512651154119336	
		750	0,513273918795143	
		753,125	0,513999981145775	
		756,25	0,515282797971056	
		759,375	0,519245921995836	
		762,5	0,516669093151612	
		765,625	0,517182958113436	
		768,75	0,51631281830447	
		771,875	0,51813827535291	
		775	0,518157297496177	
		778,125	0,520464684053078	
		781,25	0,519758074281492	
		784,375	0,520955409462243	
		787,5	0,520001056283695	
		790,625	0,519909422521184	
		793,75	0,520955330112621	
		796,875	0,521568031975404	
		800	0,522045119393846	
		803,125	0,520950763375637	
		806,25	0,520264897870398	
		809,375	0,521391934215549	
		812,5	0,521839725986144	
		815,625	0,523192161102239	
		818,75	0,523542849880013	
		821,875	0,526743492020016	
		825	0,528684173493379	
		828,125	0,528888118416033	
		831,25	0,537845904860517	
		834,375	0,528844866772611	
		837,5	0,525091412153595	
		840,625	0,52688598890834	
		843,75	0,528185487289234	
		846,875	0,522217527841127	
		850	0,520567168492857	
		853,125	0,523288734783884	
		856,25	0,530089141810336	
		859,375	0,532692615448501	
		862,5	0,530571658078976	
		865,625	0,529315692882395	
		868,75	0,525974181992141	
		871,875	0,525777688244008	
		875	0,528326522847755	
		878,125	0,528280770111698	
		881,25	0,528570043551183	
		884,375	0,544158250884459	
		887,5	0,549638166276419	
		890,625	0,548178485149335	
		893,75	0,540620004262141	
		896,875	0,543686586390679	
		900	0,544746108823085	
		903,125	0,548973851916945	
		906,25	0,547989418800707	
		909,375	0,543013916786412	
		912,5	0,540604679897571	
		915,625	0,542736517444961	
		918,75	0,545736075527011	
		921,875	0,55092691903838	
		925	0,550641178205257	
		928,125	0,546230072363095	
		931,25	0,550840663615239	
		934,375	0,549893856294543	
		937,5	0,550647088253516	
		940,625	0,550530985667322	
		943,75	0,550035576689203	
		946,875	0,551103497260397	
		950	0,552404281048678	
		953,125	0,553450329583143	
		956,25	0,555015411559016	
		959,375	0,555310946918489	
		962,5	0,554390127772737	
		965,625	0,554902078666991	
		968,75	0,553048172704494	
		971,875	0,555710547951529	
		975	0,556525942064022	
		978,125	0,556932933398961	
		981,25	0,560088434993941	
		984,375	0,55801562535304	
		987,5	0,558333369038618	
		990,625	0,559614644458067	
		993,75	0,557809413809331	
		996,875	0,558292494638068	
		1000	0,55793738635553	
		1003,125	0,560081864251154	
		1006,25	0,561122114664124	
		1009,375	0,56192239835169	
		1012,5	0,562005679715018	
		1015,625	0,560697912455306	
		1018,75	0,562320725565493	
		1021,875	0,562458830336916	
		1025	0,56400381232448	
		1028,125	0,564061014981461	
		1031,25	0,562580691456199	
		1034,375	0,563865545810959	
		1037,5	0,564950050201237	
		1040,625	0,56499810514833	
		1043,75	0,565716727096303	
		1046,875	0,566869107874744	
		1050	0,566101751388836	
		1053,125	0,56469740823017	
		1056,25	0,566430627280099	
		1059,375	0,566264046762953	
		1062,5	0,566133365423902	
		1065,625	0,566888974056217	
		1068,75	0,569131233423629	
		1071,875	0,569442344008936	
		1075	0,568396332537686	
		1078,125	0,567045265019747	
		1081,25	0,571541132830573	
		1084,375	0,570575413840835	
		1087,5	0,570687682674683	
		1090,625	0,571617455715965	
		1093,75	0,571609533457271	
		1096,875	0,573399396409105	
		1100	0,574273160760818	
		1103,125	0,574529430734312	
		1106,25	0,576096723755165	
		1109,375	0,574807847071383	
		1112,5	0,574308579766784	
		1115,625	0,578411273970708	
		1118,75	0,574862809391745	
		1121,875	0,576827383100142	
		1125	0,575618831491599	
		1128,125	0,575803926238267	
		1131,25	0,577858263858282	
		1134,375	0,578620754372281	
		1137,5	0,577020648168691	
		1140,625	0,577652746385718	
		1143,75	0,578147777476841	
		1146,875	0,578988637857005	
		1150	0,58101184723888	
		1153,125	0,582273543782613	
		1156,25	0,579550640967002	
		1159,375	0,578144497380038	
		1162,5	0,579374573871924	
		1165,625	0,581900426241696	
		1168,75	0,581905315127602	
		1171,875	0,58215631007786	
		1175	0,582493418827363	
		1178,125	0,582195237932499	
		1181,25	0,582273163028441	
		1184,375	0,583650708150412	
		1187,5	0,581918532868794	
		1190,625	0,584242392438549	
		1193,75	0,586329066012026	
		1196,875	0,589501203499451	
		1200	0,586964710147359	
		1203,125	0,58753179823245	
		1206,25	0,590136294863544	
		1209,375	0,586229602401862	
		1212,5	0,586249643474787	
		1215,625	0,587680366645331	
		1218,75	0,589312428925393	
		1221,875	0,590585213691046	
		1225	0,588560586242004	
		1228,125	0,589434474154216	
		1231,25	0,589468043217343	
		1234,375	0,59151259589565	
		1237,5	0,586582389520961	
		1240,625	0,588532275608591	
		1243,75	0,591585405843025	
		1246,875	0,591966150672077	
		1250	0,593723151170594	
		1253,125	0,591693533375774	
		1256,25	0,591710108953297	
		1259,375	0,593041335269182	
		1262,5	0,594565495180818	
		1265,625	0,594453547507218	
		1268,75	0,594589109023486	
		1271,875	0,596896479125081	
		1275	0,597395675849187	
		1278,125	0,598456178221972	
		1281,25	0,597413603170045	
		1284,375	0,598767045275287	
		1287,5	0,597925146595941	
		1290,625	0,596997432528356	
		1293,75	0,600018136843974	
		1296,875	0,602223008922048	
		1300	0,598265816324271	
		1303,125	0,598021881883146	
		1306,25	0,600731587978655	
		1309,375	0,602034183731587	
		1312,5	0,601750757644711	
		1315,625	0,601580753406963	
		1318,75	0,605558562370722	
		1321,875	0,605410741172788	
		1325	0,605215814859851	
		1328,125	0,604954603804015	
		1331,25	0,606610200448472	
		1334,375	0,605475289737256	
		1337,5	0,606923391338544	
		1340,625	0,609147790641567	
		1343,75	0,607581581285694	
		1346,875	0,610025860300423	
		1350	0,609559608098834	
		1353,125	0,608901665534912	
		1356,25	0,606549055754794	
		1359,375	0,61167939052158	
		1362,5	0,612830211524697	
		1365,625	0,61275171904024	
		1368,75	0,614272258502475	
		1371,875	0,615501177870878	
		1375	0,614331870559397	
		1378,125	0,614683497401552	
		1381,25	0,615672356989171	
		1384,375	0,61537108351125	
		1387,5	0,616632054788378	
		1390,625	0,618670841103731	
		1393,75	0,620811364355308	
		1396,875	0,621925058303352	
		1400	0,622715301763882	
		1403,125	0,62192039553454	
		1406,25	0,623282412275263	
		1409,375	0,625127685770792	
		1412,5	0,626568375995685	
		1415,625	0,627476205542493	
		1418,75	0,628081412152217	
		1421,875	0,630619807375668	
		1425	0,631292825544809	
		1428,125	0,631549774739876	
		1431,25	0,633670061427779	
		1434,375	0,636000268082011	
		1437,5	0,640386836320208	
		1440,625	0,63905448758802	
		1443,75	0,641421267787546	
		1446,875	0,644070543695575	
		1450	0,646576526845997	
		1453,125	0,648686751003949	
		1456,25	0,651318478395684	
		1459,375	0,654091468406712	
		1462,5	0,657981583076855	
		1465,625	0,659251707142091	
		1468,75	0,66446076196081	
		1471,875	0,667921315279195	
		1475	0,669981346897155	
		1478,125	0,674922903888061	
		1481,25	0,679248861989295	
		1484,375	0,685921257019191	
		1487,5	0,687541004940038	
		1490,625	0,693404762180008	
		1493,75	0,698459222258087	
		1496,875	0,701813003482128	
		1500	0,711288371261591	
		1503,125	0,717941988193328	
		1506,25	0,722379042740924	
		1509,375	0,730706293108466	
		1512,5	0,736313387795476	
		1515,625	0,740594982726075	
		1518,75	0,74709219724471	
		1521,875	0,750934475077666	
		1525	0,756524989665064	
		1528,125	0,759027629229384	
		1531,25	0,761464246231996	
		1534,375	0,762786602834377	
		1537,5	0,763574419308219	
		1540,625	0,763335315462246	
		1543,75	0,762935139225322	
		1546,875	0,761844748218337	
		1550	0,7602359701175	
		1553,125	0,75852971460796	
		1556,25	0,756347888470492	
		1559,375	0,754423325571721	
		1562,5	0,752339338326508	
		1565,625	0,750958834631745	
		1568,75	0,747969110369645	
		1571,875	0,74573336098003	
		1575	0,743529598180144	
		1578,125	0,741191371676614	
		1581,25	0,738549924923851	
		1584,375	0,737629264521334	
		1587,5	0,73544276462909	
		1590,625	0,733073291613381	
		1593,75	0,731852713035687	
		1596,875	0,731385665064023	
		1600	0,729568032232801	
		1603,125	0,728828840367487	
		1606,25	0,7284474568398	
		1609,375	0,730650772581579	
		1612,5	0,731480246111805	
		1615,625	0,73049120319059	
		1618,75	0,729086016027668	
		1621,875	0,72934851564729	
		1625	0,729440253094233	
		1628,125	0,72926735500606	
		1631,25	0,72866269231661	
		1634,375	0,726758791595771	
		1637,5	0,726283818204526	
		1640,625	0,727498358830487	
		1643,75	0,724699934495194	
		1646,875	0,72305492564883	
		1650	0,721281719144898	
		1653,125	0,720397439499316	
		1656,25	0,717887523221976	
		1659,375	0,714488192978628	
		1662,5	0,709994758119974	
		1665,625	0,700404825555686	
		1668,75	0,694308936558754	
		1671,875	0,689926386739873	
		1675	0,690508368931931	
		1678,125	0,688831904785274	
		1681,25	0,686763498997096	
		1684,375	0,687157972473669	
		1687,5	0,684763668425153	
		1690,625	0,682671998870288	
		1693,75	0,68201816413313	
		1696,875	0,677108173909512	
		1700	0,675049558297733	
		1703,125	0,670867007085192	
		1706,25	0,668518433165562	
		1709,375	0,667020792958329	
		1712,5	0,664465803875984	
		1715,625	0,663197871397566	
		1718,75	0,659534219913515	
		1721,875	0,656928134546797	
		1725	0,656159523160191	
		1728,125	0,653205150445796	
		1731,25	0,649536548696196	
		1734,375	0,645889498570025	
		1737,5	0,648296692183351	
		1740,625	0,646123155191877	
		1743,75	0,647116673691691	
		1746,875	0,647035322998688	
		1750	0,643735099115328	
		1753,125	0,642032741252044	
		1756,25	0,640276769745989	
		1759,375	0,637403565905298	
		1762,5	0,637681041151885	
		1765,625	0,638255309873736	
		1768,75	0,639879341002048	
		1771,875	0,638001494306868	
		1775	0,637756175537403	
		1778,125	0,637637225881323	
		1781,25	0,639606050318576	
		1784,375	0,639119935752944	
		1787,5	0,635830696506124	
		1790,625	0,640887450307075	
		1793,75	0,638247799141152	
		1796,875	0,638894387627723	
		1800	0,641842351218248	
		1803,125	0,641417900249768	
		1806,25	0,642956326693104	
		1809,375	0,644035662504563	
		1812,5	0,642591325932653	
		1815,625	0,643486751983773	
		1818,75	0,647006544500318	
		1821,875	0,646618353070342	
		1825	0,646754356802383	
		1828,125	0,646670484198895	
		1831,25	0,649059530992549	
		1834,375	0,651667678303473	
		1837,5	0,652307578185679	
		1840,625	0,650227649930956	
		1843,75	0,654608133262588	
		1846,875	0,654752868575064	
		1850	0,656078330486742	
		1853,125	0,656910312255687	
		1856,25	0,661132454803029	
		1859,375	0,661238045002781	
		1862,5	0,664994167980674	
		1865,625	0,665549167944465	
		1868,75	0,667614576297705	
		1871,875	0,668995553057332	
		1875	0,668719768712695	
		1878,125	0,673096525889557	
		1881,25	0,674635086422512	
		1884,375	0,674518518485346	
		1887,5	0,675266059850323	
		1890,625	0,678428232877595	
		1893,75	0,679525252079675	
		1896,875	0,680846348988906	
		1900	0,680419909836127	
		1903,125	0,68217370819438	
		1906,25	0,682569846146166	
		1909,375	0,681681104262789	
		1912,5	0,680491576077828	
		1915,625	0,68108782966576	
		1918,75	0,68127967630437	
		1921,875	0,679038827727076	
		1925	0,677235714033196	
		1928,125	0,679401061649181	
		1931,25	0,678866991463229	
		1934,375	0,677567714883974	
		1937,5	0,676626263921347	
		1940,625	0,676587726854491	
		1943,75	0,675870310965798	
		1946,875	0,676406375711784	
		1950	0,675327732817005	
		1953,125	0,67358128358781	
		1956,25	0,673349409424258	
		1959,375	0,672372588382019	
		1962,5	0,66948361799616	
		1965,625	0,671359544322823	
		1968,75	0,670612355431336	
		1971,875	0,671988585897685	
		1975	0,67468983299074	
		1978,125	0,671470045317271	
		1981,25	0,672103124075203	
		1984,375	0,672698786620047	
		1987,5	0,672505201720187	
		1990,625	0,671344351305749	
		1993,75	0,673752174039863	
		1996,875	0,67259404507351	
		2000	0,671660471899697	
		2003,125	0,673134495200627	
		2006,25	0,674525367536278	
		2009,375	0,677230923533098	
		2012,5	0,679567555782789	
		2015,625	0,679274700524093	
		2018,75	0,683439481953006	
		2021,875	0,68146014312058	
		2025	0,683266425111422	
		2028,125	0,687321010926322	
		2031,25	0,693086022897809	
		2034,375	0,691403347763264	
		2037,5	0,693733680471077	
		2040,625	0,702010154018742	
		2043,75	0,700577751745868	
		2046,875	0,700882930100909	
		2050	0,702779192198564	
		2053,125	0,703377493917413	
		2056,25	0,70555187592765	
		2059,375	0,707847963391035	
		2062,5	0,709423046337642	
		2065,625	0,710253753746528	
		2068,75	0,710095956472799	
		2071,875	0,711221552686437	
		2075	0,712906922978159	
		2078,125	0,715093236746975	
		2081,25	0,716998071658353	
		2084,375	0,716018056958083	
		2087,5	0,716518559748208	
		2090,625	0,716731954682851	
		2093,75	0,718837555568419	
		2096,875	0,719865259522638	
		2100	0,720174865216175	
		2103,125	0,720651864645665	
		2106,25	0,721406660350226	
		2109,375	0,720991497946627	
		2112,5	0,72005747521973	
		2115,625	0,721628966373997	
		2118,75	0,721296826798412	
		2121,875	0,723083711303303	
		2125	0,7240088152132	
		2128,125	0,721891028264984	
		2131,25	0,722480908669792	
		2134,375	0,723707152916459	
		2137,5	0,723193098477294	
		2140,625	0,724555855903706	
		2143,75	0,724514162857381	
		2146,875	0,72287697747426	
		2150	0,722687499143903	
		2153,125	0,724429971528066	
		2156,25	0,723482425234202	
		2159,375	0,725211590676774	
		2162,5	0,72590091791046	
		2165,625	0,725670915215457	
		2168,75	0,724629251843372	
		2171,875	0,724632944768436	
		2175	0,722314209682806	
		2178,125	0,723873883421945	
		2181,25	0,724917122442494	
		2184,375	0,726042752058376	
		2187,5	0,725563171246638	
		2190,625	0,72443396671198	
		2193,75	0,722482994564413	
		2196,875	0,723483030017947	
		2200	0,724591724404818	
		2203,125	0,72407363432374	
		2206,25	0,723375351657821	
		2209,375	0,724214468585209	
		2212,5	0,72099602331563	
		2215,625	0,719576394836533	
		2218,75	0,720588756931816	
		2221,875	0,721672558157809	
		2225	0,72137237957033	
		2228,125	0,720053744015403	
		2231,25	0,721463810911247	
		2234,375	0,721824305219257	
		2237,5	0,7197851835569	
		2240,625	0,716230588126336	
		2243,75	0,716437813163904	
		2246,875	0,716811911881385	
		2250	0,71793516240952	
		2253,125	0,717392650244729	
		2256,25	0,718548972225266	
		2259,375	0,716145378543065	
		2262,5	0,715857888116602	
		2265,625	0,715722453743402	
		2268,75	0,71726095471743	
		2271,875	0,715839729251694	
		2275	0,714664254288838	
		2278,125	0,712836909788879	
		2281,25	0,713050719853431	
		2284,375	0,713591641940231	
		2287,5	0,710306160677592	
		2290,625	0,71210294876533	
		2293,75	0,713406748268631	
		2296,875	0,7115338831964	
		2300	0,710945894275567	
		2303,125	0,712065465773111	
		2306,25	0,71230071115268	
		2309,375	0,711159457155333	
		2312,5	0,711737911539337	
		2315,625	0,713291910397593	
		2318,75	0,712915295755756	
		2321,875	0,715023031310878	
		2325	0,712477562726518	
		2328,125	0,71271977268089	
		2331,25	0,712876752334945	
		2334,375	0,711645171941421	
		2337,5	0,712795089931642	
		2340,625	0,715684552231408	
		2343,75	0,713089374999871	
		2346,875	0,714306561447855	
		2350	0,713148192405872	
		2353,125	0,713736401257869	
		2356,25	0,714829916425845	
		2359,375	0,715803967622107	
		2362,5	0,71505023983638	
		2365,625	0,715211670797518	
		2368,75	0,71650447277394	
		2371,875	0,720681097031804	
		2375	0,719455428625628	
		2378,125	0,71883070926118	
		2381,25	0,718572799504429	
		2384,375	0,717216652028199	
		2387,5	0,720152790293284	
		2390,625	0,720772478121147	
		2393,75	0,720585404859916	
		2396,875	0,719579477580229	
		2400	0,720891478987622	
		2403,125	0,720883300571686	
		2406,25	0,720162151495664	
		2409,375	0,720810423290777	
		2412,5	0,72276882156847	
		2415,625	0,723961391797146	
		2418,75	0,72368013806151	
		2421,875	0,722508116852266	
		2425	0,723968926564793	
		2428,125	0,724655540972504	
		2431,25	0,724139876527906	
		2434,375	0,725620475662414	
		2437,5	0,725379493492875	
		2440,625	0,725533929404816	
		2443,75	0,725771785851619	
		2446,875	0,727099871810182	
		2450	0,725768217274366	
		2453,125	0,72644724021086	
		2456,25	0,726880774177134	
		2459,375	0,726210005039752	
		2462,5	0,727047130183226	
		2465,625	0,727077370447184	
		2468,75	0,728281608951406	
		2471,875	0,726962390740446	
		2475	0,727581506907184	
		2478,125	0,726730231120484	
		2481,25	0,728318412915445	
		2484,375	0,726281540267724	
		2487,5	0,725286789173717	
		2490,625	0,727363743881466	
		2493,75	0,728958276143121	
		2496,875	0,728576746740233	
		2500	0,726974180535162	
		2503,125	0,728528371437432	
		2506,25	0,727429630021772	
		2509,375	0,728301845514016	
		2512,5	0,728665699743507	
		2515,625	0,73052994875137	
		2518,75	0,72980545000867	
		2521,875	0,72917582767926	
		2525	0,726731947682313	
		2528,125	0,729837549884802	
		2531,25	0,72992886084505	
		2534,375	0,728332109379857	
		2537,5	0,728005860750409	
		2540,625	0,731248897936733	
		2543,75	0,731510963047376	
		2546,875	0,727954613678776	
		2550	0,727633346281083	
		2553,125	0,727989366933481	
		2556,25	0,727307482678117	
		2559,375	0,728596686484132	
		2562,5	0,729667992970324	
		2565,625	0,730188472141013	
		2568,75	0,729875135384275	
		2571,875	0,728909150704629	
		2575	0,729768432250265	
		2578,125	0,733183357407627	
		2581,25	0,731331266848687	
		2584,375	0,733073330118852	
		2587,5	0,732750824359439	
		2590,625	0,73349079207963	
		2593,75	0,733704073978574	
		2596,875	0,73231688336032	
		2600	0,734045368618078	
		2603,125	0,735062919713812	
		2606,25	0,736345474384181	
		2609,375	0,734812099549849	
		2612,5	0,734999639390419	
		2615,625	0,735419821408536	
		2618,75	0,734083340608894	
		2621,875	0,736567023240671	
		2625	0,73812810587279	
		2628,125	0,737867303493417	
		2631,25	0,739560177984482	
		2634,375	0,741637497776001	
		2637,5	0,74126055906901	
		2640,625	0,740915382043973	
		2643,75	0,739197776567187	
		2646,875	0,738742756533676	
		2650	0,740074197360148	
		2653,125	0,741219297981248	
		2656,25	0,739061852839668	
		2659,375	0,739925652055676	
		2662,5	0,741584450153898	
		2665,625	0,741285950455911	
		2668,75	0,743426744272549	
		2671,875	0,741920685686501	
		2675	0,741612529053025	
		2678,125	0,74256064834251	
		2681,25	0,74173175596299	
		2684,375	0,741891446902115	
		2687,5	0,74265404123239	
		2690,625	0,743510650539591	
		2693,75	0,743658459792634	
		2696,875	0,745102883099076	
		2700	0,745269263449227	
		2703,125	0,745536676572352	
		2706,25	0,747196712496495	
		2709,375	0,746525149728083	
		2712,5	0,745554238013691	
		2715,625	0,746845612017261	
		2718,75	0,748441015683242	
		2721,875	0,749286303131913	
		2725	0,748317321126526	
		2728,125	0,747502168631895	
		2731,25	0,748521970868857	
		2734,375	0,750471095510114	
		2737,5	0,750787953368743	
		2740,625	0,750020805865286	
		2743,75	0,748448885571585	
		2746,875	0,750010030469289	
		2750	0,751363972286936	
		2753,125	0,750384856691246	
		2756,25	0,750194384557525	
		2759,375	0,750599967379591	
		2762,5	0,751849384940015	
		2765,625	0,751437634036433	
		2768,75	0,74950753901273	
		2771,875	0,751610844506761	
		2775	0,751561586032359	
		2778,125	0,752234087309953	
		2781,25	0,751717162423444	
		2784,375	0,752620291173039	
		2787,5	0,753708113765133	
		2790,625	0,752761845638502	
		2793,75	0,752723626944249	
		2796,875	0,752604772068052	
		2800	0,752411606812414	
		2803,125	0,75090291014127	
		2806,25	0,753191641095272	
		2809,375	0,752775392948127	
		2812,5	0,752049588272515	
		2815,625	0,752859431690442	
		2818,75	0,75373106897554	
		2821,875	0,753612656019457	
		2825	0,754930889511312	
		2828,125	0,754890868568956	
		2831,25	0,754191415494664	
		2834,375	0,75542643686869	
		2837,5	0,753418838107097	
		2840,625	0,753857415740335	
		2843,75	0,75595581146453	
		2846,875	0,755390983919419	
		2850	0,756197397151474	
		2853,125	0,757417523873999	
		2856,25	0,756322902506358	
		2859,375	0,757226666497082	
		2862,5	0,7571625344476	
		2865,625	0,758364933994438	
		2868,75	0,758150810257514	
		2871,875	0,756910237082789	
		2875	0,758702466957266	
		2878,125	0,758991689731672	
		2881,25	0,758885456992835	
		2884,375	0,759695004776158	
		2887,5	0,75945511823136	
		2890,625	0,758906975465659	
		2893,75	0,759544260483797	
		2896,875	0,760914895006181	
		2900	0,761235043119216	
		2903,125	0,761268578757115	
		2906,25	0,762595547563563	
		2909,375	0,762338974932119	
		2912,5	0,763806319030051	
		2915,625	0,765130261345758	
		2918,75	0,764568635585258	
		2921,875	0,764019567729561	
		2925	0,763554377891154	
		2928,125	0,765368213636947	
		2931,25	0,766646422044781	
		2934,375	0,765345781913846	
		2937,5	0,765366862752192	
		2940,625	0,766524885901479	
		2943,75	0,767311366154733	
		2946,875	0,767011360694377	
		2950	0,767078469251739	
		2953,125	0,767691975199049	
		2956,25	0,767104895943378	
		2959,375	0,767033718239663	
		2962,5	0,770649584789166	
		2965,625	0,770427363734362	
		2968,75	0,769716165876161	
		2971,875	0,771059522452321	
		2975	0,771891622504836	
		2978,125	0,772488006145883	
		2981,25	0,774097899425869	
		2984,375	0,772900058564449	
		2987,5	0,773194652359382	
		2990,625	0,774650963775599	
		2993,75	0,774935327004381	
		2996,875	0,775028342728531	
		3000	0,775605345408605	
		3003,125	0,774360838857318	
		3006,25	0,77493656342686	
		3009,375	0,775624546176477	
		3012,5	0,776164334274442	
		3015,625	0,775610675102301	
		3018,75	0,775794610752173	
		3021,875	0,777361311014376	
		3025	0,776884681855222	
		3028,125	0,776340584431659	
		3031,25	0,77535412161698	
		3034,375	0,77735315420398	
		3037,5	0,776988989346179	
		3040,625	0,777732644587172	
		3043,75	0,777214748299539	
		3046,875	0,775222351929142	
		3050	0,777031968540048	
		3053,125	0,776702084544018	
		3056,25	0,776617465635075	
		3059,375	0,77540333632446	
		3062,5	0,775709678520786	
		3065,625	0,775978110053316	
		3068,75	0,776020412858892	
		3071,875	0,775670914410491	
		3075	0,77517236660159	
		3078,125	0,776147798149252	
		3081,25	0,776354516979078	
		3084,375	0,775492628695826	
		3087,5	0,774605226302159	
		3090,625	0,773538386679993	
		3093,75	0,772825515836403	
		3096,875	0,773595300353555	
		3100	0,775301108190828	
		3103,125	0,77483890501986	
		3106,25	0,773913618938552	
		3109,375	0,774800975630394	
		3112,5	0,773883297631224	
		3115,625	0,773322592836524	
		3118,75	0,77283572330381	
		3121,875	0,772074696656086	
		3125	0,772093181874358	
		3128,125	0,771582706586811	
		3131,25	0,772266951688963	
		3134,375	0,772331614637939	
		3137,5	0,772922363997416	
		3140,625	0,773036803992453	
		3143,75	0,772446675316355	
		3146,875	0,771832548001288	
		3150	0,773076257037924	
		3153,125	0,772772741396437	
		3156,25	0,771384672863745	
		3159,375	0,771373627726896	
		3162,5	0,773712667427253	
		3165,625	0,774768195778236	
		3168,75	0,774151197012389	
		3171,875	0,774281189468918	
		3175	0,772842113648026	
		3178,125	0,773713609936878	
		3181,25	0,772396162607862	
		3184,375	0,770052175437424	
		3187,5	0,771084302469476	
		3190,625	0,77225303083212	
		3193,75	0,773278376396107	
		3196,875	0,77098859991774	
		3200	0,770711868993837	
		3203,125	0,77203034316091	
		3206,25	0,772514453874915	
		3209,375	0,773042349583857	
		3212,5	0,77294147061289	
		3215,625	0,773714811053482	
		3218,75	0,77267697061542	
		3221,875	0,774253615486541	
		3225	0,773716418004173	
		3228,125	0,773011172940546	
		3231,25	0,772455927832006	
		3234,375	0,772756814178105	
		3237,5	0,772828985286817	
		3240,625	0,773380922986752	
		3243,75	0,773331570888382	
		3246,875	0,773298879001922	
		3250	0,773788091216777	
		3253,125	0,773109264771211	
		3256,25	0,774084042262706	
		3259,375	0,773509688406207	
		3262,5	0,773942848036658	
		3265,625	0,77613459275111	
		3268,75	0,775279168002245	
		3271,875	0,775175190988815	
		3275	0,776260314586736	
		3278,125	0,776899413813914	
		3281,25	0,775360066021124	
		3284,375	0,77678667926948	
		3287,5	0,776007422542403	
		3290,625	0,775053792743281	
		3293,75	0,775747840724825	
		3296,875	0,778067357800555	
		3300	0,778029759138071	
		3303,125	0,778310635089963	
		3306,25	0,777924274321836	
		3309,375	0,777037082582724	
		3312,5	0,777167330409428	
		3315,625	0,779095871266857	
		3318,75	0,778109488327024	
		3321,875	0,778541810490631	
		3325	0,777834888478975	
		3328,125	0,778414874616401	
		3331,25	0,778799573038477	
		3334,375	0,778567842668977	
		3337,5	0,779881503927723	
		3340,625	0,780625386140324	
		3343,75	0,779522402798581	
		3346,875	0,778183234449327	
		3350	0,777724394795359	
		3353,125	0,778947909900353	
		3356,25	0,781080041049235	
		3359,375	0,780291783204187	
		3362,5	0,781515332938337	
		3365,625	0,781775954898059	
		3368,75	0,782314870710864	
		3371,875	0,782752947447323	
		3375	0,784292484191989	
		3378,125	0,783017655164764	
		3381,25	0,783662985229747	
		3384,375	0,783975943872068	
		3387,5	0,786121148730843	
		3390,625	0,784505457591296	
		3393,75	0,785659369112022	
		3396,875	0,785972174781296	
		3400	0,785436727621926	
		3403,125	0,784852130824029	
		3406,25	0,784037591361237	
		3409,375	0,785483079977902	
		3412,5	0,784508690170045	
		3415,625	0,784138951828725	
		3418,75	0,786850025332361	
		3421,875	0,786640314484303	
		3425	0,786718645444893	
		3428,125	0,788034049658531	
		3431,25	0,78850820113034	
		3434,375	0,787956405022952	
		3437,5	0,7875245274147	
		3440,625	0,788011806707244	
		3443,75	0,788638259052249	
		3446,875	0,790067492638658	
		3450	0,790833120792172	
		3453,125	0,790655970341319	
		3456,25	0,790022993781559	
		3459,375	0,789484244617269	
		3462,5	0,791204430879304	
		3465,625	0,79105890988733	
		3468,75	0,789471192992785	
		3471,875	0,790351709958742	
		3475	0,790857543468197	
		3478,125	0,791211825553419	
		3481,25	0,79337978452003	
		3484,375	0,793230395662028	
		3487,5	0,791581705476659	
		3490,625	0,791798372563265	
		3493,75	0,791018423224216	
		3496,875	0,792283610557762	
		3500	0,79268612575716	
		3503,125	0,792673515632104	
		3506,25	0,791485640651983	
		3509,375	0,791479631331329	
		3512,5	0,794144698936314	
		3515,625	0,794947104511704	
		3518,75	0,793150794707473	
		3521,875	0,793708779823262	
		3525	0,793738176003698	
		3528,125	0,79292737221923	
		3531,25	0,791887767793627	
		3534,375	0,792824236732868	
		3537,5	0,794747300254956	
		3540,625	0,794124450761618	
		3543,75	0,79410549065514	
		3546,875	0,794646663917976	
		3550	0,794433866070127	
		3553,125	0,794234427988045	
		3556,25	0,793631418740906	
		3559,375	0,794300781216878	
		3562,5	0,793134598538853	
		3565,625	0,793541334178681	
		3568,75	0,793926214119283	
		3571,875	0,793011739573411	
		3575	0,791945430142351	
		3578,125	0,7917889639574	
		3581,25	0,791860358970381	
		3584,375	0,793095981250037	
		3587,5	0,793955815821542	
		3590,625	0,79249790828215	
		3593,75	0,791359306492567	
		3596,875	0,791340618188407	
		3600	0,791242202500433	
		3603,125	0,791902446462129	
		3606,25	0,791321170270494	
		3609,375	0,792182841845388	
		3612,5	0,792241512398975	
		3615,625	0,79082248429266	
		3618,75	0,791805131774491	
		3621,875	0,791880888432609	
		3625	0,792314262636083	
		3628,125	0,791646201272087	
		3631,25	0,79112077664206	
		3634,375	0,790162435709498	
		3637,5	0,791256516294179	
		3640,625	0,792924727623307	
		3643,75	0,791663526906398	
		3646,875	0,792400086638942	
		3650	0,791843819792872	
		3653,125	0,792312940470199	
		3656,25	0,792457864478827	
		3659,375	0,791429917437191	
		3662,5	0,790985844673939	
		3665,625	0,789261331027532	
		3668,75	0,79113697842764	
		3671,875	0,79267838932508	
		3675	0,791465877744359	
		3678,125	0,79132219359175	
		3681,25	0,790742681758746	
		3684,375	0,794219396944571	
		3687,5	0,793171563354699	
		3690,625	0,792714879632864	
		3693,75	0,792111669663501	
		3696,875	0,791210680472611	
		3700	0,792812975047204	
		3703,125	0,793814128517567	
		3706,25	0,791996933404532	
		3709,375	0,791816592073285	
		3712,5	0,793392798700435	
		3715,625	0,795286302292722	
		3718,75	0,792291922117579	
		3721,875	0,793081753171059	
		3725	0,792117587656815	
		3728,125	0,793203741853313	
		3731,25	0,79314887206947	
		3734,375	0,794121136378008	
		3737,5	0,793857623703845	
		3740,625	0,793064405135798	
		3743,75	0,793591590342139	
		3746,875	0,793556938431043	
		3750	0,794024855730178	
		3753,125	0,794676884036945	
		3756,25	0,794923658513345	
		3759,375	0,795601766404818	
		3762,5	0,794181643307192	
		3765,625	0,7961581291984	
		3768,75	0,79599176484077	
		3771,875	0,797168007425426	
		3775	0,796146374176516	
		3778,125	0,796991486431849	
		3781,25	0,796768222320886	
		3784,375	0,795725689940416	
		3787,5	0,794902787232499	
		3790,625	0,79598490437602	
		3793,75	0,798132078641354	
		3796,875	0,798477868194716	
		3800	0,800054420506483	
		3803,125	0,798635865486977	
		3806,25	0,797195162390081	
		3809,375	0,798896367393473	
		3812,5	0,799862506702728	
		3815,625	0,800766615472316	
		3818,75	0,799453008773295	
		3821,875	0,800613556509742	
		3825	0,80038579061036	
		3828,125	0,800133410287558	
		3831,25	0,800043924622446	
		3834,375	0,799779227255669	
		3837,5	0,799348997553855	
		3840,625	0,80148102141214	
		3843,75	0,803057000587246	
		3846,875	0,801942806657919	
		3850	0,802102667710074	
		3853,125	0,801878153966096	
		3856,25	0,800488452716568	
		3859,375	0,802520918089572	
		3862,5	0,803482339332243	
		3865,625	0,802473846409095	
		3868,75	0,802647042127324	
		3871,875	0,804175726986008	
		3875	0,804280160146022	
		3878,125	0,802401656885096	
		3881,25	0,803726230330605	
		3884,375	0,803898494791039	
		3887,5	0,803954848543892	
		3890,625	0,804624673038309	
		3893,75	0,802694730905586	
		3896,875	0,803839280227612	
		3900	0,803357049007383	
		3903,125	0,803735072516802	
		3906,25	0,804339721269399	
		3909,375	0,804697252328824	
		3912,5	0,805440786630629	
		3915,625	0,805094164119752	
		3918,75	0,8056555588232	
		3921,875	0,8056276985166	
		3925	0,807452628105675	
		3928,125	0,807750720008795	
		3931,25	0,807390025352381	
		3934,375	0,807161326102562	
		3937,5	0,807275449326556	
		3940,625	0,806826301453722	
		3943,75	0,80682118721202	
		3946,875	0,808218012807179	
		3950	0,809343718030004	
		3953,125	0,808364061744495	
		3956,25	0,808398601408174	
		3959,375	0,810265910409027	
		3962,5	0,80927534040881	
		3965,625	0,80779543675531	
		3968,75	0,808013503560449	
		3971,875	0,807907614250726	
		3975	0,806981059933727	
		3978,125	0,808190484874967	
		3981,25	0,809384032854533	
		3984,375	0,809561946523411	
		3987,5	0,80915968948832	
		3990,625	0,808136733850003	
		3993,75	0,807882262978528	
		3996,875	0,807455995158422	
		4000	0,805622286383568	
		4003,125	0,80676256617501	
		4006,25	0,807368259621167	
		4009,375	0,807896737553893	
		4012,5	0,807737038460585	
		4015,625	0,807014185050865	
		4018,75	0,806874291697672	
		4021,875	0,807202818686143	
		4025	0,806627221461854	
		4028,125	0,807209925836073	
		4031,25	0,808414117002981	
		4034,375	0,807708196456335	
		4037,5	0,805520055629698	
		4040,625	0,809417987489437	
		4043,75	0,808004485618563	
		4046,875	0,808417179605561	
		4050	0,809392440628828	
		4053,125	0,808036600007614	
		4056,25	0,808271863742423	
		4059,375	0,808629639210286	
		4062,5	0,80998336177194	
		4065,625	0,808089548495754	
		4068,75	0,808845211823618	
		4071,875	0,810320771307517	
		4075	0,806804485372355	
		4078,125	0,806945930466225	
		4081,25	0,807271715746418	
		4084,375	0,809005233884196	
		4087,5	0,806694168298461	
		4090,625	0,808659617381132	
		4093,75	0,81062294674843	
		4096,875	0,808878876533308	
		4100	0,808364246427656	
		4103,125	0,80877686716772	
		4106,25	0,80945338859476	
		4109,375	0,808098214906277	
		4112,5	0,810063101032295	
		4115,625	0,810931178772371	
		4118,75	0,810091978068738	
		4121,875	0,811104274648631	
		4125	0,812535522355359	
		4128,125	0,812188213569623	
		4131,25	0,812519428333724	
		4134,375	0,812241438945169	
		4137,5	0,812411873374318	
		4140,625	0,814021573371393	
		4143,75	0,814367501854949	
		4146,875	0,814404168394365	
		4150	0,815079981654672	
		4153,125	0,812743786286143	
		4156,25	0,813757493371309	
		4159,375	0,816313146816649	
		4162,5	0,816732243951715	
		4165,625	0,816368864573025	
		4168,75	0,816841711004301	
		4171,875	0,817180037097648	
		4175	0,816886892436206	
		4178,125	0,816217775129005	
		4181,25	0,81671946924529	
		4184,375	0,817297723328706	
		4187,5	0,817353981266198	
		4190,625	0,8168207529925	
		4193,75	0,816838435640122	
		4196,875	0,817888812073202	
		4200	0,818930955581717	
		4203,125	0,818915204997893	
		4206,25	0,820729259030406	
		4209,375	0,819957724300528	
		4212,5	0,818607048093064	
		4215,625	0,818512956309329	
		4218,75	0,818513065166222	
		4221,875	0,81933983187183	
		4225	0,819249732217101	
		4228,125	0,820491927755109	
		4231,25	0,819812829124835	
		4234,375	0,820343147406497	
		4237,5	0,820482149039823	
		4240,625	0,81894755513606	
		4243,75	0,820302724247203	
		4246,875	0,819330009805409	
		4250	0,819203824325508	
		4253,125	0,821073129040536	
		4256,25	0,820811383039776	
		4259,375	0,820710232895798	
		4262,5	0,820388575752074	
		4265,625	0,820307577769932	
		4268,75	0,820560807766356	
		4271,875	0,821457278345036	
		4275	0,821126150205415	
		4278,125	0,820421873700269	
		4281,25	0,820278613925256	
		4284,375	0,818906953872192	
		4287,5	0,819362433474306	
		4290,625	0,819505439508182	
		4293,75	0,821606100530305	
		4296,875	0,822421209002746	
		4300	0,82238103648991	
		4303,125	0,821455806222477	
		4306,25	0,822752382160878	
		4309,375	0,822544716776522	
		4312,5	0,82094894441545	
		4315,625	0,821863589775135	
		4318,75	0,82242054063423	
		4321,875	0,823240640232766	
		4325	0,823586881259664	
		4328,125	0,823334215315742	
		4331,25	0,822932698302178	
		4334,375	0,823665017392865	
		4337,5	0,823039212979675	
		4340,625	0,823622963875982	
		4343,75	0,823602862946009	
		4346,875	0,824996322529036	
		4350	0,825285960838344	
		4353,125	0,825401211641809	
		4356,25	0,825535535079707	
		4359,375	0,825737950030598	
		4362,5	0,826023132565414	
		4365,625	0,826048505079473	
		4368,75	0,825346163249564	
		4371,875	0,826641336406502	
		4375	0,826615221339185	
		4378,125	0,825001873527694	
		4381,25	0,82640424180457	
		4384,375	0,827564030400803	
		4387,5	0,828276434418797	
		4390,625	0,827990327201256	
		4393,75	0,82758162926988	
		4396,875	0,827338469721194	
		4400	0,827991149495008	
		4403,125	0,828790607728769	
		4406,25	0,829091215313258	
		4409,375	0,82950815412443	
		4412,5	0,829558267444058	
		4415,625	0,83010884279527	
		4418,75	0,830242738547805	
		4421,875	0,829097983499127	
		4425	0,82997704373592	
		4428,125	0,829532501375318	
		4431,25	0,829207232669089	
		4434,375	0,830644086247831	
		4437,5	0,831332595411182	
		4440,625	0,830906398997426	
		4443,75	0,830968990961103	
		4446,875	0,829836842468568	
		4450	0,82954317308986	
		4453,125	0,829607887940904	
		4456,25	0,830704881231674	
		4459,375	0,830966937668665	
		4462,5	0,829586319966863	
		4465,625	0,829993771798055	
		4468,75	0,82892892390647	
		4471,875	0,82923468948978	
		4475	0,829843045407655	
		4478,125	0,831722813500355	
		4481,25	0,830535425623726	
		4484,375	0,829854352240876	
		4487,5	0,831003019042257	
		4490,625	0,831161124128333	
		4493,75	0,831413425059251	
		4496,875	0,831977363194478	
		4500	0,831324847505358	
		4503,125	0,831716200028788	
		4506,25	0,831177808167609	
		4509,375	0,831089188795985	
		4512,5	0,832126837017138	
		4515,625	0,832907535134956	
		4518,75	0,832348767472886	
		4521,875	0,833669886557258	
		4525	0,834286427280418	
		4528,125	0,83470078627212	
		4531,25	0,834602983455465	
		4534,375	0,834758093189426	
		4537,5	0,835446932188353	
		4540,625	0,835061718595154	
		4543,75	0,834799978605824	
		4546,875	0,835681209084075	
		4550	0,83531767508598	
		4553,125	0,83622557215236	
		4556,25	0,835461159271261	
		4559,375	0,835568044932068	
		4562,5	0,835380226843969	
		4565,625	0,836468957496597	
		4568,75	0,835755955104798	
		4571,875	0,836415605692864	
		4575	0,836923628670972	
		4578,125	0,836995047926424	
		4581,25	0,837626226706724	
		4584,375	0,837497507027028	
		4587,5	0,837021959342319	
		4590,625	0,837067441236728	
		4593,75	0,837251820160375	
		4596,875	0,837879480119272	
		4600	0,837089782480013	
		4603,125	0,836556696463705	
		4606,25	0,837694399849541	
		4609,375	0,837466044386038	
		4612,5	0,838194772247984	
		4615,625	0,838545462907097	
		4618,75	0,83861131256949	
		4621,875	0,838786304571019	
		4625	0,838120366634403	
		4628,125	0,838494145203277	
		4631,25	0,839430384006554	
		4634,375	0,838198295370105	
		4637,5	0,837960596480948	
		4640,625	0,838213312818859	
		4643,75	0,838891135879623	
		4646,875	0,838903437900121	
		4650	0,838575434739818	
		4653,125	0,838164163965925	
		4656,25	0,838497915211455	
		4659,375	0,838889503332223	
		4662,5	0,836662118541133	
		4665,625	0,83950364044867	
		4668,75	0,840006863133231	
		4671,875	0,840413223485881	
		4675	0,840262493640551	
		4678,125	0,83994967034738	
		4681,25	0,841472122960484	
		4684,375	0,841426069174439	
		4687,5	0,841359038292932	
		4690,625	0,841779367727192	
		4693,75	0,842187753963533	
		4696,875	0,841533715942273	
		4700	0,839949415176975	
		4703,125	0,840720085133886	
		4706,25	0,841293676668709	
		4709,375	0,841089491301104	
		4712,5	0,84132802832502	
		4715,625	0,841323237030183	
		4718,75	0,841953803871177	
		4721,875	0,841614555357165	
		4725	0,841577225366145	
		4728,125	0,841316915391693	
		4731,25	0,839586279556305	
		4734,375	0,840209425349932	
		4737,5	0,840403391391529	
		4740,625	0,840468324409541	
		4743,75	0,840291713949004	
		4746,875	0,840100585398437	
		4750	0,839636186684925	
		4753,125	0,839698552902217	
		4756,25	0,83923207378603	
		4759,375	0,839263429337441	
		4762,5	0,838308599870139	
		4765,625	0,838263278056858	
		4768,75	0,837785922293964	
		4771,875	0,83748793226794	
		4775	0,838029647311871	
		4778,125	0,836026631061651	
		4781,25	0,836043364807068	
		4784,375	0,835565939397399	
		4787,5	0,834877751221634	
		4790,625	0,835102152595268	
		4793,75	0,832998992951825	
		4796,875	0,833203475646604	
		4800	0,833014877763083	
		4803,125	0,832108669356355	
		4806,25	0,831294646367869	
		4809,375	0,83115157233456	
		4812,5	0,829665781319533	
		4815,625	0,829795278287422	
		4818,75	0,829892315083813	
		4821,875	0,828620711113413	
		4825	0,827753211658034	
		4828,125	0,8276094435973	
		4831,25	0,82851220504227	
		4834,375	0,82935621159239	
		4837,5	0,828564782428652	
		4840,625	0,827119698934448	
		4843,75	0,825694021982731	
		4846,875	0,823838330221488	
		4850	0,822952467781291	
		4853,125	0,821998700826285	
		4856,25	0,821069919534556	
		4859,375	0,820565864286714	
		4862,5	0,820181427693323	
		4865,625	0,818901785549568	
		4868,75	0,817478069427528	
		4871,875	0,815619598343395	
		4875	0,815083872580447	
		4878,125	0,81477544635966	
		4881,25	0,813560045543725	
		4884,375	0,812659513699352	
		4887,5	0,811592467431484	
		4890,625	0,810982625238474	
		4893,75	0,810526842413102	
		4896,875	0,809955525064326	
		4900	0,808721738093156	
		4903,125	0,80762729326328	
		4906,25	0,806999734595423	
		4909,375	0,804691580086514	
		4912,5	0,804173770504831	
		4915,625	0,803659942982048	
		4918,75	0,802991878603483	
		4921,875	0,800960821378141	
		4925	0,797705892681725	
		4928,125	0,793482588878159	
		4931,25	0,791093216746057	
		4934,375	0,78947667074985	
		4937,5	0,788164691620905	
		4940,625	0,786866038919779	
		4943,75	0,785496441923692	
		4946,875	0,784494834175482	
		4950	0,783371672573134	
		4953,125	0,782029823636282	
		4956,25	0,781534663147199	
		4959,375	0,779881846399193	
		4962,5	0,778511490886809	
		4965,625	0,776930817001781	
		4968,75	0,77478471838205	
		4971,875	0,773954976539484	
		4975	0,772302582704438	
				
