Frequency in Hz	Wool_95 Sound Reflection Factor continuous Re	Frequency in Hz	Wool_95 Sound Reflection Factor continuous Im	
100	0,964748322963715	100	-0,128739401698112	
103,125	0,957401096820831	103,125	-0,119420699775219	
106,25	0,960232198238373	106,25	-0,153269648551941	
109,375	0,972029507160187	109,375	-0,138279154896736	
112,5	0,959437668323517	112,5	-0,143615454435349	
115,625	0,957832217216492	115,625	-0,155761405825615	
118,75	0,962734758853912	118,75	-0,148186311125755	
121,875	0,94972026348114	121,875	-0,156914368271828	
125	0,961992502212524	125	-0,159170776605606	
128,125	0,960538268089294	128,125	-0,171299234032631	
131,25	0,960950076580048	131,25	-0,169832676649094	
134,375	0,969902276992798	134,375	-0,170605108141899	
137,5	0,944650232791901	137,5	-0,186850175261497	
140,625	0,943239986896515	140,625	-0,175907999277115	
143,75	0,939997792243958	143,75	-0,187877759337425	
146,875	0,957943379878998	146,875	-0,17755338549614	
150	0,944575428962708	150	-0,18906868994236	
153,125	0,944429934024811	153,125	-0,203655645251274	
156,25	0,945304930210114	156,25	-0,198922231793404	
159,375	0,944834053516388	159,375	-0,204823940992355	
162,5	0,946328520774841	162,5	-0,205077022314072	
165,625	0,941148281097412	165,625	-0,205160930752754	
168,75	0,938484370708466	168,75	-0,223206251859665	
171,875	0,933779358863831	171,875	-0,213737562298775	
175	0,927184879779816	175	-0,22222301363945	
178,125	0,93474668264389	178,125	-0,227074906229973	
181,25	0,934605836868286	181,25	-0,224776074290276	
184,375	0,928301393985748	184,375	-0,225995600223541	
187,5	0,919356942176819	187,5	-0,236567154526711	
190,625	0,919225871562958	190,625	-0,232492342591286	
193,75	0,914153635501862	193,75	-0,246020376682281	
196,875	0,917906880378723	196,875	-0,241633594036102	
200	0,92511385679245	200	-0,242925330996513	
203,125	0,929129719734192	203,125	-0,243250653147697	
206,25	0,91562157869339	206,25	-0,26287516951561	
209,375	0,914623618125916	209,375	-0,257317095994949	
212,5	0,922971427440643	212,5	-0,252571493387222	
215,625	0,907286882400513	215,625	-0,268069714307785	
218,75	0,911875426769257	218,75	-0,260946124792099	
221,875	0,906788766384125	221,875	-0,270713806152344	
225	0,901834666728973	225	-0,270347148180008	
228,125	0,899035334587097	228,125	-0,274081349372864	
231,25	0,898962497711182	231,25	-0,275876194238663	
234,375	0,894278466701508	234,375	-0,279907494783401	
237,5	0,901496410369873	237,5	-0,280401229858398	
240,625	0,899180114269257	240,625	-0,297133654356003	
243,75	0,896897375583649	243,75	-0,292219907045364	
246,875	0,886563301086426	246,875	-0,293190628290176	
250	0,884212136268616	250	-0,294990599155426	
253,125	0,887703835964203	253,125	-0,299873322248459	
256,25	0,882476449012756	256,25	-0,307374954223633	
259,375	0,877175807952881	259,375	-0,303207278251648	
262,5	0,879273891448975	262,5	-0,311710625886917	
265,625	0,880012273788452	265,625	-0,319276183843613	
268,75	0,876879632472992	268,75	-0,315261214971542	
271,875	0,871078193187714	271,875	-0,323436498641968	
275	0,874157786369324	275	-0,32574537396431	
278,125	0,865939140319824	278,125	-0,330537974834442	
281,25	0,865374088287354	281,25	-0,33032962679863	
284,375	0,863975763320923	284,375	-0,332993030548096	
287,5	0,871112763881683	287,5	-0,331453949213028	
290,625	0,855175852775574	290,625	-0,351732701063156	
293,75	0,857770085334778	293,75	-0,3520168364048	
296,875	0,852977812290192	296,875	-0,353559643030167	
300	0,848910570144653	300	-0,357006430625916	
303,125	0,844041347503662	303,125	-0,36425906419754	
306,25	0,837650179862976	306,25	-0,366404831409454	
309,375	0,831629037857056	309,375	-0,366486936807632	
312,5	0,819531083106995	312,5	-0,372418969869614	
315,625	0,810177505016327	315,625	-0,357093721628189	
318,75	0,807147979736328	318,75	-0,360326886177063	
321,875	0,815473556518555	321,875	-0,354111909866333	
325	0,817882120609283	325	-0,349826127290726	
328,125	0,815121293067932	328,125	-0,346454232931137	
331,25	0,82299530506134	331,25	-0,362126886844635	
334,375	0,822934150695801	334,375	-0,36489537358284	
337,5	0,820003211498261	337,5	-0,362477958202362	
340,625	0,821686506271362	340,625	-0,369098901748657	
343,75	0,814766466617584	343,75	-0,376965761184692	
346,875	0,815421462059021	346,875	-0,378550320863724	
350	0,812425851821899	350	-0,377937406301498	
353,125	0,812881290912628	353,125	-0,380042016506195	
356,25	0,814088404178619	356,25	-0,390184342861176	
359,375	0,806676626205444	359,375	-0,400124788284302	
362,5	0,8022381067276	362,5	-0,399104416370392	
365,625	0,794507682323456	365,625	-0,394932925701141	
368,75	0,801059246063232	368,75	-0,401766538619995	
371,875	0,809783220291138	371,875	-0,412030637264252	
375	0,776692748069763	375	-0,400698244571686	
378,125	0,7793949842453	378,125	-0,409538358449936	
381,25	0,793924450874329	381,25	-0,407268345355988	
384,375	0,773701190948486	384,375	-0,407827019691467	
387,5	0,769162654876709	387,5	-0,423690855503082	
390,625	0,770727694034576	390,625	-0,432020097970963	
393,75	0,783927917480469	393,75	-0,419343620538712	
396,875	0,78222930431366	396,875	-0,419450342655182	
400	0,779428780078888	400	-0,418690353631973	
403,125	0,777323424816132	403,125	-0,420227974653244	
406,25	0,766334354877472	406,25	-0,424634844064713	
409,375	0,748942077159882	409,375	-0,430610477924347	
412,5	0,742043316364288	412,5	-0,44036328792572	
415,625	0,75636625289917	415,625	-0,444326430559158	
418,75	0,742968559265137	418,75	-0,440387725830078	
421,875	0,739567935466766	421,875	-0,452539503574371	
425	0,740242063999176	425	-0,448655337095261	
428,125	0,747140288352966	428,125	-0,434991061687469	
431,25	0,738807916641235	431,25	-0,453104913234711	
434,375	0,738200068473816	434,375	-0,448741525411606	
437,5	0,736933767795563	437,5	-0,449502855539322	
440,625	0,734141111373901	440,625	-0,447327554225922	
443,75	0,726370513439178	443,75	-0,454637259244919	
446,875	0,723741233348846	446,875	-0,45195472240448	
450	0,734285652637482	450	-0,455030709505081	
453,125	0,731859683990479	453,125	-0,456519693136215	
456,25	0,73418128490448	456,25	-0,462172031402588	
459,375	0,723061501979828	459,375	-0,466053068637848	
462,5	0,712986290454865	462,5	-0,472768843173981	
465,625	0,712298572063446	465,625	-0,475473016500473	
468,75	0,710946142673492	468,75	-0,473899602890015	
471,875	0,69957035779953	471,875	-0,484034419059753	
475	0,696441769599915	475	-0,482094615697861	
478,125	0,696313679218292	478,125	-0,473551243543625	
481,25	0,702164590358734	481,25	-0,476238310337067	
484,375	0,69056499004364	484,375	-0,481500744819641	
487,5	0,690859913825989	487,5	-0,477854818105698	
490,625	0,686449825763702	490,625	-0,481456905603409	
493,75	0,679803192615509	493,75	-0,481630325317383	
496,875	0,677692115306854	496,875	-0,483003079891205	
500	0,679440915584564	500	-0,491267800331116	
503,125	0,674929678440094	503,125	-0,492761343717575	
506,25	0,673836588859558	506,25	-0,492431104183197	
509,375	0,670874834060669	509,375	-0,497953921556473	
512,5	0,662832796573639	512,5	-0,498474627733231	
515,625	0,662727236747742	515,625	-0,49397736787796	
518,75	0,661322891712189	518,75	-0,492831587791443	
521,875	0,654684245586395	521,875	-0,502627313137054	
525	0,65030562877655	525	-0,501688420772552	
528,125	0,653803527355194	528,125	-0,503188252449036	
531,25	0,646704733371735	531,25	-0,504423499107361	
534,375	0,643837630748749	534,375	-0,504951894283295	
537,5	0,640740811824799	537,5	-0,506960988044739	
540,625	0,63840115070343	540,625	-0,508649706840515	
543,75	0,636680781841278	543,75	-0,504989326000214	
546,875	0,631490468978882	546,875	-0,51465892791748	
550	0,628972172737122	550	-0,512482404708862	
553,125	0,623625516891479	553,125	-0,513277471065521	
556,25	0,644307613372803	556,25	-0,487081110477448	
559,375	0,637505173683167	559,375	-0,485669940710068	
562,5	0,635729074478149	562,5	-0,486662268638611	
565,625	0,63303929567337	565,625	-0,489346861839294	
568,75	0,629296481609344	568,75	-0,488748729228973	
571,875	0,626870810985565	571,875	-0,488452583551407	
575	0,624812006950378	575	-0,491160273551941	
578,125	0,6213338971138	578,125	-0,4887575507164	
581,25	0,620264768600464	581,25	-0,492282301187515	
584,375	0,617160022258759	584,375	-0,494966715574265	
587,5	0,615317225456238	587,5	-0,49522203207016	
590,625	0,611279547214508	590,625	-0,494947642087936	
593,75	0,607667624950409	593,75	-0,495850801467896	
596,875	0,606767773628235	596,875	-0,496097326278687	
600	0,601973176002502	600	-0,498810052871704	
603,125	0,600745260715485	603,125	-0,49809405207634	
606,25	0,596461474895477	606,25	-0,499066799879074	
609,375	0,596166431903839	609,375	-0,499655455350876	
612,5	0,592861175537109	612,5	-0,500566065311432	
615,625	0,588870644569397	615,625	-0,50244128704071	
618,75	0,587177336215973	618,75	-0,502242624759674	
621,875	0,586309611797333	621,875	-0,502036094665527	
625	0,582173407077789	625	-0,501446127891541	
628,125	0,578177928924561	628,125	-0,504191398620605	
631,25	0,573623359203339	631,25	-0,502943396568298	
634,375	0,571031212806702	634,375	-0,503678023815155	
637,5	0,569436013698578	637,5	-0,505042195320129	
640,625	0,568920314311981	640,625	-0,503669917583466	
643,75	0,563579976558685	643,75	-0,507033169269562	
646,875	0,560503661632538	646,875	-0,505662381649017	
650	0,559064924716949	650	-0,508269846439362	
653,125	0,555821478366852	653,125	-0,506557643413544	
656,25	0,552939593791962	656,25	-0,5057093501091	
659,375	0,548778712749481	659,375	-0,507213115692139	
662,5	0,549068510532379	662,5	-0,507936179637909	
665,625	0,546659111976624	665,625	-0,509682178497314	
668,75	0,542496919631958	668,75	-0,508623957633972	
671,875	0,541032671928406	671,875	-0,506820976734161	
675	0,535897791385651	675	-0,507516980171204	
678,125	0,53226512670517	678,125	-0,507803857326508	
681,25	0,531047821044922	681,25	-0,507956981658936	
684,375	0,529484391212463	684,375	-0,508185923099518	
687,5	0,530009925365448	687,5	-0,509711980819702	
690,625	0,521533250808716	690,625	-0,512303054332733	
693,75	0,523125350475311	693,75	-0,509811341762543	
696,875	0,520988166332245	696,875	-0,509883224964142	
700	0,5165114402771	700	-0,509970605373383	
703,125	0,514603853225708	703,125	-0,511006891727448	
706,25	0,514276266098022	706,25	-0,510310590267181	
709,375	0,511103272438049	709,375	-0,508641719818115	
712,5	0,504194796085358	712,5	-0,511550903320313	
715,625	0,506174087524414	715,625	-0,510793387889862	
718,75	0,504742801189423	718,75	-0,512141346931458	
721,875	0,501446604728699	721,875	-0,510731279850006	
725	0,500079274177551	725	-0,512557208538055	
728,125	0,496082991361618	728,125	-0,51078325510025	
731,25	0,495618939399719	731,25	-0,511714160442352	
734,375	0,493281275033951	734,375	-0,511397302150726	
737,5	0,492760449647903	737,5	-0,512608051300049	
740,625	0,487239152193069	740,625	-0,510315299034119	
743,75	0,482838332653046	743,75	-0,509217202663422	
746,875	0,480519473552704	746,875	-0,514623284339905	
750	0,479062050580978	750	-0,514683306217194	
753,125	0,478714466094971	753,125	-0,512832820415497	
756,25	0,476626873016357	756,25	-0,51135528087616	
759,375	0,475192934274673	759,375	-0,509440839290619	
762,5	0,475548952817917	762,5	-0,510948181152344	
765,625	0,472772747278214	765,625	-0,509680390357971	
768,75	0,467597812414169	768,75	-0,512568712234497	
771,875	0,463181674480438	771,875	-0,510470688343048	
775	0,464366465806961	775	-0,510410010814667	
778,125	0,462765336036682	778,125	-0,509042799472809	
781,25	0,459391117095947	781,25	-0,510205030441284	
784,375	0,455757230520248	784,375	-0,509609997272491	
787,5	0,452390402555466	787,5	-0,509975492954254	
790,625	0,451768219470978	790,625	-0,509637832641602	
793,75	0,452392995357513	793,75	-0,50853031873703	
796,875	0,45283454656601	796,875	-0,509495556354523	
800	0,450225323438644	800	-0,509245693683624	
803,125	0,451260328292847	803,125	-0,509757518768311	
806,25	0,448026478290558	806,25	-0,509669065475464	
809,375	0,439546704292297	809,375	-0,510375618934631	
812,5	0,44580414891243	812,5	-0,508514940738678	
815,625	0,446536511182785	815,625	-0,507884800434113	
818,75	0,440946817398071	818,75	-0,508005380630493	
821,875	0,441981285810471	821,875	-0,506810128688812	
825	0,447499960660934	825	-0,505832433700562	
828,125	0,445230543613434	828,125	-0,506701469421387	
831,25	0,443068534135818	831,25	-0,495651006698608	
834,375	0,43737581372261	834,375	-0,505054771900177	
837,5	0,440006047487259	837,5	-0,510695099830627	
840,625	0,440020054578781	840,625	-0,513617098331451	
843,75	0,438097178936005	843,75	-0,51428210735321	
846,875	0,441608786582947	846,875	-0,517935335636139	
850	0,442522257566452	850	-0,523197293281555	
853,125	0,445367753505707	853,125	-0,524974226951599	
856,25	0,447086453437805	856,25	-0,524042010307312	
859,375	0,442270189523697	859,375	-0,527074754238129	
862,5	0,440280050039291	862,5	-0,535625755786896	
865,625	0,439666986465454	865,625	-0,542900562286377	
868,75	0,439244002103806	868,75	-0,549675345420837	
871,875	0,431874364614487	871,875	-0,560257315635681	
875	0,422892957925797	875	-0,559773802757263	
878,125	0,415521889925003	878,125	-0,570032238960266	
881,25	0,403037697076797	881,25	-0,572975635528564	
884,375	0,409247636795044	884,375	-0,559759914875031	
887,5	0,39838045835495	887,5	-0,5539231300354	
890,625	0,386612057685852	890,625	-0,556388556957245	
893,75	0,376990526914597	893,75	-0,561060667037964	
896,875	0,365150690078735	896,875	-0,555215835571289	
900	0,361745297908783	900	-0,549333155155182	
903,125	0,353082299232483	903,125	-0,541786730289459	
906,25	0,349009484052658	906,25	-0,536144137382507	
909,375	0,34519225358963	909,375	-0,535301148891449	
912,5	0,337405264377594	912,5	-0,532701909542084	
915,625	0,33381649851799	915,625	-0,526053965091705	
918,75	0,331861883401871	918,75	-0,520329833030701	
921,875	0,329209208488464	921,875	-0,513538360595703	
925	0,32734027504921	925	-0,510386168956757	
928,125	0,327460467815399	928,125	-0,509669065475464	
931,25	0,320702642202377	931,25	-0,504906117916107	
934,375	0,320363879203796	934,375	-0,502101361751556	
937,5	0,318133741617203	937,5	-0,498880714178085	
940,625	0,317215949296951	940,625	-0,49631941318512	
943,75	0,313323557376862	943,75	-0,49505278468132	
946,875	0,31175222992897	946,875	-0,49273943901062	
950	0,311002612113953	950	-0,489529937505722	
953,125	0,310422629117966	953,125	-0,486961185932159	
956,25	0,30887895822525	956,25	-0,484166443347931	
959,375	0,306554794311523	959,375	-0,482291877269745	
962,5	0,304284393787384	962,5	-0,481665104627609	
965,625	0,303050428628922	965,625	-0,479697704315186	
968,75	0,303207486867905	968,75	-0,479105025529861	
971,875	0,299842029809952	971,875	-0,476437002420425	
975	0,299317806959152	975	-0,47444412112236	
978,125	0,297926336526871	978,125	-0,472965568304062	
981,25	0,295533239841461	981,25	-0,470571726560593	
984,375	0,294543921947479	984,375	-0,470569759607315	
987,5	0,293396979570389	987,5	-0,469202935695648	
990,625	0,292558819055557	990,625	-0,467421412467957	
993,75	0,290218144655228	993,75	-0,468189388513565	
996,875	0,289606511592865	996,875	-0,466825187206268	
1000	0,287471830844879	1000	-0,46669614315033	
1003,125	0,286752969026566	1003,125	-0,46481055021286	
1006,25	0,285307168960571	1006,25	-0,463747918605804	
1009,375	0,282992720603943	1009,375	-0,463423728942871	
1012,5	0,282553285360336	1012,5	-0,462676793336868	
1015,625	0,281781226396561	1015,625	-0,463115870952606	
1018,75	0,277195274829865	1018,75	-0,463179707527161	
1021,875	0,277100563049316	1021,875	-0,462304502725601	
1025	0,273711174726486	1025	-0,461782813072205	
1028,125	0,272284239530563	1028,125	-0,461761981248856	
1031,25	0,271170645952225	1031,25	-0,463030874729156	
1034,375	0,267275601625443	1034,375	-0,462665617465973	
1037,5	0,264363884925842	1037,5	-0,461829304695129	
1040,625	0,260639607906342	1040,625	-0,46208468079567	
1043,75	0,25835520029068	1043,75	-0,461016863584518	
1046,875	0,255352586507797	1046,875	-0,459125906229019	
1050	0,249774485826492	1050	-0,458826512098312	
1053,125	0,247026666998863	1053,125	-0,458645284175873	
1056,25	0,242771044373512	1056,25	-0,45530104637146	
1059,375	0,241604939103127	1059,375	-0,45385867357254	
1062,5	0,238820418715477	1062,5	-0,452416747808456	
1065,625	0,23377051949501	1065,625	-0,449661642313004	
1068,75	0,233681261539459	1068,75	-0,445904105901718	
1071,875	0,231452286243439	1071,875	-0,443258911371231	
1075	0,229809626936913	1075	-0,442075312137604	
1078,125	0,227176010608673	1078,125	-0,441540032625198	
1081,25	0,224085628986359	1081,25	-0,435567557811737	
1084,375	0,223462879657745	1084,375	-0,435000479221344	
1087,5	0,221985310316086	1087,5	-0,433091044425964	
1090,625	0,221255287528038	1090,625	-0,43083643913269	
1093,75	0,219214707612991	1093,75	-0,429435163736343	
1096,875	0,217013940215111	1096,875	-0,42632007598877	
1100	0,215262696146965	1100	-0,424452841281891	
1103,125	0,213361382484436	1103,125	-0,42323312163353	
1106,25	0,213976681232452	1106,25	-0,420161157846451	
1109,375	0,210364863276482	1109,375	-0,420008569955826	
1112,5	0,210613906383514	1112,5	-0,419281929731369	
1115,625	0,209306061267853	1115,625	-0,415068507194519	
1118,75	0,207203447818756	1118,75	-0,416391998529434	
1121,875	0,207570746541023	1121,875	-0,414155930280685	
1125	0,205443575978279	1125	-0,413504838943481	
1128,125	0,203464776277542	1128,125	-0,412608027458191	
1131,25	0,200498342514038	1131,25	-0,408511698246002	
1134,375	0,201058819890022	1134,375	-0,40752637386322	
1137,5	0,200272530317307	1137,5	-0,40818378329277	
1140,625	0,196403861045837	1140,625	-0,405959665775299	
1143,75	0,196884676814079	1143,75	-0,404136419296265	
1146,875	0,194817334413528	1146,875	-0,402529925107956	
1150	0,19243098795414	1150	-0,39907318353653	
1153,125	0,192878797650337	1153,125	-0,397988557815552	
1156,25	0,19256204366684	1156,25	-0,399188935756683	
1159,375	0,189304515719414	1159,375	-0,397517681121826	
1162,5	0,190332219004631	1162,5	-0,395190268754959	
1165,625	0,187690868973732	1165,625	-0,39321768283844	
1168,75	0,186825051903725	1168,75	-0,392406731843948	
1171,875	0,18520699441433	1171,875	-0,392166167497635	
1175	0,18319770693779	1175	-0,390110939741135	
1178,125	0,182247072458267	1178,125	-0,388730764389038	
1181,25	0,182288408279419	1181,25	-0,387639731168747	
1184,375	0,179833978414536	1184,375	-0,385176151990891	
1187,5	0,177432000637054	1187,5	-0,383692681789398	
1190,625	0,17706935107708	1190,625	-0,382162183523178	
1193,75	0,177372917532921	1193,75	-0,381534904241562	
1196,875	0,17596398293972	1196,875	-0,379157572984695	
1200	0,172448769211769	1200	-0,378223836421967	
1203,125	0,172448843717575	1203,125	-0,37601774930954	
1206,25	0,173007041215897	1206,25	-0,372724711894989	
1209,375	0,168683856725693	1209,375	-0,3735471367836	
1212,5	0,165482401847839	1212,5	-0,371828258037567	
1215,625	0,166939154267311	1215,625	-0,370667964220047	
1218,75	0,164414271712303	1218,75	-0,369426757097244	
1221,875	0,165019631385803	1221,875	-0,367473542690277	
1225	0,165042012929916	1225	-0,367109537124634	
1228,125	0,160849839448929	1228,125	-0,365705788135529	
1231,25	0,161267161369324	1231,25	-0,364555776119232	
1234,375	0,161410063505173	1234,375	-0,36367654800415	
1237,5	0,158769816160202	1237,5	-0,363776832818985	
1240,625	0,158287137746811	1240,625	-0,361014425754547	
1243,75	0,155912324786186	1243,75	-0,360142558813095	
1246,875	0,155785977840424	1246,875	-0,35801488161087	
1250	0,154012426733971	1250	-0,355239987373352	
1253,125	0,152402058243752	1253,125	-0,355899661779404	
1256,25	0,149862065911293	1256,25	-0,354322761297226	
1259,375	0,149824589490891	1259,375	-0,352800935506821	
1262,5	0,150780498981476	1262,5	-0,352129459381104	
1265,625	0,149755463004112	1265,625	-0,351006060838699	
1268,75	0,148203328251839	1268,75	-0,350364804267883	
1271,875	0,147253841161728	1271,875	-0,348238438367844	
1275	0,146219104528427	1275	-0,347971141338348	
1278,125	0,145001173019409	1278,125	-0,346300333738327	
1281,25	0,143542557954788	1281,25	-0,346264094114304	
1284,375	0,143693014979362	1284,375	-0,345197945833206	
1287,5	0,142384767532349	1287,5	-0,345340222120285	
1290,625	0,13984152674675	1290,625	-0,344244211912155	
1293,75	0,139470010995865	1293,75	-0,34232622385025	
1296,875	0,136981800198555	1296,875	-0,340481758117676	
1300	0,135909512639046	1300	-0,342318564653397	
1303,125	0,133454918861389	1303,125	-0,341634422540665	
1306,25	0,133030816912651	1306,25	-0,339383333921433	
1309,375	0,130827888846397	1309,375	-0,337344229221344	
1312,5	0,128707513213158	1312,5	-0,336149543523788	
1315,625	0,127626523375511	1315,625	-0,33563506603241	
1318,75	0,125627651810646	1318,75	-0,332188874483109	
1321,875	0,12555593252182	1321,875	-0,33078408241272	
1325	0,124019354581833	1325	-0,329469442367554	
1328,125	0,122000977396965	1328,125	-0,328244239091873	
1331,25	0,120869606733322	1331,25	-0,325825423002243	
1334,375	0,118104048073292	1334,375	-0,32485619187355	
1337,5	0,118396237492561	1337,5	-0,322992473840714	
1340,625	0,117580376565456	1340,625	-0,320171982049942	
1343,75	0,117206439375877	1343,75	-0,319358885288239	
1346,875	0,115585133433342	1346,875	-0,316772222518921	
1350	0,114238426089287	1350	-0,31604540348053	
1353,125	0,114534981548786	1353,125	-0,315224587917328	
1356,25	0,111644849181175	1356,25	-0,314447671175003	
1359,375	0,111521638929844	1359,375	-0,311345040798187	
1362,5	0,110243178904057	1362,5	-0,309831023216248	
1365,625	0,109343618154526	1365,625	-0,309140503406525	
1368,75	0,109021008014679	1368,75	-0,307286322116852	
1371,875	0,106949716806412	1371,875	-0,305692106485367	
1375	0,105217486619949	1375	-0,305727005004883	
1378,125	0,105111166834831	1378,125	-0,304541975259781	
1381,25	0,101767003536224	1381,25	-0,301781535148621	
1384,375	0,101753830909729	1384,375	-0,300780326128006	
1387,5	0,102090708911419	1387,5	-0,298558980226517	
1390,625	0,101666525006294	1390,625	-0,295817464590073	
1393,75	0,100714482367039	1393,75	-0,294085830450058	
1396,875	0,0992922559380531	1396,875	-0,292859196662903	
1400	0,099379189312458	1400	-0,290631592273712	
1403,125	0,0984071716666222	1403,125	-0,289760172367096	
1406,25	0,0971549153327942	1406,25	-0,288948833942413	
1409,375	0,095814548432827	1409,375	-0,287004768848419	
1412,5	0,0961903482675552	1412,5	-0,285152345895767	
1415,625	0,0946942120790482	1415,625	-0,283847630023956	
1418,75	0,0941359251737595	1418,75	-0,282859712839127	
1421,875	0,0941663533449173	1421,875	-0,280938118696213	
1425	0,0940903797745705	1425	-0,279869586229324	
1428,125	0,0914703384041786	1428,125	-0,278952479362488	
1431,25	0,0920417234301567	1431,25	-0,277161687612534	
1434,375	0,0914356410503387	1434,375	-0,275418549776077	
1437,5	0,0903381481766701	1437,5	-0,27267062664032	
1440,625	0,0914744883775711	1440,625	-0,27302297949791	
1443,75	0,0877397283911705	1443,75	-0,271298944950104	
1446,875	0,0891156047582626	1446,875	-0,269275456666946	
1450	0,0882109254598618	1450	-0,267735719680786	
1453,125	0,0877244472503662	1453,125	-0,266284316778183	
1456,25	0,0864385291934013	1456,25	-0,265102952718735	
1459,375	0,0866755917668343	1459,375	-0,263613551855087	
1462,5	0,0865876376628876	1462,5	-0,261341840028763	
1465,625	0,0857736989855766	1465,625	-0,260971486568451	
1468,75	0,0846668630838394	1468,75	-0,259123712778091	
1471,875	0,0836868360638618	1471,875	-0,258055597543716	
1475	0,0838714465498924	1475	-0,257470995187759	
1478,125	0,0829836204648018	1478,125	-0,255936682224274	
1481,25	0,0833251103758812	1481,25	-0,254150122404099	
1484,375	0,0813769474625587	1484,375	-0,252825140953064	
1487,5	0,080587662756443	1487,5	-0,253579586744308	
1490,625	0,0799938142299652	1490,625	-0,252029299736023	
1493,75	0,0794443041086197	1493,75	-0,251517742872238	
1496,875	0,0802547857165337	1496,875	-0,251103639602661	
1500	0,0771384537220001	1500	-0,249381840229034	
1503,125	0,0767429918050766	1503,125	-0,24762250483036	
1506,25	0,0773017108440399	1506,25	-0,246132731437683	
1509,375	0,0746207758784294	1509,375	-0,246103331446648	
1512,5	0,0737500414252281	1512,5	-0,244693502783775	
1515,625	0,0727473720908165	1515,625	-0,243502721190453	
1518,75	0,0724828392267227	1518,75	-0,241259962320328	
1521,875	0,0723325684666634	1521,875	-0,240822240710258	
1525	0,0684100463986397	1525	-0,24018383026123	
1528,125	0,069149985909462	1528,125	-0,236933365464211	
1531,25	0,0681041181087494	1531,25	-0,236075833439827	
1534,375	0,0674539878964424	1534,375	-0,233680859208107	
1537,5	0,0656984969973564	1537,5	-0,233195975422859	
1540,625	0,0657662227749825	1540,625	-0,231720507144928	
1543,75	0,0629186406731606	1543,75	-0,229682952165604	
1546,875	0,0638879090547562	1546,875	-0,227580696344376	
1550	0,0624633878469467	1550	-0,226011797785759	
1553,125	0,0625567808747292	1553,125	-0,225081577897072	
1556,25	0,0612983182072639	1556,25	-0,222809180617332	
1559,375	0,0608583651483059	1559,375	-0,221587061882019	
1562,5	0,0603734217584133	1562,5	-0,21995647251606	
1565,625	0,0599080547690392	1565,625	-0,216785416007042	
1568,75	0,0589965954422951	1568,75	-0,216818943619728	
1571,875	0,0585111752152443	1571,875	-0,214971393346786	
1575	0,0589119642972946	1575	-0,213904872536659	
1578,125	0,0583837367594242	1578,125	-0,211859211325645	
1581,25	0,0571249686181545	1581,25	-0,210646495223045	
1584,375	0,0580361522734165	1584,375	-0,208609744906425	
1587,5	0,0564028508961201	1587,5	-0,20728325843811	
1590,625	0,0551384836435318	1590,625	-0,206350773572922	
1593,75	0,0547777563333511	1593,75	-0,204471409320831	
1596,875	0,0551768839359283	1596,875	-0,202620103955269	
1600	0,0547187030315399	1600	-0,202263623476028	
1603,125	0,0542246699333191	1603,125	-0,201111942529678	
1606,25	0,0538985580205917	1606,25	-0,199636176228523	
1609,375	0,0547502636909485	1609,375	-0,196434006094933	
1612,5	0,0538093112409115	1612,5	-0,194364756345749	
1615,625	0,0533472150564194	1615,625	-0,194034159183502	
1618,75	0,0527654550969601	1618,75	-0,193762809038162	
1621,875	0,0528431162238121	1621,875	-0,19205017387867	
1625	0,0519503839313984	1625	-0,190943330526352	
1628,125	0,0528766475617886	1628,125	-0,189712300896645	
1631,25	0,0513517037034035	1631,25	-0,188085496425629	
1634,375	0,0513028614223003	1634,375	-0,188353478908539	
1637,5	0,0509823635220528	1637,5	-0,18758787214756	
1640,625	0,052206739783287	1640,625	-0,184282258152962	
1643,75	0,0484694465994835	1643,75	-0,182812139391899	
1646,875	0,0497789308428764	1646,875	-0,182832181453705	
1650	0,0492234751582146	1650	-0,182825103402138	
1653,125	0,0488677769899368	1653,125	-0,181071475148201	
1656,25	0,0481955334544182	1656,25	-0,180041685700417	
1659,375	0,0484546944499016	1659,375	-0,179066434502602	
1662,5	0,0480419583618641	1662,5	-0,177974447607994	
1665,625	0,0464279167354107	1665,625	-0,177877247333527	
1668,75	0,0464836768805981	1668,75	-0,177175521850586	
1671,875	0,0456181615591049	1671,875	-0,176457718014717	
1675	0,0444053411483765	1675	-0,174369230866432	
1678,125	0,0425452403724194	1678,125	-0,173857882618904	
1681,25	0,0433219335973263	1681,25	-0,173389419913292	
1684,375	0,0413388572633266	1684,375	-0,170178145170212	
1687,5	0,0402699448168278	1687,5	-0,169348374009132	
1690,625	0,0396686866879463	1690,625	-0,168076232075691	
1693,75	0,0396524481475353	1693,75	-0,165949523448944	
1696,875	0,0368060320615768	1696,875	-0,165897309780121	
1700	0,0364688448607922	1700	-0,164364919066429	
1703,125	0,035468801856041	1703,125	-0,163749217987061	
1706,25	0,0343172922730446	1706,25	-0,1614590883255	
1709,375	0,0326038785278797	1709,375	-0,15864197909832	
1712,5	0,032561082392931	1712,5	-0,157311275601387	
1715,625	0,0316818505525589	1715,625	-0,15518157184124	
1718,75	0,0313495136797428	1718,75	-0,154746040701866	
1721,875	0,0303680524230003	1721,875	-0,153024226427078	
1725	0,0287239756435156	1725	-0,149862542748451	
1728,125	0,028940461575985	1728,125	-0,148796364665031	
1731,25	0,0291027370840311	1731,25	-0,147202253341675	
1734,375	0,0282450336962938	1734,375	-0,14592719078064	
1737,5	0,0283496677875519	1737,5	-0,143362209200859	
1740,625	0,0293230246752501	1740,625	-0,142769858241081	
1743,75	0,0282626897096634	1743,75	-0,139687553048134	
1746,875	0,0284131411463022	1746,875	-0,138017430901527	
1750	0,0289134122431278	1750	-0,137259468436241	
1753,125	0,0280822105705738	1753,125	-0,135775715112686	
1756,25	0,0270244609564543	1756,25	-0,134027361869812	
1759,375	0,0279414672404528	1759,375	-0,133336663246155	
1762,5	0,0272982697933912	1762,5	-0,131818369030952	
1765,625	0,0267010740935802	1765,625	-0,13031479716301	
1768,75	0,0264342594891787	1768,75	-0,128492742776871	
1771,875	0,0264259167015553	1771,875	-0,127908334136009	
1775	0,0264066886156797	1775	-0,126695945858955	
1778,125	0,0254811961203814	1778,125	-0,12554706633091	
1781,25	0,0250536296516657	1781,25	-0,123380847275257	
1784,375	0,0246871933341026	1784,375	-0,122356176376343	
1787,5	0,0241653639823198	1787,5	-0,122126922011375	
1790,625	0,0240221843123436	1790,625	-0,119523324072361	
1793,75	0,0225680563598871	1793,75	-0,118809096515179	
1796,875	0,0232150945812464	1796,875	-0,117496177554131	
1800	0,0237572137266397	1800	-0,115722671151161	
1803,125	0,0221890676766634	1803,125	-0,114219002425671	
1806,25	0,0229524224996567	1806,25	-0,112246997654438	
1809,375	0,0223525799810886	1809,375	-0,110251985490322	
1812,5	0,0226697362959385	1812,5	-0,109736829996109	
1815,625	0,021211039274931	1815,625	-0,107854463160038	
1818,75	0,0220236890017986	1818,75	-0,106267616152763	
1821,875	0,0217127129435539	1821,875	-0,10536877810955	
1825	0,0215897690504789	1825	-0,104226395487785	
1828,125	0,0216306187212467	1828,125	-0,103401198983192	
1831,25	0,0221237130463123	1831,25	-0,102019771933556	
1834,375	0,0219072811305523	1834,375	-0,10037487000227	
1837,5	0,0219304729253054	1837,5	-0,0988973155617714	
1840,625	0,020926995202899	1840,625	-0,0982988327741623	
1843,75	0,0205070916563272	1843,75	-0,0968247875571251	
1846,875	0,0206437055021524	1846,875	-0,0959601849317551	
1850	0,0207406170666218	1850	-0,0953084528446198	
1853,125	0,0203293785452843	1853,125	-0,09469273686409	
1856,25	0,0208323113620281	1856,25	-0,0929512307047844	
1859,375	0,0205720085650682	1859,375	-0,0921923965215683	
1862,5	0,0194769073277712	1862,5	-0,0903705507516861	
1865,625	0,0195605829358101	1865,625	-0,0895378515124321	
1868,75	0,0197688974440098	1868,75	-0,0887294635176659	
1871,875	0,0193103589117527	1871,875	-0,0879721939563751	
1875	0,0191921163350344	1875	-0,0872233211994171	
1878,125	0,0183237865567207	1878,125	-0,0861510187387466	
1881,25	0,0175653584301472	1881,25	-0,0847412943840027	
1884,375	0,0172545500099659	1884,375	-0,0842693895101547	
1887,5	0,0169417094439268	1887,5	-0,0832212641835213	
1890,625	0,0167467426508665	1890,625	-0,0812134966254234	
1893,75	0,0161540023982525	1893,75	-0,0799224749207497	
1896,875	0,0154734244570136	1896,875	-0,078879252076149	
1900	0,0144306644797325	1900	-0,0778747200965881	
1903,125	0,0141576491296291	1903,125	-0,0762514621019363	
1906,25	0,0134271727874875	1906,25	-0,074552945792675	
1909,375	0,0121179474517703	1909,375	-0,0737301707267761	
1912,5	0,0118096023797989	1912,5	-0,0726617276668549	
1915,625	0,0114293480291963	1915,625	-0,0705579519271851	
1918,75	0,0107309073209763	1918,75	-0,0688394978642464	
1921,875	0,00987703446298838	1921,875	-0,0678690895438194	
1925	0,00911101419478655	1925	-0,0665567815303802	
1928,125	0,00922885537147522	1928,125	-0,0640848278999329	
1931,25	0,00895372685045004	1931,25	-0,0623354390263557	
1934,375	0,00843978114426136	1934,375	-0,0606665797531605	
1937,5	0,00834743771702051	1937,5	-0,0593110024929047	
1940,625	0,00835255160927773	1940,625	-0,0574852377176285	
1943,75	0,00822523981332779	1943,75	-0,0555024519562721	
1946,875	0,00817292369902134	1946,875	-0,0533170960843563	
1950	0,00848167389631271	1950	-0,0514475852251053	
1953,125	0,00815300457179546	1953,125	-0,049909807741642	
1956,25	0,00828160811215639	1956,25	-0,0486992113292217	
1959,375	0,0087747760117054	1959,375	-0,0474726594984531	
1962,5	0,00868575088679791	1962,5	-0,0463724322617054	
1965,625	0,00864595081657171	1965,625	-0,0449624322354794	
1968,75	0,00973570812493563	1968,75	-0,0436356924474239	
1971,875	0,0100511098280549	1971,875	-0,0415393374860287	
1975	0,00956751313060522	1975	-0,0402436442673206	
1978,125	0,00977558735758066	1978,125	-0,039122711867094	
1981,25	0,0105311805382371	1981,25	-0,0383241809904575	
1984,375	0,0104681812226772	1984,375	-0,036694560199976	
1987,5	0,0108323432505131	1987,5	-0,0352817699313164	
1990,625	0,0105904582887888	1990,625	-0,0339878425002098	
1993,75	0,0111540323123336	1993,75	-0,0332671813666821	
1996,875	0,0110044777393341	1996,875	-0,0324202962219715	
2000	0,0109403738752007	2000	-0,0314550027251244	
2003,125	0,0115054054185748	2003,125	-0,0304145142436028	
2006,25	0,0115343276411295	2006,25	-0,0291484910994768	
2009,375	0,0114072533324361	2009,375	-0,0276652928441763	
2012,5	0,0115191796794534	2012,5	-0,0268234852701426	
2015,625	0,0113826617598534	2015,625	-0,0256233122199774	
2018,75	0,0116972494870424	2018,75	-0,0244147721678019	
2021,875	0,0118327829986811	2021,875	-0,0235958453267813	
2025	0,0114499274641275	2025	-0,0223760567605495	
2028,125	0,0118742901831865	2028,125	-0,0209373254328966	
2031,25	0,012153540737927	2031,25	-0,0191557127982378	
2034,375	0,0117403157055378	2034,375	-0,0185905545949936	
2037,5	0,0116977402940392	2037,5	-0,017683194950223	
2040,625	0,0122379576787353	2040,625	-0,0165547914803028	
2043,75	0,0127260498702526	2043,75	-0,0149874333292246	
2046,875	0,0128480587154627	2046,875	-0,0138061745092273	
2050	0,0124605242162943	2050	-0,013237813487649	
2053,125	0,0124139366671443	2053,125	-0,0119147831574082	
2056,25	0,0126736517995596	2056,25	-0,0110003054141998	
2059,375	0,0127487713471055	2059,375	-0,0102057131007314	
2062,5	0,0127255031839013	2062,5	-0,00889976695179939	
2065,625	0,0126732205972075	2065,625	-0,00774489575996995	
2068,75	0,0128680355846882	2068,75	-0,00671194167807698	
2071,875	0,0131781045347452	2071,875	-0,00555901974439621	
2075	0,013292140327394	2075	-0,00438734982162714	
2078,125	0,013448653742671	2078,125	-0,00320562557317317	
2081,25	0,0135760894045234	2081,25	-0,00206482480280101	
2084,375	0,0134490327909589	2084,375	-0,00109532696660608	
2087,5	0,0134687563404441	2087,5	2,61530603893334E-05	
2090,625	0,0137163763865829	2090,625	0,00121351855341345	
2093,75	0,0139419045299292	2093,75	0,00233669951558113	
2096,875	0,0137524893507361	2096,875	0,00334968278184533	
2100	0,0139560541138053	2100	0,00435535376891494	
2103,125	0,0139661878347397	2103,125	0,00522110564634204	
2106,25	0,0142675722017884	2106,25	0,00625778501853347	
2109,375	0,0143476575613022	2109,375	0,00715371174737811	
2112,5	0,0144188906997442	2112,5	0,00813344959169626	
2115,625	0,0148231321945786	2115,625	0,00900109950453043	
2118,75	0,0152620077133179	2118,75	0,0098176347091794	
2121,875	0,015112703666091	2121,875	0,0107572404667735	
2125	0,015487615019083	2125	0,0118713909760118	
2128,125	0,0154118612408638	2128,125	0,012837789952755	
2131,25	0,0150951789692044	2131,25	0,0137505950406194	
2134,375	0,0153841841965914	2134,375	0,0148085951805115	
2137,5	0,0154931079596281	2137,5	0,0157720893621445	
2140,625	0,0157648846507072	2140,625	0,0167450066655874	
2143,75	0,0159479323774576	2143,75	0,0177215803414583	
2146,875	0,0158095229417086	2146,875	0,0187305081635714	
2150	0,0158970355987549	2150	0,0202655009925365	
2153,125	0,0159245189279318	2153,125	0,0207829531282187	
2156,25	0,0160614233464003	2156,25	0,0217253789305687	
2159,375	0,016299718990922	2159,375	0,0225983820855618	
2162,5	0,016341483220458	2162,5	0,0236602984368801	
2165,625	0,0165958888828754	2165,625	0,0248579308390617	
2168,75	0,0169054642319679	2168,75	0,0262782778590918	
2171,875	0,0167601015418768	2171,875	0,0268889646977186	
2175	0,0169790759682655	2175	0,0283672846853733	
2178,125	0,0171635299921036	2178,125	0,0289665590971708	
2181,25	0,0170842353254557	2181,25	0,029433760792017	
2184,375	0,0171683114022017	2184,375	0,0307503193616867	
2187,5	0,0174697134643793	2187,5	0,031548984348774	
2190,625	0,0173690412193537	2190,625	0,0324786901473999	
2193,75	0,0179636366665363	2193,75	0,0337963216006756	
2196,875	0,0183014739304781	2196,875	0,0348973870277405	
2200	0,0181563198566437	2200	0,0354372411966324	
2203,125	0,0183095671236515	2203,125	0,0364912524819374	
2206,25	0,018498545512557	2206,25	0,0371085479855537	
2209,375	0,0188076365739107	2209,375	0,037908174097538	
2212,5	0,0195557400584221	2212,5	0,0391917340457439	
2215,625	0,0200253184884787	2215,625	0,039759986102581	
2218,75	0,0199685655534267	2218,75	0,0407498441636562	
2221,875	0,0198590643703938	2221,875	0,0414970852434635	
2225	0,0200776048004627	2225	0,0423396155238152	
2228,125	0,020348334684968	2228,125	0,043388906866312	
2231,25	0,0205353032797575	2231,25	0,043768335133791	
2234,375	0,0209038443863392	2234,375	0,0444229990243912	
2237,5	0,0207845456898212	2237,5	0,0453865863382816	
2240,625	0,0211362913250923	2240,625	0,0464681796729565	
2243,75	0,0212610475718975	2243,75	0,0474828369915485	
2246,875	0,0213242620229721	2246,875	0,0480583943426609	
2250	0,0211287885904312	2250	0,0484350211918354	
2253,125	0,0217541512101889	2253,125	0,0497129261493683	
2256,25	0,0221618600189686	2256,25	0,0506072863936424	
2259,375	0,0221726074814796	2259,375	0,0514128133654594	
2262,5	0,0219320748001337	2262,5	0,0522929280996323	
2265,625	0,0221547838300467	2265,625	0,0532089173793793	
2268,75	0,0222181174904108	2268,75	0,053582027554512	
2271,875	0,0220444146543741	2271,875	0,054639533162117	
2275	0,022773664444685	2275	0,0550199039280415	
2278,125	0,0225798636674881	2278,125	0,0561785213649273	
2281,25	0,0225904770195484	2281,25	0,0567482523620129	
2284,375	0,0225640665739775	2284,375	0,0576731078326702	
2287,5	0,0230821091681719	2287,5	0,0591204054653645	
2290,625	0,0230306144803762	2290,625	0,0595607981085777	
2293,75	0,0228583831340075	2293,75	0,0605320483446121	
2296,875	0,0229959338903427	2296,875	0,0616734176874161	
2300	0,0229166373610497	2300	0,0625300705432892	
2303,125	0,0232971403747797	2303,125	0,0629600062966347	
2306,25	0,0237430483102798	2306,25	0,0638651698827744	
2309,375	0,0234892517328262	2309,375	0,0647592172026634	
2312,5	0,0232296418398619	2312,5	0,0652560591697693	
2315,625	0,0234602391719818	2315,625	0,0657262206077576	
2318,75	0,0243190936744213	2318,75	0,067329503595829	
2321,875	0,0241261050105095	2321,875	0,0674906000494957	
2325	0,0243379957973957	2325	0,0688045024871826	
2328,125	0,0241712257266045	2328,125	0,0697155445814133	
2331,25	0,0242146886885166	2331,25	0,070670410990715	
2334,375	0,0243729613721371	2334,375	0,0716748610138893	
2337,5	0,0246277749538422	2337,5	0,0725416764616966	
2340,625	0,0246521849185228	2340,625	0,0727578997612	
2343,75	0,0248897764831781	2343,75	0,0742285326123238	
2346,875	0,025110051035881	2346,875	0,0748048350214958	
2350	0,025187723338604	2350	0,0759773403406143	
2353,125	0,0253520514816046	2353,125	0,0769099295139313	
2356,25	0,0251675583422184	2356,25	0,0775652006268501	
2359,375	0,0256024152040482	2359,375	0,0783018469810486	
2362,5	0,0261005740612745	2362,5	0,0795033648610115	
2365,625	0,0267941523343325	2365,625	0,0798740312457085	
2368,75	0,0261537991464138	2368,75	0,0809134691953659	
2371,875	0,0265018306672573	2371,875	0,0806468203663826	
2375	0,0270686373114586	2375	0,0822367966175079	
2378,125	0,026579461991787	2378,125	0,0829140469431877	
2381,25	0,0275068935006857	2381,25	0,0838203430175781	
2384,375	0,0275107491761446	2384,375	0,0852594003081322	
2387,5	0,0278628710657358	2387,5	0,0852621793746948	
2390,625	0,0279870014637709	2390,625	0,0862640291452408	
2393,75	0,0280531197786331	2393,75	0,087228387594223	
2396,875	0,0285111982375383	2396,875	0,0886953175067902	
2400	0,0285652317106724	2400	0,0892998576164246	
2403,125	0,0289197452366352	2403,125	0,0901510342955589	
2406,25	0,0288592632859945	2406,25	0,0911596566438675	
2409,375	0,0294931251555681	2409,375	0,0921681523323059	
2412,5	0,0288740769028664	2412,5	0,0921304598450661	
2415,625	0,0305473376065493	2415,625	0,0925396755337715	
2418,75	0,0305978916585445	2418,75	0,0935269668698311	
2421,875	0,0303769931197166	2421,875	0,0949049293994904	
2425	0,0306088794022799	2425	0,0954567790031433	
2428,125	0,0312767177820206	2428,125	0,0959460362792015	
2431,25	0,0313700959086418	2431,25	0,0970731526613235	
2434,375	0,0320925302803516	2434,375	0,0973787680268288	
2437,5	0,0321091450750828	2437,5	0,0984658449888229	
2440,625	0,032240554690361	2440,625	0,0992222800850868	
2443,75	0,0331742092967033	2443,75	0,0997707173228264	
2446,875	0,0330660678446293	2446,875	0,100163362920284	
2450	0,0332693792879581	2450	0,101384200155735	
2453,125	0,0337390750646591	2453,125	0,102229431271553	
2456,25	0,0342447236180305	2456,25	0,102351732552052	
2459,375	0,0343929454684258	2459,375	0,103518329560757	
2462,5	0,0351556316018105	2462,5	0,104165270924568	
2465,625	0,0350561887025833	2465,625	0,104935862123966	
2468,75	0,0343069769442081	2468,75	0,105027288198471	
2471,875	0,0366011038422585	2471,875	0,105722405016422	
2475	0,0360117293894291	2475	0,106690376996994	
2478,125	0,0363089293241501	2478,125	0,107704438269138	
2481,25	0,0360801443457603	2481,25	0,108170308172703	
2484,375	0,0370508879423141	2484,375	0,108558051288128	
2487,5	0,0376291908323765	2487,5	0,109997421503067	
2490,625	0,037345364689827	2490,625	0,110162474215031	
2493,75	0,0379257090389729	2493,75	0,110165044665337	
2496,875	0,0381602868437767	2496,875	0,110631480813026	
2500	0,0378510802984238	2500	0,111939370632172	
2503,125	0,0385896563529968	2503,125	0,112872757017612	
2506,25	0,0387799628078938	2506,25	0,114337772130966	
2509,375	0,0390244573354721	2509,375	0,114320293068886	
2512,5	0,039105586707592	2512,5	0,114667840301991	
2515,625	0,0396621003746986	2515,625	0,1143554225564	
2518,75	0,039825264364481	2518,75	0,115597002208233	
2521,875	0,0394844822585583	2521,875	0,116351597011089	
2525	0,0410273149609566	2525	0,117668606340885	
2528,125	0,0404230765998363	2528,125	0,117623887956142	
2531,25	0,0411656014621258	2531,25	0,11816131323576	
2534,375	0,0417341366410255	2534,375	0,119328208267689	
2537,5	0,0434245131909847	2537,5	0,120202496647835	
2540,625	0,0425574593245983	2540,625	0,119118079543114	
2543,75	0,0434034541249275	2543,75	0,119464173913002	
2546,875	0,0436173528432846	2546,875	0,121170647442341	
2550	0,0436890013515949	2550	0,121986195445061	
2553,125	0,0443926714360714	2553,125	0,122479267418385	
2556,25	0,0447446517646313	2556,25	0,123105354607105	
2559,375	0,0452031046152115	2559,375	0,123365096747875	
2562,5	0,045369029045105	2562,5	0,123495012521744	
2565,625	0,045193437486887	2565,625	0,123816668987274	
2568,75	0,0454787649214268	2568,75	0,124420590698719	
2571,875	0,0460166931152344	2571,875	0,125772565603256	
2575	0,0460972599685192	2575	0,126107022166252	
2578,125	0,0470037460327148	2578,125	0,125053763389587	
2581,25	0,0466965138912201	2581,25	0,126806974411011	
2584,375	0,0470144636929035	2584,375	0,127139270305634	
2587,5	0,0474255606532097	2587,5	0,127934947609901	
2590,625	0,0477140992879868	2590,625	0,128150343894958	
2593,75	0,0479065291583538	2593,75	0,128877744078636	
2596,875	0,0475226528942585	2596,875	0,13031841814518	
2600	0,0477084964513779	2600	0,130390197038651	
2603,125	0,0485032759606838	2603,125	0,131052851676941	
2606,25	0,0486698262393475	2606,25	0,131293624639511	
2609,375	0,0490196235477924	2609,375	0,13286392390728	
2612,5	0,0496373102068901	2612,5	0,133713752031326	
2615,625	0,0507924854755402	2615,625	0,134195759892464	
2618,75	0,0506339110434055	2618,75	0,135121777653694	
2621,875	0,0516228601336479	2621,875	0,135331973433495	
2625	0,051764328032732	2625	0,135186836123466	
2628,125	0,052307017147541	2628,125	0,135546430945396	
2631,25	0,0532675534486771	2631,25	0,135932743549347	
2634,375	0,0530762895941734	2634,375	0,135835900902748	
2637,5	0,0539655275642872	2637,5	0,136382654309273	
2640,625	0,0543902181088924	2640,625	0,137159496545792	
2643,75	0,0546867735683918	2643,75	0,1383036673069	
2646,875	0,0541668832302094	2646,875	0,139281436800957	
2650	0,0566075406968594	2650	0,13998806476593	
2653,125	0,055686067789793	2653,125	0,139808312058449	
2656,25	0,0559447146952152	2656,25	0,140680104494095	
2659,375	0,0566543266177177	2659,375	0,141426712274551	
2662,5	0,0569898784160614	2662,5	0,141596600413322	
2665,625	0,0579539202153683	2665,625	0,142247587442398	
2668,75	0,0584166161715984	2668,75	0,141516983509064	
2671,875	0,0584118701517582	2671,875	0,143154725432396	
2675	0,0584758594632149	2675	0,144131287932396	
2678,125	0,0586727447807789	2678,125	0,14440493285656	
2681,25	0,0593748204410076	2681,25	0,145138025283813	
2684,375	0,0603332296013832	2684,375	0,145563989877701	
2687,5	0,059790201485157	2687,5	0,146030187606812	
2690,625	0,0616227760910988	2690,625	0,146720409393311	
2693,75	0,0614533685147762	2693,75	0,147009119391441	
2696,875	0,0617599301040173	2696,875	0,146865084767342	
2700	0,0619915798306465	2700	0,14756016433239	
2703,125	0,063299834728241	2703,125	0,148320242762566	
2706,25	0,0639849156141281	2706,25	0,148191973567009	
2709,375	0,0642932429909706	2709,375	0,149293512105942	
2712,5	0,0640679895877838	2712,5	0,150471732020378	
2715,625	0,0652134791016579	2715,625	0,150507688522339	
2718,75	0,0660568997263908	2718,75	0,150179818272591	
2721,875	0,0662377923727036	2721,875	0,150677114725113	
2725	0,0668077915906906	2725	0,152054041624069	
2728,125	0,0677490308880806	2728,125	0,152992606163025	
2731,25	0,0680304393172264	2731,25	0,153260961174965	
2734,375	0,0681598484516144	2734,375	0,152914866805077	
2737,5	0,0690147280693054	2737,5	0,153074339032173	
2740,625	0,0691286772489548	2740,625	0,154377326369286	
2743,75	0,0697755068540573	2743,75	0,15604105591774	
2746,875	0,0704725012183189	2746,875	0,155962273478508	
2750	0,0716084465384483	2750	0,15513052046299	
2753,125	0,0715364888310432	2753,125	0,156314805150032	
2756,25	0,0730006545782089	2756,25	0,157014280557632	
2759,375	0,0728100091218948	2759,375	0,157141715288162	
2762,5	0,0738581866025925	2762,5	0,156873717904091	
2765,625	0,0740802437067032	2765,625	0,157929331064224	
2768,75	0,0755460858345032	2768,75	0,159208819270134	
2771,875	0,0760445296764374	2771,875	0,158560797572136	
2775	0,0766858831048012	2775	0,158772900700569	
2778,125	0,0771631821990013	2778,125	0,158763319253922	
2781,25	0,0778878256678581	2781,25	0,159540519118309	
2784,375	0,0778997093439102	2784,375	0,159395039081573	
2787,5	0,0785629749298096	2787,5	0,15913051366806	
2790,625	0,0795828029513359	2790,625	0,160052359104156	
2793,75	0,0798784717917442	2793,75	0,160483166575432	
2796,875	0,0803066343069077	2796,875	0,160831227898598	
2800	0,0811515524983406	2800	0,161211013793945	
2803,125	0,0813918188214302	2803,125	0,163076311349869	
2806,25	0,0824375301599503	2806,25	0,161660641431808	
2809,375	0,0822666138410568	2809,375	0,162474647164345	
2812,5	0,0833519771695137	2812,5	0,16304874420166	
2815,625	0,0840023159980774	2815,625	0,162593677639961	
2818,75	0,0840234458446503	2818,75	0,162602260708809	
2821,875	0,0846001580357552	2821,875	0,163123399019241	
2825	0,0846758931875229	2825	0,162590339779854	
2828,125	0,085130400955677	2828,125	0,163125067949295	
2831,25	0,0867727547883987	2831,25	0,163794323801994	
2834,375	0,0867081135511398	2834,375	0,163821533322334	
2837,5	0,0872865617275238	2837,5	0,165672153234482	
2840,625	0,0876287370920181	2840,625	0,165591716766357	
2843,75	0,087523564696312	2843,75	0,164605662226677	
2846,875	0,0892249867320061	2846,875	0,16508948802948	
2850	0,0888148471713066	2850	0,165370509028435	
2853,125	0,0889860764145851	2853,125	0,165346682071686	
2856,25	0,0895675495266914	2856,25	0,166296735405922	
2859,375	0,0901926979422569	2859,375	0,166126430034637	
2862,5	0,0902655124664307	2862,5	0,166214734315872	
2865,625	0,0911013707518578	2865,625	0,166558369994164	
2868,75	0,0909559205174446	2868,75	0,167357504367828	
2871,875	0,0912084430456162	2871,875	0,168462812900543	
2875	0,0920808538794518	2875	0,168189391493797	
2878,125	0,0924040526151657	2878,125	0,168511748313904	
2881,25	0,093031644821167	2881,25	0,168811395764351	
2884,375	0,0933806523680687	2884,375	0,168837204575539	
2887,5	0,0935895815491676	2887,5	0,1697608679533	
2890,625	0,0942758396267891	2890,625	0,170691564679146	
2893,75	0,0942311584949493	2893,75	0,170671060681343	
2896,875	0,094624936580658	2896,875	0,170506149530411	
2900	0,0946815982460976	2900	0,171056047081947	
2903,125	0,0952406749129295	2903,125	0,172047391533852	
2906,25	0,095603883266449	2906,25	0,171677947044373	
2909,375	0,0957675874233246	2909,375	0,172279953956604	
2912,5	0,0961816608905792	2912,5	0,172356337308884	
2915,625	0,0968066975474358	2915,625	0,173050910234451	
2918,75	0,0974070131778717	2918,75	0,17360283434391	
2921,875	0,0969906076788902	2921,875	0,174447134137154	
2925	0,0971556752920151	2925	0,175815731287003	
2928,125	0,097694531083107	2928,125	0,175392493605614	
2931,25	0,0982823222875595	2931,25	0,175500437617302	
2934,375	0,0984124541282654	2934,375	0,176764965057373	
2937,5	0,0986864641308784	2937,5	0,177377909421921	
2940,625	0,0990172699093819	2940,625	0,177409410476685	
2943,75	0,0992685034871101	2943,75	0,178007781505585	
2946,875	0,100080564618111	2946,875	0,17955119907856	
2950	0,100357905030251	2950	0,180429607629776	
2953,125	0,101001292467117	2953,125	0,18115246295929	
2956,25	0,10061252117157	2956,25	0,182838544249535	
2959,375	0,102589808404446	2959,375	0,183780759572983	
2962,5	0,102976724505425	2962,5	0,183206483721733	
2965,625	0,103103868663311	2965,625	0,184328600764275	
2968,75	0,104180581867695	2968,75	0,186568766832352	
2971,875	0,104878880083561	2971,875	0,18789204955101	
2975	0,105911582708359	2975	0,188314199447632	
2978,125	0,107099458575249	2978,125	0,18967767059803	
2981,25	0,108902402222157	2981,25	0,189474076032639	
2984,375	0,110501788556576	2984,375	0,190938517451286	
2987,5	0,112345017492771	2987,5	0,191353186964989	
2990,625	0,114008881151676	2990,625	0,190272748470306	
2993,75	0,114023789763451	2993,75	0,190398469567299	
2996,875	0,115268789231777	2996,875	0,18982894718647	
3000	0,117137990891933	3000	0,18828210234642	
3003,125	0,116743378341198	3003,125	0,189507812261581	
3006,25	0,116742506623268	3006,25	0,189051672816277	
3009,375	0,117073573172092	3009,375	0,188532218337059	
3012,5	0,117725655436516	3012,5	0,188592329621315	
3015,625	0,118878915905952	3015,625	0,189953833818436	
3018,75	0,118417650461197	3018,75	0,190532237291336	
3021,875	0,119632199406624	3021,875	0,189657121896744	
3025	0,119602158665657	3025	0,190060943365097	
3028,125	0,119245283305645	3028,125	0,190273940563202	
3031,25	0,120178230106831	3031,25	0,191556572914124	
3034,375	0,119988232851028	3034,375	0,191166415810585	
3037,5	0,122394926846027	3037,5	0,191836997866631	
3040,625	0,121934622526169	3040,625	0,191649317741394	
3043,75	0,121660955250263	3043,75	0,192196190357208	
3046,875	0,123157262802124	3046,875	0,193717196583748	
3050	0,12367907166481	3050	0,19333179295063	
3053,125	0,124221101403236	3053,125	0,193893566727638	
3056,25	0,124879106879234	3056,25	0,194119691848755	
3059,375	0,125419199466705	3059,375	0,195283278822899	
3062,5	0,125839099287987	3062,5	0,195310264825821	
3065,625	0,125745967030525	3065,625	0,195641830563545	
3068,75	0,126500189304352	3068,75	0,195974171161652	
3071,875	0,12696735560894	3071,875	0,196354448795319	
3075	0,128090083599091	3075	0,196807011961937	
3078,125	0,128518357872963	3078,125	0,196151420474052	
3081,25	0,12930628657341	3081,25	0,196016117930412	
3084,375	0,129186138510704	3084,375	0,197021916508675	
3087,5	0,129072248935699	3087,5	0,197815075516701	
3090,625	0,129855707287788	3090,625	0,198984503746033	
3093,75	0,131716519594193	3093,75	0,199349790811539	
3096,875	0,131059065461159	3096,875	0,199503988027573	
3100	0,132365569472313	3100	0,198440477252007	
3103,125	0,132952824234962	3103,125	0,199131324887276	
3106,25	0,133800745010376	3106,25	0,199426516890526	
3109,375	0,134222075343132	3109,375	0,19930711388588	
3112,5	0,134451940655708	3112,5	0,200810194015503	
3115,625	0,134612202644348	3115,625	0,201109752058983	
3118,75	0,136703655123711	3118,75	0,201453104615211	
3121,875	0,137097343802452	3121,875	0,202578142285347	
3125	0,137689143419266	3125	0,202346384525299	
3128,125	0,138055697083473	3128,125	0,201952397823334	
3131,25	0,138836085796356	3131,25	0,201743423938751	
3134,375	0,138652786612511	3134,375	0,202077656984329	
3137,5	0,139207854866982	3137,5	0,201933965086937	
3140,625	0,139898493885994	3140,625	0,201828852295876	
3143,75	0,139117568731308	3143,75	0,201811850070953	
3146,875	0,139979898929596	3146,875	0,20220260322094	
3150	0,140368059277534	3150	0,203277111053467	
3153,125	0,140523314476013	3153,125	0,202972188591957	
3156,25	0,141745641827583	3156,25	0,202331393957138	
3159,375	0,142313823103905	3159,375	0,202409997582436	
3162,5	0,141796827316284	3162,5	0,201612025499344	
3165,625	0,142492741346359	3165,625	0,201195001602173	
3168,75	0,142319872975349	3168,75	0,201800972223282	
3171,875	0,143248796463013	3171,875	0,201162114739418	
3175	0,143811136484146	3175	0,200930118560791	
3178,125	0,144624069333076	3178,125	0,201509281992912	
3181,25	0,143822729587555	3181,25	0,203216135501862	
3184,375	0,143754661083221	3184,375	0,20233216881752	
3187,5	0,144052818417549	3187,5	0,202117666602135	
3190,625	0,142949670553207	3190,625	0,202867567539215	
3193,75	0,142705842852592	3193,75	0,202806606888771	
3196,875	0,144621923565865	3196,875	0,20202711224556	
3200	0,144194856286049	3200	0,203752517700195	
3203,125	0,144530117511749	3203,125	0,203055411577225	
3206,25	0,143605306744576	3206,25	0,202211976051331	
3209,375	0,142715618014336	3209,375	0,202908664941788	
3212,5	0,143516957759857	3212,5	0,204298228025436	
3215,625	0,143796652555466	3215,625	0,205251276493073	
3218,75	0,142311066389084	3218,75	0,205766052007675	
3221,875	0,141760736703873	3221,875	0,204934567213058	
3225	0,142666637897491	3225	0,204855635762215	
3228,125	0,143239974975586	3228,125	0,205287083983421	
3231,25	0,1432094424963	3231,25	0,206476286053658	
3234,375	0,143605500459671	3234,375	0,206866458058357	
3237,5	0,143303468823433	3237,5	0,207501843571663	
3240,625	0,143239915370941	3240,625	0,209024280309677	
3243,75	0,143502652645111	3243,75	0,209763690829277	
3246,875	0,14394436776638	3246,875	0,208951681852341	
3250	0,14251534640789	3250	0,209285706281662	
3253,125	0,142850577831268	3253,125	0,210408061742783	
3256,25	0,141669720411301	3256,25	0,211740881204605	
3259,375	0,142497524619102	3259,375	0,212692692875862	
3262,5	0,14426651597023	3262,5	0,212269067764282	
3265,625	0,1440809071064	3265,625	0,212256342172623	
3268,75	0,14429073035717	3268,75	0,21414090692997	
3271,875	0,144480928778648	3271,875	0,21470633149147	
3275	0,144375681877136	3275	0,214448720216751	
3278,125	0,143779128789902	3278,125	0,215059101581573	
3281,25	0,145941659808159	3281,25	0,216467976570129	
3284,375	0,144957944750786	3284,375	0,216699495911598	
3287,5	0,144080609083176	3287,5	0,218168064951897	
3290,625	0,144602686166763	3290,625	0,219960510730743	
3293,75	0,146792411804199	3293,75	0,218641445040703	
3296,875	0,145986616611481	3296,875	0,218032255768776	
3300	0,146115064620972	3300	0,219772979617119	
3303,125	0,146533757448196	3303,125	0,220567405223846	
3306,25	0,147689998149872	3306,25	0,220968261361122	
3309,375	0,148171320557594	3309,375	0,220958113670349	
3312,5	0,147684022784233	3312,5	0,221911489963531	
3315,625	0,147482618689537	3315,625	0,222352907061577	
3318,75	0,147624596953392	3318,75	0,223153248429298	
3321,875	0,148947581648827	3321,875	0,22355979681015	
3325	0,149238556623459	3325	0,22436149418354	
3328,125	0,149431198835373	3328,125	0,224318012595177	
3331,25	0,149011388421059	3331,25	0,224977269768715	
3334,375	0,149495840072632	3334,375	0,22644604742527	
3337,5	0,150911048054695	3337,5	0,22606535255909	
3340,625	0,150425925850868	3340,625	0,225929096341133	
3343,75	0,151002138853073	3343,75	0,226971358060837	
3346,875	0,152616262435913	3346,875	0,226943373680115	
3350	0,152928113937378	3350	0,227953717112541	
3353,125	0,153638631105423	3353,125	0,227578058838844	
3356,25	0,152228474617004	3356,25	0,227861016988754	
3359,375	0,153408974409103	3359,375	0,228183537721634	
3362,5	0,153616860508919	3362,5	0,228269442915916	
3365,625	0,153036549687386	3365,625	0,228771537542343	
3368,75	0,152807876467705	3368,75	0,228767067193985	
3371,875	0,152899369597435	3371,875	0,230227828025818	
3375	0,152778491377831	3375	0,230711877346039	
3378,125	0,155423030257225	3378,125	0,23061715066433	
3381,25	0,154643625020981	3381,25	0,230889141559601	
3384,375	0,155006766319275	3384,375	0,2312091588974	
3387,5	0,154997527599335	3387,5	0,230197876691818	
3390,625	0,156123086810112	3390,625	0,231963455677032	
3393,75	0,155599847435951	3393,75	0,231572180986404	
3396,875	0,155566290020943	3396,875	0,231696084141731	
3400	0,157011196017265	3400	0,232030630111694	
3403,125	0,157039254903793	3403,125	0,233361169695854	
3406,25	0,157753452658653	3406,25	0,234014391899109	
3409,375	0,158159285783768	3409,375	0,233693644404411	
3412,5	0,157901585102081	3412,5	0,235130041837692	
3415,625	0,158629179000854	3415,625	0,235895723104477	
3418,75	0,158562019467354	3418,75	0,234673917293549	
3421,875	0,158245757222176	3421,875	0,235712364315987	
3425	0,158815622329712	3425	0,236132889986038	
3428,125	0,159596234560013	3428,125	0,234372720122337	
3431,25	0,158807560801506	3431,25	0,235312342643738	
3434,375	0,159326195716858	3434,375	0,236446902155876	
3437,5	0,161190211772919	3437,5	0,236466020345688	
3440,625	0,1618991792202	3440,625	0,236469104886055	
3443,75	0,161093980073929	3443,75	0,236830681562424	
3446,875	0,1605623960495	3446,875	0,236623153090477	
3450	0,16155518591404	3450	0,236394822597504	
3453,125	0,161711245775223	3453,125	0,236815467476845	
3456,25	0,162326812744141	3456,25	0,237694904208183	
3459,375	0,162102788686752	3459,375	0,238631352782249	
3462,5	0,162832006812096	3462,5	0,237176179885864	
3465,625	0,162510707974434	3465,625	0,238553881645203	
3468,75	0,163537502288818	3468,75	0,239874750375748	
3471,875	0,163501068949699	3471,875	0,239938631653786	
3475	0,164437979459763	3475	0,238536939024925	
3478,125	0,163978770375252	3478,125	0,239426583051682	
3481,25	0,163530290126801	3481,25	0,238332107663155	
3484,375	0,163697555661201	3484,375	0,238521188497543	
3487,5	0,16479529440403	3487,5	0,239897787570953	
3490,625	0,165283113718033	3490,625	0,239820301532745	
3493,75	0,165874823927879	3493,75	0,24015748500824	
3496,875	0,164937153458595	3496,875	0,239711001515388	
3500	0,166312515735626	3500	0,239664375782013	
3503,125	0,166435614228249	3503,125	0,24015648663044	
3506,25	0,167279526591301	3506,25	0,241244748234749	
3509,375	0,166855841875076	3509,375	0,241279274225235	
3512,5	0,16690157353878	3512,5	0,239735409617424	
3515,625	0,166766330599785	3515,625	0,239537164568901	
3518,75	0,166723251342773	3518,75	0,240930885076523	
3521,875	0,167184472084045	3521,875	0,240650221705437	
3525	0,168045729398727	3525	0,23997800052166	
3528,125	0,168541699647903	3528,125	0,240873724222183	
3531,25	0,169412389397621	3531,25	0,241703674197197	
3534,375	0,168711453676224	3534,375	0,241328686475754	
3537,5	0,168258965015411	3537,5	0,240409523248672	
3540,625	0,169027760624886	3540,625	0,240820586681366	
3543,75	0,168964713811874	3543,75	0,241015374660492	
3546,875	0,168219834566116	3546,875	0,24153470993042	
3550	0,16936631500721	3550	0,240863084793091	
3553,125	0,168956980109215	3553,125	0,241412535309792	
3556,25	0,169822081923485	3556,25	0,241318583488464	
3559,375	0,169837132096291	3559,375	0,241172254085541	
3562,5	0,170466691255569	3562,5	0,242318943142891	
3565,625	0,170784011483192	3565,625	0,241976782679558	
3568,75	0,170022040605545	3568,75	0,242143020033836	
3571,875	0,171404927968979	3571,875	0,242146164178848	
3575	0,171846449375153	3575	0,242691203951836	
3578,125	0,171785473823547	3578,125	0,242914363741875	
3581,25	0,172214612364769	3581,25	0,242880448698997	
3584,375	0,171528294682503	3584,375	0,242007687687874	
3587,5	0,170888647437096	3587,5	0,241855531930923	
3590,625	0,171263605356216	3590,625	0,242878049612045	
3593,75	0,171796277165413	3593,75	0,244039624929428	
3596,875	0,172022446990013	3596,875	0,244482189416885	
3600	0,172865241765976	3600	0,244490325450897	
3603,125	0,173100873827934	3603,125	0,243635594844818	
3606,25	0,172393232584	3606,25	0,244965046644211	
3609,375	0,173548176884651	3609,375	0,24380587041378	
3612,5	0,173515990376472	3612,5	0,2440345287323	
3615,625	0,173886731266975	3615,625	0,245084539055824	
3618,75	0,173888966441154	3618,75	0,244350746273994	
3621,875	0,173569485545158	3621,875	0,244761362671852	
3625	0,173629030585289	3625	0,244493022561073	
3628,125	0,174588307738304	3628,125	0,244727715849876	
3631,25	0,175946235656738	3631,25	0,24430014193058	
3634,375	0,175980389118195	3634,375	0,245109289884567	
3637,5	0,175327554345131	3637,5	0,245039999485016	
3640,625	0,175366207957268	3640,625	0,244147717952728	
3643,75	0,175923690199852	3643,75	0,244754105806351	
3646,875	0,175287693738937	3646,875	0,244647786021233	
3650	0,176090240478516	3650	0,244657978415489	
3653,125	0,176335498690605	3653,125	0,244513988494873	
3656,25	0,176073521375656	3656,25	0,24446152150631	
3659,375	0,177105665206909	3659,375	0,245024472475052	
3662,5	0,177481517195702	3662,5	0,244993656873703	
3665,625	0,177239388227463	3665,625	0,246946394443512	
3668,75	0,17844183743	3668,75	0,244691386818886	
3671,875	0,176840618252754	3671,875	0,244705483317375	
3675	0,177389487624168	3675	0,245294734835625	
3678,125	0,177715331315994	3678,125	0,245360881090164	
3681,25	0,176505550742149	3681,25	0,246950477361679	
3684,375	0,178356468677521	3684,375	0,242999598383904	
3687,5	0,177503734827042	3687,5	0,245052739977837	
3690,625	0,17781338095665	3690,625	0,245962381362915	
3693,75	0,179189682006836	3693,75	0,245617598295212	
3696,875	0,179221302270889	3696,875	0,24660736322403	
3700	0,178645342588425	3700	0,245953664183617	
3703,125	0,178893581032753	3703,125	0,245011001825333	
3706,25	0,180666506290436	3706,25	0,245932161808014	
3709,375	0,180319905281067	3709,375	0,246954172849655	
3712,5	0,179639667272568	3712,5	0,245418101549149	
3715,625	0,179564774036407	3715,625	0,243921473622322	
3718,75	0,181594923138618	3718,75	0,245973467826843	
3721,875	0,181278482079506	3721,875	0,245810225605965	
3725	0,181292131543159	3725	0,246812924742699	
3728,125	0,181748196482658	3728,125	0,245374426245689	
3731,25	0,181394204497337	3731,25	0,246387451887131	
3734,375	0,182034403085709	3734,375	0,245428740978241	
3737,5	0,181396558880806	3737,5	0,246406689286232	
3740,625	0,183529436588287	3740,625	0,246236577630043	
3743,75	0,182993724942207	3743,75	0,245957583189011	
3746,875	0,182191506028175	3746,875	0,246707528829575	
3750	0,18275186419487	3750	0,245967254042625	
3753,125	0,182940125465393	3753,125	0,24568210542202	
3756,25	0,183499574661255	3756,25	0,245178714394569	
3759,375	0,183060005307198	3759,375	0,245068356394768	
3762,5	0,182471454143524	3762,5	0,247306481003761	
3765,625	0,185186237096786	3765,625	0,243850082159042	
3768,75	0,183539375662804	3768,75	0,245519191026688	
3771,875	0,183185309171677	3771,875	0,244692638516426	
3775	0,183721244335175	3775	0,24537293612957	
3778,125	0,184210851788521	3778,125	0,245010226964951	
3781,25	0,184554189443588	3781,25	0,244619160890579	
3784,375	0,184570536017418	3784,375	0,246134519577026	
3787,5	0,186610907316208	3787,5	0,245937868952751	
3790,625	0,185383021831512	3790,625	0,245798274874687	
3793,75	0,186100050806999	3793,75	0,243778049945831	
3796,875	0,184919834136963	3796,875	0,24447076022625	
3800	0,184247866272926	3800	0,243694677948952	
3803,125	0,185370624065399	3803,125	0,244471073150635	
3806,25	0,186063423752785	3806,25	0,245779529213905	
3809,375	0,185564458370209	3809,375	0,244465544819832	
3812,5	0,185727789998055	3812,5	0,24362725019455	
3815,625	0,185232535004616	3815,625	0,243556424975395	
3818,75	0,186378464102745	3818,75	0,24448473751545	
3821,875	0,18582309782505	3821,875	0,243933334946632	
3825	0,18546736240387	3825	0,244730457663536	
3828,125	0,187069162726402	3828,125	0,243736878037453	
3831,25	0,186988711357117	3831,25	0,243927225470543	
3834,375	0,187903225421906	3834,375	0,243830308318138	
3837,5	0,187838539481163	3837,5	0,24477156996727	
3840,625	0,187044754624367	3840,625	0,243513971567154	
3843,75	0,186180621385574	3843,75	0,242758139967918	
3846,875	0,188029870390892	3846,875	0,242596492171288	
3850	0,187302470207214	3850	0,242938488721848	
3853,125	0,187299653887749	3853,125	0,243122383952141	
3856,25	0,188864380121231	3856,25	0,243668287992477	
3859,375	0,188137948513031	3859,375	0,242808252573013	
3862,5	0,188364118337631	3862,5	0,241722300648689	
3865,625	0,187875136733055	3865,625	0,243302047252655	
3868,75	0,188035756349564	3868,75	0,243291795253754	
3871,875	0,18772728741169	3871,875	0,242073446512222	
3875	0,187950074672699	3875	0,242004409432411	
3878,125	0,189193293452263	3878,125	0,242329403758049	
3881,25	0,188696950674057	3881,25	0,241825774312019	
3884,375	0,190496414899826	3884,375	0,241174399852753	
3887,5	0,189659535884857	3887,5	0,241342663764954	
3890,625	0,189497485756874	3890,625	0,241160735487938	
3893,75	0,190809532999992	3893,75	0,242370799183846	
3896,875	0,190696507692337	3896,875	0,241143405437469	
3900	0,190629228949547	3900	0,242205917835236	
3903,125	0,190579980611801	3903,125	0,242075219750404	
3906,25	0,191165372729301	3906,25	0,241226747632027	
3909,375	0,190898105502129	3909,375	0,241436466574669	
3912,5	0,190636873245239	3912,5	0,2414580732584	
3915,625	0,192483127117157	3915,625	0,240581721067429	
3918,75	0,190019384026527	3918,75	0,242094099521637	
3921,875	0,19310399889946	3921,875	0,238519191741943	
3925	0,19091759622097	3925	0,239273592829704	
3928,125	0,191202506422997	3928,125	0,239172592759132	
3931,25	0,189909711480141	3931,25	0,240930199623108	
3934,375	0,191180244088173	3934,375	0,240257114171982	
3937,5	0,191913813352585	3937,5	0,239141508936882	
3940,625	0,19191400706768	3940,625	0,239906579256058	
3943,75	0,19161681830883	3943,75	0,240497127175331	
3946,875	0,191944539546967	3946,875	0,23927403986454	
3950	0,19123587012291	3950	0,237903714179993	
3953,125	0,19135494530201	3953,125	0,238375708460808	
3956,25	0,190791383385658	3956,25	0,238778859376907	
3959,375	0,190568774938583	3959,375	0,237346857786179	
3962,5	0,191854849457741	3962,5	0,237267717719078	
3965,625	0,192210271954536	3965,625	0,238581910729408	
3968,75	0,192511886358261	3968,75	0,238704144954681	
3971,875	0,192801386117935	3971,875	0,238566130399704	
3975	0,194682955741882	3975	0,237589180469513	
3978,125	0,193636059761047	3978,125	0,237127348780632	
3981,25	0,191539168357849	3981,25	0,237096443772316	
3984,375	0,191549435257912	3984,375	0,236249223351479	
3987,5	0,191947430372238	3987,5	0,237483635544777	
3990,625	0,19343826174736	3990,625	0,237147212028503	
3993,75	0,192827016115189	3993,75	0,237201377749443	
3996,875	0,193452507257462	3996,875	0,237184450030327	
4000	0,195508509874344	4000	0,237422555685043	
4003,125	0,194242224097252	4003,125	0,236993357539177	
4006,25	0,194239482283592	4006,25	0,236755475401878	
4009,375	0,194353088736534	4009,375	0,236129805445671	
4012,5	0,19425792992115	4012,5	0,236931398510933	
4015,625	0,194677770137787	4015,625	0,23665814101696	
4018,75	0,194424390792847	4018,75	0,236486241221428	
4021,875	0,194993391633034	4021,875	0,236199721693993	
4025	0,195355534553528	4025	0,236121311783791	
4028,125	0,193663388490677	4028,125	0,236216634511948	
4031,25	0,195160552859306	4031,25	0,233280599117279	
4034,375	0,194736763834953	4034,375	0,234258413314819	
4037,5	0,196234434843063	4037,5	0,235690891742706	
4040,625	0,19361500442028	4040,625	0,233087107539177	
4043,75	0,194973737001419	4043,75	0,233097448945045	
4046,875	0,194704130291939	4046,875	0,232417821884155	
4050	0,194531619548798	4050	0,231704890727997	
4053,125	0,194424331188202	4053,125	0,233445927500725	
4056,25	0,195722371339798	4056,25	0,232345044612885	
4059,375	0,194631218910217	4059,375	0,233681738376617	
4062,5	0,194343149662018	4062,5	0,231711372733116	
4065,625	0,195720210671425	4065,625	0,232085078954697	
4068,75	0,195325210690498	4068,75	0,231640979647636	
4071,875	0,194612801074982	4071,875	0,23084282875061	
4075	0,197370529174805	4075	0,232184797525406	
4078,125	0,196985691785812	4078,125	0,232268095016479	
4081,25	0,197478786110878	4081,25	0,231838405132294	
4084,375	0,196606889367104	4084,375	0,230124667286873	
4087,5	0,197799324989319	4087,5	0,230679407715797	
4090,625	0,195535525679588	4090,625	0,230090424418449	
4093,75	0,195672765374184	4093,75	0,227834597229958	
4096,875	0,196088060736656	4096,875	0,230105817317963	
4100	0,198101609945297	4100	0,229802757501602	
4103,125	0,197366774082184	4103,125	0,22895410656929	
4106,25	0,195958510041237	4106,25	0,229549899697304	
4109,375	0,19808255136013	4109,375	0,230031579732895	
4112,5	0,197667688131332	4112,5	0,228192299604416	
4115,625	0,197182029485703	4115,625	0,227955862879753	
4118,75	0,197587519884109	4118,75	0,228460744023323	
4121,875	0,196920707821846	4121,875	0,228561833500862	
4125	0,197684705257416	4125	0,226115211844444	
4128,125	0,19755719602108	4128,125	0,226487755775452	
4131,25	0,197050154209137	4131,25	0,227189958095551	
4134,375	0,198010936379433	4134,375	0,226316303014755	
4137,5	0,198104560375214	4137,5	0,226801350712776	
4140,625	0,196933850646019	4140,625	0,226113274693489	
4143,75	0,198660433292389	4143,75	0,225043192505836	
4146,875	0,197676777839661	4146,875	0,226210802793503	
4150	0,198212027549744	4150	0,225061342120171	
4153,125	0,199441879987717	4153,125	0,225337758660316	
4156,25	0,199740514159203	4156,25	0,225159257650375	
4159,375	0,197438582777977	4159,375	0,225339144468307	
4162,5	0,198178246617317	4162,5	0,223603039979935	
4165,625	0,19911028444767	4165,625	0,223285123705864	
4168,75	0,19885441660881	4168,75	0,222751215100288	
4171,875	0,198145970702171	4171,875	0,223134532570839	
4175	0,198032557964325	4175	0,224062576889992	
4178,125	0,199606969952583	4178,125	0,223569720983505	
4181,25	0,200070798397064	4181,25	0,222392275929451	
4184,375	0,199164599180222	4184,375	0,222823143005371	
4187,5	0,199608996510506	4187,5	0,222264111042023	
4190,625	0,199521601200104	4190,625	0,222836926579475	
4193,75	0,199148803949356	4193,75	0,222496911883354	
4196,875	0,199446186423302	4196,875	0,221580177545547	
4200	0,199327439069748	4200	0,222111880779266	
4203,125	0,199387609958649	4203,125	0,220945745706558	
4206,25	0,197770297527313	4206,25	0,219541817903519	
4209,375	0,198278233408928	4209,375	0,219915837049484	
4212,5	0,199324518442154	4212,5	0,220348611474037	
4215,625	0,199786975979805	4215,625	0,220189884305	
4218,75	0,199639037251472	4218,75	0,219844773411751	
4221,875	0,198497638106346	4221,875	0,219666436314583	
4225	0,1988275796175	4225	0,218525648117065	
4228,125	0,198220163583755	4228,125	0,218323677778244	
4231,25	0,198054045438766	4231,25	0,219376429915428	
4234,375	0,198218375444412	4234,375	0,217941135168076	
4237,5	0,198038995265961	4237,5	0,2171960324049	
4240,625	0,198390647768974	4240,625	0,218693897128105	
4243,75	0,197851613163948	4243,75	0,218111708760262	
4246,875	0,198268085718155	4246,875	0,21929395198822	
4250	0,198836088180542	4250	0,218848049640656	
4253,125	0,196794301271439	4253,125	0,21884873509407	
4256,25	0,197065144777298	4256,25	0,219292759895325	
4259,375	0,196476817131042	4259,375	0,22020597755909	
4262,5	0,198766186833382	4262,5	0,219346612691879	
4265,625	0,198979526758194	4265,625	0,218964040279388	
4268,75	0,197628244757652	4268,75	0,220282778143883	
4271,875	0,197761431336403	4271,875	0,220063611865044	
4275	0,200482130050659	4275	0,218690901994705	
4278,125	0,1988515406847	4278,125	0,22004733979702	
4281,25	0,197911202907562	4281,25	0,220836028456688	
4284,375	0,200781062245369	4284,375	0,220140025019646	
4287,5	0,200049564242363	4287,5	0,220295518636703	
4290,625	0,200107634067535	4290,625	0,219961315393448	
4293,75	0,199311628937721	4293,75	0,218888983130455	
4296,875	0,198850020766258	4296,875	0,217778980731964	
4300	0,19966247677803	4300	0,218542516231537	
4303,125	0,201772108674049	4303,125	0,218858271837234	
4306,25	0,202111855149269	4306,25	0,218119636178017	
4309,375	0,201973557472229	4309,375	0,218636497855186	
4312,5	0,204056099057198	4312,5	0,218327045440674	
4315,625	0,203501477837563	4315,625	0,217329069972038	
4318,75	0,203283920884132	4318,75	0,217861756682396	
4321,875	0,203761100769043	4321,875	0,216891452670097	
4325	0,203106462955475	4325	0,216255351901054	
4328,125	0,203779339790344	4328,125	0,216890648007393	
4331,25	0,205616638064384	4331,25	0,217187941074371	
4334,375	0,204886436462402	4334,375	0,216195374727249	
4337,5	0,206136256456375	4337,5	0,216126427054405	
4340,625	0,206165373325348	4340,625	0,214776381850243	
4343,75	0,205902740359306	4343,75	0,214396342635155	
4346,875	0,206703215837479	4346,875	0,213658824563026	
4350	0,207424938678741	4350	0,213260680437088	
4353,125	0,207161456346512	4353,125	0,213372394442558	
4356,25	0,20708404481411	4356,25	0,212883874773979	
4359,375	0,206636056303978	4359,375	0,211584851145744	
4362,5	0,209200292825699	4362,5	0,21340648829937	
4365,625	0,208343699574471	4365,625	0,21328791975975	
4368,75	0,210290834307671	4368,75	0,212050959467888	
4371,875	0,208470851182938	4371,875	0,210928022861481	
4375	0,209000796079636	4375	0,210560992360115	
4378,125	0,211902722716331	4378,125	0,21138933300972	
4381,25	0,211283579468727	4381,25	0,209741964936256	
4384,375	0,210650816559792	4384,375	0,208395019173622	
4387,5	0,209729552268982	4387,5	0,207548379898071	
4390,625	0,210684597492218	4390,625	0,207009956240654	
4393,75	0,211932867765427	4393,75	0,206074178218842	
4396,875	0,21166929602623	4396,875	0,206890046596527	
4400	0,21201890707016	4400	0,205991446971893	
4403,125	0,211557269096375	4403,125	0,204637929797173	
4406,25	0,212009519338608	4406,25	0,203737646341324	
4409,375	0,213869407773018	4409,375	0,202869281172752	
4412,5	0,213204383850098	4412,5	0,202490344643593	
4415,625	0,213001474738121	4415,625	0,203101739287376	
4418,75	0,214509025216103	4418,75	0,201855003833771	
4421,875	0,214636623859406	4421,875	0,2015400826931	
4425	0,213393196463585	4425	0,200897186994553	
4428,125	0,214377284049988	4428,125	0,200282990932465	
4431,25	0,214173689484596	4431,25	0,200672969222069	
4434,375	0,214436873793602	4434,375	0,198148772120476	
4437,5	0,215109780430794	4437,5	0,196217983961105	
4440,625	0,215068578720093	4440,625	0,195580646395683	
4443,75	0,21481965482235	4443,75	0,194591820240021	
4446,875	0,21544885635376	4446,875	0,195236295461655	
4450	0,215326324105263	4450	0,195387229323387	
4453,125	0,215400159358978	4453,125	0,194045498967171	
4456,25	0,214250341057777	4456,25	0,192818716168404	
4459,375	0,215542167425156	4459,375	0,191085815429688	
4462,5	0,216616243124008	4462,5	0,190763026475906	
4465,625	0,215535745024681	4465,625	0,191202431917191	
4468,75	0,216801092028618	4468,75	0,191213816404343	
4471,875	0,217733532190323	4471,875	0,188082441687584	
4475	0,216065093874931	4475	0,187623277306557	
4478,125	0,215581372380257	4478,125	0,187586456537247	
4481,25	0,21782398223877	4481,25	0,186057031154633	
4484,375	0,217896148562431	4484,375	0,185845196247101	
4487,5	0,216328993439674	4487,5	0,184911355376244	
4490,625	0,216601103544235	4490,625	0,18438558280468	
4493,75	0,216924205422401	4493,75	0,183178454637527	
4496,875	0,217349424958229	4496,875	0,181417644023895	
4500	0,217296704649925	4500	0,182075262069702	
4503,125	0,218029290437698	4503,125	0,180952981114388	
4506,25	0,219415128231049	4506,25	0,180144280195236	
4509,375	0,218896180391312	4509,375	0,179157570004463	
4512,5	0,217744052410126	4512,5	0,179115697741508	
4515,625	0,218496888875961	4515,625	0,177793368697166	
4518,75	0,218801140785217	4518,75	0,178124263882637	
4521,875	0,218668088316917	4521,875	0,176772087812424	
4525	0,218869134783745	4525	0,174829199910164	
4528,125	0,218048423528671	4528,125	0,17356051504612	
4531,25	0,217998802661896	4531,25	0,173258349299431	
4534,375	0,218105003237724	4534,375	0,173186212778091	
4537,5	0,217955738306046	4537,5	0,172003090381622	
4540,625	0,218576163053513	4540,625	0,169971406459808	
4543,75	0,218867316842079	4543,75	0,170271635055542	
4546,875	0,218472361564636	4546,875	0,169762253761292	
4550	0,218554377555847	4550	0,169607758522034	
4553,125	0,218409463763237	4553,125	0,167019888758659	
4556,25	0,219270154833794	4556,25	0,167289257049561	
4559,375	0,217943906784058	4559,375	0,168558895587921	
4562,5	0,221225872635841	4562,5	0,166434854269028	
4565,625	0,220753744244576	4565,625	0,165414810180664	
4568,75	0,220356091856956	4568,75	0,164339125156403	
4571,875	0,219601735472679	4571,875	0,163774698972702	
4575	0,220614328980446	4575	0,162801921367645	
4578,125	0,220179781317711	4578,125	0,161992087960243	
4581,25	0,220962449908257	4581,25	0,160686314105988	
4584,375	0,221481755375862	4584,375	0,160818696022034	
4587,5	0,221052050590515	4587,5	0,161031752824783	
4590,625	0,221908003091812	4590,625	0,15991622209549	
4593,75	0,222362726926804	4593,75	0,158966273069382	
4596,875	0,221337541937828	4596,875	0,157341346144676	
4600	0,223500907421112	4600	0,15681317448616	
4603,125	0,224904716014862	4603,125	0,156566128134727	
4606,25	0,223734900355339	4606,25	0,155681937932968	
4609,375	0,223927810788155	4609,375	0,155756518244743	
4612,5	0,225119903683662	4612,5	0,154228165745735	
4615,625	0,224438697099686	4615,625	0,153469309210777	
4618,75	0,225758835673332	4618,75	0,153282389044762	
4621,875	0,2260502576828	4621,875	0,153383523225784	
4625	0,225698545575142	4625	0,150498747825623	
4628,125	0,226217806339264	4628,125	0,14979849755764	
4631,25	0,22691735625267	4631,25	0,148340165615082	
4634,375	0,228090509772301	4634,375	0,147477358579636	
4637,5	0,228038921952248	4637,5	0,148155063390732	
4640,625	0,227999627590179	4640,625	0,147831216454506	
4643,75	0,228495985269547	4643,75	0,14611405134201	
4646,875	0,228835836052895	4646,875	0,145296856760979	
4650	0,228644475340843	4650	0,144361659884453	
4653,125	0,2298583984375	4653,125	0,14321194589138	
4656,25	0,230653569102287	4656,25	0,142322301864624	
4659,375	0,230884939432144	4659,375	0,142328456044197	
4662,5	0,23282815515995	4662,5	0,142411276698112	
4665,625	0,233338490128517	4665,625	0,140645697712898	
4668,75	0,232611104846001	4668,75	0,13970322906971	
4671,875	0,233255967497826	4671,875	0,13793309032917	
4675	0,233346283435822	4675	0,136548146605492	
4678,125	0,233722269535065	4678,125	0,135974124073982	
4681,25	0,233591914176941	4681,25	0,134623348712921	
4684,375	0,234640568494797	4684,375	0,134406760334969	
4687,5	0,234680071473122	4687,5	0,133471190929413	
4690,625	0,234745383262634	4690,625	0,132453337311745	
4693,75	0,234694749116898	4693,75	0,131927192211151	
4696,875	0,234760865569115	4696,875	0,131092250347137	
4700	0,236197024583817	4700	0,130537316203117	
4703,125	0,235048294067383	4703,125	0,129407584667206	
4706,25	0,235355898737907	4706,25	0,129671096801758	
4709,375	0,235679984092712	4709,375	0,129463046789169	
4712,5	0,236205473542213	4712,5	0,129254132509232	
4715,625	0,236326918005943	4715,625	0,128693923354149	
4718,75	0,236418187618256	4718,75	0,12828417122364	
4721,875	0,236921548843384	4721,875	0,127489864826202	
4725	0,237800911068916	4725	0,128016039729118	
4728,125	0,238175496459007	4728,125	0,127803698182106	
4731,25	0,239482223987579	4731,25	0,12788724899292	
4734,375	0,239898100495338	4734,375	0,127103373408318	
4737,5	0,239523783326149	4737,5	0,126843705773354	
4740,625	0,240668132901192	4740,625	0,126451939344406	
4743,75	0,240641295909882	4743,75	0,126314207911491	
4746,875	0,240621760487556	4746,875	0,125955745577812	
4750	0,241857394576073	4750	0,125085636973381	
4753,125	0,243355110287666	4753,125	0,124459706246853	
4756,25	0,243122115731239	4756,25	0,12434908002615	
4759,375	0,243938997387886	4759,375	0,123802572488785	
4762,5	0,244182020425797	4762,5	0,123893566429615	
4765,625	0,243850067257881	4765,625	0,12378167361021	
4768,75	0,244447067379951	4768,75	0,123949572443962	
4771,875	0,24644547700882	4771,875	0,124245382845402	
4775	0,246842429041862	4775	0,122973196208477	
4778,125	0,247110649943352	4778,125	0,122264124453068	
4781,25	0,246490120887756	4781,25	0,122047089040279	
4784,375	0,247455164790154	4784,375	0,122255317866802	
4787,5	0,248112469911575	4787,5	0,122296839952469	
4790,625	0,248350024223328	4790,625	0,122965134680271	
4793,75	0,250192314386368	4793,75	0,121832072734833	
4796,875	0,250596195459366	4796,875	0,121831819415092	
4800	0,250486224889755	4800	0,121767304837704	
4803,125	0,251686275005341	4803,125	0,12130931019783	
4806,25	0,252418547868729	4806,25	0,121378652751446	
4809,375	0,252155095338821	4809,375	0,122521378099918	
4812,5	0,252649754285812	4812,5	0,122648537158966	
4815,625	0,253019154071808	4815,625	0,123256199061871	
4818,75	0,253656327724457	4818,75	0,123664312064648	
4821,875	0,253420382738113	4821,875	0,12380687892437	
4825	0,253625333309174	4825	0,124502591788769	
4828,125	0,253906518220901	4828,125	0,123457945883274	
4831,25	0,254737585783005	4831,25	0,123743362724781	
4834,375	0,255245625972748	4834,375	0,124480992555618	
4837,5	0,255915582180023	4837,5	0,125166937708855	
4840,625	0,256402969360352	4840,625	0,125509291887283	
4843,75	0,256809830665588	4843,75	0,125852778553963	
4846,875	0,257089495658875	4846,875	0,12667228281498	
4850	0,258004307746887	4850	0,127889022231102	
4853,125	0,259571135044098	4853,125	0,128721863031387	
4856,25	0,259943664073944	4856,25	0,130257666110992	
4859,375	0,260911732912064	4859,375	0,130722045898438	
4862,5	0,261373698711395	4862,5	0,131091132760048	
4865,625	0,262890636920929	4865,625	0,131697207689285	
4868,75	0,263651251792908	4868,75	0,132464155554771	
4871,875	0,26543116569519	4871,875	0,133907005190849	
4875	0,267101734876633	4875	0,13534751534462	
4878,125	0,270269483327866	4878,125	0,136110693216324	
4881,25	0,273228526115417	4881,25	0,136337324976921	
4884,375	0,275455862283707	4884,375	0,132993429899216	
4887,5	0,277448296546936	4887,5	0,131157785654068	
4890,625	0,276660770177841	4890,625	0,128931403160095	
4893,75	0,274585396051407	4893,75	0,127279624342918	
4896,875	0,274185508489609	4896,875	0,126527458429337	
4900	0,272595822811127	4900	0,127704709768295	
4903,125	0,271797031164169	4903,125	0,12967874109745	
4906,25	0,272396892309189	4906,25	0,131657525897026	
4909,375	0,272311180830002	4909,375	0,132429003715515	
4912,5	0,271900117397308	4912,5	0,133128315210342	
4915,625	0,272067815065384	4915,625	0,13479545712471	
4918,75	0,272782266139984	4918,75	0,136246278882027	
4921,875	0,274346262216568	4921,875	0,137570157647133	
4925	0,275558829307556	4925	0,138262569904327	
4928,125	0,276481717824936	4928,125	0,139012187719345	
4931,25	0,276826769113541	4931,25	0,140136882662773	
4934,375	0,277303218841553	4934,375	0,140963822603226	
4937,5	0,278251320123672	4937,5	0,141646414995193	
4940,625	0,278823971748352	4940,625	0,142975986003876	
4943,75	0,280191212892532	4943,75	0,144287824630737	
4946,875	0,280784368515015	4946,875	0,144341573119164	
4950	0,27985355257988	4950	0,144306719303131	
4953,125	0,281172633171082	4953,125	0,146098077297211	
4956,25	0,281481981277466	4956,25	0,147485539317131	
4959,375	0,282007187604904	4959,375	0,148737788200378	
4962,5	0,282791525125504	4962,5	0,149052172899246	
4965,625	0,283547818660736	4965,625	0,149893432855606	
4968,75	0,284109860658646	4968,75	0,150560289621353	
4971,875	0,283621549606323	4971,875	0,152361214160919	
4975	0,283719182014465	4975	0,15360726416111	
				
