Frequency in Hz	Wool_95 Sound Absorption Coefficient 1/3-octave	Frequency in Hz	Wool_95 Sound Absorption Coefficient continuous	
125	0,0568992644548416	100	0,0526868516826463	
160	0,0709086060523987	103,125	0,0691218009178135	
200	0,0924750715494156	106,25	0,0544624988817987	
250	0,124783366918564	109,375	0,036037570726154	
315	0,180594012141228	112,5	0,0588540183552619	
400	0,229844957590103	115,625	0,0582958741740632	
500	0,304407566785812	118,75	0,0511825733341018	
630	0,417988836765289	121,875	0,0734093240859646	
800	0,520849049091339	125	0,0492351027321245	
1000	0,697368264198303	128,125	0,0480227793343593	
1250	0,853245139122009	131,25	0,0477318143386999	
1600	0,951695442199707	134,375	0,0301835267330228	
2000	0,996034383773804	137,5	0,0727229204176993	
2500	0,983725309371948	140,625	0,0793546996549993	
3150	0,938517034053802	143,75	0,0811061318019581	
4000	0,909199297428131	146,875	0,0508192920127961	
		150	0,0720302681682884	
		153,125	0,066576464545871	
		156,25	0,0668285802520382	
		159,375	0,0653357963134711	
		162,5	0,062405795969505	
		165,625	0,0721488747963418	
		168,75	0,0694260354246332	
		171,875	0,0823723224416467	
		175	0,0909450873897967	
		178,125	0,0746856609776787	
		181,25	0,0759876714648482	
		184,375	0,0871825392601142	
		187,5	0,0988187762162408	
		190,625	0,100971111911286	
		193,75	0,103797115865666	
		196,875	0,0990601133689842	
		200	0,08515160005433	
		203,125	0,0775471002126278	
		206,25	0,0925338189537441	
		209,375	0,0972514993998594	
		212,5	0,0843314042634757	
		215,625	0,104969162371651	
		218,75	0,100390354237295	
		221,875	0,104448168834441	
		225	0,113606607262046	
		228,125	0,1166148825878	
		231,25	0,115758709627009	
		234,375	0,12191778186267	
		237,5	0,108679320607593	
		240,625	0,103186712837495	
		243,75	0,110182628704766	
		246,875	0,128044783630724	
		250	0,131149447061577	
		253,125	0,122057844638729	
		256,25	0,126755945911442	
		259,375	0,138627927584233	
		262,5	0,129713872920177	
		265,625	0,123641155423951	
		268,75	0,131692499486861	
		271,875	0,136611606059342	
		275	0,129738138467554	
		278,125	0,140894072910186	
		281,25	0,142010007414074	
		284,375	0,142661501230104	
		287,5	0,131300780157585	
		290,625	0,144958334691418	
		293,75	0,14031458442874	
		296,875	0,147424414378628	
		300	0,151897220786545	
		303,125	0,154909574410512	
		306,25	0,164089712593168	
		309,375	0,174080487371816	
		312,5	0,189672917356436	
		315,625	0,216096441145348	
		318,75	0,21867671384477	
		321,875	0,209607654030145	
		325	0,208690474451728	
		328,125	0,215546740607951	
		331,25	0,191542871709149	
		334,375	0,18963073596404	
		337,5	0,196204475455421	
		340,625	0,18859727263244	
		343,75	0,194052433591783	
		346,875	0,191787497032048	
		350	0,19712757104325	
		353,125	0,194792030944545	
		356,25	0,185016212170944	
		359,375	0,189172992089758	
		362,5	0,197129656625333	
		365,625	0,21278555124597	
		368,75	0,19688771995404	
		371,875	0,174481859047775	
		375	0,236189266217958	
		378,125	0,224821801033656	
		381,25	0,203816479460671	
		384,375	0,235063595306742	
		387,5	0,228874845234942	
		390,625	0,219337426738881	
		393,75	0,209607933535496	
		396,875	0,212178705000057	
		400	0,217189163238071	
		403,125	0,219176727059824	
		406,25	0,232416879281029	
		409,375	0,253660410330297	
		412,5	0,255451896968561	
		415,625	0,230484110769838	
		418,75	0,254056384740794	
		421,875	0,248247237015238	
		425	0,25075007514186	
		428,125	0,252564197298224	
		431,25	0,248858797817211	
		434,375	0,253691745277189	
		437,5	0,254875762225386	
		440,625	0,260934915044999	
		443,75	0,265690854245211	
		446,875	0,271935574796509	
		450	0,253771618386182	
		453,125	0,255971145173886	
		456,25	0,247374895856022	
		459,375	0,259976622443827	
		462,5	0,268140156289762	
		465,625	0,266556202472223	
		468,75	0,269974706787047	
		471,875	0,276311961482013	
		475	0,282553673482053	
		478,125	0,290896425486036	
		481,25	0,280161968849289	
		484,375	0,291277072465923	
		487,5	0,294367313191653	
		490,625	0,296985851647784	
		493,75	0,305899896938739	
		496,875	0,307441455225286	
		500	0,297016028469017	
		503,125	0,301656181525343	
		506,25	0,30345581194554	
		509,375	0,301968840141358	
		512,5	0,312175737032045	
		515,625	0,31677899050352	
		518,75	0,319769049278672	
		521,875	0,318754328625758	
		525	0,325411329532392	
		528,125	0,319342570539259	
		531,25	0,327329972874766	
		534,375	0,330496659475403	
		537,5	0,332441774288711	
		540,625	0,333719453373429	
		543,75	0,339623393586397	
		546,875	0,336346009921902	
		550	0,341755735319063	
		553,125	0,34763749944561	
		556,25	0,347619725956717	
		559,375	0,357711870925667	
		562,5	0,359008381870414	
		565,625	0,359800882111895	
		568,75	0,365110640265326	
		571,875	0,36844702786382	
		575	0,368371530064085	
		578,125	0,375060253112825	
		581,25	0,372929741821162	
		584,375	0,374121467669501	
		587,5	0,376139880513204	
		590,625	0,38136413581432	
		593,75	0,384872049418806	
		596,875	0,38572034943292	
		600	0,388816859231896	
		603,125	0,391007454816963	
		606,25	0,39516604663813	
		609,375	0,394929978727656	
		612,5	0,397949222008651	
		615,625	0,400784138298863	
		618,75	0,402975091488836	
		621,875	0,404200771011689	
		625	0,409625886286659	
		628,125	0,411501352905498	
		631,25	0,418004186476001	
		634,375	0,420231778116668	
		637,5	0,420675012626223	
		640,625	0,42264632950873	
		643,75	0,425294948517591	
		646,875	0,430141176396414	
		650	0,429108172430648	
		653,125	0,434461837779432	
		656,25	0,438515904545789	
		659,375	0,441576773698009	
		662,5	0,440524612078934	
		665,625	0,44138790978134	
		668,75	0,446998757766776	
		671,875	0,450416161186839	
		675	0,455240096951855	
		678,125	0,458829126872299	
		681,25	0,459967927298239	
		684,375	0,461393357398373	
		687,5	0,459283176419752	
		690,625	0,46554863418019	
		693,75	0,466432220989623	
		696,875	0,468590407969296	
		700	0,473145906198946	
		703,125	0,474054800090502	
		706,25	0,475103064276943	
		709,375	0,480057022672548	
		712,5	0,484103286059048	
		715,625	0,482877938113181	
		718,75	0,482945928830488	
		721,875	0,487704852713637	
		725	0,487205850505369	
		728,125	0,49300210685947	
		731,25	0,49251047833852	
		734,375	0,495146387645171	
		737,5	0,494420127193122	
		740,625	0,502176270981423	
		743,75	0,507564965486076	
		746,875	0,504263914173642	
		750	0,505600633235236	
		753,125	0,507834992230746	
		756,25	0,51134257414925	
		759,375	0,514661698481227	
		762,5	0,512785173021272	
		765,625	0,516711819111159	
		768,75	0,518625585231879	
		771,875	0,524882421663902	
		775	0,523845377019738	
		778,125	0,526723643504001	
		781,25	0,528650602548391	
		784,375	0,532582986655642	
		787,5	0,535267906854004	
		790,625	0,536174727120021	
		793,75	0,536737505702577	
		796,875	0,535355154651716	
		800	0,537965977034136	
		803,125	0,536511358756684	
		806,25	0,53950973108296	
		809,375	0,546315426476085	
		812,5	0,542671196736064	
		815,625	0,542658138585173	
		818,75	0,547496435890366	
		821,875	0,547796057069771	
		825	0,543877334139716	
		828,125	0,545023389321125	
		831,25	0,55802035918726	
		834,375	0,553622064871617	
		837,5	0,545585173207246	
		840,625	0,542579862468633	
		843,75	0,543584749160211	
		846,875	0,536724674811405	
		850	0,53043862810753	
		853,125	0,526049598031889	
		856,25	0,52549370789372	
		859,375	0,526589324653975	
		862,5	0,519258517387134	
		865,625	0,51195192584669	
		868,75	0,504921696463862	
		871,875	0,499596303606532	
		875	0,507814874125544	
		878,125	0,502404803795438	
		881,25	0,509259535245002	
		884,375	0,519185189902512	
		887,5	0,534462168606248	
		890,625	0,540962893599837	
		893,75	0,543089077564997	
		896,875	0,558400368318067	
		900	0,567373408716878	
		903,125	0,581800013944677	
		906,25	0,590741841495438	
		909,375	0,594294989913564	
		912,5	0,602386373991666	
		915,625	0,611833757316706	
		918,75	0,619124571160544	
		921,875	0,627899678822921	
		925	0,632354303965533	
		928,125	0,633007072593079	
		931,25	0,642219650062098	
		934,375	0,645261219857954	
		937,5	0,649908964024822	
		940,625	0,653041073567633	
		943,75	0,656751086019334	
		946,875	0,66001838918769	
		950	0,663637813493727	
		953,125	0,666506614227691	
		956,25	0,67017664572875	
		959,375	0,673418694488601	
		962,5	0,675409741629222	
		965,625	0,678050545041853	
		968,75	0,678523596980139	
		971,875	0,683102532516762	
		975	0,685311613426715	
		978,125	0,68754346612798	
		981,25	0,691222363315942	
		984,375	0,691807987333817	
		987,5	0,693766827919424	
		990,625	0,695926564433138	
		993,75	0,696572106348739	
		996,875	0,698202321884569	
		1000	0,69955465458294	
		1003,125	0,701723895754091	
		1006,25	0,703537689475804	
		1009,375	0,705153556234763	
		1012,5	0,706093828637369	
		1015,625	0,706123029661236	
		1018,75	0,70862733336636	
		1021,875	0,709489822118566	
		1025	0,711838810799671	
		1028,125	0,712637160036813	
		1031,25	0,712068903246063	
		1034,375	0,714504295282312	
		1037,5	0,716825418869471	
		1040,625	0,718544739491601	
		1043,75	0,720716027817483	
		1046,875	0,723998468617416	
		1050	0,727090942623392	
		1053,125	0,728622340141713	
		1056,25	0,733763181707289	
		1059,375	0,735639360327313	
		1062,5	0,738283880602523	
		1065,625	0,743155747501756	
		1068,75	0,746562591948023	
		1071,875	0,749951382898417	
		1075	0,751756958539025	
		1078,125	0,753433463731389	
		1081,25	0,760066542176145	
		1084,375	0,760838911184149	
		1087,5	0,763154662078815	
		1090,625	0,765426068983879	
		1093,75	0,767530357524265	
		1096,875	0,771156155541925	
		1100	0,773501744236308	
		1103,125	0,775350637793354	
		1106,25	0,77767859448024	
		1109,375	0,779339421720838	
		1112,5	0,779844440547649	
		1115,625	0,783909103225102	
		1118,75	0,783684425402369	
		1121,875	0,785389262568643	
		1125	0,786806684812092	
		1128,125	0,788356706440776	
		1131,25	0,792918620585789	
		1134,375	0,793497592497743	
		1137,5	0,793276900941065	
		1140,625	0,796622276791651	
		1143,75	0,797910171297247	
		1146,875	0,800015869380651	
		1150	0,80371090331264	
		1153,125	0,80440288890565	
		1156,25	0,803568045384475	
		1159,375	0,806143484265912	
		1162,5	0,807598295263873	
		1165,625	0,810152004775162	
		1168,75	0,811113345579216	
		1171,875	0,811904067455606	
		1175	0,814252043745828	
		1178,125	0,815674393826756	
		1181,25	0,816506382172879	
		1184,375	0,819299059883684	
		1187,5	0,821297807196598	
		1190,625	0,822598508732188	
		1193,75	0,822969967080523	
		1196,875	0,825276218895795	
		1200	0,827208149538487	
		1203,125	0,828872052303092	
		1206,25	0,831144851251133	
		1209,375	0,832008299656281	
		1212,5	0,834359319419257	
		1215,625	0,834736573379036	
		1218,75	0,836491821063252	
		1221,875	0,837731720151953	
		1225	0,837991730836108	
		1228,125	0,840386593523757	
		1231,25	0,841091993962112	
		1234,375	0,841686151814343	
		1237,5	0,842458565308901	
		1240,625	0,844613765787268	
		1243,75	0,845988690818858	
		1246,875	0,847556082548947	
		1250	0,85008472995981	
		1253,125	0,850109037337601	
		1256,25	0,851996736625713	
		1259,375	0,853084097095901	
		1262,5	0,853270095354144	
		1265,625	0,854368045089356	
		1268,75	0,855280279934486	
		1271,875	0,857046293311172	
		1275	0,857536064891424	
		1278,125	0,85905072890853	
		1281,25	0,859496713251465	
		1284,375	0,860190696053397	
		1287,5	0,8604667110539	
		1290,625	0,861940262081097	
		1293,75	0,863360867588506	
		1296,875	0,865308148233215	
		1300	0,864346603432908	
		1303,125	0,865475701175545	
		1306,25	0,867121759696161	
		1309,375	0,869082933210748	
		1312,5	0,870437858150626	
		1315,625	0,87106058289737	
		1318,75	0,873868249235476	
		1321,875	0,874817593481228	
		1325	0,876069096675383	
		1328,125	0,877371478739932	
		1331,25	0,879228322937471	
		1334,375	0,880519896553772	
		1337,5	0,881658202026684	
		1340,625	0,883664763519109	
		1343,75	0,884272543089359	
		1346,875	0,886295428797311	
		1350	0,887064879302698	
		1353,125	0,887515196051765	
		1356,25	0,888658090516762	
		1359,375	0,890627182959176	
		1362,5	0,891851178208632	
		1365,625	0,892476125335749	
		1368,75	0,893689529127276	
		1371,875	0,895114086078517	
		1375	0,895460285847196	
		1378,125	0,896205832931651	
		1381,25	0,898571384439467	
		1384,375	0,899177355609774	
		1387,5	0,900440018140233	
		1390,625	0,902155947792612	
		1393,75	0,903370126479856	
		1396,875	0,904374532077526	
		1400	0,905657060616072	
		1403,125	0,906355072040503	
		1406,25	0,907069490761744	
		1409,375	0,90844783603906	
		1412,5	0,909435556024979	
		1415,625	0,910463529410123	
		1418,75	0,911128808660605	
		1421,875	0,912206472944411	
		1425	0,912820008228294	
		1428,125	0,913818696361474	
		1431,25	0,914709721658879	
		1434,375	0,915784141644382	
		1437,5	0,91748974973145	
		1440,625	0,917090864785608	
		1443,75	0,918698617404139	
		1446,875	0,919549130222905	
		1450	0,920536415149492	
		1453,125	0,92139708302295	
		1456,25	0,922248798304944	
		1459,375	0,922995238445653	
		1462,5	0,924203025957253	
		1465,625	0,924536752606514	
		1468,75	0,925686430544567	
		1471,875	0,926403816760445	
		1475	0,92667427201641	
		1478,125	0,927610131664174	
		1481,25	0,928464637958762	
		1484,375	0,929457238631311	
		1487,5	0,929203023663589	
		1490,625	0,930082226788817	
		1493,75	0,930427423201202	
		1496,875	0,930506124822136	
		1500	0,931858358988244	
		1503,125	0,93279360775245	
		1506,25	0,933443126657073	
		1509,375	0,933864892466145	
		1512,5	0,934686021548082	
		1515,625	0,935414245238002	
		1518,75	0,936539866516181	
		1521,875	0,936772645926722	
		1525	0,9376317926766	
		1528,125	0,939080857473867	
		1531,25	0,939630031142519	
		1534,375	0,940843216764081	
		1537,5	0,94130334094311	
		1540,625	0,941980412415681	
		1543,75	0,943286988165646	
		1546,875	0,94412536268207	
		1550	0,94501698931676	
		1553,125	0,945424932005475	
		1556,25	0,946598584576311	
		1559,375	0,947195436463637	
		1562,5	0,947974201169816	
		1565,625	0,949415105305401	
		1568,75	0,949508949315726	
		1571,875	0,950363743514655	
		1575	0,950774086295876	
		1578,125	0,951707012831035	
		1581,25	0,952364793469659	
		1584,375	0,953113777926277	
		1587,5	0,953852368771345	
		1590,625	0,954379103002532	
		1593,75	0,955190839944275	
		1596,875	0,955900602529929	
		1600	0,956095288892028	
		1603,125	0,956613671651034	
		1606,25	0,957240340887878	
		1609,375	0,958416091900433	
		1612,5	0,959326896890844	
		1615,625	0,959504820771956	
		1618,75	0,959671780202655	
		1621,875	0,960324337327645	
		1625	0,960841800858768	
		1628,125	0,961213302938244	
		1631,25	0,961986847418796	
		1634,375	0,961890984796633	
		1637,5	0,962211589555275	
		1640,625	0,96331450835352	
		1643,75	0,964230433367163	
		1646,875	0,96409445110399	
		1650	0,964152030545234	
		1653,125	0,964825060000308	
		1656,25	0,965262180060995	
		1659,375	0,965587353784164	
		1662,5	0,966017067678296	
		1665,625	0,966204134930894	
		1668,75	0,966448101726982	
		1671,875	0,966781654878846	
		1675	0,967623537349297	
		1678,125	0,967963341005723	
		1681,25	0,968059319833526	
		1684,375	0,969330499745294	
		1687,5	0,969699458305881	
		1690,625	0,970176775445171	
		1693,75	0,970888439190813	
		1696,875	0,971123399989679	
		1700	0,971654195589571	
		1703,125	0,971928159084116	
		1706,25	0,972753285797124	
		1709,375	0,973769708464653	
		1712,5	0,974192936330718	
		1715,625	0,974914940313912	
		1718,75	0,975070870958577	
		1721,875	0,975661367923201	
		1725	0,976716151558151	
		1728,125	0,97702209050102	
		1731,25	0,977484526604597	
		1734,375	0,977907473926521	
		1737,5	0,978643574005969	
		1740,625	0,978756925973508	
		1743,75	0,979688605909145	
		1746,875	0,98014388058034	
		1750	0,980323854288324	
		1753,125	0,980776343675132	
		1756,25	0,981306345122526	
		1759,375	0,981440609376306	
		1762,5	0,98187872325695	
		1765,625	0,982305107961793	
		1768,75	0,982790844290566	
		1771,875	0,982941128418471	
		1775	0,983250824829799	
		1778,125	0,983588644258321	
		1781,25	0,984149482622917	
		1784,375	0,984419508593166	
		1787,5	0,984501049243565	
		1790,625	0,985137109912681	
		1793,75	0,985375082199449	
		1796,875	0,985655708409938	
		1800	0,986043858538348	
		1803,125	0,986461664952185	
		1806,25	0,986873798132669	
		1809,375	0,987344862636936	
		1812,5	0,987443911765189	
		1815,625	0,987917506819953	
		1818,75	0,98822215032247	
		1821,875	0,988425978066405	
		1825	0,988670740245206	
		1828,125	0,98884030802122	
		1831,25	0,989102507854706	
		1834,375	0,98944495590776	
		1837,5	0,989738375040188	
		1840,625	0,989899399969	
		1843,75	0,990204420252188	
		1846,875	0,990365480365502	
		1850	0,990486124925532	
		1853,125	0,990620002347314	
		1856,25	0,990926083495735	
		1859,375	0,991077354060873	
		1862,5	0,991453814011358	
		1865,625	0,991600356852516	
		1868,75	0,991736272797237	
		1871,875	0,991888003611191	
		1875	0,99202375523331	
		1878,125	0,99224224061992	
		1881,25	0,992510371245982	
		1884,375	0,992600950223395	
		1887,5	0,992787199974054	
		1890,625	0,993123914781214	
		1893,75	0,993351445638686	
		1896,875	0,993538636966709	
		1900	0,993727284469468	
		1903,125	0,993985275621588	
		1906,25	0,994261569494922	
		1909,375	0,994417016853118	
		1912,5	0,994580806979445	
		1915,625	0,994890945882935	
		1918,75	0,995145970655608	
		1921,875	0,995296230862461	
		1925	0,995487184560226	
		1928,125	0,995807963262462	
		1931,25	0,996034123960077	
		1934,375	0,996248336160491	
		1937,5	0,996412525348398	
		1940,625	0,996625682321154	
		1943,75	0,99685182338209	
		1946,875	0,997090490662985	
		1950	0,997281207046974	
		1953,125	0,997442539682456	
		1956,25	0,997559801686851	
		1959,375	0,997669349845939	
		1962,5	0,997774155426466	
		1965,625	0,997903627181864	
		1968,75	0,998001142220428	
		1971,875	0,998173458762107	
		1975	0,998288911808529	
		1978,125	0,998373851204898	
		1981,25	0,99842035143035	
		1984,375	0,998543926315106	
		1987,5	0,998637857173984	
		1990,625	0,998732668844637	
		1993,75	0,998768882137399	
		1996,875	0,998827825800566	
		2000	0,998890891070544	
		2003,125	0,998942582995145	
		2006,25	0,999017324725536	
		2009,375	0,999104506180522	
		2012,5	0,999147809119164	
		2015,625	0,999213880845048	
		2018,75	0,999267093228305	
		2021,875	0,999303221356742	
		2025	0,999368211226502	
		2028,125	0,999420629626924	
		2031,25	0,999485350113612	
		2034,375	0,999516556254921	
		2037,5	0,999550467484306	
		2040,625	0,999576171266849	
		2043,75	0,999613424479563	
		2046,875	0,999644316937011	
		2050	0,999669495631233	
		2053,125	0,999703932138149	
		2056,25	0,999718371814251	
		2059,375	0,999733312261572	
		2062,5	0,999758855723322	
		2065,625	0,999779406067332	
		2068,75	0,999789363494446	
		2071,875	0,999795434851553	
		2075	0,999804070179091	
		2078,125	0,999808857676603	
		2081,25	0,999811426292148	
		2084,375	0,999817923768588	
		2087,5	0,999818591913824	
		2090,625	0,999810388386745	
		2093,75	0,999800163120578	
		2096,875	0,999799648649155	
		2100	0,999786259448071	
		2103,125	0,999777685640705	
		2106,25	0,999757276511551	
		2109,375	0,999742969140276	
		2112,5	0,999725942582856	
		2115,625	0,999699254958768	
		2118,75	0,999670685163701	
		2121,875	0,999655887981059	
		2125	0,999619203857912	
		2128,125	0,999597665668008	
		2131,25	0,999583056709068	
		2134,375	0,999544032392703	
		2137,5	0,999511204790001	
		2140,625	0,999471073180987	
		2143,75	0,999431609033771	
		2146,875	0,999399227044582	
		2150	0,999336593705555	
		2153,125	0,999314478561353	
		2156,25	0,999270038588765	
		2159,375	0,999223632314784	
		2162,5	0,999173146179138	
		2165,625	0,999106659764292	
		2168,75	0,999023657346855	
		2171,875	0,998996082552808	
		2175	0,998907008188438	
		2178,125	0,99886635169604	
		2181,25	0,998841782692945	
		2184,375	0,998759666976766	
		2187,5	0,998699470748921	
		2190,625	0,998643450984473	
		2193,75	0,998535116509934	
		2196,875	0,998447228522681	
		2200	0,99841454993933	
		2203,125	0,998333148113172	
		2206,25	0,998280759516261	
		2209,375	0,998209243082686	
		2212,5	0,998081580907551	
		2215,625	0,998018129993787	
		2218,75	0,9979407066261	
		2221,875	0,997883609501597	
		2225	0,997804246721234	
		2228,125	0,997703348046683	
		2231,25	0,997662634046444	
		2234,375	0,997589626340059	
		2237,5	0,997508060447564	
		2240,625	0,997393965610698	
		2243,75	0,99729334796694	
		2246,875	0,997235666437607	
		2250	0,997207623028992	
		2253,125	0,997055382066601	
		2256,25	0,996947754492504	
		2259,375	0,996865098038157	
		2262,5	0,996784433616918	
		2265,625	0,996677976571289	
		2268,75	0,996635321613948	
		2271,875	0,996528565075766	
		2275	0,996454170530175	
		2278,125	0,9963341233862	
		2281,25	0,996269306396203	
		2284,375	0,996164675759767	
		2287,5	0,995971993993413	
		2290,625	0,995922101957193	
		2293,75	0,995813365441211	
		2296,875	0,995667576425834	
		2300	0,995564818345933	
		2303,125	0,995493280557831	
		2306,25	0,995357508080172	
		2309,375	0,99525449897603	
		2312,5	0,995202030249051	
		2315,625	0,995129680835019	
		2318,75	0,994875319957009	
		2321,875	0,994862949617501	
		2325	0,994673602777971	
		2328,125	0,994555495064577	
		2331,25	0,994419341567446	
		2334,375	0,994268672782217	
		2337,5	0,994131178089551	
		2340,625	0,994098557886381	
		2343,75	0,993870623478511	
		2346,875	0,993773721599657	
		2350	0,993593021831675	
		2353,125	0,993442136718523	
		2356,25	0,993350233898525	
		2359,375	0,993213337588462	
		2362,5	0,992997974853605	
		2365,625	0,992902212406054	
		2368,75	0,992768988785593	
		2371,875	0,99279374306219	
		2375	0,992504398252897	
		2378,125	0,992418793413039	
		2381,25	0,992217520983454	
		2384,375	0,991973993181215	
		2387,5	0,991954020963225	
		2390,625	0,991775244937165	
		2393,75	0,991604230909724	
		2396,875	0,99132025266609	
		2400	0,991209563274809	
		2403,125	0,991036439382717	
		2406,25	0,990857059503464	
		2409,375	0,990635187393629	
		2412,5	0,990678266045291	
		2415,625	0,990503269133757	
		2418,75	0,990316475390985	
		2421,875	0,990070292870529	
		2425	0,989951100314167	
		2428,125	0,989816124980771	
		2431,25	0,989592720225825	
		2434,375	0,989487444684515	
		2437,5	0,989273480053674	
		2440,625	0,989115485926082	
		2443,75	0,988945276639896	
		2446,875	0,988873935341413	
		2450	0,988614391693237	
		2453,125	0,9884108178884	
		2456,25	0,98835142216401	
		2459,375	0,988101080758709	
		2462,5	0,987913678751279	
		2465,625	0,987759528492141	
		2468,75	0,987792300702239	
		2471,875	0,987483131888714	
		2475	0,987320318899225	
		2478,125	0,987081414899147	
		2481,25	0,98699740796933	
		2484,375	0,986842381641023	
		2487,5	0,986484611127251	
		2490,625	0,98646955341876	
		2493,75	0,986425303949959	
		2496,875	0,986304468688846	
		2500	0,986036873622263	
		2503,125	0,985770579834897	
		2506,25	0,985422989074144	
		2509,375	0,985407961764107	
		2512,5	0,985322038841928	
		2515,625	0,985349754543588	
		2518,75	0,98505128159377	
		2521,875	0,984903282147804	
		2525	0,984470858436026	
		2528,125	0,984530595777284	
		2531,25	0,984343298303848	
		2534,375	0,984019040932077	
		2537,5	0,9836656723312	
		2540,625	0,983999745660939	
		2543,75	0,983844452106379	
		2546,875	0,983415200280317	
		2550	0,983210639404685	
		2553,125	0,983028119877671	
		2556,25	0,982842988250248	
		2559,375	0,982737732827521	
		2562,5	0,982690632450583	
		2565,625	0,982626985880168	
		2568,75	0,982451198364829	
		2571,875	0,982063724740835	
		2575	0,98197206044061	
		2578,125	0,982152202754155	
		2581,25	0,981739425848848	
		2584,375	0,981625245120373	
		2587,5	0,98138346646613	
		2590,625	0,981300855104548	
		2593,75	0,981095492962363	
		2596,875	0,980758707673966	
		2600	0,980722294780611	
		2603,125	0,980472582706393	
		2606,25	0,980393232557073	
		2609,375	0,979944254595556	
		2612,5	0,979656770333794	
		2615,625	0,979411620857567	
		2618,75	0,979178311148708	
		2621,875	0,979020338758041	
		2625	0,979044975332332	
		2628,125	0,978891142600308	
		2631,25	0,978684855400712	
		2634,375	0,978731515236239	
		2637,5	0,978487492736844	
		2640,625	0,978228976811467	
		2643,75	0,97788145317592	
		2646,875	0,977666628469199	
		2650	0,977198926367391	
		2653,125	0,977352697590458	
		2656,25	0,977079295309144	
		2659,375	0,976788773362005	
		2662,5	0,976702554448564	
		2665,625	0,976406967004718	
		2668,75	0,976560442397489	
		2671,875	0,976094776144084	
		2675	0,975806743446415	
		2678,125	0,97570472503485	
		2681,25	0,975409583727092	
		2684,375	0,97517102470676	
		2687,5	0,975100317622263	
		2690,625	0,974675756598526	
		2693,75	0,974611804142922	
		2696,875	0,974616357778685	
		2700	0,974383042271333	
		2703,125	0,973994236389671	
		2706,25	0,97394506699013	
		2709,375	0,97357782499829	
		2712,5	0,973253551810523	
		2715,625	0,973094638473655	
		2718,75	0,97308250757593	
		2721,875	0,972908962727643	
		2725	0,972416286745869	
		2728,125	0,972003329112175	
		2731,25	0,971882935458112	
		2734,375	0,971971276603086	
		2737,5	0,971805216426658	
		2740,625	0,971388865037521	
		2743,75	0,970782565186067	
		2746,875	0,970709394011594	
		2750	0,970806754025315	
		2753,125	0,970448213677299	
		2756,25	0,970017418954183	
		2759,375	0,970005181724008	
		2762,5	0,969935605010346	
		2765,625	0,969570446189312	
		2768,75	0,968945342320349	
		2771,875	0,969075705095152	
		2775	0,968910441286665	
		2778,125	0,968840053161728	
		2781,25	0,968480308407948	
		2784,375	0,968524854849317	
		2787,5	0,968505340980227	
		2790,625	0,968049817893367	
		2793,75	0,967864580706073	
		2796,875	0,967684162389086	
		2800	0,967425433926932	
		2803,125	0,966781488099717	
		2806,25	0,967069892460516	
		2809,375	0,966834192618086	
		2812,5	0,966467556778636	
		2815,625	0,966506906238794	
		2818,75	0,96650056433624	
		2821,875	0,966233568144392	
		2825	0,966394377005426	
		2828,125	0,966143026223416	
		2831,25	0,965641909085794	
		2834,375	0,965644208304469	
		2837,5	0,96493379403867	
		2840,625	0,96490058863175	
		2843,75	0,96524460045563	
		2846,875	0,964784365442579	
		2850	0,964764518556984	
		2853,125	0,964741950652206	
		2856,25	0,96432305096856	
		2859,375	0,964267287750052	
		2862,5	0,964224801203619	
		2865,625	0,963958851426405	
		2868,75	0,963718485357865	
		2871,875	0,963301301231045	
		2875	0,963233442960933	
		2878,125	0,963065283407963	
		2881,25	0,962847823831105	
		2884,375	0,962774052889793	
		2887,5	0,962422235296829	
		2890,625	0,961976455645617	
		2893,75	0,961991878775385	
		2896,875	0,961973772064891	
		2900	0,961775221606663	
		2903,125	0,961328910800633	
		2906,25	0,96138657816213	
		2909,375	0,961148187108696	
		2912,5	0,961042381832943	
		2915,625	0,960681845113763	
		2918,75	0,96037392786078	
		2921,875	0,960161019345506	
		2925	0,959649601278351	
		2928,125	0,959693253787948	
		2931,25	0,959540183331549	
		2934,375	0,959069135282295	
		2937,5	0,958798056197537	
		2940,625	0,958721482223529	
		2943,75	0,958458994288244	
		2946,875	0,957745245654211	
		2950	0,957373446536591	
		2953,125	0,956982525179538	
		2956,25	0,95644718627977	
		2959,375	0,955699962591332	
		2962,5	0,955831176827501	
		2965,625	0,955392560455456	
		2968,75	0,954338502577579	
		2971,875	0,953696996158999	
		2975	0,953320497645929	
		2978,125	0,952552089514904	
		2981,25	0,952239840753413	
		2984,375	0,951331839337449	
		2987,5	0,950762556505297	
		2990,625	0,950798255705721	
		2993,75	0,950746996882732	
		2996,875	0,950678079392733	
		3000	0,950828544632183	
		3003,125	0,950457775685286	
		3006,25	0,950630651566649	
		3009,375	0,950749378967161	
		3012,5	0,950573602220739	
		3015,625	0,949785342657561	
		3018,75	0,949674727202296	
		3021,875	0,949718311012423	
		3025	0,949572160077324	
		3028,125	0,949576388493966	
		3031,25	0,948863269312856	
		3034,375	0,949058224787345	
		3037,5	0,948218050884772	
		3040,625	0,948402485403934	
		3043,75	0,948259237145327	
		3046,875	0,947305933601215	
		3050	0,94732630508977	
		3053,125	0,946974400303043	
		3056,25	0,946722754034076	
		3059,375	0,946134468411377	
		3062,5	0,946018423651242	
		3065,625	0,945912225004507	
		3068,75	0,945591824101463	
		3071,875	0,945324220229694	
		3075	0,94485993093773	
		3078,125	0,945007651546011	
		3081,25	0,944857567792171	
		3084,375	0,944493306856931	
		3087,5	0,944209554290706	
		3090,625	0,943542659535445	
		3093,75	0,94291041673466	
		3096,875	0,943021680586935	
		3100	0,943100733562992	
		3103,125	0,942670263626754	
		3106,25	0,942326423047157	
		3109,375	0,942261108309367	
		3112,5	0,94159794138737	
		3115,625	0,94143441892617	
		3118,75	0,940728756370269	
		3121,875	0,940166414186369	
		3125	0,940097638342557	
		3128,125	0,940155853889522	
		3131,25	0,940024130551356	
		3134,375	0,939940026342175	
		3137,5	0,939843849992488	
		3140,625	0,939693527513694	
		3143,75	0,939918278380881	
		3146,875	0,939519735437499	
		3150	0,938975222687637	
		3153,125	0,939055488961707	
		3156,25	0,938970179925974	
		3159,375	0,938776965259333	
		3162,5	0,939246250703914	
		3165,625	0,939216390912626	
		3168,75	0,93902142445963	
		3171,875	0,939013583957603	
		3175	0,938945446411155	
		3178,125	0,938477885858025	
		3181,25	0,938018226717545	
		3184,375	0,938396288602689	
		3187,5	0,93839723905765	
		3190,625	0,938410143588636	
		3193,75	0,938504526241299	
		3196,875	0,938269541687779	
		3200	0,937692757804939	
		3203,125	0,937879547259353	
		3206,25	0,938487830950208	
		3209,375	0,938460326428052	
		3212,5	0,937665119617598	
		3215,625	0,937194434634012	
		3218,75	0,937407891392392	
		3221,875	0,937905719517812	
		3225	0,93768039748568	
		3228,125	0,937339521363494	
		3231,25	0,936858598266018	
		3234,375	0,936583731989405	
		3237,5	0,936407099807911	
		3240,625	0,9357911738416	
		3243,75	0,935406182922554	
		3246,875	0,935619213602238	
		3250	0,935888870606713	
		3253,125	0,935322157451242	
		3256,25	0,935095487396774	
		3259,375	0,934456273098639	
		3262,5	0,93412901196346	
		3265,625	0,934187938451863	
		3268,75	0,933323859850883	
		3271,875	0,933026450063192	
		3275	0,93316740944913	
		3278,125	0,933077146813674	
		3281,25	0,931842651576862	
		3284,375	0,932028524519139	
		3287,5	0,931643473597443	
		3290,625	0,9307074346203	
		3293,75	0,930647907941312	
		3296,875	0,931149842375296	
		3300	0,930350229894683	
		3303,125	0,929877882324482	
		3306,25	0,929360696452647	
		3309,375	0,929222769921684	
		3312,5	0,928944718629266	
		3315,625	0,928808061671848	
		3318,75	0,928409606943381	
		3321,875	0,927835638165038	
		3325	0,92738977305864	
		3328,125	0,927351745026384	
		3331,25	0,927180832972512	
		3334,375	0,926373184290963	
		3337,5	0,926120311498239	
		3340,625	0,92632808408019	
		3343,75	0,925682359143866	
		3346,875	0,925204983878496	
		3350	0,924650096381455	
		3353,125	0,924603395095731	
		3356,25	0,92490584949074	
		3359,375	0,924397960323068	
		3362,5	0,924294923514162	
		3365,625	0,924243398900246	
		3368,75	0,924315384458398	
		3371,875	0,923616928130671	
		3375	0,923430762424562	
		3378,125	0,922659411698889	
		3381,25	0,92277555004043	
		3384,375	0,922515226508426	
		3387,5	0,92298470035292	
		3390,625	0,921818534563739	
		3393,75	0,922163008440575	
		3396,875	0,922116056416329	
		3400	0,921509273827317	
		3403,125	0,920881236734783	
		3406,25	0,920351109860343	
		3409,375	0,920372920786736	
		3412,5	0,91978095356384	
		3415,625	0,919189990015361	
		3418,75	0,91978624158894	
		3421,875	0,919397964905774	
		3425	0,919018858995454	
		3428,125	0,919598468971665	
		3431,25	0,919408259696289	
		3434,375	0,918708028385933	
		3437,5	0,918101537456986	
		3440,625	0,917871017185274	
		3443,75	0,917959957482707	
		3446,875	0,918229200062271	
		3450	0,918017414035779	
		3453,125	0,917767910243741	
		3456,25	0,917151134294738	
		3459,375	0,916777759314368	
		3462,5	0,91723319357465	
		3465,625	0,916682313660756	
		3468,75	0,915715590716551	
		3471,875	0,915696858637355	
		3475	0,916060278706548	
		3478,125	0,915785876550024	
		3481,25	0,91645564735126	
		3484,375	0,916310753580823	
		3487,5	0,915291562827489	
		3490,625	0,91516771693386	
		3493,75	0,914809924175166	
		3496,875	0,915334367636742	
		3500	0,914901134440916	
		3503,125	0,9146240450403	
		3506,25	0,913818531298488	
		3509,375	0,913943441073283	
		3512,5	0,914670794379637	
		3515,625	0,914810937351473	
		3518,75	0,914155669627043	
		3521,875	0,914136822461313	
		3525	0,914171197541859	
		3528,125	0,913573543348958	
		3531,25	0,912878776000093	
		3534,375	0,913296910704797	
		3537,5	0,913892179273956	
		3540,625	0,913435057476501	
		3543,75	0,913362513613258	
		3546,875	0,91336306737745	
		3550	0,913300030827793	
		3553,125	0,913173530302752	
		3556,25	0,912925801899062	
		3559,375	0,912991294651611	
		3562,5	0,91222263907127	
		3565,625	0,912280057217486	
		3568,75	0,912459267074328	
		3571,875	0,91198558978362	
		3575	0,911569776932301	
		3578,125	0,911482362670287	
		3581,25	0,911351217994855	
		3584,375	0,912010324527636	
		3587,5	0,912302970526251	
		3590,625	0,9116790285858	
		3593,75	0,910930699935037	
		3596,875	0,910636737661564	
		3600	0,910342089310248	
		3603,125	0,910677781775022	
		3606,25	0,910272700465628	
		3609,375	0,910439729466376	
		3612,5	0,910339344393454	
		3615,625	0,90969697280548	
		3618,75	0,910055337641814	
		3621,875	0,909965505624727	
		3625	0,9100761234022	
		3628,125	0,909627269166832	
		3631,25	0,909360361458805	
		3634,375	0,908952340299703	
		3637,5	0,909215644952342	
		3640,625	0,90963858385851	
		3643,75	0,909146280652211	
		3646,875	0,909421687371756	
		3650	0,90913470341606	
		3653,125	0,909118701150419	
		3656,25	0,90923668108584	
		3659,375	0,908596590145853	
		3662,5	0,908478420592181	
		3665,625	0,907603680804797	
		3668,75	0,908284638264959	
		3671,875	0,908846625502658	
		3675	0,908363465365001	
		3678,125	0,908215304159765	
		3681,25	0,907861252044274	
		3684,375	0,909140165062793	
		3687,5	0,908441578952969	
		3690,625	0,907884903786722	
		3693,75	0,907563052353895	
		3696,875	0,907064537087064	
		3700	0,907592637918118	
		3703,125	0,907966696758977	
		3706,25	0,906876980511491	
		3709,375	0,906498363239811	
		3712,5	0,907499547300106	
		3715,625	0,90825880914928	
		3718,75	0,906520334594428	
		3721,875	0,906715447929321	
		3725	0,906216543495023	
		3728,125	0,906758983648219	
		3731,25	0,906389366531479	
		3734,375	0,906628209932768	
		3737,5	0,90637902894355	
		3740,625	0,905684492788419	
		3743,75	0,906018165018287	
		3746,875	0,905941651008971	
		3750	0,906101866189759	
		3753,125	0,906173212505337	
		3756,25	0,906215301126146	
		3759,375	0,906430535098925	
		3762,5	0,905543674699001	
		3765,625	0,906243199416619	
		3768,75	0,906033622133028	
		3771,875	0,90656865444193	
		3775	0,906038623302119	
		3778,125	0,90603634893369	
		3781,25	0,906101216773927	
		3784,375	0,905351513042485	
		3787,5	0,904690936214364	
		3790,625	0,905216347377726	
		3793,75	0,905939029698182	
		3796,875	0,90603870107234	
		3800	0,906665628217245	
		3803,125	0,90587162616572	
		3806,25	0,904972821345561	
		3809,375	0,905802430811689	
		3812,5	0,906150951698002	
		3815,625	0,90636917735412	
		3818,75	0,90549028391951	
		3821,875	0,905966303556254	
		3825	0,905708859614873	
		3828,125	0,905597458261133	
		3831,25	0,905534733760536	
		3834,375	0,905239160539566	
		3837,5	0,904803565820463	
		3840,625	0,905715208393411	
		3843,75	0,90640525563726	
		3846,875	0,905791711261414	
		3850	0,905898676981928	
		3853,125	0,905810347652857	
		3856,25	0,904956005626858	
		3859,375	0,905648265574911	
		3862,5	0,906089285817349	
		3865,625	0,905507047679878	
		3868,75	0,905451656485705	
		3871,875	0,906158911179127	
		3875	0,906108630678199	
		3878,125	0,90548235703872	
		3881,25	0,905913758070526	
		3884,375	0,905546028544583	
		3887,5	0,905782981048216	
		3890,625	0,905932202194677	
		3893,75	0,904848116338147	
		3896,875	0,905484701448255	
		3900	0,904996792542587	
		3903,125	0,905078858796896	
		3906,25	0,90526545377068	
		3909,375	0,905266351679837	
		3912,5	0,905355578490387	
		3915,625	0,905070683272337	
		3918,75	0,905283083412876	
		3921,875	0,905819441985167	
		3925	0,906298617048655	
		3928,125	0,906238069247455	
		3931,25	0,905886940038341	
		3934,375	0,90572662961967	
		3937,5	0,905980424403822	
		3940,625	0,905613846308613	
		3943,75	0,905444126410496	
		3946,875	0,905905225465256	
		3950	0,906830664034477	
		3953,125	0,906560307568325	
		3956,25	0,906583302813906	
		3959,375	0,907350015014011	
		3962,5	0,906895750628589	
		3965,625	0,906133883976461	
		3968,75	0,905959505682074	
		3971,875	0,905913830724947	
		3975	0,905649927888968	
		3978,125	0,906275692320529	
		3981,25	0,907098027265975	
		3984,375	0,907495124363379	
		3987,5	0,906757710842401	
		3990,625	0,906342837895437	
		3993,75	0,906553248385651	
		3996,875	0,906319658211919	
		4000	0,905406948210731	
		4003,125	0,906104106554701	
		4006,25	0,90621786636906	
		4009,375	0,90646959582726	
		4012,5	0,906127371757928	
		4015,625	0,906093491827678	
		4018,75	0,906273415260429	
		4021,875	0,906187263777962	
		4025	0,906082941451999	
		4028,125	0,906696189246469	
		4031,25	0,907492523927559	
		4034,375	0,907200584981333	
		4037,5	0,905941850331019	
		4040,625	0,908183628043016	
		4043,75	0,907650818035741	
		4046,875	0,908072259386428	
		4050	0,908470294245689	
		4053,125	0,907702181305863	
		4056,25	0,907708530920963	
		4059,375	0,907511530236039	
		4062,5	0,908540577196324	
		4065,625	0,907830118357503	
		4068,75	0,908190520814929	
		4071,875	0,908837449504424	
		4075	0,907135089487616	
		4078,125	0,907248167885533	
		4081,25	0,907253082241061	
		4084,375	0,908388369637217	
		4087,5	0,907662442919464	
		4090,625	0,90882425833262	
		4093,75	0,909803563301107	
		4096,875	0,908600787527452	
		4100	0,907946439646876	
		4103,125	0,908626378073418	
		4106,25	0,9089071073643	
		4109,375	0,907848775970307	
		4112,5	0,908855765281649	
		4115,625	0,909155376067056	
		4118,75	0,908764856155005	
		4121,875	0,908981725239254	
		4125	0,909792662828399	
		4128,125	0,909674451773991	
		4131,25	0,909555959080205	
		4134,375	0,909572597983628	
		4137,5	0,90931573170786	
		4140,625	0,910089843379169	
		4143,75	0,909889592211841	
		4146,875	0,909752564157863	
		4150	0,910059382186388	
		4153,125	0,90944582762523	
		4156,25	0,909407031669154	
		4159,375	0,910240275692371	
		4162,5	0,910727065882327	
		4165,625	0,910498848786777	
		4168,75	0,910838814874452	
		4171,875	0,910949157748156	
		4175	0,910579068971223	
		4178,125	0,9101736375253	
		4181,25	0,910513348448365	
		4184,375	0,910683310897241	
		4187,5	0,910754913253368	
		4190,625	0,910534832474469	
		4193,75	0,910834875402103	
		4196,875	0,911123444304893	
		4200	0,91093488971221	
		4203,125	0,911427555630395	
		4206,25	0,912688299432767	
		4209,375	0,912322769293264	
		4212,5	0,911716231077755	
		4215,625	0,911601580419322	
		4218,75	0,911812531486692	
		4221,875	0,912345348781679	
		4225	0,912714134622749	
		4228,125	0,913043540812305	
		4231,25	0,912648574564044	
		4234,375	0,913211138052962	
		4237,5	0,913606441310428	
		4240,625	0,912814128843787	
		4243,75	0,913282019016916	
		4246,875	0,912599922931416	
		4250	0,912569743168531	
		4253,125	0,913377230840171	
		4256,25	0,913076011709367	
		4259,375	0,91290618829686	
		4262,5	0,912379068656239	
		4265,625	0,912461896066426	
		4268,75	0,912418573094748	
		4271,875	0,912462422808788	
		4275	0,911981203975507	
		4278,125	0,912037232168921	
		4281,25	0,912062602149118	
		4284,375	0,911225331121729	
		4287,5	0,911450060304305	
		4290,625	0,911573954876242	
		4293,75	0,912362488269927	
		4296,875	0,913030986721021	
		4300	0,912374062834721	
		4303,125	0,911389072180165	
		4306,25	0,911574622936404	
		4309,375	0,911404759876083	
		4312,5	0,910694408365626	
		4315,625	0,911355223551209	
		4318,75	0,911211901630447	
		4321,875	0,911439510261195	
		4325	0,911981389208012	
		4328,125	0,911432424708668	
		4331,25	0,910551200938626	
		4334,375	0,91128110644475	
		4337,5	0,910797209132752	
		4340,625	0,911366943805782	
		4343,75	0,911638267702877	
		4346,875	0,911623690097874	
		4350	0,911494780115758	
		4353,125	0,911556353249883	
		4356,25	0,911796655734148	
		4359,375	0,912533396404481	
		4362,5	0,910692912717182	
		4365,625	0,911101168703863	
		4368,75	0,910812150751699	
		4371,875	0,912049275518492	
		4375	0,911982741443778	
		4378,125	0,910411787249498	
		4381,25	0,911367557684454	
		4384,375	0,912197754030925	
		4387,5	0,912937181793276	
		4390,625	0,912758875285607	
		4393,75	0,912617890765669	
		4396,875	0,912392615693178	
		4400	0,912615505960092	
		4403,125	0,913366835703464	
		4406,25	0,913542937872404	
		4409,375	0,913103931703224	
		4412,5	0,913541552244012	
		4415,625	0,913380051467102	
		4418,75	0,913240433634627	
		4421,875	0,913312711865359	
		4425	0,914103667836441	
		4428,125	0,913929102807043	
		4431,25	0,913859988610176	
		4434,375	0,914753894139159	
		4437,5	0,915226290246066	
		4440,625	0,915493718833018	
		4443,75	0,915986538359999	
		4446,875	0,915464579716642	
		4450	0,915458405575089	
		4453,125	0,915949110318264	
		4456,25	0,916917733814245	
		4459,375	0,917027783546756	
		4462,5	0,916686873012109	
		4465,625	0,916985968893955	
		4468,75	0,916434562086825	
		4471,875	0,91721709853655	
		4475	0,918113381635636	
		4478,125	0,918335988823986	
		4481,25	0,917935495309902	
		4484,375	0,917982832766227	
		4487,5	0,919009557604972	
		4490,625	0,919085918375337	
		4493,75	0,919389544539757	
		4496,875	0,919846867843736	
		4500	0,919630741698259	
		4503,125	0,919719248740306	
		4506,25	0,919405041155161	
		4509,375	0,919987024326697	
		4512,5	0,920505095347988	
		4515,625	0,920648625208677	
		4518,75	0,920397806985146	
		4521,875	0,920935897709437	
		4525	0,921531053998811	
		4528,125	0,922331632320992	
		4531,25	0,922458063720677	
		4534,375	0,922436741163282	
		4537,5	0,92291023336945	
		4540,625	0,923334184804267	
		4543,75	0,923104669132833	
		4546,875	0,923450599351268	
		4550	0,923467189907473	
		4553,125	0,924401660151883	
		4556,25	0,923934904395772	
		4559,375	0,92408835327151	
		4562,5	0,923358551371124	
		4565,625	0,923905723783908	
		4568,75	0,924435845041882	
		4571,875	0,924952923526739	
		4575	0,924824852475492	
		4578,125	0,925279425907129	
		4581,25	0,925355503013571	
		4584,375	0,925083179868785	
		4587,5	0,925204766173922	
		4590,625	0,925183639224841	
		4593,75	0,925284544833929	
		4596,875	0,926253394095206	
		4600	0,925456974935739	
		4603,125	0,924904914882426	
		4606,25	0,925705827349885	
		4609,375	0,925596243571829	
		4612,5	0,92553469974588	
		4615,625	0,926074444179995	
		4618,75	0,925537458122483	
		4621,875	0,925374777878929	
		4625	0,926410296195483	
		4628,125	0,926385912214056	
		4631,25	0,926503706802598	
		4634,375	0,926225148277427	
		4637,5	0,926048329798337	
		4640,625	0,926162100301493	
		4643,75	0,926440273316745	
		4646,875	0,926522986669269	
		4650	0,926881416725307	
		4653,125	0,926655455613436	
		4656,25	0,926543293121161	
		4659,375	0,926434759194404	
		4662,5	0,925510081718314	
		4665,625	0,92577193808316	
		4668,75	0,926375082201648	
		4671,875	0,926566121288982	
		4675	0,926904114745634	
		4678,125	0,92688493911878	
		4681,25	0,927311371203468	
		4684,375	0,926878629077795	
		4687,5	0,927110707725407	
		4690,625	0,927350718272419	
		4693,75	0,92751358809313	
		4696,875	0,927702154731782	
		4700	0,9271709737265	
		4703,125	0,928005975548356	
		4706,25	0,92779300608264	
		4709,375	0,927694262058883	
		4712,5	0,927500342932693	
		4715,625	0,927587462119508	
		4718,75	0,92764961516213	
		4721,875	0,927614516144349	
		4725	0,927062623483973	
		4728,125	0,92693864637061	
		4731,25	0,926293114266983	
		4734,375	0,926293632065203	
		4737,5	0,926539028119678	
		4740,625	0,926088757229652	
		4743,75	0,926136489078339	
		4746,875	0,926236315194778	
		4750	0,925858581490908	
		4753,125	0,925288068221701	
		4756,25	0,925428940103045	
		4759,375	0,925166685648914	
		4762,5	0,925025526793363	
		4765,625	0,925215242280616	
		4768,75	0,924882133030072	
		4771,875	0,923827711022283	
		4775	0,923946411083548	
		4778,125	0,923987809016568	
		4781,25	0,924347127214851	
		4784,375	0,92381957735261	
		4787,5	0,923483685118968	
		4790,625	0,923201839592134	
		4793,75	0,922560754613586	
		4796,875	0,922358556692279	
		4800	0,922429368122359	
		4803,125	0,921938072439986	
		4806,25	0,921552095511235	
		4809,375	0,92140631745525	
		4812,5	0,921125444673575	
		4815,625	0,920789211854939	
		4818,75	0,920365613393982	
		4821,875	0,920449966071715	
		4825	0,920173293674955	
		4828,125	0,920289607281146	
		4831,25	0,919796343054474	
		4834,375	0,919354148360754	
		4837,5	0,918840455690038	
		4840,625	0,918504932846293	
		4843,75	0,918209797294309	
		4846,875	0,91785911876567	
		4850	0,917078170549987	
		4853,125	0,916053512842818	
		4856,25	0,915462229888157	
		4859,375	0,914836810405826	
		4862,5	0,914498906731466	
		4865,625	0,913544361627271	
		4868,75	0,912941257406265	
		4871,875	0,911615202894211	
		4875	0,910337715769093	
		4878,125	0,908428279881856	
		4881,25	0,906758296733692	
		4884,375	0,906436818327332	
		4887,5	0,905820080091978	
		4890,625	0,906835504120559	
		4893,75	0,908402757232224	
		4896,875	0,908813111375464	
		4900	0,909383026239694	
		4903,125	0,909309796126217	
		4906,25	0,908466234490552	
		4909,375	0,908309183317376	
		4912,5	0,908347181092092	
		4915,625	0,907809283159967	
		4918,75	0,907026793997519	
		4921,875	0,905808582941856	
		4925	0,904950784438042	
		4928,125	0,904233471404672	
		4931,25	0,903728590951851	
		4934,375	0,903232117942804	
		4937,5	0,902512498490092	
		4940,625	0,901815067303239	
		4943,75	0,900673910144519	
		4946,875	0,900325651772122	
		4950	0,900857563251426	
		4953,125	0,899597301642912	
		4956,25	0,899015909987483	
		4959,375	0,898349010848726	
		4962,5	0,897812408659369	
		4965,625	0,897132588187689	
		4968,75	0,896613190571342	
		4971,875	0,896344886922965	
		4975	0,895908238058588	
				
