Frequency in Hz	Wool_95 Normalized Surface Impedance continuous Re	Frequency in Hz	Wool_95 Normalized Surface Impedance continuous Im	
100	2,95719194412231	100	-14,4516935348511	
103,125	4,2996973991394	103,125	-14,8570461273193	
106,25	2,17215180397034	106,25	-12,2258424758911	
109,375	1,81061708927155	109,375	-13,8949766159058	
112,5	2,64266538619995	112,5	-12,897253036499	
115,625	2,23872709274292	115,625	-11,9633617401123	
118,75	2,19217205047607	118,75	-12,6937704086304	
121,875	2,70382523536682	121,875	-11,5589962005615	
125	1,83850920200348	125	-11,8873291015625	
128,125	1,5541023015976	128,125	-11,0870943069458	
131,25	1,57177805900574	131,25	-11,1849632263184	
134,375	1,00571608543396	134,375	-11,3691349029541	
137,5	1,91494107246399	137,5	-9,84028339385986	
140,625	2,32266783714294	140,625	-10,2974586486816	
143,75	2,08508062362671	143,75	-9,65994262695313	
146,875	1,52638149261475	146,875	-10,6658000946045	
150	1,855548620224	150	-9,74107551574707	
153,125	1,49396336078644	153,125	-9,13998889923096	
156,25	1,57016098499298	156,25	-9,34749603271484	
159,375	1,45203137397766	159,375	-9,10406875610352	
162,5	1,38873302936554	162,5	-9,12726879119873	
165,625	1,58379137516022	165,625	-9,00726795196533	
168,75	1,29513609409332	168,75	-8,32778358459473	
171,875	1,64517891407013	171,875	-8,53773498535156	
175	1,66306865215302	175	-8,12736892700195	
178,125	1,3379487991333	178,125	-8,13582229614258	
181,25	1,38661909103394	181,25	-8,20340442657471	
184,375	1,55088496208191	184,375	-8,04044437408447	
187,5	1,58192765712738	187,5	-7,57410907745361	
190,625	1,66681838035583	190,625	-7,6759090423584	
193,75	1,52877473831177	193,75	-7,24701690673828	
196,875	1,52105152606964	196,875	-7,42048740386963	
200	1,31771492958069	200	-7,51850509643555	
203,125	1,20802140235901	203,125	-7,57867193222046	
206,25	1,21398687362671	206,25	-6,89752197265625	
209,375	1,32312798500061	209,375	-7,00171041488647	
212,5	1,20947265625	212,5	-7,24471092224121	
215,625	1,30466020107269	215,625	-6,66366863250732	
218,75	1,32338404655457	218,75	-6,87978315353394	
221,875	1,27415752410889	221,875	-6,60484600067139	
225	1,37332093715668	225	-6,53612279891968	
228,125	1,36688315868378	228,125	-6,42520332336426	
231,25	1,34109997749329	231,25	-6,39221954345703	
234,375	1,36182582378387	234,375	-6,25315237045288	
237,5	1,23040902614594	237,5	-6,34910488128662	
240,625	1,04808020591736	240,625	-6,03604745864868	
243,75	1,14746522903442	243,75	-6,08648014068604	
246,875	1,29562437534332	246,875	-5,93331336975098	
250	1,30592751502991	250	-5,87476873397827	
253,125	1,19040834903717	253,125	-5,84922170639038	
256,25	1,17051076889038	256,25	-5,67682504653931	
259,375	1,29534077644348	259,375	-5,66634368896484	
262,5	1,16087210178375	262,5	-5,57929754257202	
265,625	1,06280875205994	265,625	-5,48894119262695	
268,75	1,14966821670532	268,75	-5,50442600250244	
271,875	1,12686097621918	271,875	-5,33582735061646	
275	1,06389558315277	275	-5,3424391746521	
278,125	1,10741686820984	278,125	-5,19600772857666	
281,25	1,11606407165527	281,25	-5,1921558380127	
284,375	1,10259580612183	284,375	-5,1472430229187	
287,5	1,03816723823547	287,5	-5,24147129058838	
290,625	1,00185513496399	290,625	-4,86188268661499	
293,75	0,973425269126892	293,75	-4,88419818878174	
296,875	1,00548672676086	296,875	-4,82280445098877	
300	1,01075065135956	300	-4,75116634368896	
303,125	0,986636281013489	303,125	-4,64001321792603	
306,25	1,02166569232941	306,25	-4,56266593933105	
309,375	1,07020115852356	309,375	-4,50613117218018	
312,5	1,10748255252838	312,5	-4,34903955459595	
315,625	1,32129883766174	315,625	-4,36682367324829	
318,75	1,30922675132751	318,75	-4,31458473205566	
321,875	1,31460583209991	321,875	-4,44179916381836	
325	1,34167063236237	325	-4,49806308746338	
328,125	1,39774203300476	328,125	-4,49325895309448	
331,25	1,17896795272827	331,25	-4,45786380767822	
334,375	1,15276372432709	334,375	-4,43639230728149	
337,5	1,197909116745	337,5	-4,42615413665771	
340,625	1,12240445613861	340,625	-4,3932580947876	
343,75	1,09997916221619	343,75	-4,27363348007202	
346,875	1,0812873840332	346,875	-4,26849222183228	
350	1,10732924938202	350	-4,24599266052246	
353,125	1,08552289009094	353,125	-4,23574161529541	
356,25	0,990414083003998	356,25	-4,17740726470947	
359,375	0,957965195178986	359,375	-4,05243444442749	
362,5	0,993626654148102	362,5	-4,02334976196289	
365,625	1,07359480857849	365,625	-3,98521375656128	
368,75	0,979571282863617	368,75	-3,99780082702637	
371,875	0,847198128700256	371,875	-4,00123643875122	
375	1,12243807315826	375	-3,80846238136292	
378,125	1,03897416591644	378,125	-3,78521823883057	
381,25	0,978312969207764	381,25	-3,90975165367126	
384,375	1,08058309555054	384,375	-3,74954676628113	
387,5	0,983140170574188	387,5	-3,63995862007141	
390,625	0,916935086250305	390,625	-3,61210012435913	
393,75	0,941904842853546	393,75	-3,76876759529114	
396,875	0,949929177761078	396,875	-3,75577855110168	
400	0,969796776771545	400	-3,73908662796021	
403,125	0,969052135944366	403,125	-3,71593117713928	
406,25	0,989368498325348	406,25	-3,61523079872131	
409,375	1,02094912528992	409,375	-3,46629905700684	
412,5	0,980766534805298	412,5	-3,38140821456909	
415,625	0,897581875324249	415,625	-3,46071028709412	
418,75	0,977115452289581	418,75	-3,38751316070557	
421,875	0,910608530044556	421,875	-3,31996726989746	
425	0,93296867609024	425	-3,33863425254822	
428,125	0,997665226459503	428,125	-3,4365553855896	
431,25	0,909819781780243	431,25	-3,31307411193848	
434,375	0,939918756484985	434,375	-3,32514214515686	
437,5	0,939611077308655	437,5	-3,31422567367554	
440,625	0,963631391525269	440,625	-3,30395722389221	
443,75	0,943611264228821	443,75	-3,22932314872742	
446,875	0,96918398141861	446,875	-3,22155213356018	
450	0,913975059986115	450	-3,27764558792114	
453,125	0,91317343711853	453,125	-3,25725507736206	
456,25	0,870233714580536	456,25	-3,25172591209412	
459,375	0,884573936462402	459,375	-3,17150330543518	
462,5	0,876598060131073	462,5	-3,09113144874573	
465,625	0,863069593906403	465,625	-3,07902264595032	
468,75	0,876163065433502	468,75	-3,0759425163269	
471,875	0,851376593112946	471,875	-2,98282837867737	
475	0,87056702375412	475	-2,97073221206665	
478,125	0,919173359870911	478,125	-2,99265050888062	
481,25	0,887968599796295	481,25	-3,01885843276978	
484,375	0,889143109321594	484,375	-2,9396276473999	
487,5	0,90878564119339	487,5	-2,95051527023315	
490,625	0,899645090103149	490,625	-2,91690897941589	
493,75	0,914515912532806	493,75	-2,87975645065308	
496,875	0,91181743144989	496,875	-2,86500477790833	
500	0,863162279129028	500	-2,85535979270935	
503,125	0,865623116493225	503,125	-2,82802486419678	
506,25	0,869822561740875	506,25	-2,82299876213074	
509,375	0,847556948661804	509,375	-2,79528379440308	
512,5	0,861986041069031	512,5	-2,75279688835144	
515,625	0,885434806346893	515,625	-2,76145076751709	
518,75	0,89424592256546	518,75	-2,75644326210022	
521,875	0,857149481773376	521,875	-2,70318984985352	
525	0,870136320590973	525	-2,68298768997192	
528,125	0,856030523777008	528,125	-2,6976957321167	
531,25	0,863073945045471	531,25	-2,66003608703613	
534,375	0,865564167499542	534,375	-2,64491772651672	
537,5	0,86107724905014	537,5	-2,62621974945068	
540,625	0,856837153434753	540,625	-2,6119544506073	
543,75	0,877545595169067	543,75	-2,60966229438782	
546,875	0,83945244550705	546,875	-2,56897163391113	
550	0,853749394416809	550	-2,56049275398254	
553,125	0,858127892017365	553,125	-2,53400564193726	
556,25	0,955615937709808	556,25	-2,67799806594849	
559,375	0,973954498767853	559,375	-2,64470076560974	
562,5	0,97151792049408	562,5	-2,63392806053162	
565,625	0,961724638938904	565,625	-2,61598515510559	
568,75	0,970274031162262	568,75	-2,59767937660217	
571,875	0,975214421749115	571,875	-2,58569598197937	
575	0,964312195777893	575	-2,5714898109436	
578,125	0,981134593486786	578,125	-2,55711960792542	
581,25	0,964787781238556	581,25	-2,54711747169495	
584,375	0,955467581748962	584,375	-2,52818775177002	
587,5	0,95654958486557	587,5	-2,51876735687256	
590,625	0,962854087352753	590,625	-2,49925112724304	
593,75	0,962678968906403	593,75	-2,48053956031799	
596,875	0,962510228157043	596,875	-2,47588038444519	
600	0,954768359661102	600	-2,44972944259644	
603,125	0,959522664546967	603,125	-2,44462108612061	
606,25	0,959348082542419	606,25	-2,42317771911621	
609,375	0,95685601234436	609,375	-2,4211802482605	
612,5	0,955854177474976	612,5	-2,40466928482056	
615,625	0,950909376144409	615,625	-2,38420653343201	
618,75	0,953403174877167	618,75	-2,37652254104614	
621,875	0,95515102148056	621,875	-2,37268352508545	
625	0,96150153875351	625	-2,3540563583374	
628,125	0,9522345662117	628,125	-2,33344793319702	
631,25	0,961483716964722	631,25	-2,31371784210205	
634,375	0,960078239440918	634,375	-2,30144572257996	
637,5	0,955096364021301	637,5	-2,29328536987305	
640,625	0,961623966693878	640,625	-2,29194498062134	
643,75	0,950284063816071	643,75	-2,26584196090698	
646,875	0,958315193653107	646,875	-2,25313901901245	
650	0,94775664806366	650	-2,24519658088684	
653,125	0,957185387611389	653,125	-2,23204660415649	
656,25	0,962491452693939	656,25	-2,21994662284851	
659,375	0,958146095275879	659,375	-2,20113158226013	
662,5	0,954883933067322	662,5	-2,20201134681702	
665,625	0,94862174987793	665,625	-2,19079685211182	
668,75	0,955110490322113	668,75	-2,17357230186462	
671,875	0,963418841362	671,875	-2,16813230514526	
675	0,962525188922882	675	-2,14611077308655	
678,125	0,962631046772003	678,125	-2,13076162338257	
681,25	0,962403953075409	681,25	-2,12562561035156	
684,375	0,96196186542511	684,375	-2,11904001235962	
687,5	0,955452620983124	687,5	-2,12072062492371	
690,625	0,947421669960022	690,625	-2,08513975143433	
693,75	0,957143306732178	693,75	-2,09231901168823	
696,875	0,957414388656616	696,875	-2,08356595039368	
700	0,95811265707016	700	-2,06536412239075	
703,125	0,954336762428284	703,125	-2,05745267868042	
706,25	0,957204341888428	706,25	-2,05627584457397	
709,375	0,964480459690094	709,375	-2,04381966590881	
712,5	0,953884720802307	712,5	-2,01593565940857	
715,625	0,956622183322906	715,625	-2,02384996414185	
718,75	0,951489269733429	718,75	-2,01801896095276	
721,875	0,957406759262085	721,875	-2,00521945953369	
725	0,950394034385681	725	-1,99969398975372	
728,125	0,957598268985748	728,125	-1,98427200317383	
731,25	0,954012453556061	731,25	-1,98242151737213	
734,375	0,955344200134277	734,375	-1,97339820861816	
737,5	0,950700104236603	737,5	-1,97134578227997	
740,625	0,959550380706787	740,625	-1,95020473003387	
743,75	0,963563203811646	743,75	-1,93339967727661	
746,875	0,943083226680756	746,875	-1,92491507530212	
750	0,942800641059875	750	-1,91947436332703	
753,125	0,949692666530609	753,125	-1,91807806491852	
756,25	0,955059945583344	756,25	-1,91016733646393	
759,375	0,962070047855377	759,375	-1,90462124347687	
762,5	0,956480085849762	762,5	-1,90610706806183	
765,625	0,960890531539917	765,625	-1,89562928676605	
768,75	0,949552834033966	768,75	-1,87692642211914	
771,875	0,956498146057129	771,875	-1,86047101020813	
775	0,956932127475739	775	-1,86477839946747	
778,125	0,96162086725235	778,125	-1,85868310928345	
781,25	0,956717431545258	781,25	-1,8466717004776	
784,375	0,958051025867462	784,375	-1,83345091342926	
787,5	0,955918729305267	787,5	-1,82149946689606	
790,625	0,956961393356323	790,625	-1,81919693946838	
793,75	0,961074411869049	793,75	-1,82113409042358	
796,875	0,957743048667908	796,875	-1,82296121120453	
800	0,957944989204407	800	-1,8136066198349	
803,125	0,956402897834778	803,125	-1,81742119789124	
806,25	0,955836355686188	806,25	-1,80593681335449	
809,375	0,95078980922699	809,375	-1,77648258209229	
812,5	0,959256768226624	812,5	-1,79776048660278	
815,625	0,961701512336731	815,625	-1,80015206336975	
818,75	0,959493339061737	818,75	-1,78056967258453	
821,875	0,964019954204559	821,875	-1,78378450870514	
825	0,9692662358284	825	-1,80292963981628	
828,125	0,965471029281616	828,125	-1,7951728105545	
831,25	1,00391793251038	831,25	-1,78342235088348	
834,375	0,968503475189209	834,375	-1,76708030700684	
837,5	0,94983047246933	837,5	-1,77817785739899	
840,625	0,939727365970612	840,625	-1,77912986278534	
843,75	0,936858355998993	843,75	-1,77271151542664	
846,875	0,925295233726501	846,875	-1,78580605983734	
850	0,907482206821442	850	-1,7901873588562	
853,125	0,901982545852661	853,125	-1,80027723312378	
856,25	0,905503034591675	856,25	-1,80600321292877	
859,375	0,894236445426941	859,375	-1,79012143611908	
862,5	0,86516934633255	862,5	-1,78487968444824	
865,625	0,841038346290588	865,625	-1,7837620973587	
868,75	0,818893373012543	868,75	-1,78295183181763	
871,875	0,784720599651337	871,875	-1,7600029706955	
875	0,785605609416962	875	-1,73197531700134	
878,125	0,753737509250641	878,125	-1,71039235591888	
881,25	0,743808269500732	881,25	-1,67373991012573	
884,375	0,783889353275299	884,375	-1,69030177593231	
887,5	0,799163579940796	887,5	-1,65652585029602	
890,625	0,788790702819824	890,625	-1,62256634235382	
893,75	0,772607743740082	893,75	-1,5963488817215	
896,875	0,785043895244598	896,875	-1,56113362312317	
900	0,800091147422791	900	-1,5493026971817	
903,125	0,817094266414642	903,125	-1,52179729938507	
906,25	0,83058112859726	906,25	-1,50763380527496	
909,375	0,830809414386749	909,375	-1,49667501449585	
912,5	0,83340311050415	912,5	-1,47398900985718	
915,625	0,849140226840973	915,625	-1,46017968654633	
918,75	0,86331045627594	918,75	-1,4511011838913	
921,875	0,879803240299225	921,875	-1,43912386894226	
925	0,886935770511627	925	-1,43172812461853	
928,125	0,888965010643005	928,125	-1,43150997161865	
931,25	0,896485149860382	931,25	-1,40961372852325	
934,375	0,903713226318359	934,375	-1,40642464160919	
937,5	0,910461604595184	937,5	-1,39777028560638	
940,625	0,916514098644257	940,625	-1,39312446117401	
943,75	0,916479825973511	943,75	-1,38166773319244	
946,875	0,921199500560761	946,875	-1,3754506111145	
950	0,92900025844574	950	-1,37054717540741	
953,125	0,935253381729126	953,125	-1,36662435531616	
956,25	0,94117283821106	956,25	-1,35989308357239	
959,375	0,943861782550812	959,375	-1,35195791721344	
962,5	0,943281412124634	962,5	-1,34539294242859	
965,625	0,947198271751404	965,625	-1,34022104740143	
968,75	0,948902487754822	968,75	-1,34003877639771	
971,875	0,952439725399017	971,875	-1,32857811450958	
975	0,957068622112274	975	-1,32516539096832	
978,125	0,959447085857391	978,125	-1,32001960277557	
981,25	0,963092625141144	981,25	-1,31131219863892	
984,375	0,96204137802124	984,375	-1,30876660346985	
987,5	0,964316129684448	987,5	-1,30435740947723	
990,625	0,967968463897705	990,625	-1,30027854442596	
993,75	0,963458120822906	993,75	-1,29514479637146	
996,875	0,96625679731369	996,875	-1,2920982837677	
1000	0,964235782623291	1000	-1,28654742240906	
1003,125	0,96820193529129	1003,125	-1,28264248371124	
1006,25	0,969263136386871	1006,25	-1,27781009674072	
1009,375	0,967473328113556	1009,375	-1,27163815498352	
1012,5	0,968844950199127	1012,5	-1,26969540119171	
1015,625	0,96687525510788	1015,625	-1,26826429367065	
1018,75	0,961525797843933	1018,75	-1,25696325302124	
1021,875	0,963576138019562	1021,875	-1,25573492050171	
1025	0,960984885692596	1025	-1,24681687355042	
1028,125	0,959400355815887	1028,125	-1,24331033229828	
1031,25	0,95504105091095	1031,25	-1,24205255508423	
1034,375	0,951474130153656	1034,375	-1,23222315311432	
1037,5	0,950133800506592	1037,5	-1,22428596019745	
1040,625	0,945234656333923	1040,625	-1,21573066711426	
1043,75	0,945110201835632	1043,75	-1,20910787582397	
1046,875	0,946036696434021	1046,875	-1,19986426830292	
1050	0,940171241760254	1050	-1,18657922744751	
1053,125	0,937346637248993	1053,125	-1,18006157875061	
1056,25	0,939884901046753	1056,25	-1,16639959812164	
1059,375	0,94173800945282	1059,375	-1,16202580928802	
1062,5	0,941598236560822	1062,5	-1,15401363372803	
1065,625	0,941533923149109	1065,625	-1,13938879966736	
1068,75	0,949734687805176	1068,75	-1,13450801372528	
1071,875	0,952749848365784	1071,875	-1,12624597549438	
1075	0,953251659870148	1075	-1,12113106250763	
1078,125	0,951047301292419	1078,125	-1,1146981716156	
1081,25	0,959968209266663	1081,25	-1,10024845600128	
1084,375	0,960369884967804	1084,375	-1,09815979003906	
1087,5	0,962516129016876	1087,5	-1,09245777130127	
1090,625	0,96636974811554	1090,625	-1,0878838300705	
1093,75	0,966613948345184	1093,75	-1,08164584636688	
1096,875	0,970232307910919	1096,875	-1,0727516412735	
1100	0,971769034862518	1100	-1,06650078296661	
1103,125	0,971706748008728	1103,125	-1,06083226203918	
1106,25	0,978990256786346	1106,25	-1,05785012245178	
1109,375	0,974258482456207	1109,375	-1,05011224746704	
1112,5	0,976113855838776	1112,5	-1,04961168766022	
1115,625	0,982984304428101	1115,625	-1,04095184803009	
1118,75	0,977273941040039	1118,75	-1,0385023355484	
1121,875	0,982388317584991	1121,875	-1,03607714176178	
1125	0,980681359767914	1125	-1,03079056739807	
1128,125	0,979673504829407	1128,125	-1,02547776699066	
1131,25	0,983666598796844	1131,25	-1,01357018947601	
1134,375	0,986465215682983	1134,375	-1,0132622718811	
1137,5	0,983997225761414	1137,5	-1,0126394033432	
1140,625	0,982792675495148	1140,625	-1,00166463851929	
1143,75	0,987121105194092	1143,75	-0,999941110610962	
1146,875	0,987248003482819	1146,875	-0,993472456932068	
1150	0,990490555763245	1150	-0,983632862567902	
1153,125	0,993286728858948	1153,125	-0,982882499694824	
1156,25	0,990460097789764	1156,25	-0,984062790870667	
1159,375	0,988832890987396	1159,375	-0,975207448005676	
1162,5	0,994901120662689	1162,5	-0,973690152168274	
1165,625	0,994702935218811	1165,625	-0,965583682060242	
1168,75	0,994942307472229	1168,75	-0,962681889533997	
1171,875	0,992933869361877	1171,875	-0,959214448928833	
1175	0,993775010108948	1175	-0,952242016792297	
1178,125	0,994929373264313	1178,125	-0,948318719863892	
1181,25	0,997056543827057	1181,25	-0,946713328361511	
1184,375	0,997888147830963	1184,375	-0,93827211856842	
1187,5	0,99691641330719	1187,5	-0,931475818157196	
1190,625	0,999193131923676	1190,625	-0,928408741950989	
1193,75	1,0008339881897	1193,75	-0,927987933158875	
1196,875	1,00301456451416	1196,875	-0,92163223028183	
1200	0,999171197414398	1200	-0,913700759410858	
1203,125	1,00319743156433	1203,125	-0,910200893878937	
1206,25	1,01009166240692	1206,25	-0,905945837497711	
1209,375	1,00166666507721	1209,375	-0,899437427520752	
1212,5	0,999620735645294	1212,5	-0,890952467918396	
1215,625	1,00403118133545	1215,625	-0,891687750816345	
1218,75	1,00217115879059	1218,75	-0,88519412279129	
1221,875	1,00661206245422	1221,875	-0,883106768131256	
1225	1,00729334354401	1225	-0,882555246353149	
1228,125	1,00295126438141	1228,125	-0,872896134853363	
1231,25	1,00564134120941	1231,25	-0,871753334999084	
1234,375	1,00741171836853	1234,375	-0,870566785335541	
1237,5	1,00292468070984	1237,5	-0,866133391857147	
1240,625	1,00691676139832	1240,625	-0,860775649547577	
1243,75	1,00451445579529	1243,75	-0,855255901813507	
1246,875	1,00794899463654	1246,875	-0,851532459259033	
1250	1,00973320007324	1250	-0,843910276889801	
1253,125	1,00594282150269	1253,125	-0,842279493808746	
1256,25	1,00438249111176	1256,25	-0,835391879081726	
1259,375	1,00686609745026	1259,375	-0,832797825336456	
1262,5	1,00958526134491	1262,5	-0,8332759141922	
1265,625	1,00974690914154	1265,625	-0,829682886600494	
1268,75	1,00821304321289	1268,75	-0,826027095317841	
1271,875	1,01013648509979	1271,875	-0,820885300636292	
1275	1,00883543491364	1275	-0,818730771541595	
1278,125	1,00952327251434	1278,125	-0,813917636871338	
1281,25	1,00712263584137	1281,25	-0,811475813388824	
1284,375	1,00911223888397	1284,375	-0,809921443462372	
1287,5	1,00667202472687	1287,5	-0,808036625385284	
1290,625	1,0041515827179	1290,625	-0,802082002162933	
1293,75	1,00660109519958	1293,75	-0,798243165016174	
1296,875	1,00532102584839	1296,875	-0,791148126125336	
1300	1,00059294700623	1300	-0,79255598783493	
1303,125	0,997534930706024	1303,125	-0,78752589225769	
1306,25	1,00035202503204	1306,25	-0,783056855201721	
1309,375	0,999794840812683	1309,375	-0,776163041591644	
1312,5	0,998040199279785	1312,5	-0,770855188369751	
1315,625	0,99699455499649	1315,625	-0,768319308757782	
1318,75	0,998847603797913	1318,75	-0,759396076202393	
1321,875	1,00085473060608	1321,875	-0,756881892681122	
1325	1,0002019405365	1325	-0,752305865287781	
1328,125	0,998571574687958	1328,125	-0,747175812721252	
1331,25	1,00022280216217	1331,25	-0,741327464580536	
1334,375	0,996884167194366	1334,375	-0,73557448387146	
1337,5	1,00012350082397	1337,5	-0,732783615589142	
1340,625	1,00282609462738	1340,625	-0,726693689823151	
1343,75	1,0033563375473	1343,75	-0,724733054637909	
1346,875	1,00426173210144	1346,875	-0,717869520187378	
1350	1,00294709205627	1350	-0,714664399623871	
1353,125	1,00464153289795	1353,125	-0,713650166988373	
1356,25	1,0006822347641	1356,25	-0,708173871040344	
1359,375	1,00484883785248	1359,375	-0,70254921913147	
1362,5	1,00471878051758	1362,5	-0,698082983493805	
1365,625	1,00409471988678	1365,625	-0,69560706615448	
1368,75	1,00610303878784	1368,75	-0,69187718629837	
1371,875	1,00463271141052	1371,875	-0,686188042163849	
1375	1,00151610374451	1375	-0,683872938156128	
1378,125	1,00294768810272	1378,125	-0,681628406047821	
1381,25	1,00075376033783	1381,25	-0,672198116779327	
1384,375	1,00207543373108	1384,375	-0,670400738716125	
1387,5	1,0056529045105	1387,5	-0,666888833045959	
1390,625	1,00854647159576	1390,625	-0,661405980587006	
1393,75	1,0091255903244	1393,75	-0,657027542591095	
1396,875	1,00817537307739	1396,875	-0,652945041656494	
1400	1,01124680042267	1400	-0,649032115936279	
1403,125	1,0106201171875	1403,125	-0,64618706703186	
1406,25	1,00940203666687	1406,25	-0,643094122409821	
1409,375	1,00947272777557	1409,375	-0,637842893600464	
1412,5	1,01252722740173	1412,5	-0,634953260421753	
1415,625	1,01145970821381	1415,625	-0,630668759346008	
1418,75	1,01169168949127	1418,75	-0,628158867359161	
1421,875	1,01417028903961	1421,875	-0,624681174755096	
1425	1,01537358760834	1425	-0,622624814510345	
1428,125	1,01171123981476	1428,125	-0,617670357227325	
1431,25	1,01498317718506	1431,25	-0,615090072154999	
1434,375	1,01602005958557	1434,375	-0,611128211021423	
1437,5	1,01735997200012	1437,5	-0,604702532291412	
1440,625	1,0190349817276	1440,625	-0,606744587421417	
1443,75	1,01421546936035	1443,75	-0,599011659622192	
1446,875	1,01920759677887	1446,875	-0,596917748451233	
1450	1,01937305927277	1450	-0,592964231967926	
1453,125	1,02019929885864	1453,125	-0,589676439762115	
1456,25	1,01920115947723	1456,25	-0,585944414138794	
1459,375	1,02140378952026	1459,375	-0,583439409732819	
1462,5	1,02390956878662	1462,5	-0,579072773456573	
1465,625	1,02281284332275	1465,625	-0,577424287796021	
1468,75	1,02288067340851	1468,75	-0,572661817073822	
1471,875	1,02226972579956	1471,875	-0,569519281387329	
1475	1,02329039573669	1475	-0,568630456924438	
1478,125	1,02337491512299	1478,125	-0,564718186855316	
1481,25	1,02605795860291	1481,25	-0,56172901391983	
1484,375	1,02386939525604	1484,375	-0,557013094425201	
1487,5	1,02152693271637	1487,5	-0,557549595832825	
1490,625	1,02214682102203	1490,625	-0,553953111171722	
1493,75	1,02167975902557	1493,75	-0,552371084690094	
1496,875	1,02367675304413	1496,875	-0,552492797374725	
1500	1,01968955993652	1500	-0,545774042606354	
1503,125	1,02087426185608	1503,125	-0,542009353637695	
1506,25	1,02356445789337	1506,25	-0,539792358875275	
1509,375	1,01850962638855	1509,375	-0,536819875240326	
1512,5	1,01838290691376	1512,5	-0,533209383487701	
1515,625	1,01776015758514	1515,625	-0,529877245426178	
1518,75	1,01964676380157	1518,75	-0,525337874889374	
1521,875	1,01982498168945	1521,875	-0,524346053600311	
1525	1,01305568218231	1525	-0,519008815288544	
1528,125	1,01784229278564	1528,125	-0,513610303401947	
1531,25	1,01673758029938	1531,25	-0,510897219181061	
1534,375	1,01795446872711	1534,375	-0,505666553974152	
1537,5	1,01510155200958	1537,5	-0,502957105636597	
1540,625	1,01672255992889	1540,625	-0,500213086605072	
1543,75	1,01333284378052	1543,75	-0,493477165699005	
1546,875	1,01726818084717	1546,875	-0,490423411130905	
1550	1,0160858631134	1550	-0,486017495393753	
1553,125	1,01717495918274	1553,125	-0,484326869249344	
1556,25	1,01696789264679	1556,25	-0,478745251893997	
1559,375	1,0172997713089	1559,375	-0,475974559783936	
1562,5	1,0179271697998	1562,5	-0,472375065088272	
1565,625	1,0200332403183	1565,625	-0,465820103883743	
1568,75	1,01824247837067	1568,75	-0,465028315782547	
1571,875	1,01903235912323	1571,875	-0,461008340120316	
1575	1,02079892158508	1575	-0,459318071603775	
1578,125	1,02166497707367	1578,125	-0,454865097999573	
1581,25	1,02033412456512	1581,25	-0,45136022567749	
1584,375	1,02395737171173	1584,375	-0,44823083281517	
1587,5	1,02197527885437	1587,5	-0,444174319505692	
1590,625	1,02035093307495	1590,625	-0,441229730844498	
1593,75	1,02131736278534	1593,75	-0,437253385782242	
1596,875	1,02372694015503	1596,875	-0,433994203805923	
1600	1,02314472198486	1600	-0,432896077632904	
1603,125	1,02318513393402	1603,125	-0,43021497130394	
1606,25	1,02382743358612	1606,25	-0,42704638838768	
1609,375	1,02825140953064	1609,375	-0,421494483947754	
1612,5	1,02815735340118	1612,5	-0,416620373725891	
1615,625	1,0275262594223	1615,625	-0,415579378604889	
1618,75	1,02660942077637	1618,75	-0,414555758237839	
1621,875	1,02819609642029	1621,875	-0,411246985197067	
1625	1,02735543251038	1625	-0,408322513103485	
1628,125	1,03020250797272	1628,125	-0,406657040119171	
1631,25	1,0285222530365	1631,25	-0,402188688516617	
1634,375	1,02820694446564	1634,375	-0,402678370475769	
1637,5	1,02819752693176	1637,5	-0,400904297828674	
1640,625	1,03329765796661	1640,625	-0,395340114831924	
1643,75	1,02705466747284	1643,75	-0,389446437358856	
1646,875	1,02963292598724	1646,875	-0,390522003173828	
1650	1,02853739261627	1650	-0,390068084001541	
1653,125	1,02921330928802	1653,125	-0,386310786008835	
1656,25	1,02868390083313	1656,25	-0,383742332458496	
1659,375	1,02995622158051	1659,375	-0,38200706243515	
1662,5	1,02997982501984	1662,5	-0,379517287015915	
1665,625	1,02684986591339	1665,625	-0,378084123134613	
1668,75	1,02749729156494	1668,75	-0,3767349421978	
1671,875	1,02632713317871	1671,875	-0,374651998281479	
1675	1,02549660205841	1675	-0,36959633231163	
1678,125	1,02219474315643	1678,125	-0,367196977138519	
1681,25	1,02407968044281	1681,25	-0,36684650182724	
1684,375	1,02250933647156	1684,375	-0,359028726816177	
1687,5	1,02099359035492	1687,5	-0,356612771749496	
1690,625	1,02071666717529	1690,625	-0,353663831949234	
1693,75	1,02219581604004	1693,75	-0,349438548088074	
1696,875	1,0166015625	1696,875	-0,347332715988159	
1700	1,01700437068939	1700	-0,344072699546814	
1703,125	1,01545643806458	1703,125	-0,342165619134903	
1706,25	1,01475167274475	1706,25	-0,336860120296478	
1709,375	1,01326417922974	1709,375	-0,330152451992035	
1712,5	1,0140608549118	1712,5	-0,32749816775322	
1715,625	1,01371872425079	1715,625	-0,322716265916824	
1718,75	1,01334488391876	1718,75	-0,321640431880951	
1721,875	1,01251435279846	1721,875	-0,317608594894409	
1725	1,01126503944397	1725	-0,310327112674713	
1728,125	1,01235640048981	1728,125	-0,308355242013931	
1731,25	1,01366209983826	1731,25	-0,305300682783127	
1734,375	1,01274335384369	1734,375	-0,302251070737839	
1737,5	1,0144989490509	1737,5	-0,297229379415512	
1740,625	1,01678788661957	1740,625	-0,296634763479233	
1743,75	1,01650011539459	1743,75	-0,28987255692482	
1746,875	1,01777100563049	1746,875	-0,286631673574448	
1750	1,01920735836029	1750	-0,285407423973084	
1753,125	1,01839673519135	1753,125	-0,281967520713806	
1756,25	1,01727223396301	1756,25	-0,27787920832634	
1759,375	1,01949167251587	1759,375	-0,277012407779694	
1762,5	1,01904881000519	1762,5	-0,273616999387741	
1765,625	1,01867938041687	1765,625	-0,270280569791794	
1768,75	1,01913249492645	1768,75	-0,266488283872604	
1771,875	1,01942956447601	1771,875	-0,265312999486923	
1775	1,02003765106201	1775	-0,262872159481049	
1778,125	1,01878893375397	1778,125	-0,260080188512802	
1781,25	1,01905906200409	1781,25	-0,255514800548553	
1784,375	1,01885044574738	1784,375	-0,253271371126175	
1787,5	1,01792120933533	1787,5	-0,252545356750488	
1790,625	1,01894724369049	1790,625	-0,247250780463219	
1793,75	1,01638627052307	1793,75	-0,245096370577812	
1796,875	1,01832973957062	1796,875	-0,24278225004673	
1800	1,02028286457062	1800	-0,239481940865517	
1803,125	1,01785206794739	1803,125	-0,23570716381073	
1806,25	1,02031850814819	1806,25	-0,232101991772652	
1809,375	1,02003705501556	1809,375	-0,227805122733116	
1812,5	1,02091288566589	1812,5	-0,226912617683411	
1815,625	1,01882827281952	1815,625	-0,222458213567734	
1818,75	1,02117502689362	1818,75	-0,21962234377861	
1821,875	1,02094447612762	1821,875	-0,217670679092407	
1825	1,02119612693787	1825	-0,215310484170914	
1828,125	1,02163648605347	1828,125	-0,213661268353462	
1831,25	1,02322709560394	1831,25	-0,211079001426697	
1834,375	1,02348554134369	1834,375	-0,207656294107437	
1837,5	1,02414906024933	1837,5	-0,204671442508698	
1840,625	1,02236294746399	1840,625	-0,203045040369034	
1843,75	1,02211332321167	1843,75	-0,199889853596687	
1846,875	1,02273809909821	1846,875	-0,198193773627281	
1850	1,02319502830505	1850	-0,196911662817001	
1853,125	1,0226057767868	1853,125	-0,19550047814846	
1856,25	1,02430903911591	1856,25	-0,19216525554657	
1859,375	1,02407443523407	1859,375	-0,190523728728294	
1862,5	1,02254700660706	1862,5	-0,1864093542099	
1865,625	1,02302932739258	1865,625	-0,184751555323601	
1868,75	1,02375316619873	1868,75	-0,183187961578369	
1871,875	1,02310156822205	1871,875	-0,181481137871742	
1875	1,0231351852417	1875	-0,179917573928833	
1878,125	1,02176070213318	1878,125	-0,177427902817726	
1881,25	1,02072429656982	1881,25	-0,174300447106361	
1884,375	1,0202602148056	1884,375	-0,173235192894936	
1887,5	1,0199910402298	1887,5	-0,171003296971321	
1890,625	1,02028119564056	1890,625	-0,166868597269058	
1893,75	1,01951158046722	1893,75	-0,164054498076439	
1896,875	1,01847648620605	1896,875	-0,161718249320984	
1900	1,01669299602509	1900	-0,159348905086517	
1903,125	1,01665735244751	1903,125	-0,15598139166832	
1906,25	1,01570928096771	1906,25	-0,152322322130203	
1909,375	1,01331830024719	1909,375	-0,15026319026947	
1912,5	1,01301777362823	1912,5	-0,148017361760139	
1915,625	1,01286900043488	1915,625	-0,143665924668312	
1918,75	1,01195228099823	1918,75	-0,14000415802002	
1921,875	1,01050460338593	1921,875	-0,137812286615372	
1925	1,00932419300079	1925	-0,134963795542717	
1928,125	1,01021933555603	1928,125	-0,130024537444115	
1931,25	1,01011681556702	1931,25	-0,126433566212654	
1934,375	1,0095009803772	1934,375	-0,122947201132774	
1937,5	1,00964641571045	1937,5	-0,120197482407093	
1940,625	1,01009106636047	1940,625	-0,116523832082748	
1943,75	1,01029109954834	1943,75	-0,112501434981823	
1946,875	1,01067018508911	1946,875	-0,108086481690407	
1950	1,01169228553772	1950	-0,104382045567036	
1953,125	1,01134705543518	1953,125	-0,101211123168468	
1956,25	1,01185011863708	1956,25	-0,0987936854362488	
1959,375	1,01308739185333	1959,375	-0,0964126139879227	
1962,5	1,01311850547791	1962,5	-0,0941711515188217	
1965,625	1,01330125331879	1965,625	-0,0913124084472656	
1968,75	1,01574885845184	1968,75	-0,0888233557343483	
1971,875	1,01675534248352	1971,875	-0,0846252590417862	
1975	1,01599144935608	1975	-0,081914559006691	
1978,125	1,01659631729126	1978,125	-0,0796735733747482	
1981,25	1,01825881004333	1981,25	-0,0781713500618935	
1984,375	1,01838231086731	1984,375	-0,0748471692204475	
1987,5	1,01933288574219	1987,5	-0,0720258504152298	
1990,625	1,01902508735657	1990,625	-0,0693568214774132	
1993,75	1,02027308940887	1993,75	-0,0679669007658958	
1996,875	1,02008306980133	1996,875	-0,0662204101681709	
2000	1,02007961273193	2000	-0,0642444640398026	
2003,125	1,02136504650116	2003,125	-0,0621944069862366	
2006,25	1,02157998085022	2006,25	-0,0596136078238487	
2009,375	1,0214946269989	2009,375	-0,0565705560147762	
2012,5	1,02181804180145	2012,5	-0,0548641979694366	
2015,625	1,02166938781738	2015,625	-0,0523982979357243	
2018,75	1,02243709564209	2018,75	-0,0499617569148541	
2021,875	1,02279555797577	2021,875	-0,0483011081814766	
2025	1,02212905883789	2025	-0,0457713529467583	
2028,125	1,02312564849854	2028,125	-0,0428678691387177	
2031,25	1,02384519577026	2031,25	-0,0392451658844948	
2034,375	1,02304375171661	2034,375	-0,0380562990903854	
2037,5	1,02302479743958	2037,5	-0,0361969657242298	
2040,625	1,02421057224274	2040,625	-0,0339255630970001	
2043,75	1,02531349658966	2043,75	-0,0307455211877823	
2046,875	1,02563440799713	2046,875	-0,0283302515745163	
2050	1,02487170696259	2050	-0,0271430909633636	
2053,125	1,02484524250031	2053,125	-0,0244288481771946	
2056,25	1,02542126178741	2056,25	-0,0225662495940924	
2059,375	1,02561032772064	2059,375	-0,0209397543221712	
2062,5	1,02561450004578	2062,5	-0,0182598624378443	
2065,625	1,02554714679718	2065,625	-0,0158890169113874	
2068,75	1,02597784996033	2068,75	-0,0137755097821355	
2071,875	1,02664387226105	2071,875	-0,0114166028797626	
2075	1,02690231800079	2075	-0,00901252496987581	
2078,125	1,02724254131317	2078,125	-0,00658716913312674	
2081,25	1,02751696109772	2081,25	-0,00424408540129662	
2084,375	1,02726221084595	2084,375	-0,00225078593939543	
2087,5	1,02730524539948	2087,5	5,3744104661746E-05	
2090,625	1,02781116962433	2090,625	0,00249500921927392	
2093,75	1,0282666683197	2093,75	0,00480646081268787	
2096,875	1,02786505222321	2096,875	0,00688742380589247	
2100	1,02826762199402	2100	0,00895885284990072	
2103,125	1,02827119827271	2103,125	0,0107398126274347	
2106,25	1,02886641025543	2106,25	0,0128799751400948	
2109,375	1,02900612354279	2109,375	0,0147262122482061	
2112,5	1,02912151813507	2112,5	0,0167452041059732	
2115,625	1,02992284297943	2115,625	0,0185464546084404	
2118,75	1,03079521656036	2118,75	0,020246610045433	
2121,875	1,03044700622559	2121,875	0,0221771635115147	
2125	1,03116714954376	2125	0,0244921036064625	
2128,125	1,03096091747284	2128,125	0,0264811739325523	
2131,25	1,03025734424591	2131,25	0,0283451210707426	
2134,375	1,03078973293304	2134,375	0,0305430237203836	
2137,5	1,03095257282257	2137,5	0,0325364582240582	
2140,625	1,03144681453705	2140,625	0,0345614477992058	
2143,75	1,03175389766693	2143,75	0,0365894138813019	
2146,875	1,03139126300812	2146,875	0,0386601872742176	
2150	1,0314462184906	2150	0,0418333001434803	
2153,125	1,03145837783813	2153,125	0,042902909219265	
2156,25	1,03165674209595	2156,25	0,0448590107262135	
2159,375	1,03206717967987	2159,375	0,0466823391616344	
2162,5	1,03205025196075	2162,5	0,0488776527345181	
2165,625	1,03245329856873	2165,625	0,0513752028346062	
2168,75	1,03293979167938	2168,75	0,0543408170342445	
2171,875	1,03257143497467	2171,875	0,0555853620171547	
2175	1,03285181522369	2175	0,0586625225841999	
2178,125	1,03316044807434	2178,125	0,0599221363663673	
2181,25	1,03293943405151	2181,25	0,060877088457346	
2184,375	1,03294634819031	2184,375	0,0636057481169701	
2187,5	1,03346407413483	2187,5	0,0652943998575211	
2190,625	1,03313088417053	2190,625	0,0672006383538246	
2193,75	1,03417527675629	2193,75	0,0700051859021187	
2196,875	1,03471410274506	2196,875	0,0723299533128738	
2200	1,03433406352997	2200	0,0734243020415306	
2203,125	1,03449094295502	2203,125	0,0756258070468903	
2206,25	1,03478574752808	2206,25	0,0769310593605042	
2209,375	1,03529834747314	2209,375	0,0786333531141281	
2212,5	1,03663730621338	2212,5	0,0814114063978195	
2215,625	1,03751504421234	2215,625	0,0826670005917549	
2218,75	1,03722870349884	2218,75	0,0847082510590553	
2221,875	1,03687179088593	2221,875	0,0862368270754814	
2225	1,03717482089996	2225	0,0880204364657402	
2228,125	1,03754508495331	2228,125	0,0902431458234787	
2231,25	1,03786242008209	2231,25	0,0910638719797134	
2234,375	1,03850388526917	2234,375	0,0924898460507393	
2237,5	1,03807306289673	2237,5	0,0944645777344704	
2240,625	1,03859126567841	2240,625	0,0967750921845436	
2243,75	1,03864753246307	2243,75	0,0989035591483116	
2246,875	1,03866183757782	2246,875	0,100109584629536	
2250	1,0381795167923	2250	0,100850112736225	
2253,125	1,03920948505402	2253,125	0,103629440069199	
2256,25	1,03986442089081	2256,25	0,105571672320366	
2259,375	1,03971195220947	2259,375	0,107245244085789	
2262,5	1,0390191078186	2262,5	0,109017252922058	
2265,625	1,03927528858185	2265,625	0,110966064035892	
2268,75	1,03932189941406	2268,75	0,111753962934017	
2271,875	1,03871858119965	2271,875	0,113905616104603	
2275	1,0401417016983	2275	0,114864282310009	
2278,125	1,03946554660797	2278,125	0,117220990359783	
2281,25	1,03935062885284	2281,25	0,118404395878315	
2284,375	1,03907084465027	2284,375	0,120314329862595	
2287,5	1,03978455066681	2287,5	0,123442202806473	
2290,625	1,03956663608551	2290,625	0,124341890215874	
2293,75	1,03896152973175	2293,75	0,126309752464294	
2296,875	1,0389496088028	2296,875	0,128708779811859	
2300	1,03855919837952	2300	0,13046096265316	
2303,125	1,03923201560974	2303,125	0,131452530622482	
2306,25	1,03991103172302	2306,25	0,133447721600533	
2309,375	1,03914046287537	2309,375	0,135229587554932	
2312,5	1,0384658575058	2312,5	0,136185809969902	
2315,625	1,03881192207336	2315,625	0,137222692370415	
2318,75	1,04013526439667	2318,75	0,140785053372383	
2321,875	1,03968930244446	2321,875	0,141063168644905	
2325	1,03974616527557	2325	0,143844604492188	
2328,125	1,0391321182251	2328,125	0,145680487155914	
2331,25	1,03893637657166	2331,25	0,147668212652206	
2334,375	1,03895902633667	2334,375	0,14979299902916	
2337,5	1,03921949863434	2337,5	0,151663541793823	
2340,625	1,03920304775238	2340,625	0,152118176221848	
2343,75	1,03923332691193	2343,75	0,155233010649681	
2346,875	1,03950560092926	2346,875	0,156494468450546	
2350	1,03928899765015	2350	0,158943176269531	
2353,125	1,03932440280914	2353,125	0,160924047231674	
2356,25	1,03872740268707	2356,25	0,162216901779175	
2359,375	1,03938066959381	2359,375	0,163883075118065	
2362,5	1,04000532627106	2362,5	0,166533917188644	
2365,625	1,0413134098053	2365,625	0,167536944150925	
2368,75	1,03963208198547	2368,75	0,169465884566307	
2371,875	1,04044330120087	2371,875	0,169035002589226	
2375	1,04106116294861	2375	0,172520220279694	
2378,125	1,03981101512909	2378,125	0,173747077584267	
2381,25	1,04140436649323	2381,25	0,175951078534126	
2384,375	1,04089117050171	2384,375	0,178927600383759	
2387,5	1,04161810874939	2387,5	0,179061993956566	
2390,625	1,04150640964508	2390,625	0,181179225444794	
2393,75	1,04128444194794	2393,75	0,183197200298309	
2396,875	1,04167771339417	2396,875	0,186401799321175	
2400	1,04155850410461	2400	0,187671765685081	
2403,125	1,04196333885193	2403,125	0,189567357301712	
2406,25	1,04144585132599	2406,25	0,191627740859985	
2409,375	1,04235851764679	2409,375	0,193960934877396	
2412,5	1,04109477996826	2412,5	0,193638131022453	
2415,625	1,04439175128937	2415,625	0,19514861702919	
2418,75	1,04410040378571	2418,75	0,197212800383568	
2421,875	1,04308426380157	2421,875	0,199973359704018	
2425	1,04333746433258	2425	0,201209202408791	
2428,125	1,04451704025269	2428,125	0,202496737241745	
2431,25	1,04424095153809	2431,25	0,204867631196976	
2434,375	1,04560780525208	2434,375	0,205803528428078	
2437,5	1,04518210887909	2437,5	0,208061248064041	
2440,625	1,04513096809387	2440,625	0,2096828520298	
2443,75	1,0468282699585	2443,75	0,211220607161522	
2446,875	1,04643416404724	2446,875	0,21198733150959	
2450	1,04632234573364	2450	0,214604526758194	
2453,125	1,04692220687866	2453,125	0,216562315821648	
2456,25	1,04791581630707	2456,25	0,217040210962296	
2459,375	1,04770171642303	2459,375	0,219524756073952	
2462,5	1,04899120330811	2462,5	0,221210509538651	
2465,625	1,04843437671661	2465,625	0,22276346385479	
2468,75	1,04684066772461	2468,75	0,222611248493195	
2471,875	1,05128049850464	2471,875	0,225105419754982	
2475	1,04960811138153	2475	0,226842448115349	
2478,125	1,04975080490112	2478,125	0,229085102677345	
2481,25	1,04905724525452	2481,25	0,229943543672562	
2484,375	1,05088782310486	2484,375	0,231206804513931	
2487,5	1,05140125751495	2487,5	0,234471842646599	
2490,625	1,05073261260986	2490,625	0,234677910804749	
2493,75	1,05193650722504	2493,75	0,234962806105614	
2496,875	1,05219841003418	2496,875	0,236045300960541	
2500	1,05091965198517	2500	0,238610312342644	
2503,125	1,05199348926544	2503,125	0,240910828113556	
2506,25	1,05165958404541	2506,25	0,244046285748482	
2509,375	1,05217576026917	2509,375	0,244132474064827	
2512,5	1,05216979980469	2512,5	0,244894623756409	
2515,625	1,05348265171051	2515,625	0,244525268673897	
2518,75	1,05319488048553	2518,75	0,247187480330467	
2521,875	1,0521035194397	2521,875	0,248580604791641	
2525	1,05463063716888	2525	0,252108871936798	
2528,125	1,0533983707428	2528,125	0,251703321933746	
2531,25	1,0546623468399	2531,25	0,253204941749573	
2534,375	1,0552339553833	2534,375	0,255928337574005	
2537,5	1,05829071998596	2537,5	0,258643120527267	
2540,625	1,05705797672272	2540,625	0,25592428445816	
2543,75	1,05863869190216	2543,75	0,257092267274857	
2546,875	1,05817520618439	2546,875	0,260764271020889	
2550	1,0578852891922	2550	0,262502044439316	
2553,125	1,05908465385437	2553,125	0,263910889625549	
2556,25	1,05947744846344	2556,25	0,265408307313919	
2559,375	1,06029164791107	2559,375	0,266201198101044	
2562,5	1,06056666374207	2562,5	0,266563445329666	
2565,625	1,06002342700958	2565,625	0,267138123512268	
2568,75	1,06028544902802	2568,75	0,268555492162704	
2571,875	1,0606552362442	2571,875	0,271675497293472	
2575	1,06063580513	2575	0,272418409585953	
2578,125	1,06311905384064	2578,125	0,270725935697556	
2581,25	1,06149196624756	2581,25	0,274216532707214	
2584,375	1,06196749210358	2584,375	0,275090277194977	
2587,5	1,06237304210663	2587,5	0,276985794305801	
2590,625	1,0628525018692	2590,625	0,277600735425949	
2593,75	1,06283676624298	2593,75	0,279230713844299	
2596,875	1,06120204925537	2596,875	0,282014697790146	
2600	1,06154775619507	2600	0,282272428274155	
2603,125	1,06281888484955	2603,125	0,284119009971619	
2606,25	1,06302523612976	2606,25	0,284719288349152	
2609,375	1,06282722949982	2609,375	0,288202911615372	
2612,5	1,0636088848114	2612,5	0,290344834327698	
2615,625	1,06573235988617	2615,625	0,292046278715134	
2618,75	1,06484067440033	2618,75	0,293885499238968	
2621,875	1,06678009033203	2621,875	0,294926375150681	
2625	1,06716465950012	2625	0,294708847999573	
2628,125	1,06808149814606	2628,125	0,295793116092682	
2631,25	1,06985807418823	2631,25	0,297192186117172	
2634,375	1,06951642036438	2634,375	0,296871453523636	
2637,5	1,07104563713074	2637,5	0,298567026853561	
2640,625	1,07145571708679	2640,625	0,300462007522583	
2643,75	1,0713632106781	2643,75	0,303049951791763	
2646,875	1,0696576833725	2646,875	0,304773539304733	
2650	1,07433378696442	2650	0,307806134223938	
2653,125	1,07251107692719	2653,125	0,306841045618057	
2656,25	1,07249808311462	2656,25	0,308837056159973	
2659,375	1,07350921630859	2659,375	0,310861229896545	
2662,5	1,07410490512848	2662,5	0,311434864997864	
2665,625	1,0757110118866	2665,625	0,313429325819016	
2668,75	1,07716035842896	2668,75	0,312190592288971	
2671,875	1,07608282566071	2671,875	0,315638095140457	
2675	1,07557547092438	2675	0,317735195159912	
2678,125	1,07580900192261	2678,125	0,318440854549408	
2681,25	1,07680022716522	2681,25	0,32044929265976	
2684,375	1,07853519916534	2684,375	0,321986347436905	
2687,5	1,07707893848419	2687,5	0,322604835033417	
2690,625	1,08047759532928	2690,625	0,32529404759407	
2693,75	1,07992446422577	2693,75	0,325788646936417	
2696,875	1,08066916465759	2696,875	0,325692385435104	
2700	1,08068597316742	2700	0,327317267656326	
2703,125	1,08293044567108	2703,125	0,329818189144135	
2706,25	1,08446860313416	2706,25	0,330017685890198	
2709,375	1,0843608379364	2709,375	0,332563132047653	
2712,5	1,08306491374969	2712,5	0,33489865064621	
2715,625	1,08546352386475	2715,625	0,335775405168533	
2718,75	1,08748149871826	2718,75	0,335670977830887	
2721,875	1,0875164270401	2721,875	0,336853384971619	
2725	1,08775281906128	2725	0,340177774429321	
2728,125	1,08908104896545	2728,125	0,342841118574142	
2731,25	1,08948624134064	2731,25	0,343612790107727	
2734,375	1,09000945091248	2734,375	0,342970311641693	
2737,5	1,09171319007874	2737,5	0,343923389911652	
2740,625	1,09101450443268	2740,625	0,346777498722076	
2743,75	1,09117591381073	2743,75	0,350785553455353	
2746,875	1,09271585941315	2746,875	0,351129710674286	
2750	1,09574794769287	2750	0,350191086530685	
2753,125	1,09472239017487	2753,125	0,35266450047493	
2756,25	1,09732806682587	2756,25	0,355243474245071	
2759,375	1,09682583808899	2759,375	0,355373561382294	
2762,5	1,09926652908325	2762,5	0,355582416057587	
2765,625	1,09895098209381	2765,625	0,358007162809372	
2768,75	1,10112118721008	2768,75	0,361853659152985	
2771,875	1,10268187522888	2771,875	0,360843062400818	
2775	1,10389745235443	2775	0,361785769462585	
2778,125	1,10493040084839	2778,125	0,362128704786301	
2781,25	1,1058943271637	2781,25	0,364354223012924	
2784,375	1,10603141784668	2784,375	0,364050388336182	
2787,5	1,10766243934631	2787,5	0,363989502191544	
2790,625	1,10915088653564	2790,625	0,366762578487396	
2793,75	1,109454870224	2793,75	0,367920964956284	
2796,875	1,11010825634003	2796,875	0,369004815816879	
2800	1,11163640022278	2800	0,370484441518784	
2803,125	1,11068785190582	2803,125	0,374700784683228	
2806,25	1,11406517028809	2806,25	0,372466325759888	
2809,375	1,1130530834198	2809,375	0,374092936515808	
2812,5	1,11494672298431	2812,5	0,376196086406708	
2815,625	1,11671841144562	2815,625	0,375726968050003	
2818,75	1,11675751209259	2818,75	0,375762403011322	
2821,875	1,1175936460495	2821,875	0,377353221178055	
2825	1,1181834936142	2825	0,376255989074707	
2828,125	1,11874401569366	2828,125	0,377780884504318	
2831,25	1,1217794418335	2831,25	0,38055744767189	
2834,375	1,12161672115326	2834,375	0,380564540624619	
2837,5	1,12137317657471	2837,5	0,385063320398331	
2840,625	1,12218368053436	2840,625	0,385167807340622	
2843,75	1,12275826931	2843,75	0,382933765649796	
2846,875	1,12607729434967	2846,875	0,385378390550613	
2850	1,12495100498199	2850	0,385656237602234	
2853,125	1,1253445148468	2853,125	0,385744571685791	
2856,25	1,12583291530609	2856,25	0,388297975063324	
2859,375	1,12734007835388	2859,375	0,388442039489746	
2862,5	1,12742638587952	2862,5	0,388695389032364	
2865,625	1,12897098064423	2865,625	0,390140235424042	
2868,75	1,12798774242401	2868,75	0,391768366098404	
2871,875	1,12761533260345	2871,875	0,394396364688873	
2875	1,12975358963013	2875	0,394530683755875	
2878,125	1,13019037246704	2878,125	0,395508706569672	
2881,25	1,13131284713745	2881,25	0,396695107221603	
2884,375	1,13205647468567	2884,375	0,397046953439713	
2887,5	1,13173079490662	2887,5	0,399250119924545	
2890,625	1,1324405670166	2890,625	0,401876896619797	
2893,75	1,13236021995544	2893,75	0,401793628931046	
2896,875	1,13336539268494	2896,875	0,4017693400383	
2900	1,13301777839661	2900	0,403024613857269	
2903,125	1,13338899612427	2903,125	0,405681371688843	
2906,25	1,13450574874878	2906,25	0,405184805393219	
2909,375	1,1343435049057	2909,375	0,406648337841034	
2912,5	1,13518643379211	2912,5	0,407175749540329	
2915,625	1,13595414161682	2915,625	0,409246623516083	
2918,75	1,13679003715515	2918,75	0,410985738039017	
2921,875	1,13513290882111	2921,875	0,412473917007446	
2925	1,13428521156311	2925	0,415620863437653	
2928,125	1,13584232330322	2928,125	0,415170580148697	
2931,25	1,13703715801239	2931,25	0,415929466485977	
2934,375	1,13619518280029	2934,375	0,418821752071381	
2937,5	1,13624680042267	2937,5	0,420411974191666	
2940,625	1,13694429397583	2940,625	0,4207783639431	
2943,75	1,13695657253265	2943,75	0,422317743301392	
2946,875	1,13733816146851	2946,875	0,426440000534058	
2950	1,13714361190796	2950	0,42861932516098	
2953,125	1,13789010047913	2953,125	0,43079486489296	
2956,25	1,13548099994659	2956,25	0,434126824140549	
2959,375	1,13893067836761	2959,375	0,438031882047653	
2962,5	1,1403169631958	2962,5	0,437134653329849	
2965,625	1,13954305648804	2965,625	0,439715325832367	
2968,75	1,13978040218353	2968,75	0,445643603801727	
2971,875	1,14004242420197	2971,875	0,449209570884705	
2975	1,14189767837524	2975	0,451129615306854	
2978,125	1,1431782245636	2978,125	0,455272495746613	
2981,25	1,14733862876892	2981,25	0,456588596105576	
2984,375	1,14941704273224	2984,375	0,461391031742096	
2987,5	1,15307199954987	2987,5	0,46414116024971	
2990,625	1,15783834457397	2990,625	0,463410794734955	
2993,75	1,15774571895599	2993,75	0,463704854249954	
2996,875	1,16108477115631	2996,875	0,46368482708931	
3000	1,16681039333344	3000	0,462101221084595	
3003,125	1,16469752788544	3003,125	0,464448362588882	
3006,25	1,16515374183655	3006,25	0,463427633047104	
3009,375	1,16641557216644	3009,375	0,462597042322159	
3012,5	1,16781663894653	3012,5	0,463385999202728	
3015,625	1,1690286397934	3015,625	0,467603504657745	
3018,75	1,16740810871124	3018,75	0,468431711196899	
3021,875	1,17102098464966	3021,875	0,46770179271698	
3025	1,17054319381714	3025	0,468578487634659	
3028,125	1,16952550411224	3028,125	0,468693673610687	
3031,25	1,17030882835388	3031,25	0,472524017095566	
3034,375	1,17028224468231	3034,375	0,47145402431488	
3037,5	1,17500293254852	3037,5	0,475437104701996	
3040,625	1,17416036128998	3040,625	0,47453910112381	
3043,75	1,17298007011414	3043,75	0,475486665964127	
3046,875	1,17476439476013	3046,875	0,480461597442627	
3050	1,17634177207947	3050	0,480139255523682	
3053,125	1,17697477340698	3053,125	0,481972575187683	
3056,25	1,17822074890137	3056,25	0,483173847198486	
3059,375	1,17820978164673	3059,375	0,48636782169342	
3062,5	1,17912805080414	3062,5	0,486873835325241	
3065,625	1,1785660982132	3065,625	0,487522661685944	
3068,75	1,1799134016037	3068,75	0,489074796438217	
3071,875	1,18056166172028	3071,875	0,490431845188141	
3075	1,18261241912842	3075	0,492658048868179	
3078,125	1,18428599834442	3078,125	0,491634905338287	
3081,25	1,18621730804443	3081,25	0,492175161838531	
3084,375	1,18486082553864	3084,375	0,494325459003448	
3087,5	1,18374514579773	3087,5	0,495997190475464	
3090,625	1,18424534797668	3090,625	0,499493002891541	
3093,75	1,18805861473083	3093,75	0,502357840538025	
3096,875	1,18639945983887	3096,875	0,5019850730896	
3100	1,19053101539612	3100	0,501005947589874	
3103,125	1,19110631942749	3103,125	0,503222763538361	
3106,25	1,19270944595337	3106,25	0,504831194877625	
3109,375	1,19380140304565	3109,375	0,505025863647461	
3112,5	1,19265377521515	3112,5	0,508703351020813	
3115,625	1,19268381595612	3115,625	0,509563565254211	
3118,75	1,19706320762634	3118,75	0,512692093849182	
3121,875	1,19669032096863	3121,875	0,515702962875366	
3125	1,19830310344696	3125	0,515844941139221	
3128,125	1,199587225914	3128,125	0,515360355377197	
3131,25	1,20161020755768	3131,25	0,515767514705658	
3134,375	1,20081090927124	3134,375	0,516324579715729	
3137,5	1,2022453546524	3137,5	0,516626596450806	
3140,625	1,20394885540009	3140,625	0,517172038555145	
3143,75	1,20217728614807	3143,75	0,516244113445282	
3146,875	1,20370924472809	3146,875	0,518122494220734	
3150	1,20336902141571	3150	0,52103054523468	
3153,125	1,20407497882843	3153,125	0,520509660243988	
3156,25	1,2076188325882	3156,25	0,520440816879272	
3159,375	1,20883667469025	3159,375	0,521275341510773	
3162,5	1,20856213569641	3162,5	0,518842995166779	
3165,625	1,2106454372406	3165,625	0,518678784370422	
3168,75	1,20955097675323	3168,75	0,519878566265106	
3171,875	1,21243011951447	3171,875	0,519470691680908	
3175	1,21399831771851	3175	0,51958042383194	
3178,125	1,21521365642548	3178,125	0,521859586238861	
3181,25	1,21138346195221	3181,25	0,524878203868866	
3184,375	1,21225047111511	3184,375	0,522758424282074	
3187,5	1,21318769454956	3187,5	0,522607386112213	
3190,625	1,20977389812469	3190,625	0,523063123226166	
3193,75	1,20928251743317	3193,75	0,522641003131866	
3196,875	1,21460950374603	3196,875	0,523056626319885	
3200	1,21161842346191	3200	0,526548385620117	
3203,125	1,21320378780365	3203,125	0,525328814983368	
3206,25	1,21204435825348	3206,25	0,522308051586151	
3209,375	1,20918715000153	3209,375	0,522887408733368	
3212,5	1,20942080020905	3212,5	0,527016580104828	
3215,625	1,20895206928253	3215,625	0,529535710811615	
3218,75	1,20494103431702	3218,75	0,528982043266296	
3221,875	1,20464742183685	3221,875	0,526436448097229	
3225	1,20681715011597	3225	0,527308225631714	
3228,125	1,20763075351715	3228,125	0,528967380523682	
3231,25	1,20616900920868	3231,25	0,531660377979279	
3234,375	1,20661854743958	3234,375	0,533019959926605	
3237,5	1,20517885684967	3237,5	0,53411990404129	
3240,625	1,20323550701141	3240,625	0,537524700164795	
3243,75	1,20295786857605	3243,75	0,539523661136627	
3246,875	1,2049309015274	3246,875	0,538194000720978	
3250	1,20127379894257	3250	0,5372633934021	
3253,125	1,20070624351501	3253,125	0,540216565132141	
3256,25	1,19643974304199	3256,25	0,5418381690979	
3259,375	1,19717872142792	3259,375	0,544982552528381	
3262,5	1,20170259475708	3262,5	0,546143591403961	
3265,625	1,20129573345184	3265,625	0,545891523361206	
3268,75	1,19949913024902	3268,75	0,550423800945282	
3271,875	1,19924473762512	3271,875	0,551936030387878	
3275	1,19931876659393	3275	0,551224529743195	
3278,125	1,1972279548645	3278,125	0,551883161067963	
3281,25	1,20040428638458	3281,25	0,557710230350494	
3284,375	1,19789457321167	3284,375	0,557028293609619	
3287,5	1,1941157579422	3287,5	0,55926525592804	
3290,625	1,19308137893677	3290,625	0,563938319683075	
3293,75	1,19964838027954	3293,75	0,563677906990051	
3296,875	1,19858086109161	3296,875	0,56130450963974	
3300	1,19671559333801	3300	0,565390825271606	
3303,125	1,19666993618011	3303,125	0,567701160907745	
3306,25	1,19877398014069	3306,25	0,570049941539764	
3309,375	1,1998724937439	3309,375	0,570630788803101	
3312,5	1,19757640361786	3312,5	0,572167456150055	
3315,625	1,19656801223755	3315,625	0,572907149791718	
3318,75	1,1958783864975	3318,75	0,574884474277496	
3321,875	1,19833731651306	3321,875	0,577473044395447	
3325	1,19797194004059	3325	0,579645752906799	
3328,125	1,19846045970917	3328,125	0,579793572425842	
3331,25	1,19667673110962	3331,25	0,580739080905914	
3334,375	1,19588327407837	3334,375	0,584652125835419	
3337,5	1,19954824447632	3337,5	0,58561784029007	
3340,625	1,1986335515976	3340,625	0,584687411785126	
3343,75	1,19858384132385	3343,75	0,587770104408264	
3346,875	1,20224797725677	3346,875	0,589798450469971	
3350	1,20163440704346	3350	0,592477142810822	
3353,125	1,20372366905212	3353,125	0,592559158802032	
3356,25	1,20018327236176	3356,25	0,591357409954071	
3359,375	1,20241546630859	3359,375	0,593621850013733	
3362,5	1,20277082920074	3362,5	0,594087064266205	
3365,625	1,20080971717834	3365,625	0,594456136226654	
3368,75	1,20030224323273	3368,75	0,594147026538849	
3371,875	1,19859290122986	3371,875	0,59754091501236	
3375	1,19768619537354	3375	0,598464906215668	
3378,125	1,20373904705048	3378,125	0,601745069026947	
3381,25	1,20162892341614	3381,25	0,601323008537292	
3384,375	1,20201921463013	3384,375	0,602522015571594	
3387,5	1,20333814620972	3387,5	0,600239396095276	
3390,625	1,20352017879486	3390,625	0,605699896812439	
3393,75	1,20286738872528	3393,75	0,604124486446381	
3396,875	1,20262718200684	3396,875	0,604357779026031	
3400	1,20542502403259	3400	0,607037901878357	
3403,125	1,20370292663574	3403,125	0,610062420368195	
3406,25	1,20442426204681	3406,25	0,612489342689514	
3409,375	1,20576786994934	3409,375	0,612317621707916	
3412,5	1,20324683189392	3412,5	0,615188777446747	
3415,625	1,20383477210999	3415,625	0,617890655994415	
3418,75	1,20534479618073	3418,75	0,615062415599823	
3421,875	1,20322632789612	3421,875	0,616958796977997	
3425	1,20392870903015	3425	0,618675351142883	
3428,125	1,20807611942291	3428,125	0,615790724754334	
3431,25	1,20502805709839	3431,25	0,616827130317688	
3434,375	1,20464241504669	3434,375	0,620075106620789	
3437,5	1,2087949514389	3437,5	0,622673869132996	
3440,625	1,21038377285004	3440,625	0,623657047748566	
3443,75	1,20807719230652	3443,75	0,623359978199005	
3446,875	1,20717024803162	3446,875	0,622163653373718	
3450	1,20971274375916	3450	0,623016119003296	
3453,125	1,20948374271393	3453,125	0,624176204204559	
3456,25	1,20965039730072	3456,25	0,627001821994781	
3459,375	1,20784938335419	3459,375	0,628790855407715	
3462,5	1,21150422096252	3462,5	0,626536309719086	
3465,625	1,20887088775635	3465,625	0,629183828830719	
3468,75	1,20932936668396	3468,75	0,633575737476349	
3471,875	1,20915842056274	3471,875	0,633667826652527	
3475	1,21322238445282	3475	0,631832540035248	
3478,125	1,21094596385956	3478,125	0,633188724517822	
3481,25	1,21146774291992	3481,25	0,630105018615723	
3484,375	1,2115797996521	3484,375	0,630762994289398	
3487,5	1,21211743354797	3487,5	0,635391652584076	
3490,625	1,21332216262817	3490,625	0,635903775691986	
3493,75	1,21417689323425	3493,75	0,637495636940002	
3496,875	1,21269857883453	3496,875	0,635171592235565	
3500	1,21585774421692	3500	0,637003898620605	
3503,125	1,21543955802917	3503,125	0,638285636901855	
3506,25	1,21579468250275	3506,25	0,64193069934845	
3509,375	1,21479320526123	3509,375	0,641406059265137	
3512,5	1,21708464622498	3512,5	0,637996315956116	
3515,625	1,21705996990204	3515,625	0,637358129024506	
3518,75	1,2149897813797	3518,75	0,640434801578522	
3521,875	1,21642553806305	3521,875	0,640457928180695	
3525	1,21932184696198	3525	0,640165507793427	
3528,125	1,21916604042053	3528,125	0,642893075942993	
3531,25	1,21994268894196	3531,25	0,646010458469391	
3534,375	1,21889913082123	3534,375	0,644161462783813	
3537,5	1,21918952465057	3537,5	0,641442835330963	
3540,625	1,22033870220184	3540,625	0,64346706867218	
3543,75	1,21991813182831	3543,75	0,643816709518433	
3546,875	1,21749722957611	3546,875	0,643923223018646	
3550	1,22104263305664	3550	0,644047021865845	
3553,125	1,21933269500732	3553,125	0,644701600074768	
3556,25	1,22141981124878	3556,25	0,645728886127472	
3559,375	1,22166359424591	3559,375	0,645419836044312	
3562,5	1,22143661975861	3562,5	0,648914456367493	
3565,625	1,22264647483826	3565,625	0,648599207401276	
3568,75	1,22068667411804	3568,75	0,647877156734467	
3571,875	1,22380566596985	3571,875	0,649878323078156	
3575	1,22401511669159	3575	0,651749789714813	
3578,125	1,22355377674103	3578,125	0,652165770530701	
3581,25	1,22457301616669	3581,25	0,652711808681488	
3584,375	1,22428488731384	3584,375	0,649743378162384	
3587,5	1,2230578660965	3587,5	0,64847606420517	
3590,625	1,22242784500122	3590,625	0,651327669620514	
3593,75	1,22194385528564	3593,75	0,654720962047577	
3596,875	1,22180902957916	3596,875	0,656047701835632	
3600	1,22369742393494	3600	0,657296180725098	
3603,125	1,22547805309296	3603,125	0,655709564685822	
3606,25	1,22193968296051	3606,25	0,657676517963409	
3609,375	1,22624099254608	3609,375	0,656748056411743	
3612,5	1,22583377361298	3612,5	0,657218158245087	
3615,625	1,22513234615326	3615,625	0,660134077072144	
3618,75	1,22621417045593	3618,75	0,658479392528534	
3621,875	1,22489035129547	3621,875	0,658938884735107	
3625	1,22541809082031	3625	0,658420026302338	
3628,125	1,22724235057831	3628,125	0,660358905792236	
3631,25	1,23094940185547	3631,25	0,661390423774719	
3634,375	1,22983145713806	3634,375	0,663275957107544	
3637,5	1,2284551858902	3637,5	0,662154614925385	
3640,625	1,22985792160034	3640,625	0,660189688205719	
3643,75	1,2302280664444	3643,75	0,662387073040009	
3646,875	1,22894334793091	3646,875	0,661207616329193	
3650	1,23074781894684	3650	0,662415087223053	
3653,125	1,2315171957016	3653,125	0,662450790405273	
3656,25	1,23100006580353	3656,25	0,661944568157196	
3659,375	1,23250997066498	3659,375	0,664750695228577	
3662,5	1,23340964317322	3662,5	0,665238797664642	
3665,625	1,22995269298553	3665,625	0,66930615901947	
3668,75	1,23604440689087	3668,75	0,665979385375977	
3671,875	1,23238098621368	3671,875	0,663633108139038	
3675	1,23275315761566	3675	0,665786027908325	
3678,125	1,23339486122131	3678,125	0,666420936584473	
3681,25	1,22828757762909	3681,25	0,668221473693848	
3684,375	1,23836278915405	3684,375	0,661991775035858	
3687,5	1,23337233066559	3687,5	0,665406048297882	
3690,625	1,23272144794464	3690,625	0,66793292760849	
3693,75	1,23636496067047	3693,75	0,669205248355865	
3696,875	1,23495352268219	3696,875	0,671503722667694	
3700	1,23462390899658	3700	0,669155418872833	
3703,125	1,23659718036652	3703,125	0,667381107807159	
3706,25	1,23925852775574	3706,25	0,672138631343842	
3709,375	1,23692941665649	3709,375	0,673944711685181	
3712,5	1,23768877983093	3712,5	0,669424474239349	
3715,625	1,23975479602814	3715,625	0,665895700454712	
3718,75	1,2413158416748	3718,75	0,673632442951202	
3721,875	1,24083924293518	3721,875	0,672782063484192	
3725	1,23935651779175	3725	0,675090789794922	
3728,125	1,24257028102875	3728,125	0,672493994235992	
3731,25	1,24023234844208	3731,25	0,674274682998657	
3734,375	1,24314343929291	3734,375	0,673050105571747	
3737,5	1,24020862579346	3737,5	0,674322128295898	
3740,625	1,24534368515015	3740,625	0,677165567874908	
3743,75	1,24453997612	3743,75	0,675712823867798	
3746,875	1,24156808853149	3746,875	0,676211774349213	
3750	1,24397146701813	3750	0,675368368625641	
3753,125	1,24483489990234	3753,125	0,675000429153442	
3756,25	1,24688124656677	3756,25	0,674693405628204	
3759,375	1,24603915214539	3759,375	0,673774242401123	
3762,5	1,24129819869995	3762,5	0,678003907203674	
3765,625	1,2527824640274	3765,625	0,674192309379578	
3768,75	1,24645626544952	3768,75	0,675535500049591	
3771,875	1,24689531326294	3771,875	0,67310094833374	
3775	1,24709582328796	3775	0,675475716590881	
3778,125	1,24877178668976	3778,125	0,675385415554047	
3781,25	1,25015616416931	3781,25	0,675006568431854	
3784,375	1,24788737297058	3784,375	0,678516924381256	
3787,5	1,25288307666779	3787,5	0,681185960769653	
3790,625	1,25026834011078	3790,625	0,678984224796295	
3793,75	1,25500512123108	3793,75	0,675415635108948	
3796,875	1,25122451782227	3796,875	0,675220131874084	
3800	1,25085163116455	3800	0,672410786151886	
3803,125	1,25226390361786	3803,125	0,675906598567963	
3806,25	1,25186383724213	3806,25	0,679981768131256	
3809,375	1,2527197599411	3809,375	0,676189005374908	
3812,5	1,25437307357788	3812,5	0,674500107765198	
3815,625	1,25333535671234	3815,625	0,673583924770355	
3818,75	1,25457119941711	3818,75	0,677475035190582	
3821,875	1,25412786006927	3821,875	0,675353109836578	
3825	1,25209212303162	3825	0,676652491092682	
3828,125	1,25731289386749	3828,125	0,676798522472382	
3831,25	1,25683557987213	3831,25	0,677116811275482	
3834,375	1,2591050863266	3834,375	0,678291440010071	
3837,5	1,25751113891602	3837,5	0,680375218391418	
3840,625	1,25759673118591	3840,625	0,676244258880615	
3843,75	1,25674319267273	3843,75	0,673174917697906	
3846,875	1,26128745079041	3846,875	0,675616502761841	
3850	1,25907325744629	3850	0,675301492214203	
3853,125	1,25878620147705	3853,125	0,675724446773529	
3856,25	1,26158761978149	3856,25	0,679389715194702	
3859,375	1,26121532917023	3859,375	0,676274657249451	
3862,5	1,26340126991272	3862,5	0,674088656902313	
3865,625	1,25984871387482	3865,625	0,677021324634552	
3868,75	1,26023781299591	3868,75	0,677243292331696	
3871,875	1,26138067245483	3871,875	0,673936486244202	
3875	1,26200520992279	3875	0,674115240573883	
3878,125	1,26440870761871	3878,125	0,676773905754089	
3881,25	1,26402032375336	3881,25	0,674838423728943	
3884,375	1,26922965049744	3884,375	0,676068723201752	
3887,5	1,26701021194458	3887,5	0,675180733203888	
3890,625	1,26690900325775	3890,625	0,674506783485413	
3893,75	1,26812410354614	3893,75	0,67935436964035	
3896,875	1,26974666118622	3896,875	0,676303088665009	
3900	1,2679557800293	3900	0,678690612316132	
3903,125	1,26804161071777	3903,125	0,6783087849617	
3906,25	1,27071964740753	3906,25	0,677219152450562	
3909,375	1,2697696685791	3909,375	0,677300572395325	
3912,5	1,26912367343903	3912,5	0,676949799060822	
3915,625	1,27481377124786	3915,625	0,677730262279511	
3918,75	1,26670038700104	3918,75	0,677491247653961	
3921,875	1,27945566177368	3921,875	0,673809170722961	
3925	1,2731306552887	3925	0,672243177890778	
3928,125	1,27395701408386	3928,125	0,672440528869629	
3931,25	1,26822757720947	3931,25	0,674597084522247	
3934,375	1,27224361896515	3934,375	0,674962103366852	
3937,5	1,27568387985229	3937,5	0,673455953598022	
3940,625	1,27451062202454	3940,625	0,67526239156723	
3943,75	1,27290284633636	3943,75	0,676197409629822	
3946,875	1,27555334568024	3946,875	0,6738161444664	
3950	1,27597260475159	3950	0,669493556022644	
3953,125	1,2755343914032	3953,125	0,670791327953339	
3956,25	1,27358818054199	3956,25	0,670883595943451	
3959,375	1,27524125576019	3959,375	0,667161464691162	
3962,5	1,27840805053711	3962,5	0,668930172920227	
3965,625	1,27724230289459	3965,625	0,672586917877197	
3968,75	1,27776885032654	3968,75	0,673338532447815	
3971,875	1,27866625785828	3971,875	0,673455774784088	
3975	1,28463864326477	3975	0,674027025699615	
3978,125	1,28285491466522	3978,125	0,671318888664246	
3981,25	1,27792024612427	3981,25	0,668043255805969	
3984,375	1,27923238277435	3984,375	0,666047990322113	
3987,5	1,27829837799072	3987,5	0,669583380222321	
3990,625	1,28235375881195	3990,625	0,67106306552887	
3993,75	1,28081738948822	3993,75	0,670256555080414	
3996,875	1,28233075141907	3996,875	0,671173572540283	
4000	1,28686439990997	4000	0,674902379512787	
4003,125	1,28450441360474	4003,125	0,671929478645325	
4006,25	1,28486287593842	4006,25	0,671358048915863	
4009,375	1,28609311580658	4009,375	0,670038878917694	
4012,5	1,28463697433472	4012,5	0,671805799007416	
4015,625	1,28605806827545	4015,625	0,671798467636108	
4018,75	1,28571701049805	4018,75	0,670999228954315	
4021,875	1,28751611709595	4021,875	0,671187877655029	
4025	1,28850281238556	4025	0,67155659198761	
4028,125	1,28431403636932	4028,125	0,669190764427185	
4031,25	1,29238128662109	4031,25	0,6644406914711	
4034,375	1,28987228870392	4034,375	0,666144728660584	
4037,5	1,29127085208893	4037,5	0,671877086162567	
4040,625	1,28895998001099	4040,625	0,661628246307373	
4043,75	1,29221045970917	4043,75	0,663715541362762	
4046,875	1,29259371757507	4046,875	0,661669373512268	
4050	1,29325783252716	4050	0,659689545631409	
4053,125	1,29035925865173	4053,125	0,663717985153198	
4056,25	1,29515993595123	4056,25	0,663040995597839	
4059,375	1,2904976606369	4059,375	0,664599239826202	
4062,5	1,29279363155365	4062,5	0,659420132637024	
4065,625	1,29555010795593	4065,625	0,662409901618958	
4068,75	1,29527032375336	4068,75	0,660737276077271	
4071,875	1,29475653171539	4071,875	0,657730937004089	
4075	1,29938995838165	4075	0,665167927742004	
4078,125	1,29833078384399	4078,125	0,664781332015991	
4081,25	1,30018186569214	4081,25	0,664493978023529	
4084,375	1,30067455768585	4084,375	0,659007370471954	
4087,5	1,30272960662842	4087,5	0,662168860435486	
4090,625	1,29812622070313	4090,625	0,657302916049957	
4093,75	1,30185639858246	4093,75	0,652026295661926	
4096,875	1,29944336414337	4096,875	0,658175706863403	
4100	1,30480134487152	4100	0,660494804382324	
4103,125	1,30429816246033	4103,125	0,657309591770172	
4106,25	1,29996919631958	4106,25	0,656629920005798	
4109,375	1,30440640449524	4109,375	0,661023497581482	
4112,5	1,30618596076965	4112,5	0,655905067920685	
4115,625	1,30535638332367	4115,625	0,654593586921692	
4118,75	1,30558395385742	4118,75	0,65643972158432	
4121,875	1,30380356311798	4121,875	0,655678153038025	
4125	1,30935955047607	4125	0,650843024253845	
4128,125	1,30848658084869	4128,125	0,651565372943878	
4131,25	1,30618822574615	4131,25	0,652522444725037	
4134,375	1,30985796451569	4134,375	0,651827454566956	
4137,5	1,30935680866241	4137,5	0,653159022331238	
4140,625	1,30752062797546	4140,625	0,649711191654205	
4143,75	1,31337082386017	4143,75	0,649672627449036	
4146,875	1,30919635295868	4146,875	0,651065766811371	
4150	1,31223881244659	4150	0,649043917655945	
4153,125	1,31485438346863	4153,125	0,651575565338135	
4156,25	1,31586074829102	4156,25	0,651585519313812	
4159,375	1,30991959571838	4159,375	0,6485675573349	
4162,5	1,31433892250061	4162,5	0,645396828651428	
4165,625	1,31711900234222	4165,625	0,646004319190979	
4168,75	1,3172835111618	4168,75	0,644299507141113	
4171,875	1,31495845317841	4171,875	0,644191026687622	
4175	1,31329262256622	4175	0,646313369274139	
4178,125	1,3179224729538	4178,125	0,647453486919403	
4181,25	1,32083833217621	4181,25	0,6452277302742	
4184,375	1,31794476509094	4184,375	0,644941210746765	
4187,5	1,31988275051117	4187,5	0,644218504428864	
4190,625	1,31880915164948	4190,625	0,645509362220764	
4193,75	1,31839299201965	4193,75	0,644108831882477	
4196,875	1,32049906253815	4196,875	0,642276108264923	
4200	1,31941103935242	4200	0,643419981002808	
4203,125	1,32129776477814	4203,125	0,640610694885254	
4206,25	1,31935012340546	4206,25	0,634723901748657	
4209,375	1,32006275653839	4209,375	0,636403501033783	
4212,5	1,32202768325806	4212,5	0,639029860496521	
4215,625	1,32341635227203	4215,625	0,639320731163025	
4218,75	1,32355940341949	4218,75	0,638239979743958	
4221,875	1,32097733020782	4221,875	0,636106431484222	
4225	1,32348239421844	4225	0,633746862411499	
4228,125	1,32226240634918	4228,125	0,632349193096161	
4231,25	1,3202999830246	4231,25	0,63472992181778	
4234,375	1,32281935214996	4234,375	0,631391286849976	
4237,5	1,32346200942993	4237,5	0,629265904426575	
4240,625	1,32214379310608	4240,625	0,633523881435394	
4243,75	1,32165336608887	4243,75	0,631279468536377	
4246,875	1,3209547996521	4246,875	0,634839832782745	
4250	1,32302868366241	4250	0,634564638137817	
4253,125	1,31793975830078	4253,125	0,631567001342773	
4256,25	1,3179624080658	4256,25	0,633068025112152	
4259,375	1,31516110897064	4259,375	0,63447117805481	
4262,5	1,32211875915527	4262,5	0,635705649852753	
4265,625	1,32321572303772	4265,625	0,635065793991089	
4268,75	1,31790518760681	4268,75	0,63635665178299	
4271,875	1,31855928897858	4271,875	0,636008441448212	
4275	1,32737815380096	4275	0,636604189872742	
4278,125	1,3212958574295	4278,125	0,637578427791595	
4281,25	1,31779062747955	4281,25	0,638148367404938	
4284,375	1,32597303390503	4284,375	0,640675187110901	
4287,5	1,32391452789307	4287,5	0,639974594116211	
4290,625	1,32455635070801	4290,625	0,639226615428925	
4293,75	1,32415616512299	4293,75	0,635368525981903	
4296,875	1,32463669776917	4296,875	0,63191294670105	
4300	1,32554519176483	4300	0,63502025604248	
4303,125	1,33036541938782	4303,125	0,638940036296844	
4306,25	1,33231854438782	4306,25	0,637588739395142	
4309,375	1,33120179176331	4309,375	0,638682842254639	
4312,5	1,33691024780273	4312,5	0,641013383865356	
4315,625	1,33700013160706	4315,625	0,637663543224335	
4318,75	1,33565640449524	4318,75	0,638684511184692	
4321,875	1,33830881118774	4321,875	0,636943519115448	
4325	1,33759725093842	4325	0,634360671043396	
4328,125	1,3383561372757	4328,125	0,636968612670898	
4331,25	1,34256911277771	4331,25	0,640468835830688	
4334,375	1,34219968318939	4334,375	0,636855840682983	
4337,5	1,34548151493073	4337,5	0,63854855298996	
4340,625	1,34757328033447	4340,625	0,63514906167984	
4343,75	1,34746861457825	4343,75	0,633787214756012	
4346,875	1,35061395168304	4346,875	0,633091449737549	
4350	1,35305798053741	4350	0,633144795894623	
4353,125	1,35221517086029	4353,125	0,633039057254791	
4356,25	1,352743268013	4356,25	0,631669878959656	
4359,375	1,35351657867432	4359,375	0,627667129039764	
4362,5	1,35740649700165	4362,5	0,636173486709595	
4365,625	1,35537886619568	4365,625	0,634585797786713	
4368,75	1,36225509643555	4368,75	0,634307563304901	
4371,875	1,35922050476074	4371,875	0,628689050674438	
4375	1,36113631725311	4375	0,62852555513382	
4378,125	1,36743068695068	4378,125	0,635009944438934	
4381,25	1,36828565597534	4381,25	0,629794001579285	
4384,375	1,36863744258881	4384,375	0,625340759754181	
4387,5	1,36748373508453	4387,5	0,621771216392517	
4390,625	1,37077248096466	4390,625	0,621771097183228	
4393,75	1,37542629241943	4393,75	0,621157765388489	
4396,875	1,37352931499481	4396,875	0,622910678386688	
4400	1,3757746219635	4400	0,621067225933075	
4403,125	1,3765504360199	4403,125	0,616826474666595	
4406,25	1,37906169891357	4406,25	0,615114569664001	
4409,375	1,3852596282959	4409,375	0,615541338920593	
4412,5	1,38404965400696	4412,5	0,613560914993286	
4415,625	1,38261663913727	4415,625	0,614885032176971	
4418,75	1,38844883441925	4418,75	0,613782167434692	
4421,875	1,38925039768219	4421,875	0,613129854202271	
4425	1,38687586784363	4425	0,609601438045502	
4428,125	1,39039468765259	4428,125	0,609396040439606	
4431,25	1,38928282260895	4431,25	0,61014050245285	
4434,375	1,39365088939667	4434,375	0,603769421577454	
4437,5	1,39824378490448	4437,5	0,59954696893692	
4440,625	1,3990478515625	4440,625	0,597768545150757	
4443,75	1,39979028701782	4443,75	0,594741761684418	
4446,875	1,40056884288788	4446,875	0,597383797168732	
4450	1,40002119541168	4450	0,597615957260132	
4453,125	1,40214061737061	4453,125	0,594092130661011	
4456,25	1,40076923370361	4456,25	0,589135766029358	
4459,375	1,40672624111176	4459,375	0,586253643035889	
4462,5	1,41011250019073	4462,5	0,586890280246735	
4465,625	1,40654420852661	4465,625	0,586562275886536	
4468,75	1,40997910499573	4468,75	0,588383495807648	
4471,875	1,41695463657379	4471,875	0,581114947795868	
4475	1,41301167011261	4475	0,577518820762634	
4478,125	1,41173589229584	4478,125	0,576744318008423	
4481,25	1,420037150383	4481,25	0,575656771659851	
4484,375	1,42053163051605	4484,375	0,575171947479248	
4487,5	1,41749739646912	4487,5	0,570421397686005	
4490,625	1,41897344589233	4490,625	0,569344460964203	
4493,75	1,42152667045593	4493,75	0,566447734832764	
4496,875	1,42511546611786	4496,875	0,562139391899109	
4500	1,42407119274139	4500	0,563896179199219	
4503,125	1,42764294147491	4503,125	0,561771929264069	
4506,25	1,43262016773224	4506,25	0,561402916908264	
4509,375	1,43250942230225	4509,375	0,55793160200119	
4512,5	1,42934060096741	4512,5	0,556254029273987	
4515,625	1,43323385715485	4515,625	0,553565144538879	
4518,75	1,4336416721344	4518,75	0,554904341697693	
4521,875	1,43508780002594	4521,875	0,550925374031067	
4525	1,43825030326843	4525	0,545718193054199	
4528,125	1,43761301040649	4528,125	0,541048049926758	
4531,25	1,43787109851837	4531,25	0,540129005908966	
4534,375	1,43826627731323	4534,375	0,540064990520477	
4537,5	1,43939709663391	4537,5	0,536521852016449	
4540,625	1,44380712509155	4540,625	0,531564712524414	
4543,75	1,44424498081207	4543,75	0,532797574996948	
4546,875	1,44378340244293	4546,875	0,530834972858429	
4550	1,44421720504761	4550	0,530501663684845	
4553,125	1,44713759422302	4553,125	0,52293449640274	
4556,25	1,44925332069397	4556,25	0,524808645248413	
4559,375	1,44383430480957	4559,375	0,526726901531219	
4562,5	1,45596587657928	4562,5	0,524874031543732	
4565,625	1,45591700077057	4565,625	0,521330773830414	
4568,75	1,45614397525787	4568,75	0,517724215984344	
4571,875	1,45468628406525	4571,875	0,515141487121582	
4575	1,45883738994598	4575	0,513614058494568	
4578,125	1,45860075950623	4578,125	0,510725259780884	
4581,25	1,46250486373901	4581,25	0,50792270898819	
4584,375	1,46384727954865	4584,375	0,508957505226135	
4587,5	1,46233248710632	4587,5	0,509037494659424	
4590,625	1,46621739864349	4590,625	0,506865739822388	
4593,75	1,46872889995575	4593,75	0,504662811756134	
4596,875	1,46774709224701	4596,875	0,498648226261139	
4600	1,47473502159119	4600	0,499770104885101	
4603,125	1,47917187213898	4603,125	0,50078272819519	
4606,25	1,47681856155396	4606,25	0,496732264757156	
4609,375	1,47729468345642	4609,375	0,497189313173294	
4612,5	1,48269283771515	4612,5	0,494142472743988	
4615,625	1,48160493373871	4615,625	0,491063922643662	
4618,75	1,48574542999268	4618,75	0,49212184548378	
4621,875	1,48648679256439	4621,875	0,492778897285461	
4625	1,48894453048706	4625	0,483768969774246	
4628,125	1,49133610725403	4628,125	0,482304215431213	
4631,25	1,49517703056335	4631,25	0,478778034448624	
4634,375	1,4997318983078	4634,375	0,477586895227432	
4637,5	1,49876606464386	4637,5	0,479564100503922	
4640,625	1,49903559684753	4640,625	0,478543102741241	
4643,75	1,50257647037506	4643,75	0,473959386348724	
4646,875	1,50457119941711	4646,875	0,471892148256302	
4650	1,50509393215179	4650	0,46883636713028	
4653,125	1,51012635231018	4653,125	0,466771423816681	
4656,25	1,5135897397995	4656,25	0,464991927146912	
4659,375	1,51428854465485	4659,375	0,465281218290329	
4662,5	1,52013623714447	4662,5	0,467816710472107	
4665,625	1,5237762928009	4665,625	0,462992161512375	
4668,75	1,52263474464417	4668,75	0,459245920181274	
4671,875	1,52666437625885	4671,875	0,454533219337463	
4675	1,52852749824524	4675	0,450354218482971	
4678,125	1,53034508228302	4678,125	0,449003607034683	
4681,25	1,53146827220917	4681,25	0,444664835929871	
4684,375	1,53497326374054	4684,375	0,44517320394516	
4687,5	1,53614902496338	4687,5	0,442302376031876	
4690,625	1,53749084472656	4690,625	0,439199090003967	
4693,75	1,53791809082031	4693,75	0,437499165534973	
4696,875	1,53904938697815	4696,875	0,434961676597595	
4700	1,5441654920578	4700	0,434809148311615	
4703,125	1,54180085659027	4703,125	0,429998785257339	
4706,25	1,54247784614563	4706,25	0,431162565946579	
4709,375	1,54372382164001	4709,375	0,430864334106445	
4712,5	1,54560542106628	4712,5	0,430783420801163	
4715,625	1,54660105705261	4715,625	0,429152339696884	
4718,75	1,54733598232269	4718,75	0,4279605448246	
4721,875	1,54978919029236	4721,875	0,426001131534576	
4725	1,55199635028839	4725	0,428623527288437	
4728,125	1,55341470241547	4728,125	0,428360939025879	
4731,25	1,55746936798096	4731,25	0,430059283971787	
4734,375	1,55965268611908	4734,375	0,42802220582962	
4737,5	1,55874514579773	4737,5	0,426786154508591	
4740,625	1,56282114982605	4740,625	0,426787972450256	
4743,75	1,56288611888885	4743,75	0,426318854093552	
4746,875	1,56321477890015	4746,875	0,425152599811554	
4750	1,56811797618866	4750	0,423712730407715	
4753,125	1,57361459732056	4753,125	0,423331081867218	
4756,25	1,57298445701599	4756,25	0,422721087932587	
4759,375	1,57621312141418	4759,375	0,421846657991409	
4762,5	1,57689917087555	4762,5	0,422404885292053	
4765,625	1,57594871520996	4765,625	0,42168253660202	
4768,75	1,57769477367401	4768,75	0,422874629497528	
4771,875	1,58384585380554	4771,875	0,42602214217186	
4775	1,58653163909912	4775	0,422320753335953	
4778,125	1,58817863464355	4778,125	0,420302659273148	
4781,25	1,58639192581177	4781,25	0,418921649456024	
4784,375	1,5893120765686	4784,375	0,42064893245697	
4787,5	1,59141373634338	4787,5	0,421501457691193	
4790,625	1,5914580821991	4790,625	0,423945993185043	
4793,75	1,59874069690704	4793,75	0,422254890203476	
4796,875	1,60006940364838	4796,875	0,422697573900223	
4800	1,59977853298187	4800	0,422364562749863	
4803,125	1,60423719882965	4803,125	0,422173470258713	
4806,25	1,60658085346222	4806,25	0,423209130764008	
4809,375	1,60444509983063	4809,375	0,426693052053452	
4812,5	1,60593700408936	4812,5	0,427663385868073	
4815,625	1,6064784526825	4815,625	0,43008416891098	
4818,75	1,60812616348267	4818,75	0,432149618864059	
4821,875	1,60718536376953	4821,875	0,432355046272278	
4825	1,6070761680603	4825	0,434885799884796	
4828,125	1,6091867685318	4828,125	0,431748658418655	
4831,25	1,61161804199219	4831,25	0,433632999658585	
4834,375	1,61246466636658	4834,375	0,436656981706619	
4837,5	1,61390244960785	4837,5	0,439700305461884	
4840,625	1,61512660980225	4840,625	0,441398590803146	
4843,75	1,61608123779297	4843,75	0,443010568618774	
4846,875	1,61605763435364	4846,875	0,446059107780457	
4850	1,61766946315765	4850	0,451176732778549	
4853,125	1,62189567089081	4853,125	0,455810546875	
4856,25	1,62129020690918	4856,25	0,461374521255493	
4859,375	1,62395238876343	4859,375	0,46409672498703	
4862,5	1,62504291534424	4862,5	0,465891689062119	
4865,625	1,6293671131134	4865,625	0,469781458377838	
4868,75	1,63096225261688	4868,75	0,473292291164398	
4871,875	1,63511836528778	4871,875	0,48036453127861	
4875	1,6388932466507	4875	0,48733589053154	
4878,125	1,64859223365784	4878,125	0,494020372629166	
4881,25	1,65834629535675	4881,25	0,498687475919724	
4884,375	1,67038488388062	4884,375	0,49016147851944	
4887,5	1,6796737909317	4887,5	0,486415147781372	
4890,625	1,67981362342834	4890,625	0,477662682533264	
4893,75	1,67470228672028	4893,75	0,469297289848328	
4896,875	1,67425668239594	4896,875	0,466189205646515	
4900	1,66729152202606	4900	0,4682756960392	
4903,125	1,66206586360931	4903,125	0,474062025547028	
4906,25	1,66160547733307	4906,25	0,481609255075455	
4909,375	1,66032075881958	4909,375	0,484140485525131	
4912,5	1,65801382064819	4912,5	0,486000508069992	
4915,625	1,65641987323761	4915,625	0,491904824972153	
4918,75	1,65694630146027	4918,75	0,497786313295364	
4921,875	1,66051399707794	4921,875	0,504382848739624	
4925	1,66372179985046	4925	0,508382260799408	
4928,125	1,66585898399353	4928,125	0,512201130390167	
4931,25	1,66549742221832	4931,25	0,516521453857422	
4934,375	1,6659836769104	4934,375	0,520006835460663	
4937,5	1,6682767868042	4937,5	0,523661255836487	
4940,625	1,66836881637573	4940,625	0,529014587402344	
4943,75	1,6711837053299	4943,75	0,535446763038635	
4946,875	1,67313933372498	4946,875	0,536480486392975	
4950	1,67000091075897	4950	0,535028755664825	
4953,125	1,6719354391098	4953,125	0,543057560920715	
4956,25	1,67097079753876	4956,25	0,548252880573273	
4959,375	1,6709223985672	4959,375	0,553302347660065	
4962,5	1,67313599586487	4962,5	0,555538177490234	
4965,625	1,67446780204773	4965,625	0,559542119503021	
4968,75	1,67538917064667	4968,75	0,562666416168213	
4971,875	1,67100071907043	4971,875	0,568075299263	
4975	1,66943550109863	4975	0,572463572025299	
				
