Frequency in Hz	Acrylic_93 Normalized Surface Impedance continuous Re	Frequency in Hz	Acrylic_93 Normalized Surface Impedance continuous Im	
100	2,03456401824951	100	-13,2906007766724	
103,125	2,19417452812195	103,125	-13,5737457275391	
106,25	1,64564299583435	106,25	-12,5303382873535	
109,375	1,75585961341858	109,375	-13,4023447036743	
112,5	1,89485728740692	112,5	-11,915210723877	
115,625	2,40627408027649	115,625	-11,4766864776611	
118,75	2,38804912567139	118,75	-11,5108594894409	
121,875	2,11930418014526	121,875	-11,3524551391602	
125	2,09992408752441	125	-11,2699375152588	
128,125	2,10812759399414	128,125	-11,0062942504883	
131,25	1,49018251895905	131,25	-10,2464427947998	
134,375	1,8964067697525	134,375	-10,4736928939819	
137,5	2,13687705993652	137,5	-9,83583164215088	
140,625	2,20388770103455	140,625	-10,2189455032349	
143,75	2,04037427902222	143,75	-9,41615295410156	
146,875	1,84005510807037	146,875	-9,42345428466797	
150	1,50659823417664	150	-9,70906257629395	
153,125	2,0458345413208	153,125	-8,82796859741211	
156,25	1,78256356716156	156,25	-8,90153408050537	
159,375	1,63733553886414	159,375	-8,84429836273193	
162,5	1,60423791408539	162,5	-8,81680011749268	
165,625	1,34730052947998	165,625	-8,54342174530029	
168,75	2,03779768943787	168,75	-8,1107816696167	
171,875	1,8434396982193	171,875	-7,85207223892212	
175	1,82519674301147	175	-8,04817295074463	
178,125	1,90157866477966	178,125	-7,70041275024414	
181,25	1,82621777057648	181,25	-7,79642534255981	
184,375	1,66330623626709	184,375	-7,3830361366272	
187,5	1,69508278369904	187,5	-7,51218509674072	
190,625	1,59960997104645	190,625	-7,4930591583252	
193,75	1,67530918121338	193,75	-7,29204273223877	
196,875	1,64860951900482	196,875	-7,0709056854248	
200	1,76426947116852	200	-7,10576391220093	
203,125	1,62344706058502	203,125	-6,73369169235229	
206,25	1,62916493415833	206,25	-6,91575002670288	
209,375	1,66149044036865	209,375	-6,66355848312378	
212,5	1,51838386058807	212,5	-6,79622983932495	
215,625	1,51318979263306	215,625	-6,6396369934082	
218,75	1,64500939846039	218,75	-6,62442684173584	
221,875	1,34669411182404	221,875	-6,30591773986816	
225	1,50439512729645	225	-6,37205457687378	
228,125	1,54448664188385	228,125	-6,13238382339478	
231,25	1,5557998418808	231,25	-6,00850009918213	
234,375	1,45010912418365	234,375	-6,08923435211182	
237,5	1,50029754638672	237,5	-5,96652555465698	
240,625	1,40381193161011	240,625	-5,89070510864258	
243,75	1,51509320735931	243,75	-5,81272172927856	
246,875	1,59794056415558	246,875	-5,65088605880737	
250	1,41912806034088	250	-5,53843688964844	
253,125	1,50379753112793	253,125	-5,62242555618286	
256,25	1,56712675094604	256,25	-5,45039463043213	
259,375	1,51589226722717	259,375	-5,29539346694946	
262,5	1,36254608631134	262,5	-5,40808486938477	
265,625	1,36521255970001	265,625	-5,32956790924072	
268,75	1,35314226150513	268,75	-5,29763460159302	
271,875	1,38298094272614	271,875	-5,12180089950562	
275	1,53848004341125	275	-5,01393556594849	
278,125	1,54807507991791	278,125	-5,02225589752197	
281,25	1,33820784091949	281,25	-4,89340925216675	
284,375	1,36043858528137	284,375	-4,87342262268066	
287,5	1,45516967773438	287,5	-4,79347038269043	
290,625	1,43286800384521	290,625	-4,69606876373291	
293,75	1,36801242828369	293,75	-4,65639638900757	
296,875	1,25252509117126	296,875	-4,62957620620728	
300	1,34034407138824	300	-4,48725414276123	
303,125	1,46212804317474	303,125	-4,47393941879272	
306,25	1,36311674118042	306,25	-4,17406320571899	
309,375	1,41648459434509	309,375	-4,25541639328003	
312,5	1,48038446903229	312,5	-4,12420797348022	
315,625	1,48632788658142	315,625	-4,10785007476807	
318,75	1,51904153823853	318,75	-4,13999319076538	
321,875	1,61549079418182	321,875	-4,19693183898926	
325	1,61913311481476	325	-4,22321081161499	
328,125	1,57175648212433	328,125	-4,32370948791504	
331,25	1,40145361423492	331,25	-4,25783491134644	
334,375	1,48926711082458	334,375	-4,18871736526489	
337,5	1,42512381076813	337,5	-4,18296051025391	
340,625	1,48001050949097	340,625	-4,22222328186035	
343,75	1,44216966629028	343,75	-4,09484052658081	
346,875	1,33070302009583	346,875	-3,98073387145996	
350	1,38936388492584	350	-3,93596339225769	
353,125	1,21671986579895	353,125	-3,78785181045532	
356,25	1,24180483818054	356,25	-3,91267204284668	
359,375	1,26073575019836	359,375	-3,90882539749146	
362,5	1,25889587402344	362,5	-3,68977546691895	
365,625	1,30446624755859	365,625	-3,8147292137146	
368,75	1,32449281215668	368,75	-3,83053016662598	
371,875	1,4501051902771	371,875	-3,72392177581787	
375	1,30968832969666	375	-3,49818301200867	
378,125	1,3088151216507	378,125	-3,59219193458557	
381,25	1,22735941410065	381,25	-3,81980681419373	
384,375	1,26742362976074	384,375	-3,67664384841919	
387,5	1,30655634403229	387,5	-3,54701590538025	
390,625	1,32253885269165	390,625	-3,43086576461792	
393,75	1,2031592130661	393,75	-3,39336061477661	
396,875	1,20521247386932	396,875	-3,41593074798584	
400	1,16469788551331	400	-3,47657084465027	
403,125	1,22470080852509	403,125	-3,40066862106323	
406,25	1,28327822685242	406,25	-3,35563349723816	
409,375	1,15484464168549	409,375	-3,3756697177887	
412,5	1,2024359703064	412,5	-3,31644773483276	
415,625	1,36377263069153	415,625	-3,28159260749817	
418,75	1,44080650806427	418,75	-3,1780104637146	
421,875	1,38822865486145	421,875	-3,20992040634155	
425	1,29989898204803	425	-3,11976504325867	
428,125	1,23216533660889	428,125	-3,30108261108398	
431,25	1,3113249540329	431,25	-3,31055951118469	
434,375	1,42317306995392	434,375	-3,12034511566162	
437,5	1,40180158615112	437,5	-3,08119010925293	
440,625	1,31944370269775	440,625	-3,06467318534851	
443,75	1,33688962459564	443,75	-3,00724720954895	
446,875	1,29882419109344	446,875	-3,04496264457703	
450	1,30918908119202	450	-3,04601526260376	
453,125	1,2866952419281	453,125	-2,95005083084106	
456,25	1,31602704524994	456,25	-2,86670327186584	
459,375	1,30435264110565	459,375	-2,8814651966095	
462,5	1,26820254325867	462,5	-2,84981226921082	
465,625	1,24512016773224	465,625	-2,84083533287048	
468,75	1,2808028459549	468,75	-2,87129640579224	
471,875	1,29126882553101	471,875	-2,82961678504944	
475	1,21864676475525	475	-2,81104946136475	
478,125	1,22919034957886	478,125	-2,8041627407074	
481,25	1,28484666347504	481,25	-2,78188681602478	
484,375	1,28178024291992	484,375	-2,76019096374512	
487,5	1,28338849544525	487,5	-2,74910044670105	
490,625	1,24749159812927	490,625	-2,7163405418396	
493,75	1,24599933624268	493,75	-2,69816374778748	
496,875	1,26194977760315	496,875	-2,64079141616821	
500	1,270751953125	500	-2,65925884246826	
503,125	1,26826274394989	503,125	-2,64397382736206	
506,25	1,24754774570465	506,25	-2,63639950752258	
509,375	1,24467015266418	509,375	-2,61416983604431	
512,5	1,25730288028717	512,5	-2,58710646629334	
515,625	1,26141452789307	515,625	-2,5557062625885	
518,75	1,21608102321625	518,75	-2,54406881332397	
521,875	1,21002650260925	521,875	-2,53881120681763	
525	1,23195111751556	525	-2,50145959854126	
528,125	1,24565124511719	528,125	-2,49836158752441	
531,25	1,23706495761871	531,25	-2,48659324645996	
534,375	1,24224078655243	534,375	-2,4796130657196	
537,5	1,24928104877472	537,5	-2,45984411239624	
540,625	1,2373366355896	540,625	-2,45314192771912	
543,75	1,2252311706543	543,75	-2,41173672676086	
546,875	1,24758434295654	546,875	-2,38777828216553	
550	1,22527480125427	550	-2,36974167823792	
553,125	1,23986494541168	553,125	-2,37609481811523	
556,25	1,38585829734802	556,25	-2,42091774940491	
559,375	1,39934527873993	559,375	-2,42359662055969	
562,5	1,38357651233673	562,5	-2,41732501983643	
565,625	1,38226711750031	565,625	-2,42688798904419	
568,75	1,39506316184998	568,75	-2,38175368309021	
571,875	1,40236234664917	571,875	-2,370929479599	
575	1,39059448242188	575	-2,36410689353943	
578,125	1,38946497440338	578,125	-2,36207842826843	
581,25	1,41142249107361	581,25	-2,34678769111633	
584,375	1,38769888877869	584,375	-2,32123041152954	
587,5	1,39418721199036	587,5	-2,32095289230347	
590,625	1,38850748538971	590,625	-2,30712485313416	
593,75	1,38461792469025	593,75	-2,28678607940674	
596,875	1,39364647865295	596,875	-2,28172063827515	
600	1,39688205718994	600	-2,28424453735352	
603,125	1,38191914558411	603,125	-2,25362730026245	
606,25	1,40293383598328	606,25	-2,2406702041626	
609,375	1,38967192173004	609,375	-2,20316743850708	
612,5	1,39478242397308	612,5	-2,20937204360962	
615,625	1,39489161968231	615,625	-2,18776321411133	
618,75	1,38619649410248	618,75	-2,18536615371704	
621,875	1,38562524318695	621,875	-2,1628942489624	
625	1,39683532714844	625	-2,15561151504517	
628,125	1,38303470611572	628,125	-2,1432933807373	
631,25	1,38664388656616	631,25	-2,13725519180298	
634,375	1,38924264907837	634,375	-2,12082695960999	
637,5	1,40011560916901	637,5	-2,10428714752197	
640,625	1,38981640338898	640,625	-2,09009599685669	
643,75	1,37943708896637	643,75	-2,0853865146637	
646,875	1,38864886760712	646,875	-2,07190895080566	
650	1,39142763614655	650	-2,06012797355652	
653,125	1,38457751274109	653,125	-2,05482816696167	
656,25	1,38640916347504	656,25	-2,05019378662109	
659,375	1,37481546401978	659,375	-2,03398680686951	
662,5	1,38693189620972	662,5	-2,01963019371033	
665,625	1,38216614723206	665,625	-2,01503467559814	
668,75	1,38577055931091	668,75	-2,00196146965027	
671,875	1,39151430130005	671,875	-1,9913158416748	
675	1,39372479915619	675	-1,98195540904999	
678,125	1,39436185359955	678,125	-1,96266615390778	
681,25	1,38797700405121	681,25	-1,95192539691925	
684,375	1,39109361171722	684,375	-1,94758546352386	
687,5	1,39163196086884	687,5	-1,92724871635437	
690,625	1,38966548442841	690,625	-1,91799426078796	
693,75	1,39826881885529	693,75	-1,91403043270111	
696,875	1,40037643909454	696,875	-1,90064799785614	
700	1,38891780376434	700	-1,90089547634125	
703,125	1,38113784790039	703,125	-1,89564824104309	
706,25	1,380286693573	706,25	-1,86671078205109	
709,375	1,38259589672089	709,375	-1,86048817634583	
712,5	1,37034499645233	712,5	-1,85290372371674	
715,625	1,38181245326996	715,625	-1,83963251113892	
718,75	1,38627767562866	718,75	-1,81915676593781	
721,875	1,37891006469727	721,875	-1,8215104341507	
725	1,38770520687103	725	-1,81114983558655	
728,125	1,3911304473877	728,125	-1,79542481899261	
731,25	1,37865233421326	731,25	-1,79360556602478	
734,375	1,38735914230347	734,375	-1,78146576881409	
737,5	1,39113175868988	737,5	-1,77467250823975	
740,625	1,38893973827362	740,625	-1,76063513755798	
743,75	1,39117729663849	743,75	-1,75327038764954	
746,875	1,39122653007507	746,875	-1,75314569473267	
750	1,39371514320374	750	-1,73111701011658	
753,125	1,39983475208282	753,125	-1,7256463766098	
756,25	1,40019941329956	756,25	-1,72044491767883	
759,375	1,39111876487732	759,375	-1,71463358402252	
762,5	1,39845407009125	762,5	-1,70018517971039	
765,625	1,40113508701324	765,625	-1,69538593292236	
768,75	1,41125345230103	768,75	-1,67677450180054	
771,875	1,3975476026535	771,875	-1,66604995727539	
775	1,40509450435638	775	-1,67129480838776	
778,125	1,41416335105896	778,125	-1,65645563602448	
781,25	1,40706562995911	781,25	-1,65011024475098	
784,375	1,40102756023407	784,375	-1,64032518863678	
787,5	1,41546535491943	787,5	-1,62801909446716	
790,625	1,40646088123322	790,625	-1,62145328521729	
793,75	1,41458809375763	793,75	-1,61730289459229	
796,875	1,40759003162384	796,875	-1,60407781600952	
800	1,41089916229248	800	-1,59978723526001	
803,125	1,41942071914673	803,125	-1,60406613349915	
806,25	1,41489040851593	806,25	-1,60502243041992	
809,375	1,4175773859024	809,375	-1,59277677536011	
812,5	1,41887295246124	812,5	-1,57744026184082	
815,625	1,42922294139862	815,625	-1,56405544281006	
818,75	1,42474234104156	818,75	-1,5579913854599	
821,875	1,42462253570557	821,875	-1,55215704441071	
825	1,41718292236328	825	-1,54388511180878	
828,125	1,42669653892517	828,125	-1,53555011749268	
831,25	1,43723297119141	831,25	-1,52694511413574	
834,375	1,4359427690506	834,375	-1,52787816524506	
837,5	1,43146574497223	837,5	-1,53017163276672	
840,625	1,43927836418152	840,625	-1,52196502685547	
843,75	1,43331289291382	843,75	-1,50836527347565	
846,875	1,43230533599854	846,875	-1,51056671142578	
850	1,43244099617004	850	-1,48219120502472	
853,125	1,43545114994049	853,125	-1,48582863807678	
856,25	1,45220351219177	856,25	-1,486896276474	
859,375	1,45469975471497	859,375	-1,47842872142792	
862,5	1,44522333145142	862,5	-1,47173202037811	
865,625	1,4470773935318	865,625	-1,46615135669708	
868,75	1,45250558853149	868,75	-1,4661580324173	
871,875	1,44729518890381	871,875	-1,46189248561859	
875	1,44541621208191	875	-1,45579326152802	
878,125	1,46067357063293	878,125	-1,43981897830963	
881,25	1,45607471466064	881,25	-1,43876457214355	
884,375	1,56498324871063	884,375	-1,41193115711212	
887,5	1,5722748041153	887,5	-1,40465021133423	
890,625	1,56790280342102	890,625	-1,40254902839661	
893,75	1,56872546672821	893,75	-1,39759767055511	
896,875	1,56725335121155	896,875	-1,3870495557785	
900	1,56635820865631	900	-1,38453352451324	
903,125	1,56333351135254	903,125	-1,37687134742737	
906,25	1,57069945335388	906,25	-1,36300027370453	
909,375	1,57368516921997	909,375	-1,35914945602417	
912,5	1,56666576862335	912,5	-1,35280919075012	
915,625	1,57516992092133	915,625	-1,34363806247711	
918,75	1,57824552059174	918,75	-1,33354234695435	
921,875	1,56311023235321	921,875	-1,33094120025635	
925	1,56692016124725	925	-1,32291638851166	
928,125	1,56877601146698	928,125	-1,32317435741425	
931,25	1,57220387458801	931,25	-1,32220423221588	
934,375	1,57475090026855	934,375	-1,31618964672089	
937,5	1,56519091129303	937,5	-1,31387782096863	
940,625	1,56735730171204	940,625	-1,30187046527863	
943,75	1,57278907299042	943,75	-1,29467618465424	
946,875	1,57376563549042	946,875	-1,28822124004364	
950	1,57568991184235	950	-1,28559601306915	
953,125	1,57234358787537	953,125	-1,27712285518646	
956,25	1,57545125484467	956,25	-1,26878440380096	
959,375	1,5747526884079	959,375	-1,26190769672394	
962,5	1,57092380523682	962,5	-1,25634014606476	
965,625	1,57739698886871	965,625	-1,25238180160522	
968,75	1,58068954944611	968,75	-1,25229275226593	
971,875	1,57460761070251	971,875	-1,24440288543701	
975	1,57113194465637	975	-1,23502242565155	
978,125	1,5749603509903	978,125	-1,23488736152649	
981,25	1,57334053516388	981,25	-1,22402060031891	
984,375	1,57559883594513	984,375	-1,22498691082001	
987,5	1,5792384147644	987,5	-1,22204315662384	
990,625	1,57655644416809	990,625	-1,21526551246643	
993,75	1,57612562179565	993,75	-1,21676290035248	
996,875	1,57854986190796	996,875	-1,20583152770996	
1000	1,57853317260742	1000	-1,20075798034668	
1003,125	1,58159124851227	1003,125	-1,19764149188995	
1006,25	1,58134150505066	1006,25	-1,18942081928253	
1009,375	1,58115434646606	1009,375	-1,18787717819214	
1012,5	1,57906484603882	1012,5	-1,18651914596558	
1015,625	1,58617901802063	1015,625	-1,17363965511322	
1018,75	1,57634747028351	1018,75	-1,17280828952789	
1021,875	1,58283793926239	1021,875	-1,17191314697266	
1025	1,5793993473053	1025	-1,1682904958725	
1028,125	1,58221089839935	1028,125	-1,16206812858582	
1031,25	1,58227980136871	1031,25	-1,16117179393768	
1034,375	1,58456873893738	1034,375	-1,15829598903656	
1037,5	1,57823181152344	1037,5	-1,15161848068237	
1040,625	1,58157730102539	1040,625	-1,14980566501617	
1043,75	1,58146381378174	1043,75	-1,14529860019684	
1046,875	1,58377516269684	1046,875	-1,14534544944763	
1050	1,5801944732666	1050	-1,14179039001465	
1053,125	1,5816502571106	1053,125	-1,14584934711456	
1056,25	1,57659196853638	1056,25	-1,14133107662201	
1059,375	1,58142685890198	1059,375	-1,13169002532959	
1062,5	1,58267068862915	1062,5	-1,13296377658844	
1065,625	1,57579159736633	1065,625	-1,13266408443451	
1068,75	1,57835686206818	1068,75	-1,12653243541718	
1071,875	1,57978165149689	1071,875	-1,12611937522888	
1075	1,57669234275818	1075	-1,12263941764832	
1078,125	1,57554709911346	1078,125	-1,12281775474548	
1081,25	1,57913136482239	1081,25	-1,11906397342682	
1084,375	1,57572627067566	1084,375	-1,11582052707672	
1087,5	1,57209885120392	1087,5	-1,11465740203857	
1090,625	1,572380900383	1090,625	-1,11265182495117	
1093,75	1,57052087783813	1093,75	-1,11123383045197	
1096,875	1,56555223464966	1096,875	-1,11310386657715	
1100	1,56627249717712	1100	-1,11264085769653	
1103,125	1,56139719486237	1103,125	-1,11064040660858	
1106,25	1,56181669235229	1106,25	-1,1022013425827	
1109,375	1,55537223815918	1109,375	-1,10431945323944	
1112,5	1,55698752403259	1112,5	-1,11437356472015	
1115,625	1,55408978462219	1115,625	-1,11120510101318	
1118,75	1,54576015472412	1118,75	-1,10979032516479	
1121,875	1,54166209697723	1121,875	-1,10998940467834	
1125	1,53968930244446	1125	-1,11256909370422	
1128,125	1,53536939620972	1128,125	-1,11366748809814	
1131,25	1,52233028411865	1131,25	-1,11429846286774	
1134,375	1,5223935842514	1134,375	-1,11536109447479	
1137,5	1,51268339157104	1137,5	-1,11594498157501	
1140,625	1,50352799892426	1140,625	-1,1210560798645	
1143,75	1,48994147777557	1143,75	-1,1159485578537	
1146,875	1,47857582569122	1146,875	-1,12303817272186	
1150	1,47499656677246	1150	-1,12742352485657	
1153,125	1,46438300609589	1153,125	-1,1244615316391	
1156,25	1,4555629491806	1156,25	-1,11705958843231	
1159,375	1,4384343624115	1159,375	-1,11605060100555	
1162,5	1,42444658279419	1162,5	-1,11023199558258	
1165,625	1,41138219833374	1165,625	-1,10745632648468	
1168,75	1,39603447914124	1168,75	-1,11701321601868	
1171,875	1,36918091773987	1171,875	-1,10755157470703	
1175	1,36048078536987	1175	-1,10290789604187	
1178,125	1,34263622760773	1178,125	-1,09921169281006	
1181,25	1,32603538036346	1181,25	-1,08223211765289	
1184,375	1,30885994434357	1184,375	-1,06683135032654	
1187,5	1,29434251785278	1187,5	-1,05342018604279	
1190,625	1,28182828426361	1190,625	-1,0254442691803	
1193,75	1,26545572280884	1193,75	-1,00339865684509	
1196,875	1,24891102313995	1196,875	-0,986928403377533	
1200	1,23261976242065	1200	-0,971340358257294	
1203,125	1,22748148441315	1203,125	-0,940930962562561	
1206,25	1,21282303333282	1206,25	-0,924786329269409	
1209,375	1,21006143093109	1209,375	-0,899891495704651	
1212,5	1,20716750621796	1212,5	-0,868255615234375	
1215,625	1,20125210285187	1215,625	-0,852208018302917	
1218,75	1,19849073886871	1218,75	-0,817971050739288	
1221,875	1,20686316490173	1221,875	-0,798060953617096	
1225	1,20591843128204	1225	-0,779212057590485	
1228,125	1,22494554519653	1228,125	-0,750033318996429	
1231,25	1,23180460929871	1231,25	-0,737672567367554	
1234,375	1,24151992797852	1234,375	-0,721102654933929	
1237,5	1,24904584884644	1237,5	-0,701748490333557	
1240,625	1,25071310997009	1240,625	-0,681504309177399	
1243,75	1,2652839422226	1243,75	-0,66528707742691	
1246,875	1,272381067276	1246,875	-0,655454218387604	
1250	1,29076266288757	1250	-0,638973116874695	
1253,125	1,30169892311096	1253,125	-0,632398307323456	
1256,25	1,30955135822296	1256,25	-0,624052822589874	
1259,375	1,31981301307678	1259,375	-0,61688894033432	
1262,5	1,33228671550751	1262,5	-0,600691080093384	
1265,625	1,33742260932922	1265,625	-0,597896277904511	
1268,75	1,34823679924011	1268,75	-0,594149947166443	
1271,875	1,3571629524231	1271,875	-0,588840126991272	
1275	1,36429059505463	1275	-0,584387838840485	
1278,125	1,37354922294617	1278,125	-0,580072283744812	
1281,25	1,38051676750183	1281,25	-0,57533323764801	
1284,375	1,3863377571106	1284,375	-0,572223305702209	
1287,5	1,39113628864288	1287,5	-0,569048047065735	
1290,625	1,39562666416168	1290,625	-0,564992666244507	
1293,75	1,40297913551331	1293,75	-0,56243622303009	
1296,875	1,40617311000824	1296,875	-0,556528747081757	
1300	1,40844714641571	1300	-0,554083168506622	
1303,125	1,41222047805786	1303,125	-0,552706837654114	
1306,25	1,41581964492798	1306,25	-0,549475133419037	
1309,375	1,41694855690002	1309,375	-0,546204268932343	
1312,5	1,42024099826813	1312,5	-0,544136166572571	
1315,625	1,42239785194397	1315,625	-0,53816294670105	
1318,75	1,42837154865265	1318,75	-0,532453894615173	
1321,875	1,43044364452362	1321,875	-0,526820480823517	
1325	1,43591606616974	1325	-0,525618553161621	
1328,125	1,43974483013153	1328,125	-0,519891738891602	
1331,25	1,44141137599945	1331,25	-0,517056107521057	
1334,375	1,4446085691452	1334,375	-0,515741050243378	
1337,5	1,44519853591919	1337,5	-0,514142870903015	
1340,625	1,44816744327545	1340,625	-0,510676741600037	
1343,75	1,45061254501343	1343,75	-0,508430540561676	
1346,875	1,45123243331909	1346,875	-0,506763279438019	
1350	1,45254135131836	1350	-0,501070618629456	
1353,125	1,45104503631592	1353,125	-0,49928417801857	
1356,25	1,44921720027924	1356,25	-0,50007039308548	
1359,375	1,44994783401489	1359,375	-0,494077295064926	
1362,5	1,45162165164948	1362,5	-0,488335728645325	
1365,625	1,45129597187042	1365,625	-0,488018363714218	
1368,75	1,45135676860809	1368,75	-0,480746418237686	
1371,875	1,45578551292419	1371,875	-0,471691161394119	
1375	1,45410025119781	1375	-0,466907769441605	
1378,125	1,45352649688721	1378,125	-0,464652955532074	
1381,25	1,45409917831421	1381,25	-0,457760393619537	
1384,375	1,45659732818604	1384,375	-0,452505379915237	
1387,5	1,45842671394348	1387,5	-0,448258250951767	
1390,625	1,46003866195679	1390,625	-0,442592024803162	
1393,75	1,46120405197144	1393,75	-0,437571257352829	
1396,875	1,46072030067444	1396,875	-0,43318909406662	
1400	1,46145343780518	1400	-0,42901012301445	
1403,125	1,4627103805542	1403,125	-0,422024875879288	
1406,25	1,46379470825195	1406,25	-0,415675520896912	
1409,375	1,46349096298218	1409,375	-0,40738382935524	
1412,5	1,46538412570953	1412,5	-0,402202159166336	
1415,625	1,46701848506927	1415,625	-0,395302951335907	
1418,75	1,46818280220032	1418,75	-0,386547058820724	
1421,875	1,47087776660919	1421,875	-0,381674408912659	
1425	1,47572040557861	1425	-0,374639749526978	
1428,125	1,48091018199921	1428,125	-0,367835968732834	
1431,25	1,48607349395752	1431,25	-0,361707597970963	
1434,375	1,48923540115356	1434,375	-0,355767637491226	
1437,5	1,49388563632965	1437,5	-0,350490421056747	
1440,625	1,49806046485901	1440,625	-0,345128804445267	
1443,75	1,5026832818985	1443,75	-0,339545994997025	
1446,875	1,50709199905396	1446,875	-0,337257623672485	
1450	1,51152586936951	1450	-0,334334522485733	
1453,125	1,5158075094223	1453,125	-0,330347001552582	
1456,25	1,51895415782928	1456,25	-0,327501773834229	
1459,375	1,52511858940125	1459,375	-0,32526621222496	
1462,5	1,52736330032349	1462,5	-0,320347309112549	
1465,625	1,53028929233551	1465,625	-0,318305730819702	
1468,75	1,5340439081192	1468,75	-0,315142333507538	
1471,875	1,53719663619995	1471,875	-0,313230574131012	
1475	1,54196298122406	1475	-0,310253709554672	
1478,125	1,54549622535706	1478,125	-0,3080775141716	
1481,25	1,54833805561066	1481,25	-0,306782305240631	
1484,375	1,55069518089294	1484,375	-0,304286867380142	
1487,5	1,55352759361267	1487,5	-0,301716536283493	
1490,625	1,55510437488556	1490,625	-0,299142181873322	
1493,75	1,5583723783493	1493,75	-0,294627457857132	
1496,875	1,56016838550568	1496,875	-0,29342395067215	
1500	1,56242763996124	1500	-0,292721807956696	
1503,125	1,56522417068481	1503,125	-0,289258718490601	
1506,25	1,56529223918915	1506,25	-0,283844709396362	
1509,375	1,56819140911102	1509,375	-0,281732261180878	
1512,5	1,57114613056183	1512,5	-0,280597388744354	
1515,625	1,57341492176056	1515,625	-0,277620881795883	
1518,75	1,57605397701263	1518,75	-0,276317119598389	
1521,875	1,57886254787445	1521,875	-0,273874461650848	
1525	1,57896435260773	1525	-0,271811544895172	
1528,125	1,58087682723999	1528,125	-0,267533242702484	
1531,25	1,5841258764267	1531,25	-0,265949726104736	
1534,375	1,58540260791779	1534,375	-0,263163685798645	
1537,5	1,58859968185425	1537,5	-0,261411368846893	
1540,625	1,59135341644287	1540,625	-0,25992277264595	
1543,75	1,59165120124817	1543,75	-0,256845653057098	
1546,875	1,59351325035095	1546,875	-0,254160702228546	
1550	1,59567499160767	1550	-0,252944737672806	
1553,125	1,59673964977264	1553,125	-0,2496118247509	
1556,25	1,59985983371735	1556,25	-0,248576834797859	
1559,375	1,6000292301178	1559,375	-0,245805829763412	
1562,5	1,60273706912994	1562,5	-0,242250606417656	
1565,625	1,60314667224884	1565,625	-0,238473773002625	
1568,75	1,60357642173767	1568,75	-0,235589504241943	
1571,875	1,60707199573517	1571,875	-0,232862308621407	
1575	1,61023223400116	1575	-0,231504768133163	
1578,125	1,61106789112091	1578,125	-0,228424206376076	
1581,25	1,61099076271057	1581,25	-0,226793989539146	
1584,375	1,61242425441742	1584,375	-0,22379344701767	
1587,5	1,61393713951111	1587,5	-0,2217186242342	
1590,625	1,6171578168869	1590,625	-0,219374388456345	
1593,75	1,62014675140381	1593,75	-0,215824857354164	
1596,875	1,62017273902893	1596,875	-0,215407654643059	
1600	1,62316119670868	1600	-0,211766451597214	
1603,125	1,62448728084564	1603,125	-0,210194513201714	
1606,25	1,62773466110229	1606,25	-0,20763923227787	
1609,375	1,62589728832245	1609,375	-0,208397299051285	
1612,5	1,62890589237213	1612,5	-0,205287605524063	
1615,625	1,63128542900085	1615,625	-0,20129182934761	
1618,75	1,63111293315887	1618,75	-0,200138315558434	
1621,875	1,63459861278534	1621,875	-0,196759179234505	
1625	1,63353550434113	1625	-0,195075154304504	
1628,125	1,63599383831024	1628,125	-0,193087697029114	
1631,25	1,63501465320587	1631,25	-0,191170692443848	
1634,375	1,63897705078125	1634,375	-0,190280437469482	
1637,5	1,6378720998764	1637,5	-0,187829345464706	
1640,625	1,64542508125305	1640,625	-0,1894221752882	
1643,75	1,64458322525024	1643,75	-0,188469484448433	
1646,875	1,64623785018921	1646,875	-0,183789476752281	
1650	1,64547669887543	1650	-0,180988699197769	
1653,125	1,64700496196747	1653,125	-0,18070125579834	
1656,25	1,65118193626404	1656,25	-0,177647829055786	
1659,375	1,6495236158371	1659,375	-0,176340714097023	
1662,5	1,65060389041901	1662,5	-0,172413274645805	
1665,625	1,65387666225433	1665,625	-0,169353902339935	
1668,75	1,65355837345123	1668,75	-0,168740391731262	
1671,875	1,64976966381073	1671,875	-0,169501230120659	
1675	1,65692496299744	1675	-0,167081251740456	
1678,125	1,65638768672943	1678,125	-0,167480364441872	
1681,25	1,65815377235413	1681,25	-0,165066599845886	
1684,375	1,65811383724213	1684,375	-0,163686454296112	
1687,5	1,65587568283081	1687,5	-0,161843210458755	
1690,625	1,65775394439697	1690,625	-0,156684771180153	
1693,75	1,65541505813599	1693,75	-0,155038759112358	
1696,875	1,65816962718964	1696,875	-0,151880487799644	
1700	1,6591579914093	1700	-0,151915937662125	
1703,125	1,66092646121979	1703,125	-0,150411576032639	
1706,25	1,6622142791748	1706,25	-0,146859899163246	
1709,375	1,66105890274048	1709,375	-0,145844608545303	
1712,5	1,66268563270569	1712,5	-0,142480880022049	
1715,625	1,66280996799469	1715,625	-0,140852466225624	
1718,75	1,66278326511383	1718,75	-0,136617586016655	
1721,875	1,66266334056854	1721,875	-0,136437714099884	
1725	1,66621255874634	1725	-0,133935794234276	
1728,125	1,6650390625	1728,125	-0,133886471390724	
1731,25	1,66587817668915	1731,25	-0,127338781952858	
1734,375	1,66845834255219	1734,375	-0,124953158199787	
1737,5	1,66891670227051	1737,5	-0,125399991869926	
1740,625	1,67371606826782	1740,625	-0,125763654708862	
1743,75	1,66851437091827	1743,75	-0,121273659169674	
1746,875	1,66929745674133	1746,875	-0,118748009204865	
1750	1,67237293720245	1750	-0,119190998375416	
1753,125	1,67202126979828	1753,125	-0,120302841067314	
1756,25	1,67256987094879	1756,25	-0,118264086544514	
1759,375	1,67152416706085	1759,375	-0,116596475243568	
1762,5	1,67440223693848	1762,5	-0,113905839622021	
1765,625	1,6747864484787	1765,625	-0,111036278307438	
1768,75	1,67716693878174	1768,75	-0,112663693726063	
1771,875	1,67468857765198	1771,875	-0,108358196914196	
1775	1,67538487911224	1775	-0,104089811444283	
1778,125	1,67726075649261	1778,125	-0,105066359043121	
1781,25	1,67894101142883	1781,25	-0,104749292135239	
1784,375	1,67777097225189	1784,375	-0,101017065346241	
1787,5	1,67655324935913	1787,5	-0,0989638566970825	
1790,625	1,67736124992371	1790,625	-0,0951471328735352	
1793,75	1,68146240711212	1793,75	-0,0952059477567673	
1796,875	1,68032121658325	1796,875	-0,0977371335029602	
1800	1,68058836460114	1800	-0,0931404009461403	
1803,125	1,67972159385681	1803,125	-0,0904703512787819	
1806,25	1,68048930168152	1806,25	-0,0893087089061737	
1809,375	1,67964136600494	1809,375	-0,0863379240036011	
1812,5	1,68058967590332	1812,5	-0,0845101475715637	
1815,625	1,68354773521423	1815,625	-0,0817752406001091	
1818,75	1,68149971961975	1818,75	-0,0788777768611908	
1821,875	1,67901825904846	1821,875	-0,0784351155161858	
1825	1,68028140068054	1825	-0,0765482857823372	
1828,125	1,68197178840637	1828,125	-0,075490690767765	
1831,25	1,6835401058197	1831,25	-0,0725433081388474	
1834,375	1,68759727478027	1834,375	-0,07115089148283	
1837,5	1,68113315105438	1837,5	-0,0678398236632347	
1840,625	1,68025398254395	1840,625	-0,0672261044383049	
1843,75	1,68172597885132	1843,75	-0,0636673048138618	
1846,875	1,68265211582184	1846,875	-0,0641527026891708	
1850	1,68774390220642	1850	-0,0657557621598244	
1853,125	1,68634510040283	1853,125	-0,0614227764308453	
1856,25	1,6847892999649	1856,25	-0,0563629008829594	
1859,375	1,68672835826874	1859,375	-0,0551426969468594	
1862,5	1,68950641155243	1862,5	-0,0537860095500946	
1865,625	1,6903327703476	1865,625	-0,0538925342261791	
1868,75	1,69125628471375	1868,75	-0,0507696457207203	
1871,875	1,69162118434906	1871,875	-0,0494329445064068	
1875	1,69150757789612	1875	-0,0474429167807102	
1878,125	1,6887823343277	1878,125	-0,0466979295015335	
1881,25	1,69236874580383	1881,25	-0,044828400015831	
1884,375	1,69216573238373	1884,375	-0,0399785079061985	
1887,5	1,69194757938385	1887,5	-0,0400973781943321	
1890,625	1,69741380214691	1890,625	-0,0383480824530125	
1893,75	1,69355750083923	1893,75	-0,0398709923028946	
1896,875	1,69511747360229	1896,875	-0,0365932248532772	
1900	1,69601047039032	1900	-0,0341236591339111	
1903,125	1,6962718963623	1903,125	-0,0332319661974907	
1906,25	1,69839918613434	1906,25	-0,0318477042019367	
1909,375	1,69869673252106	1909,375	-0,0294426679611206	
1912,5	1,69781982898712	1912,5	-0,0282078832387924	
1915,625	1,6967099905014	1915,625	-0,0289550852030516	
1918,75	1,70017218589783	1918,75	-0,0252291727811098	
1921,875	1,69681906700134	1921,875	-0,0246310085058212	
1925	1,69793212413788	1925	-0,0241861138492823	
1928,125	1,6977813243866	1928,125	-0,0216519068926573	
1931,25	1,70033478736877	1931,25	-0,0223065167665482	
1934,375	1,70334959030151	1934,375	-0,0231220666319132	
1937,5	1,7057569026947	1937,5	-0,0200635101646185	
1940,625	1,70730984210968	1940,625	-0,0206035524606705	
1943,75	1,7032630443573	1943,75	-0,0190754253417253	
1946,875	1,7021416425705	1946,875	-0,0147457141429186	
1950	1,70363354682922	1950	-0,0166924279183149	
1953,125	1,70524656772614	1953,125	-0,012815099209547	
1956,25	1,70550310611725	1956,25	-0,0131847392767668	
1959,375	1,70856690406799	1959,375	-0,0107768038287759	
1962,5	1,70576333999634	1962,5	-0,0136419842019677	
1965,625	1,70389235019684	1965,625	-0,0100236153230071	
1968,75	1,70684635639191	1968,75	-0,0087101636454463	
1971,875	1,70905792713165	1971,875	-0,0111508267000318	
1975	1,70330762863159	1975	-0,0041210250928998	
1978,125	1,70491278171539	1978,125	-0,0065981512889266	
1981,25	1,70557332038879	1981,25	-0,00615720450878143	
1984,375	1,70304942131042	1984,375	-0,00385075714439154	
1987,5	1,70790958404541	1987,5	-0,00257541332393885	
1990,625	1,71139717102051	1990,625	-0,00684342859312892	
1993,75	1,70738255977631	1993,75	-0,00438058283179998	
1996,875	1,70658779144287	1996,875	-0,00336158112622797	
2000	1,7078058719635	2000	-0,00168608198873699	
2003,125	1,70597755908966	2003,125	-0,00284497532993555	
2006,25	1,7076188325882	2006,25	0,00207927427254617	
2009,375	1,70404303073883	2009,375	-0,00130677164997905	
2012,5	1,70517814159393	2012,5	0,000884606677573174	
2015,625	1,70424556732178	2015,625	0,00278853019699454	
2018,75	1,70472049713135	2018,75	0,000943239137995988	
2021,875	1,70240664482117	2021,875	0,00214786175638437	
2025	1,70150744915009	2025	0,00568770430982113	
2028,125	1,69877707958221	2028,125	0,00430275965481997	
2031,25	1,70068264007568	2031,25	0,00660411920398474	
2034,375	1,7001816034317	2034,375	0,00652209855616093	
2037,5	1,69540929794312	2037,5	0,00757878413423896	
2040,625	1,6971184015274	2040,625	0,00501663098111749	
2043,75	1,69646716117859	2043,75	0,00825794227421284	
2046,875	1,69686794281006	2046,875	0,00654722517356277	
2050	1,69635725021362	2050	0,00402734521776438	
2053,125	1,69151926040649	2053,125	0,0131058758124709	
2056,25	1,68710923194885	2056,25	0,00741605972871184	
2059,375	1,69137859344482	2059,375	0,0100763849914074	
2062,5	1,68925619125366	2062,5	0,0143180284649134	
2065,625	1,68531203269958	2065,625	0,0159187316894531	
2068,75	1,68646275997162	2068,75	0,0195518676191568	
2071,875	1,68469989299774	2071,875	0,0176781341433525	
2075	1,68475472927094	2075	0,0228087902069092	
2078,125	1,67969274520874	2078,125	0,0263312812894583	
2081,25	1,67932665348053	2081,25	0,0256658028811216	
2084,375	1,67859590053558	2084,375	0,0256017278879881	
2087,5	1,68108654022217	2087,5	0,0276457387953997	
2090,625	1,67741370201111	2090,625	0,0267453491687775	
2093,75	1,6758987903595	2093,75	0,0330829136073589	
2096,875	1,67502224445343	2096,875	0,0347848236560822	
2100	1,67573082447052	2100	0,0356287211179733	
2103,125	1,67827701568604	2103,125	0,0410325154662132	
2106,25	1,67690587043762	2106,25	0,0419606156647205	
2109,375	1,67580986022949	2109,375	0,0470953173935413	
2112,5	1,6713320016861	2112,5	0,0447601415216923	
2115,625	1,67357540130615	2115,625	0,0468940772116184	
2118,75	1,67458581924438	2118,75	0,0547161512076855	
2121,875	1,67595279216766	2121,875	0,058322086930275	
2125	1,67840230464935	2125	0,0558289065957069	
2128,125	1,6783481836319	2128,125	0,0560795702040195	
2131,25	1,67483913898468	2131,25	0,0610833093523979	
2134,375	1,67254102230072	2134,375	0,064183309674263	
2137,5	1,6743186712265	2137,5	0,0653693303465843	
2140,625	1,6761976480484	2140,625	0,0647553727030754	
2143,75	1,67738437652588	2143,75	0,0643667578697205	
2146,875	1,67808783054352	2146,875	0,0670257955789566	
2150	1,67776560783386	2150	0,0679838508367538	
2153,125	1,67941319942474	2153,125	0,0692621916532516	
2156,25	1,67652428150177	2156,25	0,0739557221531868	
2159,375	1,67759072780609	2159,375	0,0756867229938507	
2162,5	1,67603123188019	2162,5	0,0762059539556503	
2165,625	1,6737117767334	2165,625	0,0795583873987198	
2168,75	1,68121564388275	2168,75	0,0830330178141594	
2171,875	1,67977964878082	2171,875	0,0824848040938377	
2175	1,67644047737122	2175	0,0814359039068222	
2178,125	1,68204081058502	2178,125	0,0808375328779221	
2181,25	1,67905473709106	2181,25	0,0858664214611053	
2184,375	1,68272817134857	2184,375	0,0883279964327812	
2187,5	1,68089938163757	2187,5	0,0880285203456879	
2190,625	1,68259513378143	2190,625	0,0870835185050964	
2193,75	1,6818323135376	2193,75	0,0840292572975159	
2196,875	1,68173789978027	2196,875	0,089255690574646	
2200	1,67878103256226	2200	0,0892203599214554	
2203,125	1,68001294136047	2203,125	0,0860426723957062	
2206,25	1,67989778518677	2206,25	0,0874393135309219	
2209,375	1,68447232246399	2209,375	0,0919003710150719	
2212,5	1,68513119220734	2212,5	0,0910998433828354	
2215,625	1,68194830417633	2215,625	0,0925965383648872	
2218,75	1,68157982826233	2218,75	0,0934198722243309	
2221,875	1,68318617343903	2221,875	0,0971550866961479	
2225	1,68486154079437	2225	0,0960239171981812	
2228,125	1,68437850475311	2228,125	0,093491330742836	
2231,25	1,6842942237854	2231,25	0,0961845740675926	
2234,375	1,68100297451019	2234,375	0,0957832261919975	
2237,5	1,67808532714844	2237,5	0,0990096479654312	
2240,625	1,67337560653687	2240,625	0,100953280925751	
2243,75	1,67748332023621	2243,75	0,0990899652242661	
2246,875	1,67900848388672	2246,875	0,101913467049599	
2250	1,67619180679321	2250	0,105463854968548	
2253,125	1,68003535270691	2253,125	0,100948318839073	
2256,25	1,67936229705811	2256,25	0,107803642749786	
2259,375	1,67697668075562	2259,375	0,107659474015236	
2262,5	1,67952847480774	2262,5	0,107551619410515	
2265,625	1,67495083808899	2265,625	0,113526076078415	
2268,75	1,67905795574188	2268,75	0,109003439545631	
2271,875	1,67451083660126	2271,875	0,114093191921711	
2275	1,67603898048401	2275	0,116218134760857	
2278,125	1,67374527454376	2278,125	0,119365744292736	
2281,25	1,67349374294281	2281,25	0,113742522895336	
2284,375	1,67427635192871	2284,375	0,114560537040234	
2287,5	1,67363524436951	2287,5	0,118961729109287	
2290,625	1,676917552948	2290,625	0,120703749358654	
2293,75	1,67405307292938	2293,75	0,125532120466232	
2296,875	1,67682158946991	2296,875	0,121615640819073	
2300	1,67491841316223	2300	0,124918095767498	
2303,125	1,6770613193512	2303,125	0,125457748770714	
2306,25	1,67638993263245	2306,25	0,128075435757637	
2309,375	1,67490351200104	2309,375	0,128401383757591	
2312,5	1,67379701137543	2312,5	0,130873084068298	
2315,625	1,67450881004333	2315,625	0,128077194094658	
2318,75	1,67257010936737	2318,75	0,131406977772713	
2321,875	1,67268371582031	2321,875	0,133808180689812	
2325	1,67825651168823	2325	0,133920922875404	
2328,125	1,67757523059845	2328,125	0,138142302632332	
2331,25	1,67836403846741	2331,25	0,137667432427406	
2334,375	1,67712104320526	2334,375	0,138995304703712	
2337,5	1,67741620540619	2337,5	0,137022256851196	
2340,625	1,67833316326141	2340,625	0,14318436384201	
2343,75	1,6832594871521	2343,75	0,145638912916183	
2346,875	1,68171834945679	2346,875	0,142218798398972	
2350	1,68203890323639	2350	0,146896064281464	
2353,125	1,68183827400208	2353,125	0,143002033233643	
2356,25	1,68116223812103	2356,25	0,146019846200943	
2359,375	1,68504071235657	2359,375	0,149558052420616	
2362,5	1,68210124969482	2362,5	0,148768469691277	
2365,625	1,67804718017578	2365,625	0,14732563495636	
2368,75	1,68468797206879	2368,75	0,151436373591423	
2371,875	1,68200671672821	2371,875	0,153705030679703	
2375	1,68322765827179	2375	0,1501674503088	
2378,125	1,68348371982574	2378,125	0,152312025427818	
2381,25	1,6834864616394	2381,25	0,156072437763214	
2384,375	1,68083226680756	2384,375	0,157867476344109	
2387,5	1,6882803440094	2387,5	0,151542589068413	
2390,625	1,68537473678589	2390,625	0,154875174164772	
2393,75	1,68817448616028	2393,75	0,159257754683495	
2396,875	1,68571650981903	2396,875	0,162572175264359	
2400	1,68380653858185	2400	0,158319309353828	
2403,125	1,68472146987915	2403,125	0,161289036273956	
2406,25	1,6848669052124	2406,25	0,158697009086609	
2409,375	1,68651282787323	2409,375	0,160537838935852	
2412,5	1,68695378303528	2412,5	0,164246186614037	
2415,625	1,69145202636719	2415,625	0,162487238645554	
2418,75	1,6894599199295	2418,75	0,16282095015049	
2421,875	1,69173514842987	2421,875	0,167735889554024	
2425	1,69376063346863	2425	0,17014367878437	
2428,125	1,69066417217255	2428,125	0,167089387774467	
2431,25	1,68885374069214	2431,25	0,165625333786011	
2434,375	1,69030964374542	2434,375	0,167817890644073	
2437,5	1,69357144832611	2437,5	0,169000223278999	
2440,625	1,69310986995697	2440,625	0,169504553079605	
2443,75	1,69323825836182	2443,75	0,172712087631226	
2446,875	1,69308400154114	2446,875	0,174052447080612	
2450	1,69471287727356	2450	0,177330210804939	
2453,125	1,69676744937897	2453,125	0,178011193871498	
2456,25	1,69635570049286	2456,25	0,175234287977219	
2459,375	1,69830012321472	2459,375	0,176665544509888	
2462,5	1,70130932331085	2462,5	0,17902310192585	
2465,625	1,69789028167725	2465,625	0,18025504052639	
2468,75	1,69646847248077	2468,75	0,175750240683556	
2471,875	1,70094335079193	2471,875	0,176960110664368	
2475	1,69971942901611	2475	0,178967535495758	
2478,125	1,70027899742126	2478,125	0,180635094642639	
2481,25	1,70194947719574	2481,25	0,181027129292488	
2484,375	1,70042622089386	2484,375	0,183111369609833	
2487,5	1,70190668106079	2487,5	0,180648729205132	
2490,625	1,70506381988525	2490,625	0,186678096652031	
2493,75	1,70534694194794	2493,75	0,184677064418793	
2496,875	1,70997941493988	2496,875	0,186070367693901	
2500	1,70816230773926	2500	0,185386806726456	
2503,125	1,70608222484589	2503,125	0,182517379522324	
2506,25	1,70434665679932	2506,25	0,186230972409248	
2509,375	1,70760190486908	2509,375	0,185999125242233	
2512,5	1,70820069313049	2512,5	0,186884209513664	
2515,625	1,70885360240936	2515,625	0,189020991325378	
2518,75	1,70938587188721	2518,75	0,18977889418602	
2521,875	1,71069991588593	2521,875	0,186672791838646	
2525	1,71104776859283	2525	0,191479429602623	
2528,125	1,71456515789032	2528,125	0,187781468033791	
2531,25	1,71365988254547	2531,25	0,188564956188202	
2534,375	1,70970404148102	2534,375	0,188840478658676	
2537,5	1,71607375144958	2537,5	0,186418101191521	
2540,625	1,7160712480545	2540,625	0,185406059026718	
2543,75	1,71349453926086	2543,75	0,192644953727722	
2546,875	1,71326923370361	2546,875	0,194197148084641	
2550	1,71335124969482	2550	0,190415114164352	
2553,125	1,71502113342285	2553,125	0,193264946341515	
2556,25	1,71604514122009	2556,25	0,192512288689613	
2559,375	1,71646416187286	2559,375	0,190592736005783	
2562,5	1,71433651447296	2562,5	0,191127389669418	
2565,625	1,71395647525787	2565,625	0,191567271947861	
2568,75	1,71964240074158	2568,75	0,189597770571709	
2571,875	1,71682500839233	2571,875	0,191452905535698	
2575	1,71747052669525	2575	0,191486492753029	
2578,125	1,71824026107788	2578,125	0,191672205924988	
2581,25	1,71981298923492	2581,25	0,194897502660751	
2584,375	1,72426044940948	2584,375	0,19189640879631	
2587,5	1,72057509422302	2587,5	0,192095160484314	
2590,625	1,72044098377228	2590,625	0,194231152534485	
2593,75	1,72473275661469	2593,75	0,192310258746147	
2596,875	1,72452354431152	2596,875	0,194803804159164	
2600	1,722540974617	2600	0,193972647190094	
2603,125	1,72071063518524	2603,125	0,192189171910286	
2606,25	1,71987199783325	2606,25	0,195796146988869	
2609,375	1,71870851516724	2609,375	0,194881394505501	
2612,5	1,71826231479645	2612,5	0,192401811480522	
2615,625	1,72166740894318	2615,625	0,19279782474041	
2618,75	1,72191119194031	2618,75	0,196011960506439	
2621,875	1,71995913982391	2621,875	0,195642590522766	
2625	1,72573089599609	2625	0,193692967295647	
2628,125	1,72399592399597	2628,125	0,194652557373047	
2631,25	1,7225866317749	2631,25	0,198309630155563	
2634,375	1,71905136108398	2634,375	0,190185070037842	
2637,5	1,71931195259094	2637,5	0,192224651575089	
2640,625	1,72293305397034	2640,625	0,194282606244087	
2643,75	1,72127163410187	2643,75	0,193754985928535	
2646,875	1,7224634885788	2646,875	0,196755170822144	
2650	1,72011542320251	2650	0,196833208203316	
2653,125	1,72121572494507	2653,125	0,196961656212807	
2656,25	1,72324669361115	2656,25	0,198016360402107	
2659,375	1,72062885761261	2659,375	0,194208964705467	
2662,5	1,7188549041748	2662,5	0,194054380059242	
2665,625	1,72022521495819	2665,625	0,195238158106804	
2668,75	1,71734201908112	2668,75	0,194031625986099	
2671,875	1,71886563301086	2671,875	0,19762521982193	
2675	1,72087454795837	2675	0,200063094496727	
2678,125	1,71737277507782	2678,125	0,199528336524963	
2681,25	1,71812117099762	2681,25	0,200622007250786	
2684,375	1,71679890155792	2684,375	0,202474802732468	
2687,5	1,71721792221069	2687,5	0,202437207102776	
2690,625	1,71664333343506	2690,625	0,203276783227921	
2693,75	1,71663904190063	2693,75	0,207849085330963	
2696,875	1,7205765247345	2696,875	0,207272857427597	
2700	1,71664988994598	2700	0,203136146068573	
2703,125	1,71631741523743	2703,125	0,206157341599464	
2706,25	1,71782803535461	2706,25	0,209731712937355	
2709,375	1,71985387802124	2709,375	0,210047543048859	
2712,5	1,7196090221405	2712,5	0,210421368479729	
2715,625	1,71865725517273	2715,625	0,21262301504612	
2718,75	1,72072458267212	2718,75	0,211905047297478	
2721,875	1,71984314918518	2721,875	0,213184922933578	
2725	1,72049570083618	2725	0,214674025774002	
2728,125	1,7230840921402	2728,125	0,213573127985001	
2731,25	1,7249516248703	2731,25	0,215926706790924	
2734,375	1,72694969177246	2734,375	0,217768400907516	
2737,5	1,7263365983963	2737,5	0,215901836752892	
2740,625	1,72665441036224	2740,625	0,215368762612343	
2743,75	1,72601747512817	2743,75	0,215769290924072	
2746,875	1,72697710990906	2746,875	0,215751230716705	
2750	1,72824048995972	2750	0,220553368330002	
2753,125	1,73034060001373	2753,125	0,218009501695633	
2756,25	1,73001170158386	2756,25	0,216910421848297	
2759,375	1,72920298576355	2759,375	0,216397106647491	
2762,5	1,73030459880829	2762,5	0,215153217315674	
2765,625	1,72952139377594	2765,625	0,216375306248665	
2768,75	1,73531329631805	2768,75	0,215728148818016	
2771,875	1,73483753204346	2771,875	0,214969038963318	
2775	1,73271882534027	2775	0,215870052576065	
2778,125	1,73267674446106	2778,125	0,214775651693344	
2781,25	1,73011386394501	2781,25	0,213171035051346	
2784,375	1,73283362388611	2784,375	0,212836146354675	
2787,5	1,73471927642822	2787,5	0,215025722980499	
2790,625	1,73590111732483	2790,625	0,214739397168159	
2793,75	1,73447239398956	2793,75	0,214287385344505	
2796,875	1,73806309700012	2796,875	0,214851424098015	
2800	1,74119079113007	2800	0,214077889919281	
2803,125	1,73733282089233	2803,125	0,215189680457115	
2806,25	1,74085736274719	2806,25	0,213175266981125	
2809,375	1,73955833911896	2809,375	0,213428974151611	
2812,5	1,73798620700836	2812,5	0,210527926683426	
2815,625	1,73658514022827	2815,625	0,210169091820717	
2818,75	1,73833060264587	2818,75	0,213375806808472	
2821,875	1,73748028278351	2821,875	0,209557369351387	
2825	1,73717069625854	2825	0,206143423914909	
2828,125	1,73674488067627	2828,125	0,210096970200539	
2831,25	1,73646199703217	2831,25	0,208857163786888	
2834,375	1,73955595493317	2834,375	0,210799053311348	
2837,5	1,73944354057312	2837,5	0,207476034760475	
2840,625	1,73779559135437	2840,625	0,206675410270691	
2843,75	1,73895907402039	2843,75	0,210135206580162	
2846,875	1,7401214838028	2846,875	0,205228358507156	
2850	1,73678982257843	2850	0,207713842391968	
2853,125	1,73684740066528	2853,125	0,205510899424553	
2856,25	1,73802256584167	2856,25	0,206986963748932	
2859,375	1,73699474334717	2859,375	0,20607790350914	
2862,5	1,73927617073059	2862,5	0,204169079661369	
2865,625	1,73787796497345	2865,625	0,204465925693512	
2868,75	1,73825681209564	2868,75	0,207087323069572	
2871,875	1,73823964595795	2871,875	0,203679203987122	
2875	1,73952770233154	2875	0,205529987812042	
2878,125	1,73984575271606	2878,125	0,20539091527462	
2881,25	1,73775434494019	2881,25	0,202118456363678	
2884,375	1,73755967617035	2884,375	0,201863825321198	
2887,5	1,73682653903961	2887,5	0,201728835701942	
2890,625	1,73688149452209	2890,625	0,202923595905304	
2893,75	1,74077880382538	2893,75	0,202526241540909	
2896,875	1,73621833324432	2896,875	0,200288161635399	
2900	1,73715388774872	2900	0,201298832893372	
2903,125	1,73698139190674	2903,125	0,201129972934723	
2906,25	1,73793959617615	2906,25	0,200307980179787	
2909,375	1,73807764053345	2909,375	0,19962365925312	
2912,5	1,73820173740387	2912,5	0,198961421847343	
2915,625	1,73888087272644	2915,625	0,198823675513268	
2918,75	1,73791885375977	2918,75	0,197001725435257	
2921,875	1,73696064949036	2921,875	0,197557330131531	
2925	1,73671722412109	2925	0,196015819907188	
2928,125	1,73615264892578	2928,125	0,195024535059929	
2931,25	1,73666715621948	2931,25	0,198487684130669	
2934,375	1,73365342617035	2934,375	0,198035284876823	
2937,5	1,73523676395416	2937,5	0,198018908500671	
2940,625	1,73514473438263	2940,625	0,196682751178741	
2943,75	1,73336756229401	2943,75	0,197227358818054	
2946,875	1,73406338691711	2946,875	0,197418883442879	
2950	1,73275649547577	2950	0,197901174426079	
2953,125	1,73433244228363	2953,125	0,197036907076836	
2956,25	1,73411595821381	2956,25	0,195852428674698	
2959,375	1,73220038414001	2959,375	0,196401834487915	
2962,5	1,73291647434235	2962,5	0,195404455065727	
2965,625	1,73400771617889	2965,625	0,194521248340607	
2968,75	1,73151314258575	2968,75	0,195089250802994	
2971,875	1,72981774806976	2971,875	0,194471538066864	
2975	1,73001480102539	2975	0,196670785546303	
2978,125	1,73032772541046	2978,125	0,19577731192112	
2981,25	1,72861397266388	2981,25	0,194664433598518	
2984,375	1,72893953323364	2984,375	0,192748114466667	
2987,5	1,72803544998169	2987,5	0,19291490316391	
2990,625	1,72811841964722	2990,625	0,195693612098694	
2993,75	1,72657191753387	2993,75	0,196565181016922	
2996,875	1,72647881507874	2996,875	0,195868209004402	
3000	1,72400891780853	3000	0,193180426955223	
3003,125	1,72576117515564	3003,125	0,192870810627937	
3006,25	1,72782135009766	3006,25	0,195174232125282	
3009,375	1,72583186626434	3009,375	0,194717958569527	
3012,5	1,72603583335876	3012,5	0,196139365434647	
3015,625	1,72752463817596	3015,625	0,194216519594193	
3018,75	1,72737812995911	3018,75	0,196855098009109	
3021,875	1,72786009311676	3021,875	0,198293477296829	
3025	1,72531974315643	3025	0,186754018068314	
3028,125	1,72561872005463	3028,125	0,193689599633217	
3031,25	1,72632265090942	3031,25	0,195200622081757	
3034,375	1,722820520401	3034,375	0,19599524140358	
3037,5	1,72031104564667	3037,5	0,1963721960783	
3040,625	1,72111392021179	3040,625	0,193221122026443	
3043,75	1,72382831573486	3043,75	0,195237696170807	
3046,875	1,72511911392212	3046,875	0,192666545510292	
3050	1,72421503067017	3050	0,194498300552368	
3053,125	1,72261297702789	3053,125	0,19487752020359	
3056,25	1,7225626707077	3056,25	0,195951148867607	
3059,375	1,72055876255035	3059,375	0,194976508617401	
3062,5	1,71992886066437	3062,5	0,193935498595238	
3065,625	1,72052323818207	3065,625	0,196702226996422	
3068,75	1,71838223934174	3068,75	0,196766495704651	
3071,875	1,71913957595825	3071,875	0,195896908640862	
3075	1,72146558761597	3075	0,195851236581802	
3078,125	1,71908390522003	3078,125	0,196003824472427	
3081,25	1,71604299545288	3081,25	0,196833029389381	
3084,375	1,71526718139648	3084,375	0,197186172008514	
3087,5	1,72026836872101	3087,5	0,198856383562088	
3090,625	1,71847128868103	3090,625	0,202003911137581	
3093,75	1,71838581562042	3093,75	0,198163434863091	
3096,875	1,71669983863831	3096,875	0,196474596858025	
3100	1,71692562103271	3100	0,199523836374283	
3103,125	1,71846163272858	3103,125	0,200047016143799	
3106,25	1,71804523468018	3106,25	0,199811339378357	
3109,375	1,71827220916748	3109,375	0,201372548937798	
3112,5	1,72011041641235	3112,5	0,201750129461288	
3115,625	1,71788442134857	3115,625	0,197809174656868	
3118,75	1,71600353717804	3118,75	0,198804602026939	
3121,875	1,71302628517151	3121,875	0,198717221617699	
3125	1,71401393413544	3125	0,204793095588684	
3128,125	1,71612596511841	3128,125	0,202729195356369	
3131,25	1,71734023094177	3131,25	0,202455744147301	
3134,375	1,71533930301666	3134,375	0,202975675463676	
3137,5	1,71157157421112	3137,5	0,205672606825829	
3140,625	1,71346843242645	3140,625	0,202204689383507	
3143,75	1,71416413784027	3143,75	0,204194277524948	
3146,875	1,7133674621582	3146,875	0,204864621162415	
3150	1,71381187438965	3150	0,204462081193924	
3153,125	1,71814835071564	3153,125	0,202369958162308	
3156,25	1,712646484375	3156,25	0,206596821546555	
3159,375	1,71364367008209	3159,375	0,205974757671356	
3162,5	1,71451139450073	3162,5	0,20676788687706	
3165,625	1,7103499174118	3165,625	0,208811372518539	
3168,75	1,71247756481171	3168,75	0,208469644188881	
3171,875	1,71182668209076	3171,875	0,205435663461685	
3175	1,71004998683929	3175	0,20608913898468	
3178,125	1,71545302867889	3178,125	0,20285253226757	
3181,25	1,7143007516861	3181,25	0,211714863777161	
3184,375	1,71094453334808	3184,375	0,210858345031738	
3187,5	1,71779453754425	3187,5	0,210385099053383	
3190,625	1,71432566642761	3190,625	0,214047759771347	
3193,75	1,7141010761261	3193,75	0,218196034431458	
3196,875	1,71795129776001	3196,875	0,216759547591209	
3200	1,71753454208374	3200	0,214262798428535	
3203,125	1,71725416183472	3203,125	0,211428597569466	
3206,25	1,72057318687439	3206,25	0,215642869472504	
3209,375	1,71898019313812	3209,375	0,213050112128258	
3212,5	1,71570587158203	3212,5	0,213579058647156	
3215,625	1,71609151363373	3215,625	0,212314248085022	
3218,75	1,71375644207001	3218,75	0,210524201393127	
3221,875	1,7185230255127	3221,875	0,211463019251823	
3225	1,71494555473328	3225	0,210186958312988	
3228,125	1,7182822227478	3228,125	0,211509793996811	
3231,25	1,71989965438843	3231,25	0,215478718280792	
3234,375	1,72472429275513	3234,375	0,203281208872795	
3237,5	1,71919178962708	3237,5	0,209210962057114	
3240,625	1,72221410274506	3240,625	0,207890927791595	
3243,75	1,72108852863312	3243,75	0,20993135869503	
3246,875	1,72028744220734	3246,875	0,209658056497574	
3250	1,72017705440521	3250	0,20828078687191	
3253,125	1,71349680423737	3253,125	0,211736887693405	
3256,25	1,71505677700043	3256,25	0,20148016512394	
3259,375	1,7133651971817	3259,375	0,203019022941589	
3262,5	1,71635961532593	3262,5	0,212215930223465	
3265,625	1,71778774261475	3265,625	0,207175731658936	
3268,75	1,71284449100494	3268,75	0,203124389052391	
3271,875	1,71252155303955	3271,875	0,204812362790108	
3275	1,7148699760437	3275	0,205022424459457	
3278,125	1,71419036388397	3278,125	0,201785787940025	
3281,25	1,7117440700531	3281,25	0,199734538793564	
3284,375	1,71142220497131	3284,375	0,201978176832199	
3287,5	1,71169435977936	3287,5	0,197794631123543	
3290,625	1,70731544494629	3290,625	0,198470696806908	
3293,75	1,70551538467407	3293,75	0,197006419301033	
3296,875	1,70499193668365	3296,875	0,200059249997139	
3300	1,70404136180878	3300	0,200544953346252	
3303,125	1,70717990398407	3303,125	0,202110141515732	
3306,25	1,70207631587982	3306,25	0,202466726303101	
3309,375	1,69949150085449	3309,375	0,200076282024384	
3312,5	1,69891083240509	3312,5	0,201916888356209	
3315,625	1,69484186172485	3315,625	0,205802008509636	
3318,75	1,69797909259796	3318,75	0,2066790163517	
3321,875	1,70040965080261	3321,875	0,203439727425575	
3325	1,6987065076828	3325	0,201945096254349	
3328,125	1,69379758834839	3328,125	0,202314078807831	
3331,25	1,68844783306122	3331,25	0,198555812239647	
3334,375	1,69421291351318	3334,375	0,206241831183434	
3337,5	1,69729268550873	3337,5	0,207251697778702	
3340,625	1,69156324863434	3340,625	0,202747091650963	
3343,75	1,6869785785675	3343,75	0,205176010727882	
3346,875	1,68524086475372	3346,875	0,207808449864388	
3350	1,68603348731995	3350	0,212466910481453	
3353,125	1,68461060523987	3353,125	0,213126078248024	
3356,25	1,68774628639221	3356,25	0,209872290492058	
3359,375	1,68606817722321	3359,375	0,214051559567451	
3362,5	1,68165481090546	3362,5	0,216116890311241	
3365,625	1,67724800109863	3365,625	0,212542712688446	
3368,75	1,67932832241058	3368,75	0,215694651007652	
3371,875	1,68058371543884	3371,875	0,214582622051239	
3375	1,67973673343658	3375	0,214004933834076	
3378,125	1,67668092250824	3378,125	0,215087100863457	
3381,25	1,67841804027557	3381,25	0,213940262794495	
3384,375	1,67937207221985	3384,375	0,217548251152039	
3387,5	1,67524266242981	3387,5	0,217434912919998	
3390,625	1,67353713512421	3390,625	0,217830315232277	
3393,75	1,67465579509735	3393,75	0,220590621232986	
3396,875	1,67563223838806	3396,875	0,223315536975861	
3400	1,68180763721466	3400	0,222482353448868	
3403,125	1,67347204685211	3403,125	0,217293262481689	
3406,25	1,66974210739136	3406,25	0,220074564218521	
3409,375	1,66864740848541	3409,375	0,222002953290939	
3412,5	1,66952633857727	3412,5	0,223769664764404	
3415,625	1,66667318344116	3415,625	0,21989968419075	
3418,75	1,66496479511261	3418,75	0,221369013190269	
3421,875	1,67226469516754	3421,875	0,219648018479347	
3425	1,66840493679047	3425	0,223044216632843	
3428,125	1,66579401493073	3428,125	0,225410416722298	
3431,25	1,66477155685425	3431,25	0,226736202836037	
3434,375	1,66445124149323	3434,375	0,229288637638092	
3437,5	1,66071760654449	3437,5	0,231367766857147	
3440,625	1,66198921203613	3440,625	0,230633810162544	
3443,75	1,65854370594025	3443,75	0,227654621005058	
3446,875	1,66170847415924	3446,875	0,227302685379982	
3450	1,66234934329987	3450	0,228807181119919	
3453,125	1,66188061237335	3453,125	0,231440424919128	
3456,25	1,66025030612946	3456,25	0,229671269655228	
3459,375	1,66022920608521	3459,375	0,230637699365616	
3462,5	1,66014838218689	3462,5	0,22895972430706	
3465,625	1,65584206581116	3465,625	0,229806780815125	
3468,75	1,65632152557373	3468,75	0,23182387650013	
3471,875	1,6544988155365	3471,875	0,233565390110016	
3475	1,65239822864532	3475	0,229946404695511	
3478,125	1,65392172336578	3478,125	0,233027502894402	
3481,25	1,65354454517365	3481,25	0,234752789139748	
3484,375	1,65014493465424	3484,375	0,23416742682457	
3487,5	1,65273261070251	3487,5	0,229708805680275	
3490,625	1,65081119537354	3490,625	0,235183253884315	
3493,75	1,64841032028198	3493,75	0,234456703066826	
3496,875	1,65178894996643	3496,875	0,233890920877457	
3500	1,64970409870148	3500	0,233536571264267	
3503,125	1,64476656913757	3503,125	0,233573198318481	
3506,25	1,64860546588898	3506,25	0,235531374812126	
3509,375	1,64077472686768	3509,375	0,227309495210648	
3512,5	1,64521968364716	3512,5	0,226712495088577	
3515,625	1,64257216453552	3515,625	0,231542676687241	
3518,75	1,64294362068176	3518,75	0,233556091785431	
3521,875	1,64075195789337	3521,875	0,237393900752068	
3525	1,64209306240082	3525	0,233565270900726	
3528,125	1,64226698875427	3528,125	0,232501596212387	
3531,25	1,6379359960556	3531,25	0,23382180929184	
3534,375	1,63691592216492	3534,375	0,233306154608727	
3537,5	1,63473880290985	3537,5	0,236644804477692	
3540,625	1,63427066802979	3540,625	0,234218165278435	
3543,75	1,63737821578979	3543,75	0,235624402761459	
3546,875	1,63686037063599	3546,875	0,233041867613792	
3550	1,63453876972198	3550	0,232802391052246	
3553,125	1,63294911384583	3553,125	0,236281260848045	
3556,25	1,63178682327271	3556,25	0,236111730337143	
3559,375	1,62817049026489	3559,375	0,239180400967598	
3562,5	1,63015329837799	3562,5	0,233527570962906	
3565,625	1,62930393218994	3565,625	0,232807412743568	
3568,75	1,62783825397491	3568,75	0,235187917947769	
3571,875	1,62543153762817	3571,875	0,234496131539345	
3575	1,62427747249603	3575	0,234490156173706	
3578,125	1,62363350391388	3578,125	0,233305305242538	
3581,25	1,62142074108124	3581,25	0,232530564069748	
3584,375	1,61818826198578	3584,375	0,231602653861046	
3587,5	1,6201194524765	3587,5	0,233887150883675	
3590,625	1,61810660362244	3590,625	0,234203353524208	
3593,75	1,61661243438721	3593,75	0,233426406979561	
3596,875	1,615727186203	3596,875	0,23496013879776	
3600	1,61049556732178	3600	0,234774425625801	
3603,125	1,61536884307861	3603,125	0,232867375016212	
3606,25	1,61081266403198	3606,25	0,234080284833908	
3609,375	1,60811996459961	3609,375	0,235701113939285	
3612,5	1,60916411876678	3612,5	0,232455626130104	
3615,625	1,60661232471466	3615,625	0,233592510223389	
3618,75	1,60620653629303	3618,75	0,235170155763626	
3621,875	1,60829699039459	3621,875	0,233918488025665	
3625	1,60477364063263	3625	0,234689071774483	
3628,125	1,6046553850174	3628,125	0,233661472797394	
3631,25	1,60294759273529	3631,25	0,234725326299667	
3634,375	1,59944915771484	3634,375	0,235566943883896	
3637,5	1,60234546661377	3637,5	0,236087024211884	
3640,625	1,60837638378143	3640,625	0,229438051581383	
3643,75	1,60475766658783	3643,75	0,231613844633102	
3646,875	1,59917485713959	3646,875	0,231908589601517	
3650	1,59397959709167	3650	0,23320309817791	
3653,125	1,59298610687256	3653,125	0,232282534241676	
3656,25	1,5943021774292	3656,25	0,232218161225319	
3659,375	1,59488296508789	3659,375	0,230417042970657	
3662,5	1,59317815303802	3662,5	0,232643499970436	
3665,625	1,58958184719086	3665,625	0,232114791870117	
3668,75	1,58748054504395	3668,75	0,231647253036499	
3671,875	1,58594000339508	3671,875	0,22841289639473	
3675	1,58814656734467	3675	0,229309186339378	
3678,125	1,58211970329285	3678,125	0,230121940374374	
3681,25	1,57961106300354	3681,25	0,230172395706177	
3684,375	1,57862150669098	3684,375	0,230404689908028	
3687,5	1,57697868347168	3687,5	0,22940094769001	
3690,625	1,5742472410202	3690,625	0,231815427541733	
3693,75	1,57248604297638	3693,75	0,233374729752541	
3696,875	1,57413649559021	3696,875	0,234122678637505	
3700	1,57254469394684	3700	0,235437467694283	
3703,125	1,56989169120789	3703,125	0,23645031452179	
3706,25	1,56875538825989	3706,25	0,237130299210548	
3709,375	1,57234883308411	3709,375	0,237591728568077	
3712,5	1,56915855407715	3712,5	0,236375585198402	
3715,625	1,56787407398224	3715,625	0,236574679613113	
3718,75	1,57245576381683	3718,75	0,242560297250748	
3721,875	1,57142269611359	3721,875	0,238970324397087	
3725	1,56615543365479	3725	0,237447336316109	
3728,125	1,56939208507538	3728,125	0,239228993654251	
3731,25	1,56852424144745	3731,25	0,236824735999107	
3734,375	1,56826972961426	3734,375	0,240877449512482	
3737,5	1,56885755062103	3737,5	0,238743558526039	
3740,625	1,56647300720215	3740,625	0,241026937961578	
3743,75	1,5662682056427	3743,75	0,238859578967094	
3746,875	1,56922924518585	3746,875	0,238980889320374	
3750	1,56492364406586	3750	0,238937512040138	
3753,125	1,56466567516327	3753,125	0,235306173563004	
3756,25	1,56228637695313	3756,25	0,23747530579567	
3759,375	1,56290185451508	3759,375	0,23584720492363	
3762,5	1,56396734714508	3762,5	0,238215953111649	
3765,625	1,56446397304535	3765,625	0,23787447810173	
3768,75	1,55830979347229	3768,75	0,237518295645714	
3771,875	1,55531215667725	3771,875	0,235276967287064	
3775	1,55632400512695	3775	0,235399007797241	
3778,125	1,55609142780304	3778,125	0,23456497490406	
3781,25	1,5539402961731	3781,25	0,235674664378166	
3784,375	1,55446088314056	3784,375	0,234861046075821	
3787,5	1,55663776397705	3787,5	0,235703602433205	
3790,625	1,55449330806732	3790,625	0,238330230116844	
3793,75	1,55448222160339	3793,75	0,236841589212418	
3796,875	1,55322074890137	3796,875	0,234803706407547	
3800	1,54839980602264	3800	0,237349987030029	
3803,125	1,54790055751801	3803,125	0,234177678823471	
3806,25	1,5487140417099	3806,25	0,23632188141346	
3809,375	1,54991245269775	3809,375	0,236570939421654	
3812,5	1,54720306396484	3812,5	0,236243560910225	
3815,625	1,54513657093048	3815,625	0,23835064470768	
3818,75	1,54338502883911	3818,75	0,240043357014656	
3821,875	1,54445159435272	3821,875	0,235140800476074	
3825	1,54065847396851	3825	0,240223571658134	
3828,125	1,54173934459686	3828,125	0,235639184713364	
3831,25	1,54121208190918	3831,25	0,236403569579124	
3834,375	1,5371458530426	3834,375	0,237836182117462	
3837,5	1,54039454460144	3837,5	0,238292470574379	
3840,625	1,5363382101059	3840,625	0,238375127315521	
3843,75	1,53608429431915	3843,75	0,237219378352165	
3846,875	1,53525400161743	3846,875	0,237143188714981	
3850	1,53375852108002	3850	0,24205319583416	
3853,125	1,53173983097076	3853,125	0,238743096590042	
3856,25	1,53240060806274	3856,25	0,239904895424843	
3859,375	1,53154826164246	3859,375	0,240730360150337	
3862,5	1,53028476238251	3862,5	0,240043923258781	
3865,625	1,52756059169769	3865,625	0,239053100347519	
3868,75	1,52802228927612	3868,75	0,243845552206039	
3871,875	1,52460432052612	3871,875	0,239458948373795	
3875	1,5229150056839	3875	0,239125937223434	
3878,125	1,52283620834351	3878,125	0,242132350802422	
3881,25	1,52526307106018	3881,25	0,242771178483963	
3884,375	1,52397310733795	3884,375	0,242854088544846	
3887,5	1,51952314376831	3887,5	0,241868421435356	
3890,625	1,52020585536957	3890,625	0,243015140295029	
3893,75	1,52495110034943	3893,75	0,244286105036736	
3896,875	1,52094209194183	3896,875	0,243755370378494	
3900	1,51619493961334	3900	0,243038401007652	
3903,125	1,51550829410553	3903,125	0,245935812592506	
3906,25	1,52014267444611	3906,25	0,242283925414085	
3909,375	1,52031075954437	3909,375	0,245457574725151	
3912,5	1,5195859670639	3912,5	0,246926009654999	
3915,625	1,51494765281677	3915,625	0,245874792337418	
3918,75	1,5130307674408	3918,75	0,245889812707901	
3921,875	1,51037633419037	3921,875	0,247812315821648	
3925	1,51194536685944	3925	0,247434198856354	
3928,125	1,50983273983002	3928,125	0,243528798222542	
3931,25	1,50638926029205	3931,25	0,245392680168152	
3934,375	1,50653266906738	3934,375	0,246791258454323	
3937,5	1,50741934776306	3937,5	0,24778425693512	
3940,625	1,50807332992554	3940,625	0,246630638837814	
3943,75	1,5041915178299	3943,75	0,245978519320488	
3946,875	1,50504803657532	3946,875	0,245344564318657	
3950	1,50311720371246	3950	0,245982974767685	
3953,125	1,50172126293182	3953,125	0,244056284427643	
3956,25	1,49978852272034	3956,25	0,246408492326736	
3959,375	1,50348281860352	3959,375	0,246196821331978	
3962,5	1,49840712547302	3962,5	0,244658932089806	
3965,625	1,49508988857269	3965,625	0,24431699514389	
3968,75	1,49727272987366	3968,75	0,241835281252861	
3971,875	1,49357450008392	3971,875	0,246057972311974	
3975	1,49476039409637	3975	0,242343679070473	
3978,125	1,49660289287567	3978,125	0,242919877171516	
3981,25	1,49364411830902	3981,25	0,24228547513485	
3984,375	1,48770582675934	3984,375	0,240544065833092	
3987,5	1,48798775672913	3987,5	0,239590287208557	
3990,625	1,48475658893585	3990,625	0,243871495127678	
3993,75	1,48058211803436	3993,75	0,236468017101288	
3996,875	1,4839152097702	3996,875	0,239610210061073	
4000	1,48247277736664	4000	0,239930629730225	
4003,125	1,47765159606934	4003,125	0,239630416035652	
4006,25	1,48100447654724	4006,25	0,23688331246376	
4009,375	1,47395861148834	4009,375	0,230071350932121	
4012,5	1,47681081295013	4012,5	0,236434996128082	
4015,625	1,47480547428131	4015,625	0,239237934350967	
4018,75	1,47132301330566	4018,75	0,235440596938133	
4021,875	1,46907472610474	4021,875	0,236915722489357	
4025	1,472785115242	4025	0,236871644854546	
4028,125	1,46440649032593	4028,125	0,232885703444481	
4031,25	1,46619212627411	4031,25	0,231326580047607	
4034,375	1,46597588062286	4034,375	0,234078377485275	
4037,5	1,46286141872406	4037,5	0,230954349040985	
4040,625	1,45906066894531	4040,625	0,230135142803192	
4043,75	1,45945000648499	4043,75	0,231548205018044	
4046,875	1,45650291442871	4046,875	0,233155518770218	
4050	1,45516955852509	4050	0,227469652891159	
4053,125	1,45081126689911	4053,125	0,226249739527702	
4056,25	1,44989550113678	4056,25	0,226922765374184	
4059,375	1,44711816310883	4059,375	0,227554231882095	
4062,5	1,44909727573395	4062,5	0,228347286581993	
4065,625	1,44462513923645	4065,625	0,23035791516304	
4068,75	1,44297122955322	4068,75	0,227518156170845	
4071,875	1,44096159934998	4071,875	0,226162120699883	
4075	1,44013607501984	4075	0,226532906293869	
4078,125	1,44099903106689	4078,125	0,225927114486694	
4081,25	1,43733060359955	4081,25	0,225241303443909	
4084,375	1,4348019361496	4084,375	0,221863627433777	
4087,5	1,43262052536011	4087,5	0,223347082734108	
4090,625	1,4301370382309	4090,625	0,224320977926254	
4093,75	1,42567360401154	4093,75	0,223722904920578	
4096,875	1,42682111263275	4096,875	0,220596313476563	
4100	1,42566478252411	4100	0,221603021025658	
4103,125	1,42274880409241	4103,125	0,22325336933136	
4106,25	1,41929507255554	4106,25	0,221274688839912	
4109,375	1,41939258575439	4109,375	0,21884298324585	
4112,5	1,41606664657593	4112,5	0,22007554769516	
4115,625	1,41786801815033	4115,625	0,217798292636871	
4118,75	1,41288721561432	4118,75	0,217151507735252	
4121,875	1,41226434707642	4121,875	0,216715186834335	
4125	1,41110551357269	4125	0,217130407691002	
4128,125	1,40915548801422	4128,125	0,215537816286087	
4131,25	1,40635681152344	4131,25	0,216483861207962	
4134,375	1,40354824066162	4134,375	0,215720966458321	
4137,5	1,40472340583801	4137,5	0,215401276946068	
4140,625	1,40200293064117	4140,625	0,218227565288544	
4143,75	1,39988684654236	4143,75	0,214664176106453	
4146,875	1,39898753166199	4146,875	0,215665921568871	
4150	1,39828741550446	4150	0,215012520551682	
4153,125	1,39489138126373	4153,125	0,212709501385689	
4156,25	1,39323246479034	4156,25	0,213333323597908	
4159,375	1,38943588733673	4159,375	0,215533271431923	
4162,5	1,3926168680191	4162,5	0,215164050459862	
4165,625	1,39085698127747	4165,625	0,213995188474655	
4168,75	1,38659560680389	4168,75	0,214298561215401	
4171,875	1,38568270206451	4171,875	0,214012980461121	
4175	1,38642299175262	4175	0,211715877056122	
4178,125	1,38425278663635	4178,125	0,213010847568512	
4181,25	1,38345158100128	4181,25	0,212744772434235	
4184,375	1,38316321372986	4184,375	0,21250194311142	
4187,5	1,37854588031769	4187,5	0,212891399860382	
4190,625	1,37887752056122	4190,625	0,212804585695267	
4193,75	1,37887132167816	4193,75	0,213878452777863	
4196,875	1,37755227088928	4196,875	0,210275083780289	
4200	1,3804759979248	4200	0,211536645889282	
4203,125	1,37855124473572	4203,125	0,213100031018257	
4206,25	1,37791788578033	4206,25	0,211255639791489	
4209,375	1,3788925409317	4209,375	0,21332024037838	
4212,5	1,37858653068542	4212,5	0,213760524988174	
4215,625	1,3802387714386	4215,625	0,211853951215744	
4218,75	1,38008093833923	4218,75	0,209704279899597	
4221,875	1,37653565406799	4221,875	0,211198732256889	
4225	1,37693130970001	4225	0,207973286509514	
4228,125	1,37489461898804	4228,125	0,207924112677574	
4231,25	1,37911200523376	4231,25	0,210492625832558	
4234,375	1,37791407108307	4234,375	0,209659978747368	
4237,5	1,37958168983459	4237,5	0,211255759000778	
4240,625	1,37981450557709	4240,625	0,209460109472275	
4243,75	1,37836897373199	4243,75	0,204562142491341	
4246,875	1,37688183784485	4246,875	0,202072471380234	
4250	1,37505185604095	4250	0,205097168684006	
4253,125	1,37546300888062	4253,125	0,196374848484993	
4256,25	1,3761659860611	4256,25	0,199141725897789	
4259,375	1,37698495388031	4259,375	0,199611753225327	
4262,5	1,37544739246368	4262,5	0,19946600496769	
4265,625	1,37760376930237	4265,625	0,199138179421425	
4268,75	1,37591457366943	4268,75	0,19880847632885	
4271,875	1,37352406978607	4271,875	0,195852920413017	
4275	1,37504184246063	4275	0,19316178560257	
4278,125	1,37594401836395	4278,125	0,193014681339264	
4281,25	1,37505447864532	4281,25	0,192036539316177	
4284,375	1,37600004673004	4284,375	0,191117838025093	
4287,5	1,37468874454498	4287,5	0,188668116927147	
4290,625	1,37393438816071	4290,625	0,188530012965202	
4293,75	1,37026929855347	4293,75	0,187341183423996	
4296,875	1,37237060070038	4296,875	0,187020778656006	
4300	1,37264144420624	4300	0,190385535359383	
4303,125	1,37383854389191	4303,125	0,188799545168877	
4306,25	1,37416076660156	4306,25	0,185121849179268	
4309,375	1,37299358844757	4309,375	0,184200957417488	
4312,5	1,37480127811432	4312,5	0,183091208338737	
4315,625	1,37423467636108	4315,625	0,178276985883713	
4318,75	1,37215316295624	4318,75	0,180295959115028	
4321,875	1,37584900856018	4321,875	0,178837686777115	
4325	1,37525796890259	4325	0,176314473152161	
4328,125	1,37372183799744	4328,125	0,179051607847214	
4331,25	1,37276637554169	4331,25	0,179121941328049	
4334,375	1,3743314743042	4334,375	0,176681250333786	
4337,5	1,37373530864716	4337,5	0,175592839717865	
4340,625	1,37501764297485	4340,625	0,177743837237358	
4343,75	1,3764556646347	4343,75	0,172430604696274	
4346,875	1,37222218513489	4346,875	0,172572389245033	
4350	1,37285459041595	4350	0,171974077820778	
4353,125	1,37513494491577	4353,125	0,171376660466194	
4356,25	1,37560534477234	4356,25	0,171889021992683	
4359,375	1,3727091550827	4359,375	0,170613050460815	
4362,5	1,3738374710083	4362,5	0,165455758571625	
4365,625	1,37308514118195	4365,625	0,167275786399841	
4368,75	1,37437772750854	4368,75	0,166257530450821	
4371,875	1,37357306480408	4371,875	0,163497105240822	
4375	1,37339580059052	4375	0,160769626498222	
4378,125	1,37490606307983	4378,125	0,160369217395782	
4381,25	1,3757449388504	4381,25	0,159863606095314	
4384,375	1,37442576885223	4384,375	0,155812487006187	
4387,5	1,37454426288605	4387,5	0,155910268425941	
4390,625	1,37533855438232	4390,625	0,157230988144875	
4393,75	1,37354052066803	4393,75	0,153967678546906	
4396,875	1,37128734588623	4396,875	0,150653466582298	
4400	1,3717885017395	4400	0,148912861943245	
4403,125	1,37345337867737	4403,125	0,150025919079781	
4406,25	1,37284398078918	4406,25	0,146998003125191	
4409,375	1,37111127376556	4409,375	0,14543217420578	
4412,5	1,36764180660248	4412,5	0,143773600459099	
4415,625	1,36729574203491	4415,625	0,143382638692856	
4418,75	1,36586034297943	4418,75	0,14030796289444	
4421,875	1,36395668983459	4421,875	0,140902236104012	
4425	1,3615049123764	4425	0,14130337536335	
4428,125	1,36090183258057	4428,125	0,14116957783699	
4431,25	1,35816121101379	4431,25	0,14160081744194	
4434,375	1,35795843601227	4434,375	0,142386212944984	
4437,5	1,36031997203827	4437,5	0,145510226488113	
4440,625	1,35877740383148	4440,625	0,142789885401726	
4443,75	1,35838651657104	4443,75	0,14212991297245	
4446,875	1,35745239257813	4446,875	0,141787931323051	
4450	1,35720765590668	4450	0,142211928963661	
4453,125	1,35805571079254	4453,125	0,141678631305695	
4456,25	1,35929679870605	4456,25	0,142127871513367	
4459,375	1,35720181465149	4459,375	0,142569720745087	
4462,5	1,35755550861359	4462,5	0,142667859792709	
4465,625	1,35786259174347	4465,625	0,143650621175766	
4468,75	1,3567898273468	4468,75	0,140968307852745	
4471,875	1,35685348510742	4471,875	0,140974491834641	
4475	1,35783684253693	4475	0,142054781317711	
4478,125	1,356365442276	4478,125	0,14087387919426	
4481,25	1,35819864273071	4481,25	0,141007646918297	
4484,375	1,35806894302368	4484,375	0,139668554067612	
4487,5	1,35939049720764	4487,5	0,13928134739399	
4490,625	1,35784351825714	4490,625	0,139802619814873	
4493,75	1,3576637506485	4493,75	0,140741541981697	
4496,875	1,35901081562042	4496,875	0,140263736248016	
4500	1,35817241668701	4500	0,139568895101547	
4503,125	1,35669541358948	4503,125	0,138977557420731	
4506,25	1,36037564277649	4506,25	0,136983171105385	
4509,375	1,36019361019135	4509,375	0,137528404593468	
4512,5	1,36008393764496	4512,5	0,138253509998322	
4515,625	1,36042821407318	4515,625	0,137713328003883	
4518,75	1,36058509349823	4518,75	0,137255489826202	
4521,875	1,36165225505829	4521,875	0,136201947927475	
4525	1,36158525943756	4525	0,134260386228561	
4528,125	1,36419403553009	4528,125	0,134681403636932	
4531,25	1,3645339012146	4531,25	0,133233189582825	
4534,375	1,36365783214569	4534,375	0,134009823203087	
4537,5	1,36116433143616	4537,5	0,133791223168373	
4540,625	1,36423707008362	4540,625	0,133451342582703	
4543,75	1,36136519908905	4543,75	0,133164882659912	
4546,875	1,36232006549835	4546,875	0,130884736776352	
4550	1,36264777183533	4550	0,131072029471397	
4553,125	1,36218416690826	4553,125	0,130186080932617	
4556,25	1,36197793483734	4556,25	0,128643289208412	
4559,375	1,36327385902405	4559,375	0,12716455757618	
4562,5	1,36485052108765	4562,5	0,130531802773476	
4565,625	1,36634826660156	4565,625	0,128717362880707	
4568,75	1,36455321311951	4568,75	0,126968532800674	
4571,875	1,36284458637238	4571,875	0,125040113925934	
4575	1,36538064479828	4575	0,125989407300949	
4578,125	1,36520528793335	4578,125	0,125321969389915	
4581,25	1,3645988702774	4581,25	0,124781534075737	
4584,375	1,36470365524292	4584,375	0,125052973628044	
4587,5	1,36528325080872	4587,5	0,125118121504784	
4590,625	1,3655002117157	4590,625	0,125038176774979	
4593,75	1,36564898490906	4593,75	0,12382498383522	
4596,875	1,36634147167206	4596,875	0,123817257583141	
4600	1,3667551279068	4600	0,125204816460609	
4603,125	1,36636197566986	4603,125	0,123070165514946	
4606,25	1,36550164222717	4606,25	0,121506214141846	
4609,375	1,36719810962677	4609,375	0,120088882744312	
4612,5	1,36796391010284	4612,5	0,119869984686375	
4615,625	1,36643195152283	4615,625	0,119634456932545	
4618,75	1,3663557767868	4618,75	0,11927691847086	
4621,875	1,36801040172577	4621,875	0,120391942560673	
4625	1,36751961708069	4625	0,118795990943909	
4628,125	1,36837935447693	4628,125	0,117662653326988	
4631,25	1,36853587627411	4631,25	0,11667837947607	
4634,375	1,36994254589081	4634,375	0,116564966738224	
4637,5	1,36981499195099	4637,5	0,117893286049366	
4640,625	1,3697954416275	4640,625	0,11734888702631	
4643,75	1,37041509151459	4643,75	0,117557160556316	
4646,875	1,37021946907043	4646,875	0,116112098097801	
4650	1,370481133461	4650	0,114478528499603	
4653,125	1,37091171741486	4653,125	0,115337260067463	
4656,25	1,37168419361115	4656,25	0,114801071584225	
4659,375	1,3714644908905	4659,375	0,115868106484413	
4662,5	1,37082898616791	4662,5	0,116128660738468	
4665,625	1,37060010433197	4665,625	0,114700391888618	
4668,75	1,37072849273682	4668,75	0,113911457359791	
4671,875	1,37235617637634	4671,875	0,112310320138931	
4675	1,37438297271729	4675	0,114437885582447	
4678,125	1,37343645095825	4678,125	0,112820751965046	
4681,25	1,3714040517807	4681,25	0,114838369190693	
4684,375	1,37265062332153	4684,375	0,113928854465485	
4687,5	1,37468194961548	4687,5	0,115548327565193	
4690,625	1,37520658969879	4690,625	0,116682641208172	
4693,75	1,37510633468628	4693,75	0,114838406443596	
4696,875	1,37471759319305	4696,875	0,11242138594389	
4700	1,37547051906586	4700	0,113508678972721	
4703,125	1,37634193897247	4703,125	0,114295601844788	
4706,25	1,37652695178986	4706,25	0,11518444865942	
4709,375	1,37710690498352	4709,375	0,115698598325253	
4712,5	1,37668013572693	4712,5	0,115897879004478	
4715,625	1,37702548503876	4715,625	0,116249032318592	
4718,75	1,3783586025238	4718,75	0,115615025162697	
4721,875	1,37833392620087	4721,875	0,115483917295933	
4725	1,37734436988831	4725	0,116372160613537	
4728,125	1,37704920768738	4728,125	0,117570251226425	
4731,25	1,37841796875	4731,25	0,116469085216522	
4734,375	1,37854063510895	4734,375	0,117779158055782	
4737,5	1,37766516208649	4737,5	0,12020006030798	
4740,625	1,37720608711243	4740,625	0,118612580001354	
4743,75	1,37771344184875	4743,75	0,118230596184731	
4746,875	1,3800106048584	4746,875	0,121124431490898	
4750	1,3809562921524	4750	0,12096992880106	
4753,125	1,38056302070618	4753,125	0,123080961406231	
4756,25	1,38023805618286	4756,25	0,123311117291451	
4759,375	1,38076114654541	4759,375	0,122768267989159	
4762,5	1,38205540180206	4762,5	0,124824821949005	
4765,625	1,38432192802429	4765,625	0,126060590147972	
4768,75	1,38201010227203	4768,75	0,126481175422668	
4771,875	1,38258183002472	4771,875	0,129246518015862	
4775	1,38214719295502	4775	0,130650162696838	
4778,125	1,38241755962372	4778,125	0,130289822816849	
4781,25	1,38331723213196	4781,25	0,131654500961304	
4784,375	1,38597059249878	4784,375	0,134398221969604	
4787,5	1,38645803928375	4787,5	0,135687470436096	
4790,625	1,38844704627991	4790,625	0,138139337301254	
4793,75	1,38844048976898	4793,75	0,140840128064156	
4796,875	1,38901829719543	4796,875	0,143360525369644	
4800	1,39059615135193	4800	0,145297974348068	
4803,125	1,39132177829742	4803,125	0,149083122611046	
4806,25	1,39299058914185	4806,25	0,151155069470406	
4809,375	1,39654207229614	4809,375	0,152821436524391	
4812,5	1,4006906747818	4812,5	0,156031295657158	
4815,625	1,40463888645172	4815,625	0,158429384231567	
4818,75	1,40898048877716	4818,75	0,160032793879509	
4821,875	1,41260874271393	4821,875	0,159505978226662	
4825	1,41502165794373	4825	0,157605767250061	
4828,125	1,41614890098572	4828,125	0,151839897036552	
4831,25	1,41702198982239	4831,25	0,148283541202545	
4834,375	1,41499662399292	4834,375	0,15009206533432	
4837,5	1,41366791725159	4837,5	0,150217682123184	
4840,625	1,41357254981995	4840,625	0,153264254331589	
4843,75	1,41135251522064	4843,75	0,155250698328018	
4846,875	1,41046178340912	4846,875	0,156186148524284	
4850	1,41326355934143	4850	0,156942516565323	
4853,125	1,41382873058319	4853,125	0,158458471298218	
4856,25	1,41046500205994	4856,25	0,162378162145615	
4859,375	1,41202187538147	4859,375	0,164491698145866	
4862,5	1,4114750623703	4862,5	0,16551285982132	
4865,625	1,41241633892059	4865,625	0,167845547199249	
4868,75	1,41392230987549	4868,75	0,171083927154541	
4871,875	1,41615724563599	4871,875	0,172315269708633	
4875	1,41405189037323	4875	0,174516305327415	
4878,125	1,41378653049469	4878,125	0,178587183356285	
4881,25	1,41645669937134	4881,25	0,178261801600456	
4884,375	1,41868412494659	4884,375	0,179749965667725	
4887,5	1,41812014579773	4887,5	0,180185705423355	
4890,625	1,41489624977112	4890,625	0,181694656610489	
4893,75	1,41507303714752	4893,75	0,184478282928467	
4896,875	1,41552066802979	4896,875	0,184919506311417	
4900	1,41104173660278	4900	0,18581035733223	
4903,125	1,40840935707092	4903,125	0,189990684390068	
4906,25	1,40808773040771	4906,25	0,192458391189575	
4909,375	1,40324676036835	4909,375	0,198041036725044	
4912,5	1,39888453483582	4912,5	0,204421147704124	
4915,625	1,39669764041901	4915,625	0,209073573350906	
4918,75	1,39501619338989	4918,75	0,216323405504227	
4921,875	1,39594745635986	4921,875	0,223242029547691	
4925	1,3949122428894	4925	0,233701810240746	
4928,125	1,39914333820343	4928,125	0,243438735604286	
4931,25	1,39604413509369	4931,25	0,253619492053986	
4934,375	1,40114831924438	4934,375	0,259333461523056	
4937,5	1,40363097190857	4937,5	0,262550801038742	
4940,625	1,40150284767151	4940,625	0,272656917572021	
4943,75	1,40686619281769	4943,75	0,280403047800064	
4946,875	1,41218638420105	4946,875	0,28494668006897	
4950	1,41117990016937	4950	0,291489213705063	
4953,125	1,41895973682404	4953,125	0,295536875724792	
4956,25	1,4219263792038	4956,25	0,301157414913177	
4959,375	1,42584919929504	4959,375	0,305211842060089	
4962,5	1,42868840694427	4962,5	0,310403615236282	
4965,625	1,4290736913681	4965,625	0,313676089048386	
4968,75	1,42722821235657	4968,75	0,318930894136429	
4971,875	1,43128001689911	4971,875	0,327296018600464	
				
