Frequency in Hz	Acrylic_92 Normalized Surface Impedance continuous Re	Frequency in Hz	Acrylic_92 Normalized Surface Impedance continuous Im	
100	2,04132533073425	100	-13,1379432678223	
103,125	2,10848426818848	103,125	-13,4443311691284	
106,25	1,56776583194733	106,25	-12,4247131347656	
109,375	1,69693064689636	109,375	-13,2637147903442	
112,5	1,91976928710938	112,5	-11,7414150238037	
115,625	2,40515851974487	115,625	-11,3209800720215	
118,75	2,39899611473084	118,75	-11,3433485031128	
121,875	2,14541363716125	121,875	-11,2029390335083	
125	2,16283464431763	125	-11,15882396698	
128,125	2,16679358482361	128,125	-10,8738899230957	
131,25	1,53413486480713	131,25	-10,1129703521729	
134,375	1,95823955535889	134,375	-10,3262538909912	
137,5	2,18824601173401	137,5	-9,69432353973389	
140,625	2,25081944465637	140,625	-10,0687026977539	
143,75	2,10413956642151	143,75	-9,28126525878906	
146,875	1,91474342346191	146,875	-9,28548908233643	
150	1,60188972949982	150	-9,56731128692627	
153,125	2,1262481212616	153,125	-8,68892574310303	
156,25	1,88525664806366	156,25	-8,76613235473633	
159,375	1,74100506305695	159,375	-8,68161487579346	
162,5	1,71934008598328	162,5	-8,70499515533447	
165,625	1,46473741531372	165,625	-8,41011714935303	
168,75	2,14152383804321	168,75	-7,96935939788818	
171,875	1,94398605823517	171,875	-7,71469211578369	
175	1,93462610244751	175	-7,90378522872925	
178,125	2,01441693305969	178,125	-7,57287073135376	
181,25	1,95115625858307	181,25	-7,65931940078735	
184,375	1,78568148612976	184,375	-7,25100708007813	
187,5	1,8274894952774	187,5	-7,37187576293945	
190,625	1,72715532779694	190,625	-7,35775804519653	
193,75	1,8250207901001	193,75	-7,15932559967041	
196,875	1,78934395313263	196,875	-6,92437505722046	
200	1,89847731590271	200	-6,97013139724731	
203,125	1,76464855670929	203,125	-6,60519552230835	
206,25	1,7805300951004	206,25	-6,77303218841553	
209,375	1,80824148654938	209,375	-6,52474403381348	
212,5	1,68067681789398	212,5	-6,65648555755615	
215,625	1,67435550689697	215,625	-6,49899864196777	
218,75	1,80960166454315	218,75	-6,47460317611694	
221,875	1,51184964179993	221,875	-6,17887735366821	
225	1,67207610607147	225	-6,23379611968994	
228,125	1,70008742809296	228,125	-5,99304723739624	
231,25	1,71346628665924	231,25	-5,87088871002197	
234,375	1,6262149810791	234,375	-5,95288372039795	
237,5	1,67344439029694	237,5	-5,83244562149048	
240,625	1,58033561706543	240,625	-5,75528049468994	
243,75	1,68701648712158	243,75	-5,67391395568848	
246,875	1,7673636674881	246,875	-5,51189613342285	
250	1,59382283687592	250	-5,40871667861938	
253,125	1,68496143817902	253,125	-5,48076009750366	
256,25	1,74141383171082	256,25	-5,30818271636963	
259,375	1,6872307062149	259,375	-5,15850400924683	
262,5	1,55149364471436	262,5	-5,27583980560303	
265,625	1,55507206916809	265,625	-5,19715642929077	
268,75	1,54500567913055	268,75	-5,16215753555298	
271,875	1,56943297386169	271,875	-4,9892201423645	
275	1,72019696235657	275	-4,87349081039429	
278,125	1,73113179206848	278,125	-4,87202739715576	
281,25	1,52290296554565	281,25	-4,759521484375	
284,375	1,54491817951202	284,375	-4,7398533821106	
287,5	1,63186633586884	287,5	-4,6495213508606	
290,625	1,60757827758789	290,625	-4,55351448059082	
293,75	1,55822992324829	293,75	-4,51763534545898	
296,875	1,47161483764648	296,875	-4,51257228851318	
300	1,54575133323669	300	-4,36567878723145	
303,125	1,66225266456604	303,125	-4,3469443321228	
306,25	1,54453539848328	306,25	-4,06658601760864	
309,375	1,60136711597443	309,375	-4,14074230194092	
312,5	1,64964067935944	312,5	-4,00747776031494	
315,625	1,65305173397064	315,625	-3,98468828201294	
318,75	1,69008183479309	318,75	-4,00716257095337	
321,875	1,79501235485077	321,875	-4,04979228973389	
325	1,80449104309082	325	-4,07000875473022	
328,125	1,77334654331207	328,125	-4,16365003585815	
331,25	1,61402904987335	331,25	-4,11289119720459	
334,375	1,69479024410248	334,375	-4,03724908828735	
337,5	1,63896524906158	337,5	-4,03833532333374	
340,625	1,69962704181671	340,625	-4,06791496276855	
343,75	1,65700256824493	343,75	-3,94742631912231	
346,875	1,547034740448	346,875	-3,84756755828857	
350	1,60519802570343	350	-3,79521703720093	
353,125	1,43417108058929	353,125	-3,66249656677246	
356,25	1,46790909767151	356,25	-3,78771328926086	
359,375	1,48927247524261	359,375	-3,77390241622925	
362,5	1,46832120418549	362,5	-3,5641758441925	
365,625	1,53503608703613	365,625	-3,6794548034668	
368,75	1,55813384056091	368,75	-3,69276762008667	
371,875	1,66963815689087	371,875	-3,57826042175293	
375	1,52052593231201	375	-3,37239575386047	
378,125	1,53303563594818	378,125	-3,4643988609314	
381,25	1,48126327991486	381,25	-3,68579602241516	
384,375	1,51094186306	384,375	-3,54601454734802	
387,5	1,53704273700714	387,5	-3,41914319992065	
390,625	1,54651510715485	390,625	-3,30216574668884	
393,75	1,43234968185425	393,75	-3,27649474143982	
396,875	1,43954944610596	396,875	-3,30139064788818	
400	1,41389906406403	400	-3,36119222640991	
403,125	1,46335577964783	403,125	-3,28192043304443	
406,25	1,51310777664185	406,25	-3,23010492324829	
409,375	1,39931893348694	409,375	-3,26257038116455	
412,5	1,4432201385498	412,5	-3,20092582702637	
415,625	1,59543991088867	415,625	-3,14943695068359	
418,75	1,66058349609375	418,75	-3,03820872306824	
421,875	1,61507928371429	421,875	-3,06891107559204	
425	1,52542340755463	425	-2,99780225753784	
428,125	1,49315464496613	428,125	-3,17688465118408	
431,25	1,57832288742065	431,25	-3,170578956604	
434,375	1,65552544593811	434,375	-2,97495174407959	
437,5	1,63403725624084	437,5	-2,93886590003967	
440,625	1,55685520172119	440,625	-2,9338002204895	
443,75	1,57011294364929	443,75	-2,87514019012451	
446,875	1,54467141628265	446,875	-2,91581320762634	
450	1,55956757068634	450	-2,91481566429138	
453,125	1,52693557739258	453,125	-2,82583498954773	
456,25	1,54677200317383	456,25	-2,74421381950378	
459,375	1,54276514053345	459,375	-2,75657606124878	
462,5	1,50676119327545	462,5	-2,73233532905579	
465,625	1,48758804798126	465,625	-2,72646284103394	
468,75	1,53055167198181	468,75	-2,74651837348938	
471,875	1,53814923763275	471,875	-2,70464825630188	
475	1,46936857700348	475	-2,69933104515076	
478,125	1,4840430021286	478,125	-2,69186353683472	
481,25	1,53718173503876	481,25	-2,66080975532532	
484,375	1,53354835510254	484,375	-2,63765335083008	
487,5	1,53394711017609	487,5	-2,62573528289795	
490,625	1,50082755088806	490,625	-2,60027647018433	
493,75	1,49942409992218	493,75	-2,58299350738525	
496,875	1,50824558734894	496,875	-2,52498650550842	
500	1,52460360527039	500	-2,54029607772827	
503,125	1,52313959598541	503,125	-2,5255651473999	
506,25	1,50600612163544	506,25	-2,52131128311157	
509,375	1,50312530994415	509,375	-2,50065088272095	
512,5	1,51377177238464	512,5	-2,47255921363831	
515,625	1,5160094499588	515,625	-2,44104051589966	
518,75	1,47395420074463	518,75	-2,44098615646362	
521,875	1,4716991186142	521,875	-2,43341684341431	
525	1,48907256126404	525	-2,39095067977905	
528,125	1,5070812702179	528,125	-2,38797998428345	
531,25	1,50029563903809	531,25	-2,37859749794006	
534,375	1,50825130939484	534,375	-2,3702085018158	
537,5	1,51455414295197	537,5	-2,350022315979	
540,625	1,50578284263611	540,625	-2,34508156776428	
543,75	1,49058258533478	543,75	-2,30740094184875	
546,875	1,51039886474609	546,875	-2,27915978431702	
550	1,48939287662506	550	-2,26714754104614	
553,125	1,50810599327087	553,125	-2,26971673965454	
556,25	1,66128432750702	556,25	-2,28107404708862	
559,375	1,67739737033844	559,375	-2,2798490524292	
562,5	1,66459739208221	562,5	-2,27815723419189	
565,625	1,66892755031586	565,625	-2,28663563728333	
568,75	1,67559158802032	568,75	-2,23955464363098	
571,875	1,68379390239716	571,875	-2,22620224952698	
575	1,67481303215027	575	-2,22167205810547	
578,125	1,6768958568573	578,125	-2,21969509124756	
581,25	1,69803774356842	581,25	-2,2000093460083	
584,375	1,67442393302917	584,375	-2,18005132675171	
587,5	1,68397974967957	587,5	-2,17772364616394	
590,625	1,67931342124939	590,625	-2,16536283493042	
593,75	1,67460083961487	593,75	-2,14652895927429	
596,875	1,68544805049896	596,875	-2,139888048172	
600	1,69359266757965	600	-2,14097738265991	
603,125	1,67646217346191	603,125	-2,11355924606323	
606,25	1,69692051410675	606,25	-2,09704685211182	
609,375	1,68039488792419	609,375	-2,06428027153015	
612,5	1,6895946264267	612,5	-2,06763243675232	
615,625	1,68854081630707	615,625	-2,0463604927063	
618,75	1,68319201469421	618,75	-2,04620289802551	
621,875	1,68102669715881	621,875	-2,0242166519165	
625	1,69251489639282	625	-2,01477813720703	
628,125	1,68075668811798	628,125	-2,00589156150818	
631,25	1,68629264831543	631,25	-1,99867391586304	
634,375	1,68843877315521	634,375	-1,98199415206909	
637,5	1,69787907600403	637,5	-1,96409976482391	
640,625	1,68861830234528	640,625	-1,95257389545441	
643,75	1,6812196969986	643,75	-1,94852447509766	
646,875	1,69054198265076	646,875	-1,93440771102905	
650	1,69309556484222	650	-1,92260599136353	
653,125	1,68849015235901	653,125	-1,91788136959076	
656,25	1,69249248504639	656,25	-1,91287577152252	
659,375	1,682049036026	659,375	-1,90007746219635	
662,5	1,6927285194397	662,5	-1,88386917114258	
665,625	1,69016706943512	665,625	-1,87981915473938	
668,75	1,69397103786469	668,75	-1,8660010099411	
671,875	1,69939863681793	671,875	-1,85460901260376	
675	1,70263636112213	675	-1,84575378894806	
678,125	1,70171093940735	678,125	-1,82686758041382	
681,25	1,69636487960815	681,25	-1,81766581535339	
684,375	1,70182621479034	684,375	-1,8122318983078	
687,5	1,70111191272736	687,5	-1,7932493686676	
690,625	1,70039689540863	690,625	-1,78589534759521	
693,75	1,71054708957672	693,75	-1,77902698516846	
696,875	1,71231770515442	696,875	-1,76571881771088	
700	1,7045818567276	700	-1,76796460151672	
703,125	1,69984865188599	703,125	-1,76524484157562	
706,25	1,69558382034302	706,25	-1,7402731180191	
709,375	1,69791626930237	709,375	-1,73350131511688	
712,5	1,68785011768341	712,5	-1,72982823848724	
715,625	1,69736003875732	715,625	-1,71446073055267	
718,75	1,6984920501709	718,75	-1,69381296634674	
721,875	1,69416725635529	721,875	-1,69776523113251	
725	1,70227420330048	725	-1,68545496463776	
728,125	1,70405304431915	728,125	-1,66958165168762	
731,25	1,69442880153656	731,25	-1,66961991786957	
734,375	1,70217728614807	734,375	-1,65584313869476	
737,5	1,70630609989166	737,5	-1,64785575866699	
740,625	1,70411586761475	740,625	-1,63532972335815	
743,75	1,70738959312439	743,75	-1,62779629230499	
746,875	1,70934092998505	746,875	-1,62704730033875	
750	1,70985162258148	750	-1,60544073581696	
753,125	1,71688365936279	753,125	-1,59731996059418	
756,25	1,71855974197388	756,25	-1,59155666828156	
759,375	1,71220850944519	759,375	-1,5893235206604	
762,5	1,71807372570038	762,5	-1,57449495792389	
765,625	1,72108912467957	765,625	-1,56821930408478	
768,75	1,7289696931839	768,75	-1,54881119728088	
771,875	1,71709144115448	771,875	-1,54164576530457	
775	1,72777569293976	775	-1,54459774494171	
778,125	1,73460471630096	778,125	-1,52808272838593	
781,25	1,72937560081482	781,25	-1,52443158626556	
784,375	1,72409427165985	784,375	-1,51776301860809	
787,5	1,73550760746002	787,5	-1,50257122516632	
790,625	1,73125064373016	790,625	-1,4986469745636	
793,75	1,73851525783539	793,75	-1,4928013086319	
796,875	1,73145627975464	796,875	-1,4821355342865	
800	1,73603188991547	800	-1,47725021839142	
803,125	1,74802315235138	803,125	-1,47659778594971	
806,25	1,74704921245575	806,25	-1,47824358940125	
809,375	1,74936783313751	809,375	-1,46813833713531	
812,5	1,74754917621613	812,5	-1,45433485507965	
815,625	1,75494635105133	815,625	-1,43913900852203	
818,75	1,75195169448853	818,75	-1,43526029586792	
821,875	1,75313079357147	821,875	-1,42792963981628	
825	1,74586200714111	825	-1,42157649993896	
828,125	1,75352740287781	828,125	-1,41212201118469	
831,25	1,76392710208893	831,25	-1,39956104755402	
834,375	1,76708316802979	834,375	-1,39947474002838	
837,5	1,76826250553131	837,5	-1,40185046195984	
840,625	1,77637004852295	840,625	-1,39434933662415	
843,75	1,77020823955536	843,75	-1,38671958446503	
846,875	1,77218699455261	846,875	-1,39130973815918	
850	1,76394474506378	850	-1,36412382125854	
853,125	1,76878488063812	853,125	-1,36465263366699	
856,25	1,78944253921509	856,25	-1,36194837093353	
859,375	1,79195535182953	859,375	-1,35054183006287	
862,5	1,78341233730316	862,5	-1,34681391716003	
865,625	1,78651690483093	865,625	-1,3438059091568	
868,75	1,79301571846008	868,75	-1,34377920627594	
871,875	1,7897744178772	871,875	-1,33969330787659	
875	1,78844308853149	875	-1,33428263664246	
878,125	1,80101990699768	878,125	-1,31715416908264	
881,25	1,79745042324066	881,25	-1,31713211536407	
884,375	1,90659368038177	884,375	-1,22947919368744	
887,5	1,91167974472046	887,5	-1,2183324098587	
890,625	1,91001117229462	890,625	-1,21664357185364	
893,75	1,9116176366806	893,75	-1,21295773983002	
896,875	1,90822243690491	896,875	-1,20390701293945	
900	1,91238522529602	900	-1,20103573799133	
903,125	1,91011703014374	903,125	-1,19447922706604	
906,25	1,91276788711548	906,25	-1,17774987220764	
909,375	1,9159209728241	909,375	-1,1716890335083	
912,5	1,91034293174744	912,5	-1,17054629325867	
915,625	1,91726195812225	915,625	-1,1574969291687	
918,75	1,9181717634201	918,75	-1,14565372467041	
921,875	1,90735149383545	921,875	-1,14795684814453	
925	1,90939724445343	925	-1,13773858547211	
928,125	1,91373026371002	928,125	-1,13658571243286	
931,25	1,9181489944458	931,25	-1,13588321208954	
934,375	1,92106938362122	934,375	-1,12879586219788	
937,5	1,9167582988739	937,5	-1,12977957725525	
940,625	1,91562187671661	940,625	-1,11662077903748	
943,75	1,91860604286194	943,75	-1,10601270198822	
946,875	1,9204249382019	946,875	-1,10002052783966	
950	1,92337906360626	950	-1,0971691608429	
953,125	1,92009723186493	953,125	-1,08899772167206	
956,25	1,9210616350174	956,25	-1,07860064506531	
959,375	1,9202196598053	959,375	-1,07334899902344	
962,5	1,91800916194916	962,5	-1,06843221187592	
965,625	1,92311370372772	965,625	-1,06052196025848	
968,75	1,93026399612427	968,75	-1,05930769443512	
971,875	1,92214107513428	971,875	-1,0544261932373	
975	1,91831886768341	975	-1,04752838611603	
978,125	1,92393171787262	978,125	-1,04397630691528	
981,25	1,92032420635223	981,25	-1,03425788879395	
984,375	1,92544329166412	984,375	-1,03284001350403	
987,5	1,93042385578156	987,5	-1,02742040157318	
990,625	1,9273202419281	990,625	-1,02116620540619	
993,75	1,93121612071991	993,75	-1,02039420604706	
996,875	1,93165028095245	996,875	-1,00845575332642	
1000	1,92970407009125	1000	-1,00371789932251	
1003,125	1,93442356586456	1003,125	-0,998849451541901	
1006,25	1,93384671211243	1006,25	-0,991452991962433	
1009,375	1,93457126617432	1009,375	-0,988197028636932	
1012,5	1,93437111377716	1012,5	-0,985611021518707	
1015,625	1,93672478199005	1015,625	-0,971341490745544	
1018,75	1,93023097515106	1018,75	-0,973924338817596	
1021,875	1,9371452331543	1021,875	-0,9684117436409	
1025	1,93555510044098	1025	-0,965730488300323	
1028,125	1,93728935718536	1028,125	-0,958400428295136	
1031,25	1,93892228603363	1031,25	-0,956525862216949	
1034,375	1,94168937206268	1034,375	-0,951240122318268	
1037,5	1,93799614906311	1037,5	-0,94568657875061	
1040,625	1,94135618209839	1040,625	-0,941138625144959	
1043,75	1,94013941287994	1043,75	-0,935282409191132	
1046,875	1,94359159469604	1046,875	-0,932060956954956	
1050	1,94152569770813	1050	-0,928554534912109	
1053,125	1,94705474376678	1053,125	-0,928409337997437	
1056,25	1,94479477405548	1056,25	-0,924595832824707	
1059,375	1,9457870721817	1059,375	-0,913954854011536	
1062,5	1,949383020401	1062,5	-0,911835193634033	
1065,625	1,94462704658508	1065,625	-0,910670220851898	
1068,75	1,94659674167633	1068,75	-0,903805613517761	
1071,875	1,94923341274261	1071,875	-0,900876343250275	
1075	1,94793462753296	1075	-0,89616072177887	
1078,125	1,94881546497345	1078,125	-0,893853604793549	
1081,25	1,95205807685852	1081,25	-0,886867225170136	
1084,375	1,9503333568573	1084,375	-0,882253348827362	
1087,5	1,94948184490204	1087,5	-0,878912091255188	
1090,625	1,95013546943665	1090,625	-0,873934209346771	
1093,75	1,95156216621399	1093,75	-0,87100225687027	
1096,875	1,950443983078	1096,875	-0,869747042655945	
1100	1,95311200618744	1100	-0,866066575050354	
1103,125	1,95288777351379	1103,125	-0,86531126499176	
1106,25	1,95083403587341	1106,25	-0,852926254272461	
1109,375	1,94920039176941	1109,375	-0,852380931377411	
1112,5	1,95588779449463	1112,5	-0,85468602180481	
1115,625	1,95815467834473	1115,625	-0,849933326244354	
1118,75	1,95515501499176	1118,75	-0,845657408237457	
1121,875	1,95464289188385	1121,875	-0,842887997627258	
1125	1,95819735527039	1125	-0,840603530406952	
1128,125	1,95868468284607	1128,125	-0,836292207241058	
1131,25	1,95340704917908	1131,25	-0,83557653427124	
1134,375	1,95875644683838	1134,375	-0,830142319202423	
1137,5	1,9556348323822	1137,5	-0,830584943294525	
1140,625	1,9580944776535	1140,625	-0,831501424312592	
1143,75	1,95362722873688	1143,75	-0,828564584255219	
1146,875	1,95444774627686	1146,875	-0,831219613552094	
1150	1,96116089820862	1150	-0,825702428817749	
1153,125	1,9610880613327	1153,125	-0,820898354053497	
1156,25	1,95933473110199	1156,25	-0,8163081407547	
1159,375	1,95623195171356	1159,375	-0,816332101821899	
1162,5	1,95401263237	1162,5	-0,813966453075409	
1165,625	1,95462465286255	1165,625	-0,810592234134674	
1168,75	1,9608941078186	1168,75	-0,813877165317535	
1171,875	1,95713746547699	1171,875	-0,814577341079712	
1175	1,96238851547241	1175	-0,809224307537079	
1178,125	1,96481132507324	1178,125	-0,808781266212463	
1181,25	1,96117615699768	1181,25	-0,805698812007904	
1184,375	1,95574951171875	1184,375	-0,80334347486496	
1187,5	1,95922327041626	1187,5	-0,802906155586243	
1190,625	1,95771265029907	1190,625	-0,798642516136169	
1193,75	1,9581550359726	1193,75	-0,795204281806946	
1196,875	1,95488119125366	1196,875	-0,794640123844147	
1200	1,9562429189682	1200	-0,796733856201172	
1203,125	1,95207548141479	1203,125	-0,792838931083679	
1206,25	1,9571772813797	1206,25	-0,79576188325882	
1209,375	1,96087312698364	1209,375	-0,791814208030701	
1212,5	1,95203971862793	1212,5	-0,795544266700745	
1215,625	1,95262908935547	1215,625	-0,795928180217743	
1218,75	1,95078003406525	1218,75	-0,797621428966522	
1221,875	1,94810926914215	1221,875	-0,798007607460022	
1225	1,95286250114441	1225	-0,802210569381714	
1228,125	1,95006608963013	1228,125	-0,794453501701355	
1231,25	1,95330965518951	1231,25	-0,793136596679688	
1234,375	1,94683384895325	1234,375	-0,791153848171234	
1237,5	1,94046473503113	1237,5	-0,80054897069931	
1240,625	1,93933606147766	1240,625	-0,810599207878113	
1243,75	1,93793869018555	1243,75	-0,806304395198822	
1246,875	1,94449210166931	1246,875	-0,812896311283112	
1250	1,9318368434906	1250	-0,810606002807617	
1253,125	1,93074631690979	1253,125	-0,807367861270905	
1256,25	1,93295919895172	1256,25	-0,811742603778839	
1259,375	1,93304812908173	1259,375	-0,808113217353821	
1262,5	1,91389191150665	1262,5	-0,809887051582336	
1265,625	1,91328966617584	1265,625	-0,822335839271545	
1268,75	1,90591657161713	1268,75	-0,819326102733612	
1271,875	1,90016901493073	1271,875	-0,821355760097504	
1275	1,89616596698761	1275	-0,828303396701813	
1278,125	1,89616703987122	1278,125	-0,83102422952652	
1281,25	1,87762379646301	1281,25	-0,831268846988678	
1284,375	1,87569284439087	1284,375	-0,837258338928223	
1287,5	1,86846399307251	1287,5	-0,844092309474945	
1290,625	1,85699880123138	1290,625	-0,852447271347046	
1293,75	1,85078942775726	1293,75	-0,851365923881531	
1296,875	1,83366560935974	1296,875	-0,846059620380402	
1300	1,81595253944397	1300	-0,85185307264328	
1303,125	1,81091976165771	1303,125	-0,860236823558807	
1306,25	1,80285906791687	1306,25	-0,86119019985199	
1309,375	1,77131021022797	1309,375	-0,875160694122314	
1312,5	1,76219809055328	1312,5	-0,880116403102875	
1315,625	1,74267530441284	1315,625	-0,873010754585266	
1318,75	1,72998011112213	1318,75	-0,863206505775452	
1321,875	1,70004856586456	1321,875	-0,86182963848114	
1325	1,68626093864441	1325	-0,865954637527466	
1328,125	1,66336834430695	1328,125	-0,852483570575714	
1331,25	1,63229310512543	1331,25	-0,851580500602722	
1334,375	1,61329817771912	1334,375	-0,850768506526947	
1337,5	1,58635771274567	1337,5	-0,839398324489594	
1340,625	1,55795836448669	1340,625	-0,828837096691132	
1343,75	1,5349235534668	1343,75	-0,819602370262146	
1346,875	1,50639271736145	1346,875	-0,795232474803925	
1350	1,48472249507904	1350	-0,762466430664063	
1353,125	1,45713305473328	1353,125	-0,748220145702362	
1356,25	1,42810750007629	1356,25	-0,736615836620331	
1359,375	1,40809404850006	1359,375	-0,702775239944458	
1362,5	1,39891910552979	1362,5	-0,671312212944031	
1365,625	1,36590731143951	1365,625	-0,636357843875885	
1368,75	1,37364554405212	1368,75	-0,591522216796875	
1371,875	1,38287317752838	1371,875	-0,556283950805664	
1375	1,37088644504547	1375	-0,519364655017853	
1378,125	1,36203169822693	1378,125	-0,487895429134369	
1381,25	1,36356163024902	1381,25	-0,450241178274155	
1384,375	1,37434101104736	1384,375	-0,417183190584183	
1387,5	1,38058340549469	1387,5	-0,385067194700241	
1390,625	1,3931976556778	1390,625	-0,352838158607483	
1393,75	1,40369367599487	1393,75	-0,325461745262146	
1396,875	1,41953456401825	1396,875	-0,298958480358124	
1400	1,42993438243866	1400	-0,270892381668091	
1403,125	1,44886326789856	1403,125	-0,246769517660141	
1406,25	1,46644258499146	1406,25	-0,228479564189911	
1409,375	1,48644077777863	1409,375	-0,208182618021965	
1412,5	1,49876022338867	1412,5	-0,192092850804329	
1415,625	1,51782858371735	1415,625	-0,175694450736046	
1418,75	1,53968715667725	1418,75	-0,158296570181847	
1421,875	1,55274164676666	1421,875	-0,145789980888367	
1425	1,57018744945526	1425	-0,140909135341644	
1428,125	1,58977961540222	1428,125	-0,135188981890678	
1431,25	1,60449266433716	1431,25	-0,126763910055161	
1434,375	1,62074077129364	1434,375	-0,117717832326889	
1437,5	1,6317310333252	1437,5	-0,110431656241417	
1440,625	1,64713048934937	1440,625	-0,103321403264999	
1443,75	1,65819919109344	1443,75	-0,101129427552223	
1446,875	1,67131078243256	1446,875	-0,0954395979642868	
1450	1,68324649333954	1450	-0,0938516855239868	
1453,125	1,69430315494537	1453,125	-0,0889697298407555	
1456,25	1,70647883415222	1456,25	-0,0871415585279465	
1459,375	1,71825182437897	1459,375	-0,0802208855748177	
1462,5	1,72688519954681	1462,5	-0,0787886306643486	
1465,625	1,73663914203644	1465,625	-0,0767857581377029	
1468,75	1,74667453765869	1468,75	-0,0730262771248817	
1471,875	1,75701236724854	1471,875	-0,0728309154510498	
1475	1,76527082920074	1475	-0,0690154582262039	
1478,125	1,77474129199982	1478,125	-0,0670379847288132	
1481,25	1,78479635715485	1481,25	-0,0647035762667656	
1484,375	1,79140877723694	1484,375	-0,0645048543810844	
1487,5	1,79841125011444	1487,5	-0,0635290816426277	
1490,625	1,80499804019928	1490,625	-0,0649888068437576	
1493,75	1,81092286109924	1493,75	-0,0600720420479774	
1496,875	1,81936931610107	1496,875	-0,0590658970177174	
1500	1,82556855678558	1500	-0,0596212483942509	
1503,125	1,83092176914215	1503,125	-0,0562657341361046	
1506,25	1,83208155632019	1506,25	-0,057146854698658	
1509,375	1,84033679962158	1509,375	-0,0569477640092373	
1512,5	1,84892129898071	1512,5	-0,054411455988884	
1515,625	1,85500752925873	1515,625	-0,0532495938241482	
1518,75	1,86325716972351	1518,75	-0,0537644028663635	
1521,875	1,86849176883698	1521,875	-0,0518031492829323	
1525	1,87265992164612	1525	-0,0530178025364876	
1528,125	1,87567174434662	1528,125	-0,0511765331029892	
1531,25	1,88173294067383	1531,25	-0,0498080439865589	
1534,375	1,88735044002533	1534,375	-0,0512589029967785	
1537,5	1,89183735847473	1537,5	-0,0508840568363667	
1540,625	1,89874458312988	1540,625	-0,0514960177242756	
1543,75	1,90190482139587	1543,75	-0,0527938343584538	
1546,875	1,90604019165039	1546,875	-0,0529258325695992	
1550	1,91289126873016	1550	-0,0544013455510139	
1553,125	1,91498136520386	1553,125	-0,0557965114712715	
1556,25	1,92123007774353	1556,25	-0,0575176626443863	
1559,375	1,92083299160004	1559,375	-0,0626203864812851	
1562,5	1,9231915473938	1562,5	-0,0623010769486427	
1565,625	1,92274844646454	1565,625	-0,0622999928891659	
1568,75	1,92175483703613	1568,75	-0,0634225755929947	
1571,875	1,92385590076447	1571,875	-0,0637939944863319	
1575	1,92626965045929	1575	-0,0653764829039574	
1578,125	1,92511355876923	1578,125	-0,0651922598481178	
1581,25	1,92343723773956	1581,25	-0,0667699873447418	
1584,375	1,92095386981964	1584,375	-0,0652039796113968	
1587,5	1,92057168483734	1587,5	-0,0645778924226761	
1590,625	1,92422115802765	1590,625	-0,0635912492871284	
1593,75	1,92449176311493	1593,75	-0,0623770207166672	
1596,875	1,92123210430145	1596,875	-0,0640317127108574	
1600	1,92262864112854	1600	-0,0604442059993744	
1603,125	1,92173230648041	1603,125	-0,0606438331305981	
1606,25	1,92255699634552	1606,25	-0,0561190992593765	
1609,375	1,91733193397522	1609,375	-0,0587480738759041	
1612,5	1,91503012180328	1612,5	-0,0568980500102043	
1615,625	1,91301476955414	1615,625	-0,0529184192419052	
1618,75	1,91085398197174	1618,75	-0,0497757792472839	
1621,875	1,91056716442108	1621,875	-0,0434344932436943	
1625	1,90188491344452	1625	-0,0406358391046524	
1628,125	1,90308034420013	1628,125	-0,0348205901682377	
1631,25	1,90249884128571	1631,25	-0,0298884380608797	
1634,375	1,90530335903168	1634,375	-0,0230976399034262	
1637,5	1,90324652194977	1637,5	-0,0195690151304007	
1640,625	1,9102942943573	1640,625	-0,0146641209721565	
1643,75	1,91050958633423	1643,75	-0,00991686899214983	
1646,875	1,9109491109848	1646,875	0,000102670885098632	
1650	1,91277527809143	1650	0,00576911773532629	
1653,125	1,91776442527771	1653,125	0,00813645962625742	
1656,25	1,92106711864471	1656,25	0,0169497039169073	
1659,375	1,92194163799286	1659,375	0,0216773971915245	
1662,5	1,92746996879578	1662,5	0,0274635571986437	
1665,625	1,93393349647522	1665,625	0,0334469154477119	
1668,75	1,9365326166153	1668,75	0,0341623164713383	
1671,875	1,93735063076019	1671,875	0,0341514386236668	
1675	1,94682133197784	1675	0,0432713553309441	
1678,125	1,95263636112213	1678,125	0,0430440381169319	
1681,25	1,95860052108765	1681,25	0,0474201440811157	
1684,375	1,96264135837555	1684,375	0,0490555427968502	
1687,5	1,96452498435974	1687,5	0,0449667870998383	
1690,625	1,970951795578	1690,625	0,0499005503952503	
1693,75	1,97117793560028	1693,75	0,0479594394564629	
1696,875	1,97592449188232	1696,875	0,0515987575054169	
1700	1,98213756084442	1700	0,0508439615368843	
1703,125	1,98760426044464	1703,125	0,0503440499305725	
1706,25	1,9879504442215	1706,25	0,053528867661953	
1709,375	1,99028408527374	1709,375	0,0511250533163548	
1712,5	1,99450993537903	1712,5	0,0533719472587109	
1715,625	1,99921524524689	1715,625	0,0497709885239601	
1718,75	1,99961388111115	1718,75	0,0526029169559479	
1721,875	2,00334644317627	1721,875	0,0485662296414375	
1725	2,00715088844299	1725	0,0494538098573685	
1728,125	2,00563430786133	1728,125	0,0395928844809532	
1731,25	2,00424981117249	1731,25	0,0440674535930157	
1734,375	2,00840425491333	1734,375	0,0457938499748707	
1737,5	2,01081085205078	1737,5	0,0425356850028038	
1740,625	2,01748299598694	1740,625	0,0406168550252914	
1743,75	2,00669097900391	1743,75	0,0382064394652843	
1746,875	2,00418329238892	1746,875	0,0362718962132931	
1750	2,00941729545593	1750	0,0315745957195759	
1753,125	2,00680375099182	1753,125	0,0237262565642595	
1756,25	2,00659799575806	1756,25	0,0202774778008461	
1759,375	1,99943506717682	1759,375	0,019475270062685	
1762,5	1,99824726581573	1762,5	0,0208096709102392	
1765,625	1,99461936950684	1765,625	0,0207876060158014	
1768,75	1,99151492118835	1768,75	0,0172723587602377	
1771,875	1,98307693004608	1771,875	0,0254299286752939	
1775	1,97938942909241	1775	0,0336130075156689	
1778,125	1,98022270202637	1778,125	0,0349050499498844	
1781,25	1,9838011264801	1781,25	0,0378500632941723	
1784,375	1,98088657855988	1784,375	0,0419175773859024	
1787,5	1,97844839096069	1787,5	0,04329002648592	
1790,625	1,9792982339859	1790,625	0,0474469698965549	
1793,75	1,98358929157257	1793,75	0,0444530919194222	
1796,875	1,98016405105591	1796,875	0,0409415364265442	
1800	1,97821283340454	1800	0,0480289496481419	
1803,125	1,97467291355133	1803,125	0,0496752038598061	
1806,25	1,97327220439911	1806,25	0,0518133714795113	
1809,375	1,97093021869659	1809,375	0,0559967868030071	
1812,5	1,97147691249847	1812,5	0,0594830475747585	
1815,625	1,97526669502258	1815,625	0,0640119612216949	
1818,75	1,97051286697388	1818,75	0,0661863386631012	
1821,875	1,96734571456909	1821,875	0,0679101496934891	
1825	1,96798574924469	1825	0,0701200067996979	
1828,125	1,96738493442535	1828,125	0,071284681558609	
1831,25	1,96755301952362	1831,25	0,0764417946338654	
1834,375	1,97121870517731	1834,375	0,0793344974517822	
1837,5	1,96283769607544	1837,5	0,0815753489732742	
1840,625	1,9624365568161	1840,625	0,0837672725319862	
1843,75	1,96235275268555	1843,75	0,0882099866867065	
1846,875	1,96452474594116	1846,875	0,0879694297909737	
1850	1,97189974784851	1850	0,0873027145862579	
1853,125	1,96858990192413	1853,125	0,0918607860803604	
1856,25	1,9653205871582	1856,25	0,0979728996753693	
1859,375	1,96841549873352	1859,375	0,100313626229763	
1862,5	1,9713362455368	1862,5	0,102292075753212	
1865,625	1,97121906280518	1865,625	0,101933166384697	
1868,75	1,97076106071472	1868,75	0,106796257197857	
1871,875	1,97094762325287	1871,875	0,108173884451389	
1875	1,97066652774811	1875	0,110718756914139	
1878,125	1,96704399585724	1878,125	0,111012242734432	
1881,25	1,97158122062683	1881,25	0,113823495805264	
1884,375	1,96996545791626	1884,375	0,119443163275719	
1887,5	1,97027695178986	1887,5	0,119002640247345	
1890,625	1,97681212425232	1890,625	0,122467905282974	
1893,75	1,97058391571045	1893,75	0,116711907088757	
1896,875	1,97222447395325	1896,875	0,123771890997887	
1900	1,97182989120483	1900	0,128330066800117	
1903,125	1,97116315364838	1903,125	0,12933386862278	
1906,25	1,97365021705627	1906,25	0,129771634936333	
1909,375	1,97265732288361	1909,375	0,133650839328766	
1912,5	1,96999025344849	1912,5	0,134677231311798	
1915,625	1,96866703033447	1915,625	0,133509665727615	
1918,75	1,97278773784637	1918,75	0,139587268233299	
1921,875	1,96804571151733	1921,875	0,13823290169239	
1925	1,96926653385162	1925	0,139311566948891	
1928,125	1,96701729297638	1928,125	0,143108889460564	
1931,25	1,97003555297852	1931,25	0,143653437495232	
1934,375	1,97441220283508	1934,375	0,142639324069023	
1937,5	1,9755619764328	1937,5	0,147143945097923	
1940,625	1,97825253009796	1940,625	0,14787320792675	
1943,75	1,97236835956573	1943,75	0,148427620530128	
1946,875	1,96800029277802	1946,875	0,154437884688377	
1950	1,97108268737793	1950	0,152293398976326	
1953,125	1,97139167785645	1953,125	0,157895430922508	
1956,25	1,97257280349731	1956,25	0,158700957894325	
1959,375	1,97512936592102	1959,375	0,162873581051826	
1962,5	1,97200858592987	1962,5	0,158740997314453	
1965,625	1,96802914142609	1965,625	0,162785351276398	
1968,75	1,97193205356598	1968,75	0,16626712679863	
1971,875	1,97591865062714	1971,875	0,164800971746445	
1975	1,96481227874756	1975	0,173672378063202	
1978,125	1,96631646156311	1978,125	0,170384973287582	
1981,25	1,96879148483276	1981,25	0,172419726848602	
1984,375	1,9652065038681	1984,375	0,174969851970673	
1987,5	1,97091424465179	1987,5	0,178716108202934	
1990,625	1,97578120231628	1990,625	0,17491403222084	
1993,75	1,97011017799377	1993,75	0,178161889314651	
1996,875	1,97001504898071	1996,875	0,180608972907066	
2000	1,97184944152832	2000	0,185081601142883	
2003,125	1,96847093105316	2003,125	0,184642925858498	
2006,25	1,96873092651367	2006,25	0,192110702395439	
2009,375	1,96536529064178	2009,375	0,186954692006111	
2012,5	1,96677362918854	2012,5	0,191846594214439	
2015,625	1,96579039096832	2015,625	0,195666700601578	
2018,75	1,96702027320862	2018,75	0,194519907236099	
2021,875	1,96547985076904	2021,875	0,196823641657829	
2025	1,9636002779007	2025	0,202701821923256	
2028,125	1,96089649200439	2028,125	0,202799931168556	
2031,25	1,96512806415558	2031,25	0,205997422337532	
2034,375	1,96489596366882	2034,375	0,20771598815918	
2037,5	1,96029818058014	2037,5	0,210184291005135	
2040,625	1,96649062633514	2040,625	0,209905818104744	
2043,75	1,96620166301727	2043,75	0,215716794133186	
2046,875	1,9684853553772	2046,875	0,215601474046707	
2050	1,97105860710144	2050	0,213707879185677	
2053,125	1,96344828605652	2053,125	0,225155115127563	
2056,25	1,96418344974518	2056,25	0,216852471232414	
2059,375	1,97167468070984	2059,375	0,222565844655037	
2062,5	1,96848464012146	2062,5	0,229558303952217	
2065,625	1,96653592586517	2065,625	0,229381948709488	
2068,75	1,97134625911713	2068,75	0,234851479530334	
2071,875	1,97611594200134	2071,875	0,230493262410164	
2075	1,97612237930298	2075	0,238039806485176	
2078,125	1,9699422121048	2078,125	0,240657955408096	
2081,25	1,97389125823975	2081,25	0,238470748066902	
2084,375	1,97650837898254	2084,375	0,235213845968246	
2087,5	1,98364722728729	2087,5	0,239713594317436	
2090,625	1,9845198392868	2090,625	0,235778823494911	
2093,75	1,98021650314331	2093,75	0,242128446698189	
2096,875	1,98024356365204	2096,875	0,241124346852303	
2100	1,98350763320923	2100	0,236424893140793	
2103,125	1,98870635032654	2103,125	0,243877813220024	
2106,25	1,98882687091827	2106,25	0,243494361639023	
2109,375	1,99011290073395	2109,375	0,251488208770752	
2112,5	1,98342204093933	2112,5	0,240549355745316	
2115,625	1,98509573936462	2115,625	0,23987041413784	
2118,75	1,98518884181976	2118,75	0,248368009924889	
2121,875	1,98657023906708	2121,875	0,252138137817383	
2125	1,99229800701141	2125	0,246732234954834	
2128,125	1,99441158771515	2128,125	0,24536594748497	
2131,25	1,9881876707077	2131,25	0,250566393136978	
2134,375	1,98328363895416	2134,375	0,251343965530396	
2137,5	1,98724842071533	2137,5	0,251665085554123	
2140,625	1,98872697353363	2140,625	0,250044226646423	
2143,75	1,99121117591858	2143,75	0,247046008706093	
2146,875	1,99261856079102	2146,875	0,249200716614723	
2150	1,98995411396027	2150	0,246045246720314	
2153,125	1,99192190170288	2153,125	0,248022720217705	
2156,25	1,9844377040863	2156,25	0,252267956733704	
2159,375	1,98610734939575	2159,375	0,253891170024872	
2162,5	1,98270797729492	2162,5	0,253177314996719	
2165,625	1,97667145729065	2165,625	0,255478262901306	
2168,75	1,98905837535858	2168,75	0,262977480888367	
2171,875	1,98704314231873	2171,875	0,26055833697319	
2175	1,98096823692322	2175	0,255753666162491	
2178,125	1,98840987682343	2178,125	0,255031853914261	
2181,25	1,9808863401413	2181,25	0,262627840042114	
2184,375	1,98558068275452	2184,375	0,267102807760239	
2187,5	1,98432576656342	2187,5	0,265991032123566	
2190,625	1,98703670501709	2190,625	0,262650161981583	
2193,75	1,98517060279846	2193,75	0,257031440734863	
2196,875	1,98422145843506	2196,875	0,265049785375595	
2200	1,9810311794281	2200	0,266002595424652	
2203,125	1,98368561267853	2203,125	0,262917995452881	
2206,25	1,98297107219696	2206,25	0,261583477258682	
2209,375	1,99079096317291	2209,375	0,268990904092789	
2212,5	1,99373245239258	2212,5	0,268641978502274	
2215,625	1,98854517936707	2215,625	0,269704908132553	
2218,75	1,98785626888275	2218,75	0,270123422145844	
2221,875	1,99028754234314	2221,875	0,276125997304916	
2225	1,99474537372589	2225	0,274677932262421	
2228,125	1,99546718597412	2228,125	0,272851824760437	
2231,25	1,99450981616974	2231,25	0,274779438972473	
2234,375	1,99243474006653	2234,375	0,272023975849152	
2237,5	1,98899221420288	2237,5	0,274006098508835	
2240,625	1,9818480014801	2240,625	0,274532318115234	
2243,75	1,98974001407623	2243,75	0,272525727748871	
2246,875	1,99462938308716	2246,875	0,275852382183075	
2250	1,99111270904541	2250	0,281134128570557	
2253,125	1,99778497219086	2253,125	0,2718126475811	
2256,25	1,99577522277832	2256,25	0,281112521886826	
2259,375	1,99220776557922	2259,375	0,277630895376205	
2262,5	1,99910974502563	2262,5	0,277009874582291	
2265,625	1,99202907085419	2265,625	0,285215079784393	
2268,75	1,99927127361298	2268,75	0,275637269020081	
2271,875	1,99217796325684	2271,875	0,282010346651077	
2275	1,9966139793396	2275	0,283406496047974	
2278,125	1,99200427532196	2278,125	0,284427642822266	
2281,25	1,99293553829193	2281,25	0,272111713886261	
2284,375	1,995485663414	2284,375	0,273128539323807	
2287,5	1,99441015720367	2287,5	0,280549466609955	
2290,625	1,99886453151703	2290,625	0,280443549156189	
2293,75	1,9934424161911	2293,75	0,285250514745712	
2296,875	2,00005102157593	2296,875	0,277381896972656	
2300	1,9975106716156	2300	0,282412499189377	
2303,125	1,9991649389267	2303,125	0,278511375188828	
2306,25	1,99838590621948	2306,25	0,281690984964371	
2309,375	1,99778878688812	2309,375	0,280236780643463	
2312,5	1,9958381652832	2312,5	0,281289964914322	
2315,625	1,99658191204071	2315,625	0,275315582752228	
2318,75	1,99254131317139	2318,75	0,278554767370224	
2321,875	1,99259126186371	2321,875	0,280359774827957	
2325	1,9998162984848	2325	0,276393353939056	
2328,125	1,99941122531891	2328,125	0,282605320215225	
2331,25	2,00061106681824	2331,25	0,282262951135635	
2334,375	1,9962557554245	2334,375	0,282944291830063	
2337,5	1,99595654010773	2337,5	0,277389258146286	
2340,625	1,99736762046814	2340,625	0,285444229841232	
2343,75	2,0065062046051	2343,75	0,286844253540039	
2346,875	2,0020444393158	2346,875	0,280507117509842	
2350	2,00153994560242	2350	0,286515265703201	
2353,125	2,00050377845764	2353,125	0,278551787137985	
2356,25	1,99818348884583	2356,25	0,279815554618835	
2359,375	2,00413799285889	2359,375	0,284729391336441	
2362,5	1,99865698814392	2362,5	0,282869607210159	
2365,625	1,9928594827652	2365,625	0,276596486568451	
2368,75	2,0038788318634	2368,75	0,283440828323364	
2371,875	1,99950420856476	2371,875	0,287850826978683	
2375	1,99999141693115	2375	0,278453648090363	
2378,125	2,00055885314941	2378,125	0,281793147325516	
2381,25	1,99914228916168	2381,25	0,286103546619415	
2384,375	1,99396932125092	2384,375	0,286426395177841	
2387,5	2,00711107254028	2387,5	0,274224579334259	
2390,625	2,00236845016479	2390,625	0,278375804424286	
2393,75	2,00593876838684	2393,75	0,283705711364746	
2396,875	2,00040435791016	2396,875	0,287552803754807	
2400	1,99659860134125	2400	0,279918819665909	
2403,125	1,99938631057739	2403,125	0,282636404037476	
2406,25	1,99751675128937	2406,25	0,278446972370148	
2409,375	1,99882769584656	2409,375	0,279444217681885	
2412,5	1,99749732017517	2412,5	0,283916413784027	
2415,625	2,00456285476685	2415,625	0,279390066862106	
2418,75	2,00247669219971	2418,75	0,278396725654602	
2421,875	2,00575757026672	2421,875	0,285307139158249	
2425	2,0071132183075	2425	0,287103533744812	
2428,125	2,00240898132324	2428,125	0,281164199113846	
2431,25	1,99679613113403	2431,25	0,275767505168915	
2434,375	1,99845206737518	2434,375	0,277599215507507	
2437,5	2,00287413597107	2437,5	0,279017716646194	
2440,625	1,99965417385101	2440,625	0,277774453163147	
2443,75	2,00005459785461	2443,75	0,281685560941696	
2446,875	1,998659491539	2446,875	0,281882017850876	
2450	2,00083661079407	2450	0,283901214599609	
2453,125	2,00318336486816	2453,125	0,28373509645462	
2456,25	1,99988675117493	2456,25	0,27736708521843	
2459,375	2,00153231620789	2459,375	0,278792351484299	
2462,5	2,00641059875488	2462,5	0,281453371047974	
2465,625	1,99871182441711	2465,625	0,282944947481155	
2468,75	1,99564862251282	2468,75	0,27494016289711	
2471,875	2,00220394134521	2471,875	0,276573449373245	
2475	1,99990379810333	2475	0,279239267110825	
2478,125	2,00041723251343	2478,125	0,28026956319809	
2481,25	2,00235557556152	2481,25	0,279633939266205	
2484,375	1,99620401859283	2484,375	0,279086470603943	
2487,5	1,99620974063873	2487,5	0,274235904216766	
2490,625	2,00144696235657	2490,625	0,283608615398407	
2493,75	2,00271034240723	2493,75	0,279315948486328	
2496,875	2,00740885734558	2496,875	0,279055714607239	
2500	2,00091290473938	2500	0,277428358793259	
2503,125	1,99552369117737	2503,125	0,272255778312683	
2506,25	1,99393129348755	2506,25	0,278307229280472	
2509,375	1,99724757671356	2509,375	0,277381598949432	
2512,5	1,99594497680664	2512,5	0,276630073785782	
2515,625	1,9957423210144	2515,625	0,280112624168396	
2518,75	1,99554467201233	2518,75	0,28024634718895	
2521,875	1,99707460403442	2521,875	0,271577537059784	
2525	1,99872934818268	2525	0,279505997896194	
2528,125	2,00387859344482	2528,125	0,273594111204147	
2531,25	1,99943363666534	2531,25	0,274340391159058	
2534,375	1,99015402793884	2534,375	0,277873575687408	
2537,5	1,99719405174255	2537,5	0,270258992910385	
2540,625	1,99686598777771	2540,625	0,267757624387741	
2543,75	1,9930454492569	2543,75	0,277801692485809	
2546,875	1,99082005023956	2546,875	0,278932332992554	
2550	1,98642063140869	2550	0,274252355098724	
2553,125	1,98835921287537	2553,125	0,277045994997025	
2556,25	1,99059236049652	2556,25	0,276302039623261	
2559,375	1,98868656158447	2559,375	0,274582237005234	
2562,5	1,98466670513153	2562,5	0,274176448583603	
2565,625	1,98344385623932	2565,625	0,273803681135178	
2568,75	1,99192428588867	2568,75	0,270966798067093	
2571,875	1,98839294910431	2571,875	0,272808700799942	
2575	1,98485684394836	2575	0,272999554872513	
2578,125	1,98329973220825	2578,125	0,27491357922554	
2581,25	1,9868448972702	2581,25	0,278382569551468	
2584,375	1,98871624469757	2584,375	0,273967772722244	
2587,5	1,98367512226105	2587,5	0,274725437164307	
2590,625	1,98428916931152	2590,625	0,277134001255035	
2593,75	1,99017059803009	2593,75	0,272895485162735	
2596,875	1,98801302909851	2596,875	0,276114076375961	
2600	1,98371934890747	2600	0,276239514350891	
2603,125	1,98080086708069	2603,125	0,273698657751083	
2606,25	1,97974121570587	2606,25	0,278509616851807	
2609,375	1,97732937335968	2609,375	0,276646196842194	
2612,5	1,97481894493103	2612,5	0,273026436567307	
2615,625	1,97864627838135	2615,625	0,273570477962494	
2618,75	1,9797168970108	2618,75	0,278376966714859	
2621,875	1,97593331336975	2621,875	0,278914511203766	
2625	1,97924554347992	2625	0,276551485061646	
2628,125	1,97533702850342	2628,125	0,278176426887512	
2631,25	1,97576463222504	2631,25	0,285342395305634	
2634,375	1,96928346157074	2634,375	0,275797814130783	
2637,5	1,96866142749786	2637,5	0,278879374265671	
2640,625	1,97253406047821	2640,625	0,280857115983963	
2643,75	1,97158193588257	2643,75	0,281012266874313	
2646,875	1,97400259971619	2646,875	0,285892188549042	
2650	1,97246885299683	2650	0,28677174448967	
2653,125	1,97423195838928	2653,125	0,285283535718918	
2656,25	1,97999501228333	2656,25	0,2862868309021	
2659,375	1,97546148300171	2659,375	0,28059720993042	
2662,5	1,97287261486053	2662,5	0,279085457324982	
2665,625	1,97609996795654	2665,625	0,280489802360535	
2668,75	1,97238767147064	2668,75	0,277541875839233	
2671,875	1,97690439224243	2671,875	0,281572431325912	
2675	1,98106634616852	2675	0,283302336931229	
2678,125	1,97535634040833	2678,125	0,278769105672836	
2681,25	1,97574388980865	2681,25	0,279834449291229	
2684,375	1,97426640987396	2684,375	0,280823767185211	
2687,5	1,97484588623047	2687,5	0,27820160984993	
2690,625	1,97382581233978	2690,625	0,27781680226326	
2693,75	1,97384905815125	2693,75	0,282480299472809	
2696,875	1,97937762737274	2696,875	0,279338955879211	
2700	1,97208654880524	2700	0,272297620773315	
2703,125	1,97061133384705	2703,125	0,275409638881683	
2706,25	1,96916246414185	2706,25	0,275936096906662	
2709,375	1,97097444534302	2709,375	0,273854464292526	
2712,5	1,96852087974548	2712,5	0,274354994297028	
2715,625	1,96652376651764	2715,625	0,276856362819672	
2718,75	1,96812379360199	2718,75	0,274353295564651	
2721,875	1,96590960025787	2721,875	0,274131804704666	
2725	1,9666051864624	2725	0,274848818778992	
2728,125	1,96699583530426	2728,125	0,272722840309143	
2731,25	1,96759879589081	2731,25	0,273438721895218	
2734,375	1,96832513809204	2734,375	0,273819118738174	
2737,5	1,96375894546509	2737,5	0,271382302045822	
2740,625	1,96378469467163	2740,625	0,269216567277908	
2743,75	1,96312820911407	2743,75	0,269180119037628	
2746,875	1,96010208129883	2746,875	0,267942011356354	
2750	1,96176195144653	2750	0,273412942886353	
2753,125	1,962482213974	2753,125	0,268588274717331	
2756,25	1,95905804634094	2756,25	0,266540110111237	
2759,375	1,95543467998505	2759,375	0,26631298661232	
2762,5	1,95320403575897	2762,5	0,265360325574875	
2765,625	1,95134162902832	2765,625	0,267444878816605	
2768,75	1,95661973953247	2768,75	0,265464693307877	
2771,875	1,9527200460434	2771,875	0,263734251260757	
2775	1,94856107234955	2775	0,265859931707382	
2778,125	1,9467533826828	2778,125	0,263151079416275	
2781,25	1,94317638874054	2781,25	0,262551039457321	
2784,375	1,94523990154266	2784,375	0,262281119823456	
2787,5	1,94579374790192	2787,5	0,26518177986145	
2790,625	1,94564378261566	2790,625	0,26536026597023	
2793,75	1,94194090366364	2793,75	0,265123695135117	
2796,875	1,94455349445343	2796,875	0,265078961849213	
2800	1,94634389877319	2800	0,262809902429581	
2803,125	1,93970465660095	2803,125	0,265456765890121	
2806,25	1,94111549854279	2806,25	0,263826817274094	
2809,375	1,938600897789	2809,375	0,265037804841995	
2812,5	1,93669140338898	2812,5	0,262021631002426	
2815,625	1,9326479434967	2815,625	0,262647479772568	
2818,75	1,93177485466003	2818,75	0,266949236392975	
2821,875	1,92790794372559	2821,875	0,264217019081116	
2825	1,92769658565521	2825	0,261714369058609	
2828,125	1,92677640914917	2828,125	0,26666584610939	
2831,25	1,92306196689606	2831,25	0,264514118432999	
2834,375	1,92582488059998	2834,375	0,267400503158569	
2837,5	1,92549753189087	2837,5	0,265178889036179	
2840,625	1,92248070240021	2840,625	0,265452355146408	
2843,75	1,92317378520966	2843,75	0,26985040307045	
2846,875	1,9231276512146	2846,875	0,264416664838791	
2850	1,91825664043427	2850	0,268712043762207	
2853,125	1,91637253761292	2853,125	0,26654452085495	
2856,25	1,91622078418732	2856,25	0,269339561462402	
2859,375	1,91379940509796	2859,375	0,269039213657379	
2862,5	1,91648995876312	2862,5	0,268578797578812	
2865,625	1,91341841220856	2865,625	0,270808547735214	
2868,75	1,91280388832092	2868,75	0,274810910224915	
2871,875	1,91400551795959	2871,875	0,270749598741531	
2875	1,91206645965576	2875	0,274518013000488	
2878,125	1,91103279590607	2878,125	0,275522410869598	
2881,25	1,91059362888336	2881,25	0,27356892824173	
2884,375	1,91020250320435	2884,375	0,274985283613205	
2887,5	1,9089891910553	2887,5	0,275914907455444	
2890,625	1,90847325325012	2890,625	0,279345124959946	
2893,75	1,91209268569946	2893,75	0,280581206083298	
2896,875	1,90822422504425	2896,875	0,278340429067612	
2900	1,90833795070648	2900	0,280021995306015	
2903,125	1,90850114822388	2903,125	0,281076520681381	
2906,25	1,90907394886017	2906,25	0,282247424125671	
2909,375	1,91141510009766	2909,375	0,28039276599884	
2912,5	1,91242527961731	2912,5	0,280146688222885	
2915,625	1,91352260112762	2915,625	0,280526161193848	
2918,75	1,91240382194519	2918,75	0,277789294719696	
2921,875	1,91048228740692	2921,875	0,277047336101532	
2925	1,91082727909088	2925	0,275114804506302	
2928,125	1,90769934654236	2928,125	0,27468866109848	
2931,25	1,90753149986267	2931,25	0,278405725955963	
2934,375	1,90405535697937	2934,375	0,274966835975647	
2937,5	1,90293347835541	2937,5	0,274958491325378	
2940,625	1,89957892894745	2940,625	0,274590700864792	
2943,75	1,89649736881256	2943,75	0,277628064155579	
2946,875	1,89705574512482	2946,875	0,279555201530457	
2950	1,89425277709961	2950	0,280136704444885	
2953,125	1,89597070217133	2953,125	0,280616790056229	
2956,25	1,89616096019745	2956,25	0,281884610652924	
2959,375	1,89263367652893	2959,375	0,284121096134186	
2962,5	1,89244341850281	2962,5	0,283478409051895	
2965,625	1,89292371273041	2965,625	0,284281939268112	
2968,75	1,88891196250916	2968,75	0,285375624895096	
2971,875	1,8883763551712	2971,875	0,285786598920822	
2975	1,89085018634796	2975	0,289559155702591	
2978,125	1,89113759994507	2978,125	0,289937376976013	
2981,25	1,88827359676361	2981,25	0,290192306041718	
2984,375	1,88670706748962	2984,375	0,289312243461609	
2987,5	1,88606977462769	2987,5	0,289374649524689	
2990,625	1,88692963123322	2990,625	0,295221894979477	
2993,75	1,88719582557678	2993,75	0,297688066959381	
2996,875	1,88787317276001	2996,875	0,297617524862289	
3000	1,8862441778183	3000	0,295265346765518	
3003,125	1,88646638393402	3003,125	0,296473681926727	
3006,25	1,88857841491699	3006,25	0,299248516559601	
3009,375	1,88821136951447	3009,375	0,297892093658447	
3012,5	1,88866126537323	3012,5	0,301851212978363	
3015,625	1,88890254497528	3015,625	0,299507170915604	
3018,75	1,8914794921875	3018,75	0,304505288600922	
3021,875	1,89375388622284	3021,875	0,307015269994736	
3025	1,89044010639191	3025	0,288817971944809	
3028,125	1,89189827442169	3028,125	0,299660444259644	
3031,25	1,89123320579529	3031,25	0,302865087985992	
3034,375	1,88880586624146	3034,375	0,305036634206772	
3037,5	1,88979804515839	3037,5	0,306526362895966	
3040,625	1,88913607597351	3040,625	0,302417039871216	
3043,75	1,89197254180908	3043,75	0,306152582168579	
3046,875	1,89459502696991	3046,875	0,305198669433594	
3050	1,89344155788422	3050	0,30775773525238	
3053,125	1,89245700836182	3053,125	0,308358728885651	
3056,25	1,89440441131592	3056,25	0,308040112257004	
3059,375	1,89196884632111	3059,375	0,307355463504791	
3062,5	1,89116394519806	3062,5	0,305132120847702	
3065,625	1,89025783538818	3065,625	0,309505969285965	
3068,75	1,8898868560791	3068,75	0,309973150491714	
3071,875	1,88985681533813	3071,875	0,310241878032684	
3075	1,89212441444397	3075	0,312316119670868	
3078,125	1,89026212692261	3078,125	0,311700463294983	
3081,25	1,88534808158875	3081,25	0,309331834316254	
3084,375	1,88813757896423	3084,375	0,3075992166996	
3087,5	1,89352643489838	3087,5	0,310783505439758	
3090,625	1,89271450042725	3090,625	0,315380752086639	
3093,75	1,89163076877594	3093,75	0,311769783496857	
3096,875	1,8899894952774	3096,875	0,311332494020462	
3100	1,89078164100647	3100	0,31413671374321	
3103,125	1,89130055904388	3103,125	0,315639197826386	
3106,25	1,89065456390381	3106,25	0,31770932674408	
3109,375	1,89151871204376	3109,375	0,318740576505661	
3112,5	1,8969053030014	3112,5	0,319554060697556	
3115,625	1,89624989032745	3115,625	0,31198450922966	
3118,75	1,89306390285492	3118,75	0,314022332429886	
3121,875	1,88805830478668	3121,875	0,31453475356102	
3125	1,88686859607697	3125	0,320894598960876	
3128,125	1,89105832576752	3128,125	0,320112526416779	
3131,25	1,89545702934265	3131,25	0,319240391254425	
3134,375	1,89495122432709	3134,375	0,318961769342422	
3137,5	1,890904545784	3137,5	0,322893142700195	
3140,625	1,89122927188873	3140,625	0,320144057273865	
3143,75	1,89015781879425	3143,75	0,320384711027145	
3146,875	1,88876092433929	3146,875	0,321122914552689	
3150	1,88924944400787	3150	0,321857988834381	
3153,125	1,89272689819336	3153,125	0,318045943975449	
3156,25	1,88573038578033	3156,25	0,321698665618896	
3159,375	1,88817226886749	3159,375	0,320754289627075	
3162,5	1,88519525527954	3162,5	0,318871259689331	
3165,625	1,88282299041748	3165,625	0,316671013832092	
3168,75	1,89118003845215	3168,75	0,321795701980591	
3171,875	1,89189958572388	3171,875	0,321528524160385	
3175	1,88805329799652	3175	0,323288708925247	
3178,125	1,89567148685455	3178,125	0,316476494073868	
3181,25	1,89094018936157	3181,25	0,324274897575378	
3184,375	1,88561856746674	3184,375	0,317843288183212	
3187,5	1,89085340499878	3187,5	0,323290467262268	
3190,625	1,88882637023926	3190,625	0,324734061956406	
3193,75	1,88784325122833	3193,75	0,323081761598587	
3196,875	1,89053153991699	3196,875	0,323746770620346	
3200	1,88760364055634	3200	0,32441857457161	
3203,125	1,88714575767517	3203,125	0,320412665605545	
3206,25	1,89007449150085	3206,25	0,326384037733078	
3209,375	1,89016628265381	3209,375	0,325988084077835	
3212,5	1,88439762592316	3212,5	0,327167063951492	
3215,625	1,88283205032349	3215,625	0,322621166706085	
3218,75	1,88157963752747	3218,75	0,318183660507202	
3221,875	1,88228917121887	3221,875	0,323954492807388	
3225	1,87816369533539	3225	0,322647720575333	
3228,125	1,87923645973206	3228,125	0,326872229576111	
3231,25	1,87667047977448	3231,25	0,33059486746788	
3234,375	1,88149917125702	3234,375	0,322830945253372	
3237,5	1,87673151493073	3237,5	0,329111099243164	
3240,625	1,880526304245	3240,625	0,328343391418457	
3243,75	1,87719535827637	3243,75	0,33307284116745	
3246,875	1,8792952299118	3246,875	0,334504544734955	
3250	1,87697637081146	3250	0,324554443359375	
3253,125	1,86557388305664	3253,125	0,330521881580353	
3256,25	1,86961722373962	3256,25	0,323005557060242	
3259,375	1,87041258811951	3259,375	0,324398905038834	
3262,5	1,86901485919952	3262,5	0,335978239774704	
3265,625	1,8687344789505	3265,625	0,333606749773026	
3268,75	1,87100613117218	3268,75	0,329704463481903	
3271,875	1,87095093727112	3271,875	0,334725320339203	
3275	1,87163114547729	3275	0,338497817516327	
3278,125	1,86762297153473	3278,125	0,33633691072464	
3281,25	1,86589276790619	3281,25	0,335569381713867	
3284,375	1,86659502983093	3284,375	0,335683822631836	
3287,5	1,8697521686554	3287,5	0,33167839050293	
3290,625	1,86503195762634	3290,625	0,333602488040924	
3293,75	1,86410653591156	3293,75	0,330975085496902	
3296,875	1,86231970787048	3296,875	0,336004018783569	
3300	1,86221790313721	3300	0,335346847772598	
3303,125	1,86646032333374	3303,125	0,340056508779526	
3306,25	1,86203634738922	3306,25	0,342141807079315	
3309,375	1,85797667503357	3309,375	0,337227135896683	
3312,5	1,8572655916214	3312,5	0,33523428440094	
3315,625	1,85497713088989	3315,625	0,33865150809288	
3318,75	1,86262714862823	3318,75	0,342031031847	
3321,875	1,86408615112305	3321,875	0,339170783758163	
3325	1,85859417915344	3325	0,340350180864334	
3328,125	1,85587275028229	3328,125	0,342102468013763	
3331,25	1,85343039035797	3331,25	0,335727274417877	
3334,375	1,85344958305359	3334,375	0,339667409658432	
3337,5	1,85467195510864	3337,5	0,343133538961411	
3340,625	1,85148477554321	3340,625	0,337786853313446	
3343,75	1,84886634349823	3343,75	0,340412050485611	
3346,875	1,84926557540894	3346,875	0,346358805894852	
3350	1,84995913505554	3350	0,348558962345123	
3353,125	1,84652781486511	3353,125	0,349066108465195	
3356,25	1,84816598892212	3356,25	0,349667578935623	
3359,375	1,8435423374176	3359,375	0,347797811031342	
3362,5	1,83915054798126	3362,5	0,351096361875534	
3365,625	1,83714008331299	3365,625	0,344942778348923	
3368,75	1,83908236026764	3368,75	0,346903949975967	
3371,875	1,84126698970795	3371,875	0,346590876579285	
3375	1,83883190155029	3375	0,346520692110062	
3378,125	1,83233201503754	3378,125	0,349054008722305	
3381,25	1,83396434783936	3381,25	0,346653282642365	
3384,375	1,83444845676422	3384,375	0,348558276891708	
3387,5	1,83051717281342	3387,5	0,349962651729584	
3390,625	1,82953798770905	3390,625	0,351913660764694	
3393,75	1,82749557495117	3393,75	0,353217273950577	
3396,875	1,82767975330353	3396,875	0,35485377907753	
3400	1,83588492870331	3400	0,355321168899536	
3403,125	1,82635545730591	3403,125	0,348498612642288	
3406,25	1,8201140165329	3406,25	0,349737137556076	
3409,375	1,81913554668427	3409,375	0,349929809570313	
3412,5	1,819495677948	3412,5	0,35544741153717	
3415,625	1,81695449352264	3415,625	0,352154970169067	
3418,75	1,81295609474182	3418,75	0,352178394794464	
3421,875	1,82314431667328	3421,875	0,355114161968231	
3425	1,81697154045105	3425	0,357243835926056	
3428,125	1,8102217912674	3428,125	0,353831589221954	
3431,25	1,81157982349396	3431,25	0,356064170598984	
3434,375	1,81109869480133	3434,375	0,361124187707901	
3437,5	1,80595910549164	3437,5	0,361321419477463	
3440,625	1,80595064163208	3440,625	0,357966661453247	
3443,75	1,80253088474274	3443,75	0,355291038751602	
3446,875	1,80495643615723	3446,875	0,355414569377899	
3450	1,80363273620605	3450	0,359165340662003	
3453,125	1,80120658874512	3453,125	0,361990958452225	
3456,25	1,80034124851227	3456,25	0,35738742351532	
3459,375	1,79850625991821	3459,375	0,359626054763794	
3462,5	1,79827284812927	3462,5	0,359780997037888	
3465,625	1,79354619979858	3465,625	0,362558096647263	
3468,75	1,79185402393341	3468,75	0,364310652017593	
3471,875	1,78942942619324	3471,875	0,364319741725922	
3475	1,78754615783691	3475	0,361521065235138	
3478,125	1,78924322128296	3478,125	0,364356130361557	
3481,25	1,78665018081665	3481,25	0,363831430673599	
3484,375	1,77905666828156	3484,375	0,36688357591629	
3487,5	1,78280591964722	3487,5	0,362478971481323	
3490,625	1,78074944019318	3490,625	0,367029577493668	
3493,75	1,77699744701385	3493,75	0,366382718086243	
3496,875	1,77894198894501	3496,875	0,367359757423401	
3500	1,77609980106354	3500	0,367454558610916	
3503,125	1,76875746250153	3503,125	0,368823260068893	
3506,25	1,77309250831604	3506,25	0,371353834867477	
3509,375	1,76606118679047	3509,375	0,360533624887466	
3512,5	1,76878070831299	3512,5	0,362585514783859	
3515,625	1,76455688476563	3515,625	0,365657836198807	
3518,75	1,76607525348663	3518,75	0,368548423051834	
3521,875	1,76247107982635	3521,875	0,372937798500061	
3525	1,76183068752289	3525	0,369908541440964	
3528,125	1,76287841796875	3528,125	0,369281440973282	
3531,25	1,75702106952667	3531,25	0,371269941329956	
3534,375	1,75452959537506	3534,375	0,370464593172073	
3537,5	1,75219142436981	3537,5	0,373248666524887	
3540,625	1,75232195854187	3540,625	0,370663493871689	
3543,75	1,75309360027313	3543,75	0,373397916555405	
3546,875	1,75271761417389	3546,875	0,371714919805527	
3550	1,74928879737854	3550	0,371524482965469	
3553,125	1,74572420120239	3553,125	0,375789195299149	
3556,25	1,74440038204193	3556,25	0,375860244035721	
3559,375	1,73952162265778	3559,375	0,381221413612366	
3562,5	1,74267530441284	3562,5	0,376067847013474	
3565,625	1,73949217796326	3565,625	0,37572392821312	
3568,75	1,73693370819092	3568,75	0,378678530454636	
3571,875	1,73285973072052	3571,875	0,379139840602875	
3575	1,73197913169861	3575	0,380053818225861	
3578,125	1,73191905021667	3578,125	0,379774451255798	
3581,25	1,72816681861877	3581,25	0,379969984292984	
3584,375	1,72548317909241	3584,375	0,377682089805603	
3587,5	1,72790086269379	3587,5	0,381566226482391	
3590,625	1,72536528110504	3590,625	0,382540613412857	
3593,75	1,72313737869263	3593,75	0,382359474897385	
3596,875	1,72163605690002	3596,875	0,383693963289261	
3600	1,71388876438141	3600	0,38186639547348	
3603,125	1,72218072414398	3603,125	0,379761964082718	
3606,25	1,71706652641296	3606,25	0,382534056901932	
3609,375	1,71417152881622	3609,375	0,384969234466553	
3612,5	1,71487843990326	3612,5	0,381679654121399	
3615,625	1,71097087860107	3615,625	0,383378386497498	
3618,75	1,70974218845367	3618,75	0,384582996368408	
3621,875	1,71127891540527	3621,875	0,383568614721298	
3625	1,70578420162201	3625	0,383482933044434	
3628,125	1,70497453212738	3628,125	0,3827143907547	
3631,25	1,70189547538757	3631,25	0,385983228683472	
3634,375	1,69703364372253	3634,375	0,38749760389328	
3637,5	1,6996556520462	3637,5	0,390054702758789	
3640,625	1,70622718334198	3640,625	0,386310517787933	
3643,75	1,70217859745026	3643,75	0,390284895896912	
3646,875	1,69607412815094	3646,875	0,389979541301727	
3650	1,69130003452301	3650	0,390870779752731	
3653,125	1,69050168991089	3653,125	0,390683948993683	
3656,25	1,69268500804901	3656,25	0,391922205686569	
3659,375	1,69413244724274	3659,375	0,392015337944031	
3662,5	1,69240128993988	3662,5	0,39545613527298	
3665,625	1,68878781795502	3665,625	0,394237786531448	
3668,75	1,68632686138153	3668,75	0,394266426563263	
3671,875	1,68704998493195	3671,875	0,391826093196869	
3675	1,6910765171051	3675	0,394817650318146	
3678,125	1,68568921089172	3678,125	0,393645912408829	
3681,25	1,68322598934174	3681,25	0,39328408241272	
3684,375	1,68245434761047	3684,375	0,394159018993378	
3687,5	1,6825544834137	3687,5	0,393212765455246	
3690,625	1,67958664894104	3690,625	0,394350439310074	
3693,75	1,6771582365036	3693,75	0,395123809576035	
3696,875	1,67992603778839	3696,875	0,395948082208633	
3700	1,67878007888794	3700	0,396579146385193	
3703,125	1,67429137229919	3703,125	0,395708173513412	
3706,25	1,67217302322388	3706,25	0,393953144550323	
3709,375	1,67579126358032	3709,375	0,394714027643204	
3712,5	1,67162096500397	3712,5	0,393211185932159	
3715,625	1,66992330551147	3715,625	0,393210172653198	
3718,75	1,67359697818756	3718,75	0,400171220302582	
3721,875	1,67237222194672	3721,875	0,395969331264496	
3725	1,66521179676056	3725	0,393447279930115	
3728,125	1,66782569885254	3728,125	0,396681249141693	
3731,25	1,66632759571075	3731,25	0,394521325826645	
3734,375	1,6645622253418	3734,375	0,399665623903275	
3737,5	1,66584956645966	3737,5	0,39730504155159	
3740,625	1,6626363992691	3740,625	0,39882156252861	
3743,75	1,6624139547348	3743,75	0,397500693798065	
3746,875	1,66485369205475	3746,875	0,398616313934326	
3750	1,65987312793732	3750	0,39836448431015	
3753,125	1,65966212749481	3753,125	0,395396411418915	
3756,25	1,6568500995636	3756,25	0,397740662097931	
3759,375	1,65623557567596	3759,375	0,395133078098297	
3762,5	1,65670394897461	3762,5	0,399484187364578	
3765,625	1,65764391422272	3765,625	0,400111049413681	
3768,75	1,64967632293701	3768,75	0,399058938026428	
3771,875	1,64544367790222	3771,875	0,39548522233963	
3775	1,64788746833801	3775	0,396275758743286	
3778,125	1,64870381355286	3778,125	0,394977748394012	
3781,25	1,6449636220932	3781,25	0,396007537841797	
3784,375	1,64439022541046	3784,375	0,395296782255173	
3787,5	1,64690041542053	3787,5	0,396869629621506	
3790,625	1,64349818229675	3790,625	0,400935828685761	
3793,75	1,64464819431305	3793,75	0,400465935468674	
3796,875	1,64338457584381	3796,875	0,39863458275795	
3800	1,63684678077698	3800	0,400020360946655	
3803,125	1,63559377193451	3803,125	0,396877527236938	
3806,25	1,63675928115845	3806,25	0,399212747812271	
3809,375	1,63812601566315	3809,375	0,399901747703552	
3812,5	1,63471877574921	3812,5	0,398829966783524	
3815,625	1,63215124607086	3815,625	0,400304019451141	
3818,75	1,63099837303162	3818,75	0,401108354330063	
3821,875	1,63431394100189	3821,875	0,39594504237175	
3825	1,62654423713684	3825	0,401328772306442	
3828,125	1,62916481494904	3828,125	0,397279858589172	
3831,25	1,62861168384552	3831,25	0,398933202028275	
3834,375	1,62194967269897	3834,375	0,399628430604935	
3837,5	1,62612175941467	3837,5	0,400579988956451	
3840,625	1,62168550491333	3840,625	0,400114983320236	
3843,75	1,62067008018494	3843,75	0,398579657077789	
3846,875	1,61885249614716	3846,875	0,398597449064255	
3850	1,61783277988434	3850	0,404480457305908	
3853,125	1,61447072029114	3853,125	0,398423194885254	
3856,25	1,61333990097046	3856,25	0,400696963071823	
3859,375	1,61325109004974	3859,375	0,401214480400085	
3862,5	1,61288559436798	3862,5	0,399931818246841	
3865,625	1,60839760303497	3865,625	0,398197203874588	
3868,75	1,60866391658783	3868,75	0,403909087181091	
3871,875	1,60308921337128	3871,875	0,396733224391937	
3875	1,60193359851837	3875	0,395653754472733	
3878,125	1,59980690479279	3878,125	0,399542510509491	
3881,25	1,6013149023056	3881,25	0,400307774543762	
3884,375	1,60013520717621	3884,375	0,400975465774536	
3887,5	1,59434926509857	3887,5	0,398800522089005	
3890,625	1,59430754184723	3890,625	0,400145202875137	
3893,75	1,59816932678223	3893,75	0,402777552604675	
3896,875	1,59304928779602	3896,875	0,400484025478363	
3900	1,58667433261871	3900	0,399196624755859	
3903,125	1,58418691158295	3903,125	0,402270168066025	
3906,25	1,58926773071289	3906,25	0,399649918079376	
3909,375	1,58919608592987	3909,375	0,403038263320923	
3912,5	1,5884040594101	3912,5	0,404176086187363	
3915,625	1,58077120780945	3915,625	0,401355028152466	
3918,75	1,57588458061218	3918,75	0,401903182268143	
3921,875	1,57262778282166	3921,875	0,40390682220459	
3925	1,57497537136078	3925	0,403069972991943	
3928,125	1,5729569196701	3928,125	0,399127632379532	
3931,25	1,56682062149048	3931,25	0,400926202535629	
3934,375	1,56698048114777	3934,375	0,400423496961594	
3937,5	1,56678092479706	3937,5	0,403115123510361	
3940,625	1,56542682647705	3940,625	0,402496337890625	
3943,75	1,56072378158569	3943,75	0,401615887880325	
3946,875	1,56080043315887	3946,875	0,401960670948029	
3950	1,55803656578064	3950	0,402943044900894	
3953,125	1,55653476715088	3953,125	0,401187390089035	
3956,25	1,55113387107849	3956,25	0,4045190513134	
3959,375	1,55354344844818	3959,375	0,404347956180573	
3962,5	1,54769289493561	3962,5	0,402642786502838	
3965,625	1,54344975948334	3965,625	0,402863681316376	
3968,75	1,54471468925476	3968,75	0,399450242519379	
3971,875	1,53775155544281	3971,875	0,404602438211441	
3975	1,53814625740051	3975	0,402229368686676	
3978,125	1,53896653652191	3978,125	0,402062058448792	
3981,25	1,53671085834503	3981,25	0,4014513194561	
3984,375	1,53148055076599	3984,375	0,400292694568634	
3987,5	1,53089606761932	3987,5	0,400908589363098	
3990,625	1,52506196498871	3990,625	0,404355734586716	
3993,75	1,5228453874588	3993,75	0,396547794342041	
3996,875	1,52410888671875	3996,875	0,401755064725876	
4000	1,51955020427704	4000	0,403733044862747	
4003,125	1,51472616195679	4003,125	0,403406262397766	
4006,25	1,51725125312805	4006,25	0,405534684658051	
4009,375	1,51323437690735	4009,375	0,39542081952095	
4012,5	1,51386415958405	4012,5	0,405861884355545	
4015,625	1,51016283035278	4015,625	0,409584254026413	
4018,75	1,50544774532318	4018,75	0,406052947044373	
4021,875	1,502281665802	4021,875	0,408432871103287	
4025	1,50557553768158	4025	0,410567253828049	
4028,125	1,49989545345306	4028,125	0,405858099460602	
4031,25	1,4994797706604	4031,25	0,407212406396866	
4034,375	1,49898707866669	4034,375	0,411926835775375	
4037,5	1,49822664260864	4037,5	0,409317016601563	
4040,625	1,49404501914978	4040,625	0,409693360328674	
4043,75	1,49324202537537	4043,75	0,413648843765259	
4046,875	1,49117398262024	4046,875	0,417530715465546	
4050	1,49189960956573	4050	0,412719517946243	
4053,125	1,48723745346069	4053,125	0,411819368600845	
4056,25	1,48727667331696	4056,25	0,41404315829277	
4059,375	1,48358368873596	4059,375	0,415364027023315	
4062,5	1,48713564872742	4062,5	0,419337958097458	
4065,625	1,48383498191833	4065,625	0,420396715402603	
4068,75	1,48345685005188	4068,75	0,419406801462173	
4071,875	1,4808896780014	4071,875	0,419410169124603	
4075	1,48110890388489	4075	0,422163337469101	
4078,125	1,48362612724304	4078,125	0,423558801412582	
4081,25	1,48027586936951	4081,25	0,422893166542053	
4084,375	1,48143124580383	4084,375	0,417479068040848	
4087,5	1,47757828235626	4087,5	0,42158654332161	
4090,625	1,47592711448669	4090,625	0,426003485918045	
4093,75	1,47551119327545	4093,75	0,422308623790741	
4096,875	1,48090624809265	4096,875	0,421064794063568	
4100	1,48218107223511	4100	0,424303352832794	
4103,125	1,47997879981995	4103,125	0,426444798707962	
4106,25	1,47871196269989	4106,25	0,423581779003143	
4109,375	1,48402798175812	4109,375	0,422852069139481	
4112,5	1,48191106319427	4112,5	0,423751711845398	
4115,625	1,48669791221619	4115,625	0,422691494226456	
4118,75	1,48356878757477	4118,75	0,419455617666245	
4121,875	1,48716926574707	4121,875	0,420387625694275	
4125	1,4889600276947	4125	0,420899331569672	
4128,125	1,48742866516113	4128,125	0,415846467018127	
4131,25	1,48563742637634	4131,25	0,413466542959213	
4134,375	1,4870936870575	4134,375	0,411302775144577	
4137,5	1,49319088459015	4137,5	0,409005701541901	
4140,625	1,48980915546417	4140,625	0,412663787603378	
4143,75	1,49127435684204	4143,75	0,407233476638794	
4146,875	1,49047899246216	4146,875	0,40581002831459	
4150	1,49202156066895	4150	0,40495440363884	
4153,125	1,49054145812988	4153,125	0,398318499326706	
4156,25	1,4883805513382	4156,25	0,396051317453384	
4159,375	1,48630154132843	4159,375	0,394363164901733	
4162,5	1,49012053012848	4162,5	0,39401775598526	
4165,625	1,48978865146637	4165,625	0,391486078500748	
4168,75	1,48684668540955	4168,75	0,388709217309952	
4171,875	1,48819208145142	4171,875	0,386953473091125	
4175	1,49046897888184	4175	0,381549686193466	
4178,125	1,48540639877319	4178,125	0,379714846611023	
4181,25	1,48708319664001	4181,25	0,37874162197113	
4184,375	1,4868700504303	4184,375	0,375250607728958	
4187,5	1,48078501224518	4187,5	0,373129934072495	
4190,625	1,47989344596863	4190,625	0,370156228542328	
4193,75	1,4828577041626	4193,75	0,369597643613815	
4196,875	1,48135352134705	4196,875	0,366497397422791	
4200	1,4823397397995	4200	0,367225825786591	
4203,125	1,47970187664032	4203,125	0,364958435297012	
4206,25	1,47891545295715	4206,25	0,360046446323395	
4209,375	1,48008179664612	4209,375	0,359214216470718	
4212,5	1,48190534114838	4212,5	0,36144146323204	
4215,625	1,48153173923492	4215,625	0,356463402509689	
4218,75	1,47949612140656	4218,75	0,352606445550919	
4221,875	1,47405195236206	4221,875	0,355569332838058	
4225	1,47555387020111	4225	0,349945396184921	
4228,125	1,47183537483215	4228,125	0,348513305187225	
4231,25	1,47502160072327	4231,25	0,350233495235443	
4234,375	1,47364974021912	4234,375	0,34880205988884	
4237,5	1,47398054599762	4237,5	0,349120646715164	
4240,625	1,47265124320984	4240,625	0,347722381353378	
4243,75	1,47004079818726	4243,75	0,343639701604843	
4246,875	1,4693146944046	4246,875	0,340417981147766	
4250	1,46700739860535	4250	0,342569649219513	
4253,125	1,46719896793365	4253,125	0,333491593599319	
4256,25	1,46698021888733	4256,25	0,334349602460861	
4259,375	1,46685373783112	4259,375	0,337391763925552	
4262,5	1,46556925773621	4262,5	0,337680160999298	
4265,625	1,4680016040802	4265,625	0,336733400821686	
4268,75	1,46430051326752	4268,75	0,336740911006927	
4271,875	1,45917093753815	4271,875	0,33363926410675	
4275	1,45944201946259	4275	0,330795377492905	
4278,125	1,46298384666443	4278,125	0,331290751695633	
4281,25	1,46379220485687	4281,25	0,329840272665024	
4284,375	1,46355855464935	4284,375	0,327399998903275	
4287,5	1,46221625804901	4287,5	0,324571996927261	
4290,625	1,46174788475037	4290,625	0,325397700071335	
4293,75	1,45841348171234	4293,75	0,324222713708878	
4296,875	1,46066498756409	4296,875	0,325618982315063	
4300	1,460573554039	4300	0,331068187952042	
4303,125	1,46197593212128	4303,125	0,330048859119415	
4306,25	1,4639356136322	4306,25	0,325930327177048	
4309,375	1,46136212348938	4309,375	0,325457572937012	
4312,5	1,46370279788971	4312,5	0,325393497943878	
4315,625	1,46336448192596	4315,625	0,31921061873436	
4318,75	1,46046221256256	4318,75	0,320814788341522	
4321,875	1,46248912811279	4321,875	0,317529499530792	
4325	1,46260356903076	4325	0,316893339157104	
4328,125	1,4594190120697	4328,125	0,319922477006912	
4331,25	1,460688829422	4331,25	0,318900436162949	
4334,375	1,46053791046143	4334,375	0,319071263074875	
4337,5	1,46275472640991	4337,5	0,320820808410645	
4340,625	1,46463644504547	4340,625	0,322223782539368	
4343,75	1,46676969528198	4343,75	0,316326886415482	
4346,875	1,46152091026306	4346,875	0,317213356494904	
4350	1,46025335788727	4350	0,315684288740158	
4353,125	1,46249687671661	4353,125	0,316219806671143	
4356,25	1,46451365947723	4356,25	0,315593659877777	
4359,375	1,46136462688446	4359,375	0,313666671514511	
4362,5	1,46176850795746	4362,5	0,31221267580986	
4365,625	1,45918262004852	4365,625	0,312974870204926	
4368,75	1,45932471752167	4368,75	0,311109125614166	
4371,875	1,4607321023941	4371,875	0,309577465057373	
4375	1,46118474006653	4375	0,308266133069992	
4378,125	1,46169090270996	4378,125	0,308745861053467	
4381,25	1,46352863311768	4381,25	0,309129804372787	
4384,375	1,46162176132202	4384,375	0,305946528911591	
4387,5	1,46239531040192	4387,5	0,304913282394409	
4390,625	1,46143889427185	4390,625	0,308962374925613	
4393,75	1,45991015434265	4393,75	0,306423902511597	
4396,875	1,45935499668121	4396,875	0,304685652256012	
4400	1,45883929729462	4400	0,306020051240921	
4403,125	1,45962476730347	4403,125	0,31011027097702	
4406,25	1,4596164226532	4406,25	0,310524761676788	
4409,375	1,46024703979492	4409,375	0,309743016958237	
4412,5	1,45803570747375	4412,5	0,30715224146843	
4415,625	1,45910632610321	4415,625	0,306216180324554	
4418,75	1,45987296104431	4418,75	0,30440428853035	
4421,875	1,45856320858002	4421,875	0,306341856718063	
4425	1,45635688304901	4425	0,307698726654053	
4428,125	1,45708835124969	4428,125	0,30739763379097	
4431,25	1,4556645154953	4431,25	0,308012813329697	
4434,375	1,45444107055664	4434,375	0,306234896183014	
4437,5	1,46270787715912	4437,5	0,308560729026794	
4440,625	1,46069586277008	4440,625	0,306743770837784	
4443,75	1,45787501335144	4443,75	0,306488543748856	
4446,875	1,4557546377182	4446,875	0,305616021156311	
4450	1,45821166038513	4450	0,307323634624481	
4453,125	1,45956611633301	4453,125	0,307648062705994	
4456,25	1,46106910705566	4456,25	0,309820681810379	
4459,375	1,45847010612488	4459,375	0,310846716165543	
4462,5	1,45915830135345	4462,5	0,30965456366539	
4465,625	1,46149301528931	4465,625	0,313584446907043	
4468,75	1,46211409568787	4468,75	0,31214040517807	
4471,875	1,46108460426331	4471,875	0,311559468507767	
4475	1,46147811412811	4475	0,315827369689941	
4478,125	1,4602814912796	4478,125	0,314401924610138	
4481,25	1,46231973171234	4481,25	0,315840840339661	
4484,375	1,46205723285675	4484,375	0,316422313451767	
4487,5	1,46372187137604	4487,5	0,316172361373901	
4490,625	1,46235299110413	4490,625	0,317929565906525	
4493,75	1,4654461145401	4493,75	0,316263258457184	
4496,875	1,46737885475159	4496,875	0,315331697463989	
4500	1,46792638301849	4500	0,320651233196259	
4503,125	1,46836698055267	4503,125	0,323494464159012	
4506,25	1,46888482570648	4506,25	0,320017367601395	
4509,375	1,46985495090485	4509,375	0,322729170322418	
4512,5	1,47158908843994	4512,5	0,32335689663887	
4515,625	1,47259652614594	4515,625	0,323073774576187	
4518,75	1,47489273548126	4518,75	0,323859542608261	
4521,875	1,4769070148468	4521,875	0,322470963001251	
4525	1,47860682010651	4525	0,320339649915695	
4528,125	1,47852182388306	4528,125	0,320710033178329	
4531,25	1,47917139530182	4531,25	0,31874480843544	
4534,375	1,48455667495728	4534,375	0,321183890104294	
4537,5	1,48340773582458	4537,5	0,319062083959579	
4540,625	1,48680663108826	4540,625	0,316966593265533	
4543,75	1,48147296905518	4543,75	0,317448407411575	
4546,875	1,48469066619873	4546,875	0,312882959842682	
4550	1,48371589183807	4550	0,314239293336868	
4553,125	1,48520755767822	4553,125	0,311297833919525	
4556,25	1,48293960094452	4556,25	0,312144756317139	
4559,375	1,48238933086395	4559,375	0,311467587947845	
4562,5	1,48302781581879	4562,5	0,313107073307037	
4565,625	1,48279857635498	4565,625	0,312613427639008	
4568,75	1,48251044750214	4568,75	0,311853021383286	
4571,875	1,48195791244507	4571,875	0,311552554368973	
4575	1,48383283615112	4575	0,310341596603394	
4578,125	1,48359179496765	4578,125	0,312979012727737	
4581,25	1,48150324821472	4581,25	0,31462225317955	
4584,375	1,47985517978668	4584,375	0,315896719694138	
4587,5	1,48022186756134	4587,5	0,319843947887421	
4590,625	1,48109614849091	4590,625	0,321218997240067	
4593,75	1,48071432113647	4593,75	0,32283028960228	
4596,875	1,48057639598846	4596,875	0,323755830526352	
4600	1,48005282878876	4600	0,327032506465912	
4603,125	1,48721790313721	4603,125	0,329024732112885	
4606,25	1,48924541473389	4606,25	0,326433539390564	
4609,375	1,49046611785889	4609,375	0,329100579023361	
4612,5	1,49310898780823	4612,5	0,329163461923599	
4615,625	1,49451291561127	4615,625	0,33269327878952	
4618,75	1,49709749221802	4618,75	0,332013696432114	
4621,875	1,49913251399994	4621,875	0,333531022071838	
4625	1,50323045253754	4625	0,329844892024994	
4628,125	1,50534391403198	4628,125	0,32926607131958	
4631,25	1,50810182094574	4631,25	0,329755932092667	
4634,375	1,51040232181549	4634,375	0,32929590344429	
4637,5	1,51126396656036	4637,5	0,328680664300919	
4640,625	1,51159954071045	4640,625	0,328884959220886	
4643,75	1,51694762706757	4643,75	0,330040782690048	
4646,875	1,51977646350861	4646,875	0,328591763973236	
4650	1,52275454998016	4650	0,325554877519608	
4653,125	1,52527928352356	4653,125	0,324614673852921	
4656,25	1,52355492115021	4656,25	0,323207914829254	
4659,375	1,52317535877228	4659,375	0,323036700487137	
4662,5	1,5244916677475	4662,5	0,324254006147385	
4665,625	1,52651929855347	4665,625	0,322114169597626	
4668,75	1,52742743492126	4668,75	0,322677880525589	
4671,875	1,52930176258087	4671,875	0,322903782129288	
4675	1,53295695781708	4675	0,322512567043304	
4678,125	1,53271818161011	4678,125	0,320645779371262	
4681,25	1,53351581096649	4681,25	0,316965311765671	
4684,375	1,53349411487579	4684,375	0,320152133703232	
4687,5	1,53622591495514	4687,5	0,319262981414795	
4690,625	1,53698635101318	4690,625	0,32105016708374	
4693,75	1,53835213184357	4693,75	0,319072902202606	
4696,875	1,53972780704498	4696,875	0,318977206945419	
4700	1,53985249996185	4700	0,320466458797455	
4703,125	1,54221343994141	4703,125	0,318912982940674	
4706,25	1,54400205612183	4706,25	0,316241949796677	
4709,375	1,544877409935	4709,375	0,316382110118866	
4712,5	1,5482542514801	4712,5	0,316037267446518	
4715,625	1,54945063591003	4715,625	0,318060308694839	
4718,75	1,54811036586761	4718,75	0,319225907325745	
4721,875	1,54901874065399	4721,875	0,317374110221863	
4725	1,55075824260712	4725	0,317937582731247	
4728,125	1,55137145519257	4728,125	0,316922903060913	
4731,25	1,55190527439117	4731,25	0,316573530435562	
4734,375	1,55515551567078	4734,375	0,318953663110733	
4737,5	1,55823767185211	4737,5	0,321602433919907	
4740,625	1,55756044387817	4740,625	0,32123264670372	
4743,75	1,55889570713043	4743,75	0,319451808929443	
4746,875	1,56110966205597	4746,875	0,319429934024811	
4750	1,56189906597137	4750	0,32263371348381	
4753,125	1,56734883785248	4753,125	0,320315718650818	
4756,25	1,56738221645355	4756,25	0,319306582212448	
4759,375	1,56810712814331	4759,375	0,319287359714508	
4762,5	1,56989538669586	4762,5	0,319645971059799	
4765,625	1,57003831863403	4765,625	0,323312133550644	
4768,75	1,57772636413574	4768,75	0,321375101804733	
4771,875	1,57803106307983	4771,875	0,321821957826614	
4775	1,57723820209503	4775	0,321748077869415	
4778,125	1,58088672161102	4778,125	0,322623908519745	
4781,25	1,58277666568756	4781,25	0,324540495872498	
4784,375	1,58290898799896	4784,375	0,327521532773972	
4787,5	1,5865935087204	4787,5	0,327722251415253	
4790,625	1,58681428432465	4790,625	0,328477174043655	
4793,75	1,58918929100037	4793,75	0,326969981193542	
4796,875	1,59550404548645	4796,875	0,32896676659584	
4800	1,59787952899933	4800	0,332016587257385	
4803,125	1,59930038452148	4803,125	0,335349202156067	
4806,25	1,59986436367035	4806,25	0,334685444831848	
4809,375	1,60212004184723	4809,375	0,334038823843002	
4812,5	1,6035350561142	4812,5	0,33393207192421	
4815,625	1,60739660263062	4815,625	0,332379221916199	
4818,75	1,61185348033905	4818,75	0,336424291133881	
4821,875	1,61368727684021	4821,875	0,340679168701172	
4825	1,61380064487457	4825	0,342288494110107	
4828,125	1,61357486248016	4828,125	0,339296907186508	
4831,25	1,62259590625763	4831,25	0,340427696704865	
4834,375	1,62435114383698	4834,375	0,345565438270569	
4837,5	1,62492406368256	4837,5	0,345394462347031	
4840,625	1,62781023979187	4840,625	0,343728810548782	
4843,75	1,63109350204468	4843,75	0,345126032829285	
4846,875	1,63500952720642	4846,875	0,350232839584351	
4850	1,63905906677246	4850	0,351906269788742	
4853,125	1,64382183551788	4853,125	0,354381233453751	
4856,25	1,64370453357697	4856,25	0,353717058897018	
4859,375	1,64956891536713	4859,375	0,357957929372787	
4862,5	1,65541446208954	4862,5	0,36083197593689	
4865,625	1,65717661380768	4865,625	0,358339160680771	
4868,75	1,66010355949402	4868,75	0,360448211431503	
4871,875	1,65864300727844	4871,875	0,36202597618103	
4875	1,66348874568939	4875	0,364031255245209	
4878,125	1,67103362083435	4878,125	0,371483027935028	
4881,25	1,67353904247284	4881,25	0,373004168272018	
4884,375	1,67762506008148	4884,375	0,372874051332474	
4887,5	1,67809152603149	4887,5	0,37708443403244	
4890,625	1,6786173582077	4890,625	0,389501810073853	
4893,75	1,68219900131226	4893,75	0,39364555478096	
4896,875	1,68936741352081	4896,875	0,400173842906952	
4900	1,70032489299774	4900	0,399518132209778	
4903,125	1,70879817008972	4903,125	0,402014791965485	
4906,25	1,71524727344513	4906,25	0,404770582914352	
4909,375	1,72031247615814	4909,375	0,406265705823898	
4912,5	1,72516131401062	4912,5	0,404862493276596	
4915,625	1,73577344417572	4915,625	0,407875567674637	
4918,75	1,7401340007782	4918,75	0,411547303199768	
4921,875	1,74202299118042	4921,875	0,414149433374405	
4925	1,74981582164764	4925	0,421394646167755	
4928,125	1,75296664237976	4928,125	0,425042122602463	
4931,25	1,76643419265747	4931,25	0,433739244937897	
4934,375	1,77414083480835	4934,375	0,435816586017609	
4937,5	1,77914834022522	4937,5	0,44110569357872	
4940,625	1,78803610801697	4940,625	0,44216725230217	
4943,75	1,7954934835434	4943,75	0,45408895611763	
4946,875	1,8020658493042	4946,875	0,456902503967285	
4950	1,81267130374908	4950	0,460729330778122	
4953,125	1,82115948200226	4953,125	0,460142940282822	
4956,25	1,83195233345032	4956,25	0,464709579944611	
4959,375	1,84520173072815	4959,375	0,475143730640411	
4962,5	1,86078035831451	4962,5	0,478911221027374	
4965,625	1,87001430988312	4965,625	0,484314352273941	
4968,75	1,87965488433838	4968,75	0,493731796741486	
4971,875	1,89809548854828	4971,875	0,499425947666168	
				
