Frequency in Hz	Acrylic_92 Sound Reflection Factor continuous Re	Frequency in Hz	Acrylic_92 Sound Reflection Factor continuous Im	
100	0,966552257537842	100	-0,144487947225571	
103,125	0,967350006103516	103,125	-0,141212537884712	
106,25	0,968095719814301	106,25	-0,154375985264778	
109,375	0,970557451248169	109,375	-0,14480072259903	
112,5	0,960108578205109	112,5	-0,160417318344116	
115,625	0,951271235942841	115,625	-0,162006363272667	
118,75	0,95152074098587	118,75	-0,161788135766983	
121,875	0,953538775444031	121,875	-0,165479809045792	
125	0,952977001667023	125	-0,165902256965637	
128,125	0,950623035430908	128,125	-0,169546812772751	
131,25	0,953371226787567	131,25	-0,18608146905899	
134,375	0,948723018169403	134,375	-0,178991377353668	
137,5	0,938772857189178	137,5	-0,186170056462288	
140,625	0,941921949386597	140,625	-0,179884031414986	
143,75	0,935180246829987	143,75	-0,193808749318123	
146,875	0,938453018665314	146,875	-0,196070045232773	
150	0,94706404209137	150	-0,194648876786232	
153,125	0,926674902439117	153,125	-0,203795909881592	
156,25	0,932246923446655	156,25	-0,205850765109062	
159,375	0,933858871459961	159,375	-0,209489464759827	
162,5	0,934609055519104	162,5	-0,209325760602951	
165,625	0,935818314552307	165,625	-0,218999207019806	
168,75	0,914376378059387	168,75	-0,217208355665207	
171,875	0,913645267486572	171,875	-0,226291954517365	
175	0,917429685592651	175	-0,222385466098785	
178,125	0,909252226352692	178,125	-0,227978065609932	
181,25	0,912395417690277	181,25	-0,227365538477898	
184,375	0,907662749290466	184,375	-0,240349769592285	
187,5	0,90928703546524	187,5	-0,236508324742317	
190,625	0,911418557167053	190,625	-0,23898920416832	
193,75	0,904619216918945	193,75	-0,241719320416451	
196,875	0,899893283843994	196,875	-0,248508766293526	
200	0,898270308971405	200	-0,244635105133057	
203,125	0,892157316207886	203,125	-0,257653683423996	
206,25	0,896259188652039	206,25	-0,25270003080368	
209,375	0,888691067695618	209,375	-0,258618205785751	
212,5	0,895885586738586	212,5	-0,258530259132385	
215,625	0,891702711582184	215,625	-0,26317510008812	
218,75	0,887197077274323	218,75	-0,259949326515198	
221,875	0,887077212333679	221,875	-0,277777791023254	
225	0,883823275566101	225	-0,271033406257629	
228,125	0,875016450881958	228,125	-0,277410387992859	
231,25	0,870262920856476	231,25	-0,280700743198395	
234,375	0,875928282737732	234,375	-0,281235307455063	
237,5	0,870109975337982	237,5	-0,283371031284332	
240,625	0,870274245738983	240,625	-0,289345413446426	
243,75	0,863649427890778	243,75	-0,287918329238892	
246,875	0,854499757289886	246,875	-0,289800077676773	
250	0,855827212333679	250	-0,300633460283279	
253,125	0,855832278728485	253,125	-0,294286787509918	
256,25	0,846385598182678	256,25	-0,297442555427551	
259,375	0,841139733791351	259,375	-0,304953873157501	
262,5	0,851418077945709	262,5	-0,307229608297348	
265,625	0,847634971141815	265,625	-0,309918791055679	
268,75	0,846338927745819	268,75	-0,311678141355515	
271,875	0,8368319272995	271,875	-0,316833168268204	
275	0,825350701808929	275	-0,312900841236115	
278,125	0,82490348815918	278,125	-0,312352180480957	
281,25	0,826115131378174	281,25	-0,328038305044174	
284,375	0,824141681194305	284,375	-0,327532261610031	
287,5	0,815597295761108	287,5	-0,32577046751976	
290,625	0,810591816902161	290,625	-0,33075624704361	
293,75	0,810175061225891	293,75	-0,335216104984283	
296,875	0,813267052173615	296,875	-0,340929299592972	
300	0,80064594745636	300	-0,34186989068985	
303,125	0,795081377029419	303,125	-0,334592491388321	
306,25	0,778849303722382	306,25	-0,353435128927231	
309,375	0,782429397106171	309,375	-0,346319317817688	
312,5	0,770399808883667	312,5	-0,347261309623718	
315,625	0,768458485603333	315,625	-0,347758293151855	
318,75	0,76903110742569	318,75	-0,344052642583847	
321,875	0,769130408763886	321,875	-0,33451509475708	
325	0,770407319068909	325	-0,333195686340332	
328,125	0,778375446796417	328,125	-0,332726895809174	
331,25	0,77986216545105	331,25	-0,346363008022308	
334,375	0,771252572536469	334,375	-0,342702090740204	
337,5	0,773209691047668	337,5	-0,347050964832306	
340,625	0,773482441902161	340,625	-0,341326475143433	
343,75	0,765301525592804	343,75	-0,348684281110764	
346,875	0,760742545127869	346,875	-0,361423909664154	
350	0,754119098186493	350	-0,35819599032402	
353,125	0,748263895511627	353,125	-0,378766566514969	
356,25	0,758490264415741	356,25	-0,370665848255157	
359,375	0,756417155265808	359,375	-0,369287759065628	
362,5	0,737356185913086	362,5	-0,379249155521393	
365,625	0,746049404144287	365,625	-0,368594288825989	
368,75	0,746475696563721	368,75	-0,365972369909287	
371,875	0,732110857963562	371,875	-0,359066337347031	
375	0,715614259243011	375	-0,380500495433807	
378,125	0,724944055080414	378,125	-0,376190364360809	
381,25	0,748627960681915	381,25	-0,373400956392288	
384,375	0,733996987342834	384,375	-0,375656068325043	
387,5	0,720083296298981	387,5	-0,377240508794785	
390,625	0,707112610340118	390,625	-0,37979856133461	
393,75	0,707856416702271	393,75	-0,393531739711761	
396,875	0,71044921875	396,875	-0,391842931509018	
400	0,718076884746552	400	-0,392558962106705	
403,125	0,707424700260162	403,125	-0,389797061681747	
406,25	0,699914693832397	406,25	-0,385700553655624	
409,375	0,707419693470001	409,375	-0,397847831249237	
412,5	0,698651552200317	412,5	-0,394804358482361	
415,625	0,688333928585052	415,625	-0,378191232681274	
418,75	0,67373651266098	418,75	-0,372571110725403	
421,875	0,67827981710434	421,875	-0,37755286693573	
425	0,671266853809357	425	-0,390222430229187	
428,125	0,694249331951141	428,125	-0,38960063457489	
431,25	0,691224753856659	431,25	-0,379702776670456	
434,375	0,66601687669754	434,375	-0,374157100915909	
437,5	0,661762714385986	437,5	-0,377380400896072	
440,625	0,66234302520752	440,625	-0,387436091899872	
443,75	0,654366850852966	443,75	-0,386653751134872	
446,875	0,660196661949158	446,875	-0,389363825321198	
450	0,659802436828613	450	-0,387414336204529	
453,125	0,648322284221649	453,125	-0,393276005983353	
456,25	0,636610388755798	456,25	-0,39156186580658	
459,375	0,638410270214081	459,375	-0,39199435710907	
462,5	0,635367155075073	462,5	-0,397444814443588	
465,625	0,634760797023773	465,625	-0,400311857461929	
468,75	0,637120246887207	468,75	-0,393849223852158	
471,875	0,631011188030243	471,875	-0,393193960189819	
475	0,631001591682434	475	-0,403361767530441	
478,125	0,629706025123596	478,125	-0,401273608207703	
481,25	0,624599516391754	481,25	-0,393692463636398	
484,375	0,621182322502136	484,375	-0,394383549690247	
487,5	0,619395315647125	487,5	-0,394391536712646	
490,625	0,615717768669128	490,625	-0,399563789367676	
493,75	0,613061547279358	493,75	-0,39987587928772	
496,875	0,603967010974884	496,875	-0,398676216602325	
500	0,606352627277374	500	-0,396094173192978	
503,125	0,604049205780029	503,125	-0,396331429481506	
506,25	0,603388369083405	506,25	-0,399033933877945	
509,375	0,600104331970215	509,375	-0,399500370025635	
512,5	0,595615983009338	512,5	-0,39775425195694	
515,625	0,590525984764099	515,625	-0,397273004055023	
518,75	0,590366363525391	518,75	-0,404174834489822	
521,875	0,589105248451233	521,875	-0,404530704021454	
525	0,582094371318817	525	-0,401431351900101	
528,125	0,581731498241425	528,125	-0,398398220539093	
531,25	0,580107033252716	531,25	-0,399455308914185	
534,375	0,5787712931633	534,375	-0,39804619550705	
537,5	0,575444579124451	537,5	-0,396775990724564	
540,625	0,57451057434082	540,625	-0,398201882839203	
543,75	0,567873537540436	543,75	-0,400343686342239	
546,875	0,563282549381256	546,875	-0,3964903652668	
550	0,56083881855011	550	-0,399954229593277	
553,125	0,561604619026184	553,125	-0,396726995706558	
556,25	0,566768288612366	556,25	-0,371337056159973	
559,375	0,566980302333832	559,375	-0,368723601102829	
562,5	0,56638240814209	562,5	-0,370731085538864	
565,625	0,567850708961487	565,625	-0,370249092578888	
568,75	0,560455918312073	568,75	-0,367912262678146	
571,875	0,558540284633636	571,875	-0,366190046072006	
575	0,557532966136932	575	-0,36750853061676	
578,125	0,557275056838989	578,125	-0,367109656333923	
581,25	0,55475902557373	581,25	-0,363054364919662	
584,375	0,550712108612061	584,375	-0,36623615026474	
587,5	0,55065655708313	587,5	-0,364587664604187	
590,625	0,548462688922882	590,625	-0,364922642707825	
593,75	0,545177519321442	593,75	-0,365022540092468	
596,875	0,544482290744781	596,875	-0,362977355718613	
600	0,544971466064453	600	-0,361675232648849	
603,125	0,539754390716553	603,125	-0,363448560237885	
606,25	0,537841856479645	606,25	-0,359360694885254	
609,375	0,531635701656342	609,375	-0,360706239938736	
612,5	0,532611131668091	612,5	-0,359306335449219	
615,625	0,528980731964111	615,625	-0,358512371778488	
618,75	0,52870500087738	618,75	-0,359409660100937	
621,875	0,524866342544556	621,875	-0,358733296394348	
625	0,523826539516449	625	-0,356315135955811	
628,125	0,521722912788391	628,125	-0,357873558998108	
631,25	0,520769774913788	631,25	-0,35656014084816	
634,375	0,518028318881989	634,375	-0,355323314666748	
637,5	0,515477538108826	637,5	-0,352740228176117	
640,625	0,512984991073608	640,625	-0,353688299655914	
643,75	0,511870324611664	643,75	-0,354738771915436	
646,875	0,509961903095245	646,875	-0,352320671081543	
650	0,508073449134827	650	-0,351187288761139	
653,125	0,506981670856476	653,125	-0,351703226566315	
656,25	0,506354629993439	656,25	-0,35070937871933	
659,375	0,50349348783493	659,375	-0,351746290922165	
662,5	0,501335024833679	662,5	-0,348872750997543	
665,625	0,500466585159302	665,625	-0,349061042070389	
668,75	0,498303234577179	668,75	-0,34750434756279	
671,875	0,496677935123444	671,875	-0,345805019140244	
675	0,495355486869812	675	-0,344644784927368	
678,125	0,492001444101334	678,125	-0,34350311756134	
681,25	0,490015089511871	681,25	-0,343789577484131	
684,375	0,489453196525574	684,375	-0,342445850372314	
687,5	0,486077547073364	687,5	-0,341189533472061	
690,625	0,484734028577805	690,625	-0,340768814086914	
693,75	0,484294831752777	693,75	-0,338475376367569	
696,875	0,482106894254684	696,875	-0,337148427963257	
700	0,481903791427612	700	-0,338675558567047	
703,125	0,481061398983002	703,125	-0,339298158884048	
706,25	0,476317316293716	706,25	-0,33809033036232	
709,375	0,475306451320648	709,375	-0,337133139371872	
712,5	0,473839461803436	712,5	-0,338622808456421	
715,625	0,471889078617096	715,625	-0,335670977830887	
718,75	0,468322575092316	718,75	-0,333727926015854	
721,875	0,468655496835709	721,875	-0,334833770990372	
725	0,467167019844055	725	-0,332337111234665	
728,125	0,464512437582016	728,125	-0,330629676580429	
731,25	0,463665962219238	731,25	-0,332342773675919	
734,375	0,461909472942352	734,375	-0,329731702804565	
737,5	0,460869520902634	737,5	-0,328273773193359	
740,625	0,458448231220245	740,625	-0,327506572008133	
743,75	0,457419514656067	743,75	-0,32622218132019	
746,875	0,457470536231995	746,875	-0,325806587934494	
750	0,453699469566345	750	-0,323653548955917	
753,125	0,452951908111572	753,125	-0,321622461080551	
756,25	0,452103197574615	756,25	-0,320761322975159	
759,375	0,451082408428192	759,375	-0,321659505367279	
762,5	0,449055463075638	762,5	-0,319144934415817	
765,625	0,448258519172668	765,625	-0,317979902029037	
768,75	0,445674538612366	768,75	-0,314604252576828	
771,875	0,443176627159119	771,875	-0,315935045480728	
775	0,444814771413803	775	-0,314372569322586	
778,125	0,442662388086319	778,125	-0,3114373087883	
781,25	0,441467553377151	781,25	-0,311955779790878	
784,375	0,439734309911728	784,375	-0,31215900182724	
787,5	0,438335776329041	787,5	-0,308513313531876	
790,625	0,437184691429138	790,625	-0,308818757534027	
793,75	0,436978369951248	793,75	-0,306910634040833	
796,875	0,434339374303818	796,875	-0,306937277317047	
800	0,434010595083237	800	-0,305591434240341	
803,125	0,435258775949478	803,125	-0,30345293879509	
806,25	0,435430526733398	806,25	-0,30380642414093	
809,375	0,433963477611542	809,375	-0,302258551120758	
812,5	0,431391537189484	812,5	-0,300976276397705	
815,625	0,429667919874191	815,625	-0,297932147979736	
818,75	0,42865327000618	818,75	-0,297981709241867	
821,875	0,427546888589859	821,875	-0,296906620264053	
825	0,425590217113495	825	-0,297381103038788	
828,125	0,424910873174667	828,125	-0,294929355382919	
831,25	0,424065709114075	831,25	-0,291634023189545	
834,375	0,42444035410881	834,375	-0,291093945503235	
837,5	0,424983441829681	837,5	-0,29118886590004	
840,625	0,424731999635696	840,625	-0,288911253213882	
843,75	0,422695577144623	843,75	-0,288988888263702	
846,875	0,423707485198975	846,875	-0,289230614900589	
850	0,41813063621521	850	-0,287177175283432	
853,125	0,418838113546371	853,125	-0,286437600851059	
856,25	0,421030819416046	856,25	-0,282682329416275	
859,375	0,419490218162537	859,375	-0,280807763338089	
862,5	0,417774856090546	862,5	-0,281722158193588	
865,625	0,417685687541962	865,625	-0,280822783708572	
868,75	0,418526321649551	868,75	-0,279759377241135	
871,875	0,417438834905624	871,875	-0,279754966497421	
875	0,416382730007172	875	-0,279263496398926	
878,125	0,415272980928421	878,125	-0,274962544441223	
881,25	0,414793968200684	881,25	-0,275534331798553	
884,375	0,416341125965118	884,375	-0,246885702013969	
887,5	0,415455222129822	887,5	-0,244590729475021	
890,625	0,414978235960007	890,625	-0,244591131806374	
893,75	0,414678663015366	893,75	-0,243840411305428	
896,875	0,412904292345047	896,875	-0,243038013577461	
900	0,413090288639069	900	-0,242035135626793	
903,125	0,411833882331848	903,125	-0,241417154669762	
906,25	0,409851878881454	906,25	-0,238620743155479	
909,375	0,409460633993149	909,375	-0,237293288111687	
912,5	0,408483386039734	912,5	-0,237909272313118	
915,625	0,407675564289093	915,625	-0,235019594430923	
918,75	0,40616649389267	918,75	-0,233134865760803	
921,875	0,404871374368668	921,875	-0,234984308481216	
925	0,403753489255905	925	-0,233166053891182	
928,125	0,40424570441246	928,125	-0,232391387224197	
931,25	0,404813081026077	931,25	-0,231675207614899	
934,375	0,404278367757797	934,375	-0,230206146836281	
937,5	0,403762519359589	937,5	-0,230947121977806	
940,625	0,401782155036926	940,625	-0,229104623198509	
943,75	0,400790750980377	943,75	-0,227071762084961	
946,875	0,400257349014282	946,875	-0,225901782512665	
950	0,400327891111374	950	-0,225062057375908	
953,125	0,39871671795845	953,125	-0,224237769842148	
956,25	0,397469580173492	956,25	-0,222484081983566	
959,375	0,396633952856064	959,375	-0,221771791577339	
962,5	0,395627379417419	962,5	-0,221291676163673	
965,625	0,395382583141327	965,625	-0,219358563423157	
968,75	0,396355807781219	968,75	-0,218220934271812	
971,875	0,394420266151428	971,875	-0,218517556786537	
975	0,392895966768265	975	-0,217919528484344	
978,125	0,393328815698624	978,125	-0,21660915017128	
981,25	0,391471236944199	981,25	-0,215515673160553	
984,375	0,392114192247391	984,375	-0,214616626501083	
987,5	0,392215937376022	987,5	-0,21309195458889	
990,625	0,390901982784271	990,625	-0,21247772872448	
993,75	0,391436636447906	993,75	-0,211848765611649	
996,875	0,389973878860474	996,875	-0,209842339158058	
1000	0,389047741889954	1000	-0,20931251347065	
1003,125	0,389205247163773	1003,125	-0,207908645272255	
1006,25	0,38817235827446	1006,25	-0,206758692860603	
1009,375	0,387881249189377	1009,375	-0,206126838922501	
1012,5	0,387521922588348	1012,5	-0,205722153186798	
1015,625	0,386126935482025	1015,625	-0,203042656183243	
1018,75	0,385359615087509	1018,75	-0,204288750886917	
1021,875	0,385832786560059	1021,875	-0,202498242259026	
1025	0,385231733322144	1025	-0,202244699001312	
1028,125	0,384615987539291	1028,125	-0,200792029500008	
1031,25	0,384661018848419	1031,25	-0,200273305177689	
1034,375	0,38448041677475	1034,375	-0,19903764128685	
1037,5	0,383172035217285	1037,5	-0,198545500636101	
1040,625	0,383190095424652	1040,625	-0,197359174489975	
1043,75	0,382270008325577	1043,75	-0,196504965424538	
1046,875	0,382472097873688	1046,875	-0,195534482598305	
1050	0,381693810224533	1050	-0,195181369781494	
1053,125	0,382626712322235	1053,125	-0,19449083507061	
1056,25	0,381780356168747	1056,25	-0,194106340408325	
1059,375	0,380680173635483	1059,375	-0,192149117588997	
1062,5	0,381051629781723	1062,5	-0,191354915499687	
1065,625	0,380088210105896	1065,625	-0,19171704351902	
1068,75	0,379617929458618	1068,75	-0,190288946032524	
1071,875	0,379732668399811	1071,875	-0,189467594027519	
1075	0,378952175378799	1075	-0,188796132802963	
1078,125	0,378836274147034	1078,125	-0,188288971781731	
1081,25	0,378591299057007	1081,25	-0,18668569624424	
1084,375	0,377753078937531	1084,375	-0,186073690652847	
1087,5	0,377216279506683	1087,5	-0,185582473874092	
1090,625	0,376757860183716	1090,625	-0,184626311063766	
1093,75	0,376673996448517	1093,75	-0,183942705392838	
1096,875	0,376331657171249	1096,875	-0,183848172426224	
1100	0,376384705305099	1100	-0,182889208197594	
1103,125	0,376258701086044	1103,125	-0,182780519127846	
1106,25	0,374485671520233	1106,25	-0,180802300572395	
1109,375	0,37413090467453	1109,375	-0,180889323353767	
1112,5	0,375588804483414	1112,5	-0,180546596646309	
1115,625	0,375459879636765	1115,625	-0,179442077875137	
1118,75	0,374443143606186	1118,75	-0,179011523723602	
1121,875	0,374041169881821	1121,875	-0,178570866584778	
1125	0,374426007270813	1125	-0,177763566374779	
1128,125	0,37403529882431	1128,125	-0,176933154463768	
1131,25	0,373003005981445	1131,25	-0,177389696240425	
1134,375	0,373368889093399	1134,375	-0,175814732909203	
1137,5	0,372852772474289	1137,5	-0,176239311695099	
1140,625	0,373399078845978	1140,625	-0,176133513450623	
1143,75	0,372265368700027	1143,75	-0,176094889640808	
1146,875	0,372707903385162	1146,875	-0,176485598087311	
1150	0,373316407203674	1150	-0,174747064709663	
1153,125	0,372778177261353	1153,125	-0,173883840441704	
1156,25	0,371959239244461	1156,25	-0,173239886760712	
1159,375	0,371396034955978	1159,375	-0,173582330346107	
1162,5	0,370732337236404	1162,5	-0,173392191529274	
1165,625	0,370476901531219	1165,625	-0,172707736492157	
1168,75	0,371979415416718	1168,75	-0,172627449035645	
1171,875	0,371370106935501	1171,875	-0,173163309693336	
1175	0,371749043464661	1175	-0,171616911888123	
1178,125	0,372143566608429	1178,125	-0,171275153756142	
1181,25	0,371147602796555	1181,25	-0,171102821826935	
1184,375	0,369898200035095	1184,375	-0,171255439519882	
1187,5	0,370489239692688	1187,5	-0,170800924301147	
1190,625	0,369753688573837	1190,625	-0,170179322361946	
1193,75	0,369467079639435	1193,75	-0,16949836909771	
1196,875	0,368802309036255	1196,875	-0,169744566082954	
1200	0,369278103113174	1200	-0,169985175132751	
1203,125	0,368090122938156	1203,125	-0,169712051749229	
1206,25	0,369346380233765	1206,25	-0,169705793261528	
1209,375	0,369607120752335	1209,375	-0,168583378195763	
1212,5	0,368373990058899	1212,5	-0,17021669447422	
1215,625	0,368524223566055	1215,625	-0,170224338769913	
1218,75	0,368364661931992	1218,75	-0,170736506581306	
1221,875	0,367912232875824	1221,875	-0,171096384525299	
1225	0,369244515895844	1225	-0,171358704566956	
1228,125	0,367891281843185	1228,125	-0,170227035880089	
1231,25	0,368350565433502	1231,25	-0,169634863734245	
1234,375	0,366936266422272	1234,375	-0,169962346553802	
1237,5	0,366771250963211	1237,5	-0,172398135066032	
1240,625	0,367664903402328	1240,625	-0,174383029341698	
1243,75	0,366933435201645	1243,75	-0,173742353916168	
1246,875	0,368868380784988	1246,875	-0,174238726496696	
1250	0,366277694702148	1250	-0,17521408200264	
1253,125	0,365715980529785	1253,125	-0,174733832478523	
1256,25	0,366611927747726	1256,25	-0,175300121307373	
1259,375	0,366226077079773	1259,375	-0,174617350101471	
1262,5	0,362852782011032	1262,5	-0,177088692784309	
1265,625	0,364153027534485	1265,625	-0,179480865597725	
1268,75	0,362433224916458	1268,75	-0,179762586951256	
1271,875	0,361590355634689	1271,875	-0,180803745985031	
1275	0,361646592617035	1275	-0,182569056749344	
1278,125	0,361964255571365	1278,125	-0,183077558875084	
1281,25	0,358512789011002	1281,25	-0,185308560729027	
1284,375	0,358863532543182	1284,375	-0,186666965484619	
1287,5	0,358326941728592	1287,5	-0,188822776079178	
1290,625	0,357191145420074	1290,625	-0,191795900464058	
1293,75	0,355886548757553	1293,75	-0,192359432578087	
1296,875	0,351970076560974	1296,875	-0,193485051393509	
1300	0,349307090044022	1300	-0,196840956807137	
1303,125	0,349420309066772	1303,125	-0,199099466204643	
1306,25	0,347995489835739	1306,25	-0,200331136584282	
1309,375	0,343763113021851	1309,375	-0,207235082983971	
1312,5	0,342673659324646	1312,5	-0,209443226456642	
1315,625	0,337871164083481	1315,625	-0,210759773850441	
1318,75	0,333981961011887	1318,75	-0,210591673851013	
1321,875	0,327761918306351	1321,875	-0,214571967720985	
1325	0,325557857751846	1325	-0,217416062951088	
1328,125	0,318854212760925	1328,125	-0,218019261956215	
1331,25	0,312192469835281	1331,25	-0,222514525055885	
1334,375	0,308022886514664	1334,375	-0,225275620818138	
1337,5	0,300401628017426	1337,5	-0,227053537964821	
1340,625	0,292416274547577	1340,625	-0,229273334145546	
1343,75	0,285694122314453	1343,75	-0,230952441692352	
1346,875	0,27502229809761	1346,875	-0,230022147297859	
1350	0,264352738857269	1350	-0,225742056965828	
1353,125	0,255113571882248	1353,125	-0,226824924349785	
1356,25	0,245731264352798	1356,25	-0,228822767734528	
1359,375	0,234652236104012	1359,375	-0,223358169198036	
1362,5	0,226837605237961	1362,5	-0,216361343860626	
1365,625	0,211688548326492	1365,625	-0,212032034993172	
1368,75	0,206681445240974	1368,75	-0,19769823551178	
1371,875	0,204055562615395	1371,875	-0,185813963413239	
1375	0,195060282945633	1375	-0,176329523324966	
1378,125	0,187919542193413	1378,125	-0,167741328477859	
1381,25	0,183449894189835	1381,25	-0,155546814203262	
1384,375	0,182887077331543	1384,375	-0,143570691347122	
1387,5	0,18129064142704	1387,5	-0,132428929209709	
1390,625	0,182077005505562	1390,625	-0,120589472353458	
1393,75	0,182926908135414	1393,75	-0,110632248222828	
1396,875	0,185824856162071	1396,875	-0,100599750876427	
1400	0,187036111950874	1400	-0,0906303226947784	
1403,125	0,191504314541817	1403,125	-0,0814713090658188	
1406,25	0,196014732122421	1406,25	-0,0744773894548416	
1409,375	0,201236918568611	1409,375	-0,0668781623244286	
1412,5	0,204305440187454	1412,5	-0,0611692257225513	
1415,625	0,20951384305954	1415,625	-0,0551602393388748	
1418,75	0,21554896235466	1418,75	-0,0488941706717014	
1421,875	0,219075754284859	1421,875	-0,0445994734764099	
1425	0,224178537726402	1425	-0,042533989995718	
1428,125	0,229832142591476	1428,125	-0,0402035005390644	
1431,25	0,233910888433456	1431,25	-0,0372865125536919	
1434,375	0,238393574953079	1434,375	-0,0342096611857414	
1437,5	0,241379663348198	1437,5	-0,0318329259753227	
1440,625	0,245614156126976	1440,625	-0,0294447913765907	
1443,75	0,248698353767395	1443,75	-0,0285827722400427	
1446,875	0,252258360385895	1446,875	-0,0267150346189737	
1450	0,255545049905777	1450	-0,0260387379676104	
1453,125	0,258501589298248	1453,125	-0,024485332891345	
1456,25	0,26179775595665	1456,25	-0,023768188431859	
1459,375	0,264873266220093	1459,375	-0,0216950159519911	
1462,5	0,267174243927002	1462,5	-0,021173732355237	
1465,625	0,269751489162445	1465,625	-0,0204896163195372	
1468,75	0,272361129522324	1468,75	-0,0193458516150713	
1471,875	0,275082916021347	1471,875	-0,019149849191308	
1475	0,277193784713745	1475	-0,0180397517979145	
1478,125	0,279632538557053	1478,125	-0,0174041390419006	
1481,25	0,282202154397964	1481,25	-0,0166777335107327	
1484,375	0,283898293972015	1484,375	-0,016547929495573	
1487,5	0,285676926374435	1487,5	-0,0162164475768805	
1490,625	0,287369579076767	1490,625	-0,0165108852088451	
1493,75	0,288814723491669	1493,75	-0,0151986917480826	
1496,875	0,290932685136795	1496,875	-0,0148549871519208	
1500	0,292492866516113	1500	-0,0149288391694427	
1503,125	0,2937952876091	1503,125	-0,0140361096709967	
1506,25	0,294093072414398	1506,25	-0,0142440674826503	
1509,375	0,296141117811203	1509,375	-0,0141121260821819	
1512,5	0,298235893249512	1512,5	-0,013402970507741	
1515,625	0,299720048904419	1515,625	-0,0130611294880509	
1518,75	0,301741033792496	1518,75	-0,0131114581599832	
1521,875	0,302996814250946	1521,875	-0,0125874374061823	
1525	0,30401822924614	1525	-0,0128450384363532	
1528,125	0,304730504751205	1528,125	-0,0123732760548592	
1531,25	0,306180417537689	1531,25	-0,0119920196011662	
1534,375	0,30754166841507	1534,375	-0,0122931580990553	
1537,5	0,308612257242203	1537,5	-0,0121654886752367	
1540,625	0,310263842344284	1540,625	-0,0122531205415726	
1543,75	0,311025559902191	1543,75	-0,0125343883410096	
1546,875	0,31200647354126	1546,875	-0,0125299813225865	
1550	0,31363633275032	1550	-0,0128185721114278	
1553,125	0,314140528440475	1553,125	-0,0131282368674874	
1556,25	0,315622240304947	1556,25	-0,0134750809520483	
1559,375	0,315578430891037	1559,375	-0,0146734658628702	
1562,5	0,31612691283226	1562,5	-0,0145751750096679	
1565,625	0,316023379564285	1565,625	-0,014579338952899	
1568,75	0,315802246332169	1568,75	-0,0148518895730376	
1571,875	0,316297233104706	1571,875	-0,0149173326790333	
1575	0,316876977682114	1575	-0,0152618130668998	
1578,125	0,316605299711227	1578,125	-0,0152308763936162	
1581,25	0,31623050570488	1581,25	-0,0156169878318906	
1584,375	0,315633207559586	1584,375	-0,0152770103886724	
1587,5	0,315537214279175	1587,5	-0,0151344211772084	
1590,625	0,316380470991135	1590,625	-0,0148662542924285	
1593,75	0,31643146276474	1593,75	-0,0145799582824111	
1596,875	0,315686166286469	1596,875	-0,0149997621774673	
1600	0,315977096557617	1600	-0,0141465878114104	
1603,125	0,315769344568253	1603,125	-0,0142019744962454	
1606,25	0,315919995307922	1606,25	-0,0131357414647937	
1609,375	0,314720004796982	1609,375	-0,0137998973950744	
1612,5	0,314162045717239	1612,5	-0,0133867720142007	
1615,625	0,313652575016022	1615,625	-0,0124683268368244	
1618,75	0,313117295503616	1618,75	-0,0117457360029221	
1621,875	0,313001692295074	1621,875	-0,0102520994842052	
1625	0,310927927494049	1625	-0,0096492525190115	
1628,125	0,311175674200058	1628,125	-0,00826200656592846	
1631,25	0,311011612415314	1631,25	-0,00709484750404954	
1634,375	0,311647266149521	1634,375	-0,00547251757234335	
1637,5	0,311147332191467	1637,5	-0,00464313570410013	
1640,625	0,312801748514175	1640,625	-0,00346259097568691	
1643,75	0,312843084335327	1643,75	-0,00234132376499474	
1646,875	0,312938839197159	1646,875	2,42330497712828E-05	
1650	0,31337234377861	1650	0,00135995249729604	
1653,125	0,314549028873444	1653,125	0,00191144424024969	
1656,25	0,315341800451279	1656,25	0,00397277902811766	
1659,375	0,315561324357986	1659,375	0,00507773645222187	
1662,5	0,316876322031021	1662,5	0,006408607121557	
1665,625	0,318409860134125	1665,625	0,00777014438062906	
1668,75	0,319016814231873	1668,75	0,00792225543409586	
1671,875	0,319206357002258	1671,875	0,00791532453149557	
1675	0,321448892354965	1675	0,00996389705687761	
1678,125	0,322783142328262	1678,125	0,00987258274108171	
1681,25	0,324178338050842	1681,25	0,010831999592483	
1684,375	0,325111776590347	1684,375	0,0111748287454247	
1687,5	0,325510829687119	1687,5	0,0102308494970202	
1690,625	0,327004909515381	1690,625	0,0113037265837193	
1693,75	0,327041625976563	1693,75	0,0108625963330269	
1696,875	0,328141927719116	1696,875	0,0116491671651602	
1700	0,329535007476807	1700	0,0114310942590237	
1703,125	0,330757319927216	1703,125	0,0112773925065994	
1706,25	0,33085960149765	1706,25	0,011987591162324	
1709,375	0,331362694501877	1709,375	0,0114317294210196	
1712,5	0,33232319355011	1712,5	0,0119001809507608	
1715,625	0,333342492580414	1715,625	0,0110629610717297	
1718,75	0,333452492952347	1718,75	0,0116889514029026	
1721,875	0,334250271320343	1721,875	0,0107656419277191	
1725	0,335098445415497	1725	0,0109345745295286	
1728,125	0,334698498249054	1728,125	0,0087639419361949	
1731,25	0,334419578313828	1731,25	0,00976298097521067	
1734,375	0,335349708795547	1734,375	0,0101172886788845	
1737,5	0,335859686136246	1737,5	0,00938274338841438	
1740,625	0,337316006422043	1740,625	0,00892006419599056	
1743,75	0,334924280643463	1743,75	0,00845120940357447	
1746,875	0,334358662366867	1746,875	0,00803681742399931	
1750	0,335492670536041	1750	0,0069719641469419	
1753,125	0,33488330245018	1753,125	0,00524834031239152	
1756,25	0,334826588630676	1756,25	0,0044861463829875	
1759,375	0,333235889673233	1759,375	0,00432928605005145	
1762,5	0,332975715398788	1762,5	0,00462955655530095	
1765,625	0,332167655229568	1765,625	0,00463585974648595	
1768,75	0,33146470785141	1768,75	0,00385997770354152	
1771,875	0,329600006341934	1771,875	0,00571497948840261	
1775	0,328806936740875	1775	0,0075722960755229	
1778,125	0,329001247882843	1778,125	0,00785889104008675	
1781,25	0,329821854829788	1781,25	0,0085013322532177	
1784,375	0,329191327095032	1784,375	0,00943299010396004	
1787,5	0,3286512196064	1787,5	0,00975766684859991	
1790,625	0,328871190547943	1790,625	0,0106880972161889	
1793,75	0,329815238714218	1793,75	0,00998521689325571	
1796,875	0,329022616147995	1796,875	0,00921789649873972	
1800	0,328630924224854	1800	0,0108270142227411	
1803,125	0,327844619750977	1803,125	0,0112245809286833	
1806,25	0,327544659376144	1806,25	0,011718463152647	
1809,375	0,327049225568771	1809,375	0,0126839326694608	
1812,5	0,327203631401062	1812,5	0,0134680429473519	
1815,625	0,328102350234985	1815,625	0,0144556742161512	
1818,75	0,32704970240593	1818,75	0,0149940839037299	
1821,875	0,326349824666977	1821,875	0,0154170403257012	
1825	0,32651823759079	1825	0,0159113109111786	
1828,125	0,326394617557526	1828,125	0,0161818396300077	
1831,25	0,326490938663483	1831,25	0,0173490550369024	
1834,375	0,327355116605759	1834,375	0,0179602894932032	
1837,5	0,325482755899429	1837,5	0,0185713786631823	
1840,625	0,325419425964355	1840,625	0,0190747622400522	
1843,75	0,325459063053131	1843,75	0,0200858078896999	
1846,875	0,325949132442474	1846,875	0,0200018137693405	
1850	0,327610015869141	1850	0,0197521708905697	
1853,125	0,326923966407776	1853,125	0,0208278317004442	
1856,25	0,32627210021019	1856,25	0,0222596749663353	
1859,375	0,327008426189423	1859,375	0,0227428488433361	
1862,5	0,327698975801468	1862,5	0,0231448300182819	
1865,625	0,327666908502579	1865,625	0,0230656284838915	
1868,75	0,327640742063522	1868,75	0,0241707246750593	
1871,875	0,327705413103104	1871,875	0,0244786273688078	
1875	0,327684342861176	1875	0,0250576604157686	
1878,125	0,326870709657669	1878,125	0,0251851975917816	
1881,25	0,327943712472916	1881,25	0,0257424563169479	
1884,375	0,327678918838501	1884,375	0,0270387511700392	
1887,5	0,327741205692291	1887,5	0,0269337072968483	
1890,625	0,329275578260422	1890,625	0,0275940224528313	
1893,75	0,327769368886948	1893,75	0,0264114122837782	
1896,875	0,32826817035675	1896,875	0,0279728267341852	
1900	0,328266561031342	1900	0,0290069095790386	
1903,125	0,328136026859283	1903,125	0,0292460434138775	
1906,25	0,328704386949539	1906,25	0,0292956866323948	
1909,375	0,328558534383774	1909,375	0,0301880426704884	
1912,5	0,327978938817978	1912,5	0,0304734762758017	
1915,625	0,327656805515289	1915,625	0,0302372463047504	
1918,75	0,328710854053497	1918,75	0,0315203852951527	
1921,875	0,327614396810532	1921,875	0,031315490603447	
1925	0,327912420034409	1925	0,0315328948199749	
1928,125	0,327486932277679	1928,125	0,0324374921619892	
1931,25	0,328179061412811	1931,25	0,0324943549931049	
1934,375	0,329141050577164	1934,375	0,0321713536977768	
1937,5	0,3294977247715	1937,5	0,0331568792462349	
1940,625	0,33011668920517	1940,625	0,0332603752613068	
1943,75	0,328809529542923	1943,75	0,0335164368152618	
1946,875	0,327965170145035	1946,875	0,034968875348568	
1950	0,328608781099319	1950	0,0344145447015762	
1953,125	0,328809946775436	1953,125	0,0356660597026348	
1956,25	0,329094439744949	1956,25	0,0358185842633247	
1959,375	0,329769045114517	1959,375	0,0366918221116066	
1962,5	0,328968793153763	1962,5	0,0358411371707916	
1965,625	0,328173100948334	1965,625	0,0368472039699554	
1968,75	0,329136848449707	1968,75	0,0375319793820381	
1971,875	0,329993367195129	1971,875	0,0371037498116493	
1975	0,327727854251862	1975	0,0393802672624588	
1978,125	0,32798033952713	1978,125	0,0386007539927959	
1981,25	0,328589886426926	1981,25	0,0389937646687031	
1984,375	0,327851086854935	1984,375	0,0396619252860546	
1987,5	0,329233855009079	1987,5	0,0403501093387604	
1990,625	0,330221623182297	1990,625	0,0393690355122089	
1993,75	0,329038560390472	1993,75	0,0402475856244564	
1996,875	0,329083770513535	1996,875	0,0407989509403706	
2000	0,329618513584137	2000	0,0417501926422119	
2003,125	0,328849166631699	2003,125	0,0417464971542358	
2006,25	0,329120844602585	2006,25	0,0434135235846043	
2009,375	0,328217059373856	2009,375	0,0423532910645008	
2012,5	0,328674226999283	2012,5	0,0434113219380379	
2015,625	0,328566044569016	2015,625	0,0442975573241711	
2018,75	0,328807950019836	2018,75	0,0440038181841373	
2021,875	0,328530848026276	2021,875	0,0445664823055267	
2025	0,328287541866302	2025	0,0459432192146778	
2028,125	0,327682882547379	2028,125	0,0460488423705101	
2031,25	0,328732758760452	2031,25	0,0466351918876171	
2034,375	0,328734785318375	2034,375	0,0470277965068817	
2037,5	0,327781170606613	2037,5	0,0477282479405403	
2040,625	0,329161435365677	2040,625	0,0474678426980972	
2043,75	0,329284399747849	2043,75	0,0487777441740036	
2046,875	0,329791158437729	2046,875	0,0486773513257504	
2050	0,330304175615311	2050	0,0481711365282536	
2053,125	0,328984022140503	2053,125	0,050982054322958	
2056,25	0,328869849443436	2056,25	0,0490982569754124	
2059,375	0,330733001232147	2059,375	0,0501252636313438	
2062,5	0,330260723829269	2062,5	0,0517921522259712	
2065,625	0,329819917678833	2065,625	0,051820445805788	
2068,75	0,331083238124847	2068,75	0,0528703406453133	
2071,875	0,331989973783493	2071,875	0,0517358221113682	
2075	0,332256406545639	2075	0,0534082762897015	
2078,125	0,330979019403458	2078,125	0,0542115643620491	
2081,25	0,33177724480629	2081,25	0,0535835288465023	
2084,375	0,332241714000702	2084,375	0,0527685396373272	
2087,5	0,333978563547134	2087,5	0,0535098053514957	
2090,625	0,334031820297241	2090,625	0,052611880004406	
2093,75	0,333308488130569	2093,75	0,0541655197739601	
2096,875	0,333278298377991	2096,875	0,0539428517222404	
2100	0,333831369876862	2100	0,0527898259460926	
2103,125	0,335240483283997	2103,125	0,0542442351579666	
2106,25	0,335253089666367	2106,25	0,0541557334363461	
2109,375	0,335827231407166	2109,375	0,055861309170723	
2112,5	0,333958774805069	2112,5	0,0537020154297352	
2115,625	0,334303200244904	2115,625	0,0534927435219288	
2118,75	0,334631472826004	2118,75	0,0553587228059769	
2121,875	0,335074752569199	2121,875	0,0561356358230114	
2125	0,336130976676941	2125	0,0547398328781128	
2128,125	0,336543828248978	2128,125	0,054364450275898	
2131,25	0,335371166467667	2131,25	0,0557306557893753	
2134,375	0,334322869777679	2134,375	0,0560838170349598	
2137,5	0,335205882787704	2137,5	0,0560065433382988	
2140,625	0,335470110177994	2140,625	0,0555962026119232	
2143,75	0,335904449224472	2143,75	0,054848063737154	
2146,875	0,336291283369064	2146,875	0,0552682168781757	
2150	0,33559262752533	2150	0,0546745099127293	
2153,125	0,336095690727234	2153,125	0,0550359785556793	
2156,25	0,334611177444458	2156,25	0,0562438517808914	
2159,375	0,335038781166077	2159,375	0,0565377436578274	
2162,5	0,334264934062958	2162,5	0,0565087236464024	
2165,625	0,333021700382233	2165,625	0,0572446323931217	
2168,75	0,336032420396805	2168,75	0,0584158971905708	
2171,875	0,335497736930847	2171,875	0,0579642094671726	
2175	0,333979517221451	2175	0,0571415573358536	
2178,125	0,335586667060852	2178,125	0,0567012429237366	
2181,25	0,334226548671722	2181,25	0,0586572699248791	
2184,375	0,335432678461075	2184,375	0,0594550333917141	
2187,5	0,335113763809204	2187,5	0,0592608787119389	
2190,625	0,335577219724655	2190,625	0,0584227032959461	
2193,75	0,334952026605606	2193,75	0,0572624690830708	
2196,875	0,335053890943527	2196,875	0,0590585619211197	
2200	0,334390997886658	2200	0,0593934506177902	
2203,125	0,334852874279022	2203,125	0,0586117878556252	
2206,25	0,334644049406052	2206,25	0,0583465620875359	
2209,375	0,336646527051926	2209,375	0,0596618205308914	
2212,5	0,337274104356766	2212,5	0,0594695694744587	
2215,625	0,336184412240982	2215,625	0,0599068477749825	
2218,75	0,336050540208817	2218,75	0,0600257478654385	
2221,875	0,336822777986526	2221,875	0,0612384118139744	
2225	0,337734937667847	2225	0,0607429258525372	
2228,125	0,337818682193756	2228,125	0,0603169314563274	
2231,25	0,337687790393829	2231,25	0,0607744827866554	
2234,375	0,337125599384308	2234,375	0,0602578669786453	
2237,5	0,33645436167717	2237,5	0,0608283802866936	
2240,625	0,33491262793541	2240,625	0,0612331666052341	
2243,75	0,336558043956757	2243,75	0,0604751594364643	
2246,875	0,337757080793381	2246,875	0,0610029734671116	
2250	0,337207645177841	2250	0,0622957274317741	
2253,125	0,338280886411667	2253,125	0,0599988363683224	
2256,25	0,338220298290253	2256,25	0,0620989762246609	
2259,375	0,337302386760712	2259,375	0,061488151550293	
2262,5	0,338776379823685	2262,5	0,0610732771456242	
2265,625	0,337576627731323	2265,625	0,0631454885005951	
2268,75	0,338756114244461	2268,75	0,0607692450284958	
2271,875	0,337475717067719	2271,875	0,0624423734843731	
2275	0,338496863842011	2275	0,0625620409846306	
2278,125	0,337538331747055	2278,125	0,0629753097891808	
2281,25	0,337238192558289	2281,25	0,0602569803595543	
2284,375	0,337833762168884	2284,375	0,0603763498365879	
2287,5	0,337900727987289	2287,5	0,0620327778160572	
2290,625	0,338862776756287	2290,625	0,061827290803194	
2293,75	0,337885230779648	2293,75	0,0630941018462181	
2296,875	0,338995426893234	2296,875	0,0611158646643162	
2300	0,338650196790695	2300	0,0623095147311687	
2303,125	0,338849157094955	2303,125	0,0613964274525642	
2306,25	0,338810175657272	2306,25	0,0621171556413174	
2309,375	0,338621228933334	2309,375	0,0618264563381672	
2312,5	0,338241249322891	2312,5	0,0621348917484283	
2315,625	0,338159710168839	2315,625	0,0608075968921185	
2318,75	0,337412685155869	2318,75	0,0616756267845631	
2321,875	0,337497502565384	2321,875	0,0620662905275822	
2325	0,338904678821564	2325	0,0609111785888672	
2328,125	0,339069843292236	2328,125	0,0622730143368244	
2331,25	0,339315384626389	2331,25	0,062149602919817	
2334,375	0,338400095701218	2334,375	0,0624766200780869	
2337,5	0,33810767531395	2337,5	0,0612832084298134	
2340,625	0,338744819164276	2340,625	0,0629724115133286	
2343,75	0,340776711702347	2343,75	0,0628950744867325	
2346,875	0,339553564786911	2346,875	0,0617112554609776	
2350	0,339691996574402	2350	0,0630304217338562	
2353,125	0,339140772819519	2353,125	0,0613508708775043	
2356,25	0,338689535856247	2356,25	0,0617190189659595	
2359,375	0,34017887711525	2359,375	0,0625372305512428	
2362,5	0,338917404413223	2362,5	0,0623613074421883	
2365,625	0,337402135133743	2365,625	0,061236497014761	
2368,75	0,340069860219955	2368,75	0,0622698776423931	
2371,875	0,33930778503418	2371,875	0,0634040758013725	
2375	0,339025884866714	2375	0,0613503977656364	
2378,125	0,339284837245941	2378,125	0,0620501115918159	
2381,25	0,339156538248062	2381,25	0,0630412474274635	
2384,375	0,338048875331879	2384,375	0,063327394425869	
2387,5	0,34039506316185	2387,5	0,0601507164537907	
2390,625	0,339537084102631	2390,625	0,0612372867763042	
2393,75	0,340524971485138	2393,75	0,0622423999011517	
2396,875	0,339489907026291	2396,875	0,0633019730448723	
2400	0,338350027799606	2400	0,0618061646819115	
2403,125	0,339065760374069	2403,125	0,0622807666659355	
2406,25	0,338489234447479	2406,25	0,0614494197070599	
2409,375	0,33881402015686	2409,375	0,0616122744977474	
2412,5	0,338709443807602	2412,5	0,0626359954476357	
2415,625	0,340052276849747	2415,625	0,0613676086068153	
2418,75	0,339561343193054	2418,75	0,0612374320626259	
2421,875	0,340551853179932	2421,875	0,0625949576497078	
2425	0,340918153524399	2425	0,062925711274147	
2428,125	0,339659154415131	2428,125	0,061838410794735	
2431,25	0,33822438120842	2431,25	0,0608971044421196	
2434,375	0,338657677173615	2434,375	0,0612276270985603	
2437,5	0,339672356843948	2437,5	0,0613555908203125	
2440,625	0,338925302028656	2440,625	0,0612169466912746	
2443,75	0,339171320199966	2443,75	0,0620475001633167	
2446,875	0,338877320289612	2446,875	0,0621473006904125	
2450	0,339431613683701	2450	0,0624946244060993	
2453,125	0,339931845664978	2453,125	0,0623619928956032	
2456,25	0,338959187269211	2456,25	0,0611192956566811	
2459,375	0,339373081922531	2459,375	0,0613612309098244	
2462,5	0,340534627437592	2462,5	0,0617376565933228	
2465,625	0,338932394981384	2465,625	0,0623753629624844	
2468,75	0,337941825389862	2468,75	0,0607635974884033	
2471,875	0,339428871870041	2471,875	0,0608541071414948	
2475	0,339038789272308	2475	0,0615240819752216	
2478,125	0,339191943407059	2478,125	0,0617262087762356	
2481,25	0,339585304260254	2481,25	0,0615098252892494	
2484,375	0,338230431079865	2484,375	0,0616416409611702	
2487,5	0,338035464286804	2487,5	0,0605880320072174	
2490,625	0,339551478624344	2490,625	0,0624061934649944	
2493,75	0,339649081230164	2493,75	0,0614266842603683	
2496,875	0,340652585029602	2496,875	0,0611804611980915	
2500	0,339183896780014	2500	0,0610911212861538	
2503,125	0,337807208299637	2503,125	0,0601850748062134	
2506,25	0,337704926729202	2506,25	0,0615650452673435	
2509,375	0,338387578725815	2509,375	0,0612292103469372	
2512,5	0,338074386119843	2512,5	0,0611187927424908	
2515,625	0,338172167539597	2515,625	0,0618832744657993	
2518,75	0,338134706020355	2518,75	0,0619204044342041	
2521,875	0,338117271661758	2521,875	0,059975977987051	
2525	0,338795244693756	2525	0,0616296678781509	
2528,125	0,339671969413757	2528,125	0,0601428635418415	
2531,25	0,338739335536957	2531,25	0,0604815855622292	
2534,375	0,33686488866806	2534,375	0,0616248250007629	
2537,5	0,338090986013412	2537,5	0,0596847794950008	
2540,625	0,337921351194382	2540,625	0,059154000133276	
2543,75	0,337491631507874	2543,75	0,0614911988377571	
2546,875	0,337053388357162	2546,875	0,0618282780051231	
2550	0,335902512073517	2550	0,0609861500561237	
2553,125	0,336439609527588	2553,125	0,0615176223218441	
2556,25	0,336896449327469	2556,25	0,061264406889677	
2559,375	0,336410939693451	2559,375	0,0609665028750896	
2562,5	0,335515707731247	2562,5	0,0610406324267387	
2565,625	0,335232824087143	2565,625	0,061008594930172	
2568,75	0,336972177028656	2568,75	0,0600478164851666	
2571,875	0,336275279521942	2571,875	0,0605910569429398	
2575	0,335509717464447	2575	0,0607752911746502	
2578,125	0,335246354341507	2578,125	0,0612576082348824	
2581,25	0,336163699626923	2581,25	0,0618714578449726	
2584,375	0,33639258146286	2584,375	0,0608311481773853	
2587,5	0,335320889949799	2587,5	0,0612011179327965	
2590,625	0,335553735494614	2590,625	0,0617033578455448	
2593,75	0,336666852235794	2593,75	0,0605385601520538	
2596,875	0,336326062679291	2596,875	0,0613282844424248	
2600	0,335392326116562	2600	0,0615308843553066	
2603,125	0,334648936986923	2603,125	0,0610928684473038	
2606,25	0,334613740444183	2606,25	0,0621921382844448	
2609,375	0,334007024765015	2609,375	0,0618824437260628	
2612,5	0,333306014537811	2612,5	0,0611886233091354	
2615,625	0,334170520305634	2615,625	0,0611523725092411	
2618,75	0,334602922201157	2618,75	0,0621640346944332	
2621,875	0,333793967962265	2621,875	0,0624390803277493	
2625	0,334424138069153	2625	0,0617827549576759	
2628,125	0,333632081747055	2628,125	0,0623014643788338	
2631,25	0,334027230739594	2631,25	0,0638593062758446	
2634,375	0,332198232412338	2634,375	0,0620278529822826	
2637,5	0,332189083099365	2637,5	0,0627349019050598	
2640,625	0,333126723766327	2640,625	0,0630089044570923	
2643,75	0,332923382520676	2643,75	0,06308314204216	
2646,875	0,333663284778595	2646,875	0,0640552490949631	
2650	0,333363443613052	2650	0,0643143951892853	
2653,125	0,333687782287598	2653,125	0,0639115944504738	
2656,25	0,334995537996292	2656,25	0,0638866946101189	
2659,375	0,333760350942612	2659,375	0,0628288984298706	
2662,5	0,33312714099884	2662,5	0,0626042708754539	
2665,625	0,333896279335022	2665,625	0,0627785697579384	
2668,75	0,332955956459045	2668,75	0,0622841529548168	
2671,875	0,3341184258461	2671,875	0,0629828423261642	
2675	0,33510410785675	2675	0,0631876438856125	
2678,125	0,333660930395126	2678,125	0,0624310858547688	
2681,25	0,333790600299835	2681,25	0,0626493245363235	
2684,375	0,333506911993027	2684,375	0,0629288330674171	
2687,5	0,333524972200394	2687,5	0,062327403575182	
2690,625	0,333284348249435	2690,625	0,0622850172221661	
2693,75	0,333484679460526	2693,75	0,0633110255002975	
2696,875	0,334568321704865	2696,875	0,0623891986906528	
2700	0,332673579454422	2700	0,0611393377184868	
2703,125	0,332475572824478	2703,125	0,061887152493	
2706,25	0,33217716217041	2706,25	0,0620634369552135	
2709,375	0,332491725683212	2709,375	0,0615286752581596	
2712,5	0,331969916820526	2712,5	0,061740305274725	
2715,625	0,331631660461426	2715,625	0,0623767226934433	
2718,75	0,331881999969482	2718,75	0,0617563091218472	
2721,875	0,331382513046265	2721,875	0,0617986842989922	
2725	0,331566274166107	2725	0,0619287751615047	
2728,125	0,331565171480179	2728,125	0,0614417642354965	
2731,25	0,331728100776672	2731,25	0,0615755096077919	
2734,375	0,33190456032753	2734,375	0,0616298094391823	
2737,5	0,330792278051376	2737,5	0,0612772963941097	
2740,625	0,330709546804428	2740,625	0,0607952699065208	
2743,75	0,330562204122543	2743,75	0,0608138926327229	
2746,875	0,329838573932648	2746,875	0,0606615580618382	
2750	0,330432295799255	2750	0,061810664832592	
2753,125	0,330394506454468	2753,125	0,060708612203598	
2756,25	0,329549044370651	2756,25	0,0603915378451347	
2759,375	0,328731119632721	2759,375	0,0604877583682537	
2762,5	0,328193575143814	2762,5	0,0603652074933052	
2765,625	0,327861458063126	2765,625	0,0609079003334045	
2768,75	0,328961461782455	2768,75	0,0602502375841141	
2771,875	0,32801941037178	2771,875	0,0600206851959229	
2775	0,327173054218292	2775	0,0606661103665829	
2778,125	0,326656758785248	2778,125	0,0601309239864349	
2781,25	0,325827032327652	2781,25	0,0601407438516617	
2784,375	0,326281011104584	2784,375	0,0599963925778866	
2787,5	0,326523512601852	2787,5	0,0606266781687737	
2790,625	0,326497048139572	2790,625	0,0606729611754417	
2793,75	0,325653314590454	2793,75	0,0607712008059025	
2796,875	0,326240181922913	2796,875	0,060654204338789	
2800	0,326550841331482	2800	0,0600707568228245	
2803,125	0,325162291526794	2803,125	0,0609381757676601	
2806,25	0,325414031744003	2806,25	0,0605123676359653	
2809,375	0,324895679950714	2809,375	0,0608888939023018	
2812,5	0,324340254068375	2812,5	0,0602846629917622	
2815,625	0,323449045419693	2815,625	0,0605917908251286	
2818,75	0,323428690433502	2818,75	0,0616043880581856	
2821,875	0,322436094284058	2821,875	0,0611439682543278	
2825	0,322284728288651	2825	0,0605827197432518	
2828,125	0,322280406951904	2828,125	0,0617487095296383	
2831,25	0,32134336233139	2831,25	0,0614130906760693	
2834,375	0,322094470262527	2834,375	0,0619559586048126	
2837,5	0,321926891803741	2837,5	0,0614632777869701	
2840,625	0,321249812841415	2840,625	0,0616516806185246	
2843,75	0,321593463420868	2843,75	0,0626265481114388	
2846,875	0,321354299783707	2846,875	0,061388086527586	
2850	0,320421248674393	2850	0,0625753775238991	
2853,125	0,319897592067719	2853,125	0,0621585808694363	
2856,25	0,319981575012207	2856,25	0,0628058984875679	
2859,375	0,319413185119629	2859,375	0,0628404766321182	
2862,5	0,320010840892792	2862,5	0,0626200214028358	
2865,625	0,319401621818542	2865,625	0,0632630959153175	
2868,75	0,31943416595459	2868,75	0,0642085522413254	
2871,875	0,319533884525299	2871,875	0,0632242858409882	
2875	0,319252073764801	2875	0,0641735270619392	
2878,125	0,319058626890183	2878,125	0,0644495040178299	
2881,25	0,318872213363647	2881,25	0,0640197247266769	
2884,375	0,318844228982925	2884,375	0,0643624737858772	
2887,5	0,318605989217758	2887,5	0,0646295845508575	
2890,625	0,318639367818832	2890,625	0,0654414743185043	
2893,75	0,319525808095932	2893,75	0,065563939511776	
2896,875	0,318537324666977	2896,875	0,0652214512228966	
2900	0,318638473749161	2900	0,06560318171978	
2903,125	0,318723201751709	2903,125	0,0658383443951607	
2906,25	0,318907469511032	2906,25	0,0660817250609398	
2909,375	0,319361925125122	2909,375	0,0655509382486343	
2912,5	0,319582730531693	2912,5	0,0654494538903236	
2915,625	0,319851189851761	2915,625	0,0654875785112381	
2918,75	0,319473206996918	2918,75	0,0649096295237541	
2921,875	0,318999230861664	2921,875	0,0648241192102432	
2925	0,318993508815765	2925	0,0643648505210876	
2928,125	0,318255186080933	2928,125	0,0644040331244469	
2931,25	0,318380832672119	2931,25	0,0652672797441483	
2934,375	0,317427158355713	2934,375	0,0646285489201546	
2937,5	0,317167669534683	2937,5	0,0646761432290077	
2940,625	0,316375523805618	2940,625	0,0647393763065338	
2943,75	0,315796703100204	2943,75	0,0655805990099907	
2946,875	0,316012889146805	2946,875	0,0660022348165512	
2950	0,315389096736908	2950	0,0662639588117599	
2953,125	0,315809428691864	2953,125	0,0662974119186401	
2956,25	0,315911173820496	2956,25	0,066582664847374	
2959,375	0,315195292234421	2959,375	0,0672630816698074	
2962,5	0,315121561288834	2962,5	0,0671225786209106	
2965,625	0,315270066261292	2965,625	0,0672870650887489	
2968,75	0,31438809633255	2968,75	0,0677268579602242	
2971,875	0,314282566308975	2971,875	0,0678474083542824	
2975	0,315034151077271	2975	0,0686089247465134	
2978,125	0,315118670463562	2978,125	0,0686832368373871	
2981,25	0,3144651055336	2981,25	0,0688774660229683	
2984,375	0,314058989286423	2984,375	0,0687465444207191	
2987,5	0,313913464546204	2987,5	0,0687911510467529	
2990,625	0,314392149448395	2990,625	0,0701113194227219	
2993,75	0,31457307934761	2993,75	0,070671834051609	
2996,875	0,314727008342743	2996,875	0,0706226527690887	
3000	0,314234763383865	3000	0,0701543912291527	
3003,125	0,314344733953476	3003,125	0,0704247802495956	
3006,25	0,31496986746788	3006,25	0,0709671750664711	
3009,375	0,314818829298019	3009,375	0,0706700533628464	
3012,5	0,315116167068481	3012,5	0,071567066013813	
3015,625	0,315057724714279	3015,625	0,0710114389657974	
3018,75	0,315899580717087	3018,75	0,0720434635877609	
3021,875	0,316549360752106	3021,875	0,0725112780928612	
3025	0,314904123544693	3025	0,0684560164809227	
3028,125	0,315759599208832	3028,125	0,070901446044445	
3031,25	0,315761893987656	3031,25	0,0716759264469147	
3034,375	0,315306603908539	3034,375	0,0722985863685608	
3037,5	0,315610349178314	3037,5	0,0725945085287094	
3040,625	0,315254032611847	3040,625	0,0716750100255013	
3043,75	0,316095024347305	3043,75	0,0724001601338387	
3046,875	0,316653847694397	3046,875	0,0720502659678459	
3050	0,316514104604721	3050	0,0726982280611992	
3053,125	0,316316574811935	3053,125	0,072886049747467	
3056,25	0,316750377416611	3056,25	0,0727155730128288	
3059,375	0,316153794527054	3059,375	0,0726784616708755	
3062,5	0,315857440233231	3062,5	0,07220409065485	
3065,625	0,315865457057953	3065,625	0,0732611864805222	
3068,75	0,315803050994873	3068,75	0,0733878836035728	
3071,875	0,315809607505798	3071,875	0,0734515637159348	
3075	0,316438168287277	3075	0,0738167986273766	
3078,125	0,315976828336716	3078,125	0,0737685188651085	
3081,25	0,314719021320343	3081,25	0,0734674707055092	
3084,375	0,315279096364975	3084,375	0,072925753891468	
3087,5	0,316684693098068	3087,5	0,0733924955129623	
3090,625	0,316729664802551	3090,625	0,0744941532611847	
3093,75	0,316296607255936	3093,75	0,073715515434742	
3096,875	0,315895229578018	3096,875	0,0736971721053123	
3100	0,316220253705978	3100	0,0743052810430527	
3103,125	0,316416591405869	3103,125	0,0746258422732353	
3106,25	0,316373407840729	3106,25	0,0751368030905724	
3109,375	0,316625833511353	3109,375	0,0753303393721581	
3112,5	0,317907780408859	3112,5	0,07524074614048	
3115,625	0,317372798919678	3115,625	0,0735327154397964	
3118,75	0,31674125790596	3118,75	0,0741630643606186	
3121,875	0,315610826015472	3121,875	0,0745359510183334	
3125	0,315663367509842	3125	0,0760685577988625	
3128,125	0,316590428352356	3128,125	0,0756705477833748	
3131,25	0,317558705806732	3131,25	0,0752429887652397	
3134,375	0,317428022623062	3134,375	0,0752048417925835	
3137,5	0,316699385643005	3137,5	0,0763197392225266	
3140,625	0,316631495952606	3140,625	0,0756689757108688	
3143,75	0,316396743059158	3143,75	0,07577995210886	
3146,875	0,316112548112869	3146,875	0,0760228782892227	
3150	0,31626358628273	3150	0,0761671885848045	
3153,125	0,316868752241135	3153,125	0,0751080736517906	
3156,25	0,315441995859146	3156,25	0,0763139203190804	
3159,375	0,315957427024841	3159,375	0,0759683176875114	
3162,5	0,31517094373703	3162,5	0,0756871849298477	
3165,625	0,314507067203522	3165,625	0,0752997100353241	
3168,75	0,316705793142319	3168,75	0,0760523900389671	
3171,875	0,316857755184174	3171,875	0,0759534388780594	
3175	0,316062122583389	3175	0,0765600055456162	
3178,125	0,317466735839844	3178,125	0,0745960772037506	
3181,25	0,316779792308807	3181,25	0,076636366546154	
3184,375	0,315215796232224	3184,375	0,0754271745681763	
3187,5	0,316708326339722	3187,5	0,0764140039682388	
3190,625	0,316316425800323	3190,625	0,0768531262874603	
3193,75	0,316002815961838	3193,75	0,0765232071280479	
3196,875	0,316657990217209	3196,875	0,0765360146760941	
3200	0,31601756811142	3200	0,0768445506691933	
3203,125	0,315702378749847	3203,125	0,0759426951408386	
3206,25	0,316691130399704	3206,25	0,0771679431200027	
3209,375	0,316691368818283	3209,375	0,0770718529820442	
3212,5	0,31542181968689	3212,5	0,077649287879467	
3215,625	0,314819037914276	3215,625	0,076679416000843	
3218,75	0,314296692609787	3218,75	0,0757152661681175	
3221,875	0,314763426780701	3221,875	0,077017068862915	
3225	0,313736647367477	3225	0,0769314467906952	
3228,125	0,314210176467896	3228,125	0,0778559371829033	
3231,25	0,313814371824265	3231,25	0,0788583308458328	
3234,375	0,314520984888077	3234,375	0,0767981559038162	
3237,5	0,313748508691788	3237,5	0,0785102769732475	
3240,625	0,314588069915771	3240,625	0,0781282484531403	
3243,75	0,314070791006088	3243,75	0,07940524071455	
3246,875	0,314635813236237	3246,875	0,0796227604150772	
3250	0,31356155872345	3250	0,0774377733469009	
3253,125	0,31122288107872	3253,125	0,0794451385736465	
3256,25	0,311762809753418	3256,25	0,0774683207273483	
3259,375	0,312023133039474	3259,375	0,077751524746418	
3262,5	0,312327176332474	3262,5	0,0805304571986198	
3265,625	0,312130868434906	3265,625	0,0799926891922951	
3268,75	0,31244757771492	3268,75	0,0789580643177032	
3271,875	0,312709301710129	3271,875	0,0801315009593964	
3275	0,313076436519623	3275	0,0809721425175667	
3278,125	0,312022358179092	3278,125	0,080691322684288	
3281,25	0,311575621366501	3281,25	0,0806080847978592	
3284,375	0,311746090650558	3284,375	0,0805958658456802	
3287,5	0,31226259469986	3287,5	0,0794868767261505	
3290,625	0,311265468597412	3290,625	0,0801958069205284	
3293,75	0,310904145240784	3293,75	0,0796316638588905	
3296,875	0,310763776302338	3296,875	0,0809085518121719	
3300	0,310703337192535	3300	0,0807602629065514	
3303,125	0,311958700418472	3303,125	0,0816243439912796	
3306,25	0,311042696237564	3306,25	0,0823613181710243	
3309,375	0,309813588857651	3309,375	0,0814385935664177	
3312,5	0,309534758329391	3312,5	0,0810101926326752	
3315,625	0,309188842773438	3315,625	0,0819425955414772	
3318,75	0,311174631118774	3318,75	0,0823018997907639	
3321,875	0,311354368925095	3321,875	0,0815507844090462	
3325	0,310134768486023	3325	0,0821367874741554	
3328,125	0,309595614671707	3328,125	0,0827029347419739	
3331,25	0,308659672737122	3331,25	0,0813413262367249	
3334,375	0,308886975049973	3334,375	0,0822683423757553	
3337,5	0,309372454881668	3337,5	0,0830139145255089	
3340,625	0,308317273855209	3340,625	0,0819367319345474	
3343,75	0,307848870754242	3343,75	0,0827053859829903	
3346,875	0,308286219835281	3346,875	0,0840852335095406	
3350	0,30857789516449	3350	0,0845630988478661	
3353,125	0,307798832654953	3353,125	0,0848837569355965	
3356,25	0,308220446109772	3356,25	0,084929347038269	
3359,375	0,307019025087357	3359,375	0,0847595185041428	
3362,5	0,306174248456955	3362,5	0,0858002081513405	
3365,625	0,305333316326141	3365,625	0,0844583809375763	
3368,75	0,305909872055054	3368,75	0,0848100110888481	
3371,875	0,306409448385239	3371,875	0,0846073776483536	
3375	0,305827856063843	3375	0,0847337990999222	
3378,125	0,304432302713394	3378,125	0,0857211276888847	
3381,25	0,304678499698639	3381,25	0,0850524082779884	
3384,375	0,304906666278839	3384,375	0,0854771360754967	
3387,5	0,304054021835327	3387,5	0,0860461443662643	
3390,625	0,303937673568726	3390,625	0,0865702629089355	
3393,75	0,303529113531113	3393,75	0,0870047509670258	
3396,875	0,303672403097153	3396,875	0,0873841792345047	
3400	0,305653125047684	3400	0,0869979336857796	
3403,125	0,302972316741943	3403,125	0,085945725440979	
3406,25	0,301550835371017	3406,25	0,0866183489561081	
3409,375	0,301327407360077	3409,375	0,0867238789796829	
3412,5	0,301750600337982	3412,5	0,0880267173051834	
3415,625	0,300938457250595	3415,625	0,0873915478587151	
3418,75	0,299976855516434	3418,75	0,0876419767737389	
3421,875	0,302604466676712	3421,875	0,08772312104702	
3425	0,301255524158478	3425	0,0886136591434479	
3428,125	0,299418717622757	3428,125	0,0882093235850334	
3431,25	0,299884736537933	3431,25	0,0886640176177025	
3434,375	0,300085037946701	3434,375	0,0899136736989021	
3437,5	0,298857271671295	3437,5	0,0902856662869453	
3440,625	0,298643797636032	3440,625	0,0894749015569687	
3443,75	0,297647476196289	3443,75	0,0890407860279083	
3446,875	0,298243343830109	3446,875	0,0889192223548889	
3450	0,298158019781113	3450	0,0899109542369843	
3453,125	0,297749251127243	3453,125	0,0907496213912964	
3456,25	0,297247499227524	3456,25	0,0896872505545616	
3459,375	0,296943247318268	3459,375	0,0903473123908043	
3462,5	0,29689633846283	3462,5	0,0903998091816902	
3465,625	0,295923501253128	3465,625	0,0913779884576797	
3468,75	0,295624136924744	3468,75	0,0919144153594971	
3471,875	0,295033007860184	3471,875	0,0920738130807877	
3475	0,294391363859177	3475	0,091511458158493	
3478,125	0,294989913702011	3478,125	0,092094786465168	
3481,25	0,294321745634079	3481,25	0,0921349674463272	
3484,375	0,292659282684326	3484,375	0,0933812186121941	
3487,5	0,293291479349136	3487,5	0,0920534804463387	
3490,625	0,293084740638733	3490,625	0,0933053568005562	
3493,75	0,292119592428207	3493,75	0,0933940857648849	
3496,875	0,292662560939789	3496,875	0,0935058370232582	
3500	0,29196959733963	3500	0,093717448413372	
3503,125	0,290248572826386	3503,125	0,0945452377200127	
3506,25	0,291489094495773	3506,25	0,0948790013790131	
3509,375	0,289028853178024	3509,375	0,092669315636158	
3512,5	0,289839059114456	3512,5	0,0929990783333778	
3515,625	0,288995355367661	3515,625	0,0940419882535934	
3518,75	0,289565891027451	3518,75	0,0946573540568352	
3521,875	0,288969367742538	3521,875	0,0959902256727219	
3525	0,288604259490967	3525	0,0952814966440201	
3528,125	0,288822114467621	3528,125	0,0950547754764557	
3531,25	0,287500023841858	3531,25	0,0959476977586746	
3534,375	0,28682342171669	3534,375	0,0959171652793884	
3537,5	0,286430656909943	3537,5	0,0967733561992645	
3540,625	0,28628534078598	3540,625	0,0961181074380875	
3543,75	0,286666333675385	3543,75	0,0967483669519424	
3546,875	0,28645646572113	3546,875	0,09635379165411	
3550	0,285585343837738	3550	0,0965422540903091	
3553,125	0,284988045692444	3553,125	0,0978589802980423	
3556,25	0,284660816192627	3556,25	0,0979695096611977	
3559,375	0,283814042806625	3559,375	0,0996617078781128	
3562,5	0,284242063760757	3562,5	0,0981426984071732	
3565,625	0,283416897058487	3565,625	0,0982800498604774	
3568,75	0,282981216907501	3568,75	0,099205769598484	
3571,875	0,281985551118851	3571,875	0,099612832069397	
3575	0,281828373670578	3575	0,0999070182442665	
3578,125	0,281793117523193	3578,125	0,0998406708240509	
3581,25	0,280856937170029	3581,25	0,100159853696823	
3584,375	0,280010998249054	3584,375	0,0997720137238503	
3587,5	0,280904740095139	3587,5	0,100583747029305	
3590,625	0,280332148075104	3590,625	0,101014785468578	
3593,75	0,279752939939499	3593,75	0,10113088041544	
3596,875	0,279468566179276	3596,875	0,101579919457436	
3600	0,277357578277588	3600	0,101681709289551	
3603,125	0,2793208360672	3603,125	0,100539445877075	
3606,25	0,278218924999237	3606,25	0,101619094610214	
3609,375	0,277658700942993	3609,375	0,102454535663128	
3612,5	0,277597099542618	3612,5	0,101561270654202	
3615,625	0,276721656322479	3615,625	0,102284125983715	
3618,75	0,276495963335037	3618,75	0,102684073150158	
3621,875	0,276814699172974	3621,875	0,102310091257095	
3625	0,275397539138794	3625	0,102695800364017	
3628,125	0,27513200044632	3628,125	0,102558232843876	
3631,25	0,27458319067955	3631,25	0,103630475699902	
3634,375	0,273442625999451	3634,375	0,104388475418091	
3637,5	0,274313777685165	3637,5	0,104849420487881	
3640,625	0,275722503662109	3640,625	0,103389695286751	
3643,75	0,274981081485748	3643,75	0,104716964066029	
3646,875	0,273383468389511	3646,875	0,105103030800819	
3650	0,272216022014618	3650	0,105699650943279	
3653,125	0,271994590759277	3653,125	0,10571263730526	
3656,25	0,272655755281448	3656,25	0,105865478515625	
3659,375	0,27303746342659	3659,375	0,105778187513351	
3662,5	0,27285560965538	3662,5	0,106801956892014	
3665,625	0,271824926137924	3665,625	0,106767125427723	
3668,75	0,271188139915466	3668,75	0,106966152787209	
3671,875	0,271186500787735	3671,875	0,106275714933872	
3675	0,272463172674179	3675	0,106739588081837	
3678,125	0,270974069833755	3678,125	0,106854543089867	
3681,25	0,27030473947525	3681,25	0,106952428817749	
3684,375	0,27017205953598	3684,375	0,107240699231625	
3687,5	0,270124197006226	3687,5	0,10698626190424	
3690,625	0,269439101219177	3690,625	0,107515469193459	
3693,75	0,268865525722504	3693,75	0,107908688485622	
3696,875	0,269653350114822	3696,875	0,107905715703964	
3700	0,269404113292694	3700	0,108160838484764	
3703,125	0,268161445856094	3703,125	0,108288310468197	
3706,25	0,267467081546783	3706,25	0,107995867729187	
3709,375	0,268475592136383	3709,375	0,107909366488457	
3712,5	0,267263472080231	3712,5	0,107844717800617	
3715,625	0,266817271709442	3715,625	0,107978723943233	
3718,75	0,268335342407227	3718,75	0,109512068331242	
3721,875	0,267679244279861	3721,875	0,108509048819542	
3725	0,265595197677612	3725	0,108415238559246	
3728,125	0,266541838645935	3728,125	0,109058506786823	
3731,25	0,265974968671799	3731,25	0,108609512448311	
3734,375	0,265922874212265	3734,375	0,110106416046619	
3737,5	0,266071736812592	3737,5	0,109381034970284	
3740,625	0,265347003936768	3740,625	0,110039606690407	
3743,75	0,265181630849838	3743,75	0,109709016978741	
3746,875	0,265914916992188	3746,875	0,109806507825851	
3750	0,264580279588699	3750	0,11014249920845	
3753,125	0,264284878969193	3753,125	0,109374471008778	
3756,25	0,263729631900787	3756,25	0,110222496092319	
3759,375	0,263355642557144	3759,375	0,109580859541893	
3762,5	0,263832718133926	3762,5	0,110696263611317	
3765,625	0,264132618904114	3765,625	0,110785603523254	
3768,75	0,261931955814362	3768,75	0,111157968640327	
3771,875	0,260510176420212	3771,875	0,110551320016384	
3775	0,261227428913116	3775	0,110562726855278	
3778,125	0,261339366436005	3778,125	0,110149919986725	
3781,25	0,260424584150314	3781,25	0,110730230808258	
3784,375	0,260213077068329	3784,375	0,110587075352669	
3787,5	0,261012583971024	3787,5	0,110801920294762	
3790,625	0,26043912768364	3790,625	0,112168200314045	
3793,75	0,260707408189774	3793,75	0,111947409808636	
3796,875	0,260218352079391	3796,875	0,111562475562096	
3800	0,258581399917603	3800	0,112476214766502	
3803,125	0,257983267307281	3803,125	0,111735641956329	
3806,25	0,25849062204361	3806,25	0,112266600131989	
3809,375	0,258914887905121	3809,375	0,112337782979012	
3812,5	0,257910221815109	3812,5	0,112333677709103	
3815,625	0,257342219352722	3815,625	0,112945213913918	
3818,75	0,257099121809006	3818,75	0,113258808851242	
3821,875	0,257561415433884	3821,875	0,111590676009655	
3825	0,255915343761444	3825	0,113694101572037	
3828,125	0,256283193826675	3828,125	0,112379297614098	
3831,25	0,256272256374359	3831,25	0,112872391939163	
3834,375	0,254526793956757	3834,375	0,113622426986694	
3837,5	0,255737781524658	3837,5	0,113527312874794	
3840,625	0,254496335983276	3840,625	0,113776877522469	
3843,75	0,254090458154678	3843,75	0,113445930182934	
3846,875	0,25359770655632	3846,875	0,113604731857777	
3850	0,253822952508926	3850	0,115291565656662	
3853,125	0,252388745546341	3853,125	0,113929629325867	
3856,25	0,252274334430695	3856,25	0,114646926522255	
3859,375	0,252294450998306	3859,375	0,114795811474323	
3862,5	0,252084732055664	3862,5	0,114476926624775	
3865,625	0,250707983970642	3865,625	0,114386692643166	
3868,75	0,251273602247238	3868,75	0,115928083658218	
3871,875	0,249123722314835	3871,875	0,114440008997917	
3875	0,24871264398098	3875	0,11424183100462	
3878,125	0,248461976647377	3878,125	0,115497574210167	
3881,25	0,248943910002708	3881,25	0,115577541291714	
3884,375	0,248677030205727	3884,375	0,115864008665085	
3887,5	0,246889382600784	3887,5	0,115767329931259	
3890,625	0,246995255351067	3890,625	0,116143219172955	
3893,75	0,248292490839958	3893,75	0,116532400250435	
3896,875	0,246676579117775	3896,875	0,116347186267376	
3900	0,244793266057968	3900	0,116549640893936	
3903,125	0,244372516870499	3903,125	0,117625549435616	
3906,25	0,245554402470589	3906,25	0,116447642445564	
3909,375	0,245833322405815	3909,375	0,117394745349884	
3912,5	0,245714426040649	3912,5	0,117780759930611	
3915,625	0,243338212370872	3915,625	0,117674134671688	
3918,75	0,242019921541214	3918,75	0,118264079093933	
3921,875	0,241286709904671	3921,875	0,119119241833687	
3925	0,241869822144508	3925	0,118672788143158	
3928,125	0,240949600934982	3928,125	0,117747008800507	
3931,25	0,239382818341255	3931,25	0,118805095553398	
3934,375	0,239382520318031	3934,375	0,118648782372475	
3937,5	0,239569917321205	3937,5	0,119426190853119	
3940,625	0,239131614565849	3940,625	0,119374573230743	
3943,75	0,237721234560013	3943,75	0,119553409516811	
3946,875	0,237774342298508	3946,875	0,119644120335579	
3950	0,237080425024033	3950	0,120175421237946	
3953,125	0,236493065953255	3953,125	0,119814276695251	
3956,25	0,235262408852577	3956,25	0,121260173618793	
3959,375	0,235932871699333	3959,375	0,120988331735134	
3962,5	0,23410601913929	3962,5	0,121043510735035	
3965,625	0,23291127383709	3965,625	0,121501192450523	
3968,75	0,232957497239113	3968,75	0,120404586195946	
3971,875	0,231436908245087	3971,875	0,122534647583961	
3975	0,231327712535858	3975	0,121814325451851	
3978,125	0,231548249721527	3978,125	0,121689386665821	
3981,25	0,230841174721718	3981,25	0,121724486351013	
3984,375	0,229220911860466	3984,375	0,121880151331425	
3987,5	0,229109540581703	3987,5	0,122113518416882	
3990,625	0,227743849158287	3990,625	0,123666740953922	
3993,75	0,226358234882355	3993,75	0,121603146195412	
3996,875	0,227218940854073	3996,875	0,123001307249069	
4000	0,226079419255257	4000	0,124013133347034	
4003,125	0,224637806415558	4003,125	0,124381721019745	
4006,25	0,225581780076027	4006,25	0,124760471284389	
4009,375	0,223436087369919	4009,375	0,122181013226509	
4012,5	0,22462297976017	4012,5	0,125184163451195	
4015,625	0,223902210593224	4015,625	0,126636177301407	
4018,75	0,222169995307922	4018,75	0,126061365008354	
4021,875	0,221471160650253	4021,875	0,127074733376503	
4025	0,222652465105057	4025	0,127377301454544	
4028,125	0,220511928200722	4028,125	0,126549914479256	
4031,25	0,220522820949554	4031,25	0,126991540193558	
4034,375	0,22084641456604	4034,375	0,128433749079704	
4037,5	0,220361188054085	4037,5	0,127738386392593	
4040,625	0,219160199165344	4040,625	0,128267481923103	
4043,75	0,219320192933083	4043,75	0,129521042108536	
4046,875	0,219101935625076	4046,875	0,130881637334824	
4050	0,218828156590462	4050	0,129381164908409	
4053,125	0,217350870370865	4053,125	0,129585564136505	
4056,25	0,217588678002357	4056,25	0,130243673920631	
4059,375	0,216623485088348	4059,375	0,131014883518219	
4062,5	0,218089401721954	4062,5	0,131832286715508	
4065,625	0,217217594385147	4065,625	0,132488340139389	
4068,75	0,21700245141983	4068,75	0,132232815027237	
4071,875	0,216237559914589	4071,875	0,132500022649765	
4075	0,216589644551277	4075	0,133298113942146	
4078,125	0,217484533786774	4078,125	0,133450567722321	
4081,25	0,2164176851511	4081,25	0,133602723479271	
4084,375	0,216199100017548	4084,375	0,131867632269859	
4087,5	0,215475752949715	4087,5	0,133495226502419	
4090,625	0,215447664260864	4090,625	0,134988635778427	
4093,75	0,214933454990387	4093,75	0,133928045630455	
4096,875	0,216414630413055	4096,875	0,132991805672646	
4100	0,217132672667503	4100	0,133823126554489	
4103,125	0,216702446341515	4103,125	0,134691938757896	
4106,25	0,216023519635201	4106,25	0,133972063660622	
4109,375	0,217530280351639	4109,375	0,13319855928421	
4112,5	0,216994568705559	4112,5	0,133687257766724	
4115,625	0,218306466937065	4115,625	0,132873073220253	
4118,75	0,217040836811066	4118,75	0,132235765457153	
4121,875	0,218207702040672	4121,875	0,132140502333641	
4125	0,218791753053665	4125	0,132107391953468	
4128,125	0,217817962169647	4128,125	0,130764603614807	
4131,25	0,217041671276093	4131,25	0,130239054560661	
4134,375	0,217255711555481	4134,375	0,129446223378181	
4137,5	0,218837827444077	4137,5	0,128148943185806	
4140,625	0,218201667070389	4140,625	0,129576131701469	
4143,75	0,21809096634388	4143,75	0,127813920378685	
4146,875	0,217712074518204	4146,875	0,127469569444656	
4150	0,218086242675781	4150	0,127061262726784	
4153,125	0,216989919543266	4153,125	0,125228747725487	
4156,25	0,216121599078178	4156,25	0,124762296676636	
4159,375	0,215333387255669	4159,375	0,124459400773048	
4162,5	0,216444283723831	4162,5	0,123983897268772	
4165,625	0,21609964966774	4165,625	0,123257882893085	
4168,75	0,214948713779449	4168,75	0,122708283364773	
4171,875	0,215184435248375	4171,875	0,122051313519478	
4175	0,215355157852173	4175	0,120210684835911	
4178,125	0,213656708598137	4178,125	0,120135769248009	
4181,25	0,214071050286293	4181,25	0,119683980941772	
4184,375	0,213679656386375	4184,375	0,118650019168854	
4187,5	0,211638331413269	4187,5	0,118575908243656	
4190,625	0,211090207099915	4190,625	0,117755003273487	
4193,75	0,21193939447403	4193,75	0,117310531437397	
4196,875	0,211196407675743	4196,875	0,116506762802601	
4200	0,211563363671303	4200	0,116637662053108	
4203,125	0,210552006959915	4203,125	0,116189651191235	
4206,25	0,209864050149918	4206,25	0,114762142300606	
4209,375	0,210144966840744	4209,375	0,114402331411839	
4212,5	0,210902884602547	4212,5	0,114916726946831	
4215,625	0,210340246558189	4215,625	0,113431878387928	
4218,75	0,209373638033867	4218,75	0,112434111535549	
4221,875	0,207969158887863	4221,875	0,113830231130123	
4225	0,207927793264389	4225	0,111967690289021	
4228,125	0,206655696034431	4228,125	0,111856579780579	
4231,25	0,207789704203606	4231,25	0,112103492021561	
4234,375	0,207240507006645	4234,375	0,111784681677818	
4237,5	0,20737062394619	4237,5	0,111853450536728	
4240,625	0,206837251782417	4240,625	0,111540369689465	
4243,75	0,205671176314354	4243,75	0,110509477555752	
4246,875	0,205164656043053	4246,875	0,109575442969799	
4250	0,204637512564659	4250	0,110444352030754	
4253,125	0,203909456729889	4253,125	0,107607655227184	
4256,25	0,203915014863014	4256,25	0,107893325388432	
4259,375	0,204138115048409	4259,375	0,108850091695786	
4262,5	0,203763753175735	4262,5	0,109051153063774	
4265,625	0,204437777400017	4265,625	0,108546271920204	
4268,75	0,203287348151207	4268,75	0,108868919312954	
4271,875	0,201417058706284	4271,875	0,10834489017725	
4275	0,201256901025772	4275	0,107431083917618	
4278,125	0,202407166361809	4278,125	0,107282519340515	
4281,25	0,202535778284073	4281,25	0,106760546565056	
4284,375	0,202255710959435	4284,375	0,106017969548702	
4287,5	0,201597332954407	4287,5	0,105246298015118	
4290,625	0,201520130038261	4290,625	0,105544321238995	
4293,75	0,200375154614449	4293,75	0,105456851422787	
4296,875	0,201199486851692	4296,875	0,105705015361309	
4300	0,201634600758553	4300	0,107419423758984	
4303,125	0,201986014842987	4303,125	0,106980584561825	
4306,25	0,202249556779861	4306,25	0,105526722967625	
4309,375	0,201404318213463	4309,375	0,105595603585243	
4312,5	0,202131628990173	4312,5	0,105378448963165	
4315,625	0,201510369777679	4315,625	0,103470824658871	
4318,75	0,200732946395874	4318,75	0,10421484708786	
4321,875	0,201097220182419	4321,875	0,103015772998333	
4325	0,201080814003944	4325	0,102806709706783	
4328,125	0,200330972671509	4328,125	0,104021355509758	
4331,25	0,200645178556442	4331,25	0,103594817221165	
4334,375	0,200611874461174	4334,375	0,103660978376865	
4337,5	0,201452642679214	4337,5	0,104026041924953	
4340,625	0,202158510684967	4340,625	0,104308895766735	
4343,75	0,202340006828308	4343,75	0,102288149297237	
4346,875	0,20076721906662	4346,875	0,102996207773685	
4350	0,200243145227432	4350	0,102619789540768	
4353,125	0,20099201798439	4353,125	0,102604046463966	
4356,25	0,201573550701141	4356,25	0,10224261879921	
4359,375	0,200427651405334	4359,375	0,101894363760948	
4362,5	0,2004364579916	4362,5	0,101404286921024	
4365,625	0,19968444108963	4365,625	0,101854436099529	
4368,75	0,199577555060387	4368,75	0,101254917681217	
4371,875	0,199897319078445	4371,875	0,100658565759659	
4375	0,199934527277946	4375	0,100209094583988	
4378,125	0,20013239979744	4378,125	0,10031957924366	
4381,25	0,200741410255432	4381,25	0,10029298812151	
4384,375	0,199886962771416	4384,375	0,0994433015584946	
4387,5	0,200048685073853	4387,5	0,0990563035011292	
4390,625	0,200070470571518	4390,625	0,100407987833023	
4393,75	0,199385285377502	4393,75	0,0997302606701851	
4396,875	0,199071601033211	4396,875	0,0992257744073868	
4400	0,199014991521835	4400	0,099688284099102	
4403,125	0,19959132373333	4403,125	0,100915782153606	
4406,25	0,199622198939323	4406,25	0,101047106087208	
4409,375	0,199757799506187	4409,375	0,100749813020229	
4412,5	0,198851779103279	4412,5	0,100110210478306	
4415,625	0,199115008115768	4415,625	0,0997288897633553	
4418,75	0,199212804436684	4418,75	0,0990957915782928	
4421,875	0,198953494429588	4421,875	0,0998119860887527	
4425	0,198365032672882	4425	0,100417844951153	
4428,125	0,198572084307671	4428,125	0,100263811647892	
4431,25	0,198171302676201	4431,25	0,100572988390923	
4434,375	0,197640851140022	4434,375	0,100108481943607	
4437,5	0,200437679886818	4437,5	0,10017978399992	
4440,625	0,199658632278442	4440,625	0,0997684150934219	
4443,75	0,198747843503952	4443,75	0,0999133884906769	
4446,875	0,198007270693779	4446,875	0,0998071283102036	
4450	0,198921114206314	4450	0,100150234997272	
4453,125	0,199374690651894	4453,125	0,100144013762474	
4456,25	0,200023040175438	4456,25	0,100708022713661	
4459,375	0,199286833405495	4459,375	0,101241439580917	
4462,5	0,199407443404198	4462,5	0,100809745490551	
4465,625	0,200461313128471	4465,625	0,101858049631119	
4468,75	0,200539320707321	4468,75	0,101353541016579	
4471,875	0,200168371200562	4471,875	0,101254187524319	
4475	0,200639888644218	4475	0,102564305067062	
4478,125	0,200146928429604	4478,125	0,102214053273201	
4481,25	0,200905367732048	4481,25	0,102499574422836	
4484,375	0,200870633125305	4484,375	0,10270369052887	
4487,5	0,201372563838959	4487,5	0,102488815784454	
4490,625	0,201087445020676	4490,625	0,10315252840519	
4493,75	0,201920419931412	4493,75	0,10237629711628	
4496,875	0,202449545264244	4496,875	0,101927168667316	
4500	0,203056365251541	4500	0,103544816374779	
4503,125	0,203429371118546	4503,125	0,104395411908627	
4506,25	0,203303277492523	4506,25	0,103267997503281	
4509,375	0,203829601407051	4509,375	0,104033403098583	
4512,5	0,204421415925026	4512,5	0,104085199534893	
4515,625	0,204711228609085	4515,625	0,103913821280003	
4518,75	0,205489218235016	4518,75	0,103968106210232	
4521,875	0,205999419093132	4521,875	0,10337170958519	
4525	0,206351771950722	4525	0,102572537958622	
4528,125	0,206355601549149	4528,125	0,102694161236286	
4531,25	0,206397131085396	4531,25	0,102032795548439	
4534,375	0,208258420228958	4534,375	0,102350100874901	
4537,5	0,207732558250427	4537,5	0,101788558065891	
4540,625	0,208612486720085	4540,625	0,100869685411453	
4543,75	0,207004815340042	4543,75	0,101445816457272	
4546,875	0,207635298371315	4546,875	0,0997779816389084	
4550	0,207441613078117	4550	0,100274346768856	
4553,125	0,207670032978058	4553,125	0,0992474853992462	
4556,25	0,207035511732101	4556,25	0,0996881648898125	
4559,375	0,206811711192131	4559,375	0,0995220392942429	
4562,5	0,207139030098915	4562,5	0,099978893995285	
4565,625	0,20702899992466	4565,625	0,0998443439602852	
4568,75	0,206879660487175	4568,75	0,0996317937970161	
4571,875	0,206684812903404	4571,875	0,0995824187994003	
4575	0,20716980099678	4575	0,0990598797798157	
4578,125	0,207303300499916	4578,125	0,099894605576992	
4581,25	0,20678773522377	4581,25	0,1005689650774	
4584,375	0,20637933909893	4584,375	0,101095482707024	
4587,5	0,206811338663101	4587,5	0,102287851274014	
4590,625	0,207193359732628	4590,625	0,102641955018044	
4593,75	0,207206845283508	4593,75	0,103170946240425	
4596,875	0,207240059971809	4596,875	0,103468157351017	
4600	0,207348540425301	4600	0,104523092508316	
4603,125	0,209718346595764	4603,125	0,104543402791023	
4606,25	0,210127159953117	4606,25	0,103581987321377	
4609,375	0,210719957947731	4609,375	0,104298755526543	
4612,5	0,21153312921524	4612,5	0,104100741446018	
4615,625	0,212252378463745	4615,625	0,105061925947666	
4618,75	0,212983265519142	4618,75	0,104641623795033	
4621,875	0,213726803660393	4621,875	0,104935012757778	
4625	0,214667931199074	4625	0,103481389582157	
4628,125	0,215260922908783	4628,125	0,103134721517563	
4631,25	0,216134116053581	4631,25	0,103059776127338	
4634,375	0,216791018843651	4634,375	0,10273552685976	
4637,5	0,217001244425774	4637,5	0,102480880916119	
4640,625	0,217118710279465	4640,625	0,102515496313572	
4643,75	0,218818634748459	4643,75	0,102434277534485	
4646,875	0,219550728797913	4646,875	0,101774588227272	
4650	0,220201939344406	4650	0,100630901753902	
4653,125	0,220882579684258	4653,125	0,100152462720871	
4656,25	0,220257773995399	4656,25	0,0998666062951088	
4659,375	0,220130950212479	4659,375	0,0998449549078941	
4662,5	0,220619276165962	4662,5	0,100106224417686	
4665,625	0,221058458089828	4665,625	0,0993097946047783	
4668,75	0,221372976899147	4668,75	0,0994076877832413	
4671,875	0,221948936581612	4671,875	0,0993300303816795	
4675	0,223005652427673	4675	0,0989319756627083	
4678,125	0,222791582345963	4678,125	0,0983957052230835	
4681,25	0,222748875617981	4681,25	0,0972410142421722	
4684,375	0,222984448075294	4684,375	0,0981897637248039	
4687,5	0,22372755408287	4687,5	0,0977180451154709	
4690,625	0,224088788032532	4690,625	0,0981898978352547	
4693,75	0,224343165755272	4693,75	0,0975006818771362	
4696,875	0,224743038415909	4696,875	0,0973684340715408	
4700	0,22489258646965	4700	0,0977993533015251	
4703,125	0,225472688674927	4703,125	0,0971621051430702	
4706,25	0,225800558924675	4706,25	0,09623983502388	
4709,375	0,226069226861	4709,375	0,0962159708142281	
4712,5	0,22703805565834	4712,5	0,0958635732531548	
4715,625	0,227539956569672	4715,625	0,0963693410158157	
4718,75	0,227233171463013	4718,75	0,0968118160963058	
4721,875	0,227362021803856	4721,875	0,0961998775601387	
4725	0,227914705872536	4725	0,096236065030098	
4728,125	0,2280193567276	4728,125	0,0958928763866425	
4731,25	0,228150114417076	4731,25	0,0957509055733681	
4734,375	0,229278087615967	4734,375	0,0962072908878326	
4737,5	0,230374678969383	4737,5	0,0967515185475349	
4740,625	0,230149671435356	4740,625	0,0966941192746162	
4743,75	0,230406925082207	4743,75	0,0960757806897163	
4746,875	0,231050208210945	4746,875	0,0959059223532677	
4750	0,231517046689987	4750	0,0967791900038719	
4753,125	0,232926815748215	4753,125	0,0957040190696716	
4756,25	0,232862502336502	4756,25	0,0954092666506767	
4759,375	0,233071014285088	4759,375	0,0953506678342819	
4762,5	0,233614653348923	4762,5	0,0953237116336823	
4765,625	0,233925208449364	4765,625	0,0963725969195366	
4768,75	0,235997781157494	4768,75	0,0952511057257652	
4771,875	0,236117854714394	4771,875	0,0953572914004326	
4775	0,235884696245193	4775	0,0953938364982605	
4778,125	0,236995473504066	4778,125	0,0953794345259666	
4781,25	0,237676188349724	4781,25	0,095790296792984	
4784,375	0,237932622432709	4784,375	0,0966326966881752	
4787,5	0,238998606801033	4787,5	0,0964191257953644	
4790,625	0,239116922020912	4790,625	0,0966179668903351	
4793,75	0,239682495594025	4793,75	0,0960149988532066	
4796,875	0,24161958694458	4796,875	0,0961208119988441	
4800	0,242513820528984	4800	0,0968089401721954	
4803,125	0,243159726262093	4803,125	0,0976438820362091	
4806,25	0,24326953291893	4806,25	0,0974153354763985	
4809,375	0,243856683373451	4809,375	0,0970674753189087	
4812,5	0,244246497750282	4812,5	0,0969337224960327	
4815,625	0,245216608047485	4815,625	0,0962164029479027	
4818,75	0,246757447719574	4818,75	0,0970227047801018	
4821,875	0,247580826282501	4821,875	0,0980735346674919	
4825	0,247731402516365	4825	0,0985128283500671	
4828,125	0,247447729110718	4828,125	0,0976970866322517	
4831,25	0,250033408403397	4831,25	0,0973498821258545	
4834,375	0,250895380973816	4834,375	0,0986394882202148	
4837,5	0,251040667295456	4837,5	0,0985500440001488	
4840,625	0,251713037490845	4840,625	0,097879134118557	
4843,75	0,252717614173889	4843,75	0,0980225875973701	
4846,875	0,25416573882103	4846,875	0,0991327166557312	
4850	0,255393952131271	4850	0,0992897525429726	
4853,125	0,256871193647385	4853,125	0,0996099188923836	
4856,25	0,256790310144424	4856,25	0,0994384735822678	
4859,375	0,258690685033798	4859,375	0,100151211023331	
4862,5	0,260477066040039	4862,5	0,100490346550941	
4865,625	0,260765433311462	4865,625	0,0996910333633423	
4868,75	0,261705160140991	4868,75	0,100040107965469	
4871,875	0,261431187391281	4871,875	0,100570522248745	
4875	0,262874603271484	4875	0,100746318697929	
4878,125	0,265434741973877	4878,125	0,102162145078182	
4881,25	0,266211092472076	4881,25	0,102376028895378	
4884,375	0,267278432846069	4884,375	0,102035522460938	
4887,5	0,267717450857162	4887,5	0,103107877075672	
4890,625	0,268806844949722	4890,625	0,106323897838593	
4893,75	0,27006533741951	4893,75	0,107126846909523	
4896,875	0,272439569234848	4896,875	0,108259901404381	
4900	0,275213778018951	4900	0,107233479619026	
4903,125	0,277577102184296	4903,125	0,107215330004692	
4906,25	0,279431879520416	4906,25	0,107417397201061	
4909,375	0,280830681324005	4909,375	0,107404515147209	
4912,5	0,281946957111359	4912,5	0,106677263975143	
4915,625	0,284841626882553	4915,625	0,106622725725174	
4918,75	0,286210179328918	4918,75	0,107205808162689	
4921,875	0,286879509687424	4921,875	0,107708230614662	
4925	0,289367020130157	4925	0,108900725841522	
4928,125	0,290425539016724	4928,125	0,109554186463356	
4931,25	0,294392913579941	4931,25	0,110629595816135	
4934,375	0,296420633792877	4934,375	0,110532082617283	
4937,5	0,298038870096207	4937,5	0,111415088176727	
4940,625	0,300249427556992	4940,625	0,110976606607437	
4943,75	0,30295467376709	4943,75	0,113225296139717	
4946,875	0,304727047681808	4946,875	0,113370627164841	
4950	0,307513028383255	4950	0,113432750105858	
4953,125	0,309442549943924	4953,125	0,112632818520069	
4956,25	0,312291473150253	4956,25	0,112849615514278	
4959,375	0,316134095191956	4959,375	0,114204414188862	
4962,5	0,3199482858181	4962,5	0,113844595849514	
4965,625	0,322434067726135	4965,625	0,114339120686054	
4968,75	0,325306206941605	4968,75	0,115679755806923	
4971,875	0,329794883728027	4971,875	0,115495793521404	
				
