Frequency in Hz	Wool_93 Sound Reflection Factor continuous Re	Frequency in Hz	Wool_93 Sound Reflection Factor continuous Im	
100	0,963505566120148	100	-0,123963296413422	
103,125	0,956470727920532	103,125	-0,114228501915932	
106,25	0,958320915699005	106,25	-0,14843487739563	
109,375	0,97011935710907	109,375	-0,133500158786774	
112,5	0,95741879940033	112,5	-0,138307437300682	
115,625	0,956462144851685	115,625	-0,149642705917358	
118,75	0,961384057998657	118,75	-0,141433268785477	
121,875	0,947511911392212	121,875	-0,149374052882195	
125	0,959621846675873	125	-0,151903882622719	
128,125	0,958535611629486	128,125	-0,163760140538216	
131,25	0,958937048912048	131,25	-0,161836698651314	
134,375	0,967265427112579	134,375	-0,16242079436779	
137,5	0,942172944545746	137,5	-0,178399488329887	
140,625	0,941174983978271	140,625	-0,167082607746124	
143,75	0,937819480895996	143,75	-0,178571864962578	
146,875	0,955477058887482	146,875	-0,168102696537971	
150	0,942116498947144	150	-0,179317325353622	
153,125	0,941930770874023	153,125	-0,193154320120811	
156,25	0,942593455314636	156,25	-0,188296154141426	
159,375	0,941905200481415	159,375	-0,193991273641586	
162,5	0,943353474140167	162,5	-0,19388347864151	
165,625	0,938165128231049	165,625	-0,193674728274345	
168,75	0,935532808303833	168,75	-0,211248964071274	
171,875	0,930648922920227	171,875	-0,201680064201355	
175	0,923986315727234	175	-0,209697872400284	
178,125	0,931401371955872	178,125	-0,214124083518982	
181,25	0,931101202964783	181,25	-0,211567476391792	
184,375	0,92462831735611	184,375	-0,212489560246468	
187,5	0,915731549263	187,5	-0,222651675343513	
190,625	0,915453255176544	190,625	-0,21840201318264	
193,75	0,910351991653442	193,75	-0,231480076909065	
196,875	0,913864254951477	196,875	-0,22687454521656	
200	0,9209024310112	200	-0,227924734354019	
203,125	0,924611032009125	203,125	-0,227937549352646	
206,25	0,911183178424835	206,25	-0,246830657124519	
209,375	0,9100461602211	209,375	-0,241068482398987	
212,5	0,918068110942841	212,5	-0,236010640859604	
215,625	0,902532756328583	215,625	-0,250981867313385	
218,75	0,906909286975861	218,75	-0,243553638458252	
221,875	0,90175199508667	221,875	-0,252835839986801	
225	0,896703839302063	225	-0,252123653888702	
228,125	0,89377349615097	228,125	-0,255435645580292	
231,25	0,893570244312286	231,25	-0,256814688444138	
234,375	0,88883364200592	234,375	-0,260512918233871	
237,5	0,895695209503174	237,5	-0,260499358177185	
240,625	0,893471360206604	240,625	-0,276597082614899	
243,75	0,891001641750336	243,75	-0,271418869495392	
246,875	0,880673110485077	246,875	-0,272161930799484	
250	0,878229200839996	250	-0,273526191711426	
253,125	0,881445705890656	253,125	-0,278001636266708	
256,25	0,876311957836151	256,25	-0,284855395555496	
259,375	0,870910227298737	259,375	-0,280507624149323	
262,5	0,872845649719238	262,5	-0,288433998823166	
265,625	0,873442888259888	265,625	-0,295456528663635	
268,75	0,870142698287964	268,75	-0,291087299585342	
271,875	0,864326536655426	271,875	-0,298750102519989	
275	0,867184340953827	275	-0,300646334886551	
278,125	0,859112083911896	278,125	-0,305039703845978	
281,25	0,858424782752991	281,25	-0,304532408714294	
284,375	0,85694694519043	284,375	-0,306841999292374	
287,5	0,86472624540329	287,5	-0,306552082300186	
290,625	0,849265396595001	290,625	-0,324131101369858	
293,75	0,851094186306	293,75	-0,323368489742279	
296,875	0,845705568790436	296,875	-0,324531376361847	
300	0,84129536151886	300	-0,326677143573761	
303,125	0,836621224880219	303,125	-0,334272384643555	
306,25	0,830433070659637	306,25	-0,335972964763641	
309,375	0,824283361434937	309,375	-0,335812956094742	
312,5	0,812419712543488	312,5	-0,341319262981415	
315,625	0,802844405174255	315,625	-0,326483249664307	
318,75	0,799669921398163	318,75	-0,329089939594269	
321,875	0,807570517063141	321,875	-0,322223901748657	
325	0,809866189956665	325	-0,317879021167755	
328,125	0,806852996349335	328,125	-0,31426465511322	
331,25	0,814356565475464	331,25	-0,328822642564774	
334,375	0,814379692077637	334,375	-0,33095970749855	
337,5	0,811308205127716	337,5	-0,328209638595581	
340,625	0,812854647636414	340,625	-0,333984285593033	
343,75	0,806084334850311	343,75	-0,341092765331268	
346,875	0,806306183338165	346,875	-0,342355132102966	
350	0,803349554538727	350	-0,341235101222992	
353,125	0,803775191307068	353,125	-0,343095123767853	
356,25	0,804778099060059	356,25	-0,352028548717499	
359,375	0,798022389411926	359,375	-0,360875099897385	
362,5	0,793705523014069	362,5	-0,359324157238007	
365,625	0,785578608512878	365,625	-0,355448871850967	
368,75	0,791857838630676	368,75	-0,360707700252533	
371,875	0,800448298454285	371,875	-0,369661659002304	
375	0,769249439239502	375	-0,360547125339508	
378,125	0,771262586116791	378,125	-0,368179559707642	
381,25	0,784106314182281	381,25	-0,364194303750992	
384,375	0,76505434513092	384,375	-0,365599721670151	
387,5	0,761606931686401	387,5	-0,379988163709641	
390,625	0,763596534729004	390,625	-0,386987000703812	
393,75	0,774125933647156	393,75	-0,37420991063118	
396,875	0,772192180156708	396,875	-0,373569041490555	
400	0,769512057304382	400	-0,371962934732437	
403,125	0,767304599285126	403,125	-0,372624069452286	
406,25	0,755991339683533	406,25	-0,377553552389145	
409,375	0,741045653820038	409,375	-0,383721858263016	
412,5	0,734827160835266	412,5	-0,392825156450272	
415,625	0,748379588127136	415,625	-0,394629627466202	
418,75	0,735305964946747	418,75	-0,391742467880249	
421,875	0,733272671699524	421,875	-0,402718394994736	
425	0,732796728610992	425	-0,397812843322754	
428,125	0,736869692802429	428,125	-0,383776515722275	
431,25	0,730772852897644	431,25	-0,400876045227051	
434,375	0,729921996593475	434,375	-0,396086484193802	
437,5	0,728762984275818	437,5	-0,395788669586182	
440,625	0,725744903087616	440,625	-0,393291264772415	
443,75	0,718930900096893	443,75	-0,399933665990829	
446,875	0,71539568901062	446,875	-0,396937102079391	
450	0,725456476211548	450	-0,398205786943436	
453,125	0,723374545574188	453,125	-0,398741453886032	
456,25	0,725913465023041	456,25	-0,402927160263062	
459,375	0,715497851371765	459,375	-0,407047510147095	
462,5	0,706225216388702	462,5	-0,414073139429092	
465,625	0,705818772315979	465,625	-0,41596457362175	
468,75	0,704475879669189	468,75	-0,413933008909225	
471,875	0,693921983242035	471,875	-0,423676043748856	
475	0,690690219402313	475	-0,42120173573494	
478,125	0,689542353153229	478,125	-0,411921471357346	
481,25	0,695087313652039	481,25	-0,413427025079727	
484,375	0,684403777122498	484,375	-0,418524324893951	
487,5	0,684192180633545	487,5	-0,414337277412415	
490,625	0,680186450481415	490,625	-0,417252659797668	
493,75	0,67406690120697	493,75	-0,417257964611053	
496,875	0,672262191772461	496,875	-0,417770236730576	
500	0,674734652042389	500	-0,424892902374268	
503,125	0,670735418796539	503,125	-0,425903111696243	
506,25	0,669462919235229	506,25	-0,425004869699478	
509,375	0,667154490947723	509,375	-0,429597198963165	
512,5	0,659382402896881	512,5	-0,429726809263229	
515,625	0,658720016479492	515,625	-0,424449771642685	
518,75	0,656886577606201	518,75	-0,422879785299301	
521,875	0,651592612266541	521,875	-0,432058453559875	
525	0,647455453872681	525	-0,430653154850006	
528,125	0,650769829750061	528,125	-0,430881679058075	
531,25	0,64426451921463	531,25	-0,431910246610641	
534,375	0,641349494457245	534,375	-0,431644380092621	
537,5	0,638439059257507	537,5	-0,433056592941284	
540,625	0,636861145496368	540,625	-0,433950424194336	
543,75	0,635031282901764	543,75	-0,429555207490921	
546,875	0,63080769777298	546,875	-0,438179671764374	
550	0,628476202487946	550	-0,435705244541168	
553,125	0,623698949813843	553,125	-0,436206310987473	
556,25	0,624519765377045	556,25	-0,434421509504318	
559,375	0,618253171443939	559,375	-0,432769417762756	
562,5	0,616863965988159	562,5	-0,433252573013306	
565,625	0,61441034078598	565,625	-0,435512661933899	
568,75	0,610784351825714	568,75	-0,434661686420441	
571,875	0,608340561389923	571,875	-0,43424516916275	
575	0,606488764286041	575	-0,436352044343948	
578,125	0,603070616722107	578,125	-0,433589100837708	
581,25	0,602041661739349	581,25	-0,436353474855423	
584,375	0,599057793617249	584,375	-0,438531398773193	
587,5	0,597169101238251	587,5	-0,43831530213356	
590,625	0,593430161476135	590,625	-0,437593817710876	
593,75	0,590013444423676	593,75	-0,437933415174484	
596,875	0,589015603065491	596,875	-0,43779057264328	
600	0,584587872028351	600	-0,439822375774384	
603,125	0,58320152759552	603,125	-0,438654333353043	
606,25	0,579327762126923	606,25	-0,439049541950226	
609,375	0,578881561756134	609,375	-0,439062297344208	
612,5	0,575718700885773	612,5	-0,439373701810837	
615,625	0,57195258140564	615,625	-0,440619170665741	
618,75	0,570330500602722	618,75	-0,440004646778107	
621,875	0,56939697265625	621,875	-0,439287394285202	
625	0,56557559967041	625	-0,438206911087036	
628,125	0,561874210834503	628,125	-0,440075993537903	
631,25	0,557566225528717	631,25	-0,438343405723572	
634,375	0,555099785327911	634,375	-0,438451379537582	
637,5	0,553690552711487	637,5	-0,439058870077133	
640,625	0,553185105323792	640,625	-0,437143832445145	
643,75	0,548627197742462	643,75	-0,439478069543839	
646,875	0,545904040336609	646,875	-0,437801390886307	
650	0,544605314731598	650	-0,439458817243576	
653,125	0,541716516017914	653,125	-0,437513023614883	
656,25	0,539273679256439	656,25	-0,436375826597214	
659,375	0,53580504655838	659,375	-0,43721342086792	
662,5	0,535858273506165	662,5	-0,437336474657059	
665,625	0,533694505691528	665,625	-0,438286036252975	
668,75	0,530126571655273	668,75	-0,437013477087021	
671,875	0,528815925121307	671,875	-0,435046643018723	
675	0,524371385574341	675	-0,435225993394852	
678,125	0,521146655082703	678,125	-0,434976577758789	
681,25	0,520093977451324	681,25	-0,434748083353043	
684,375	0,518720030784607	684,375	-0,434476912021637	
687,5	0,519184947013855	687,5	-0,435264140367508	
690,625	0,512003064155579	690,625	-0,437114149332047	
693,75	0,512995839118958	693,75	-0,434616595506668	
696,875	0,511082172393799	696,875	-0,434204578399658	
700	0,507229387760162	700	-0,433985441923141	
703,125	0,505556225776672	703,125	-0,434342801570892	
706,25	0,505049645900726	706,25	-0,43322166800499	
709,375	0,502351939678192	709,375	-0,431380063295364	
712,5	0,496543198823929	712,5	-0,433448433876038	
715,625	0,497947126626968	715,625	-0,432374745607376	
718,75	0,49653035402298	718,75	-0,432945728302002	
721,875	0,493636697530746	721,875	-0,431572198867798	
725	0,492549300193787	725	-0,432541161775589	
728,125	0,489049136638641	728,125	-0,430742114782333	
731,25	0,488549947738647	731,25	-0,431234329938889	
734,375	0,48641437292099	734,375	-0,430449664592743	
737,5	0,48558646440506	737,5	-0,431003630161285	
740,625	0,480951845645905	740,625	-0,429037392139435	
743,75	0,47709795832634	743,75	-0,427881062030792	
746,875	0,475180804729462	746,875	-0,43147224187851	
750	0,473677158355713	750	-0,431103229522705	
753,125	0,472927689552307	753,125	-0,429149597883224	
756,25	0,470747083425522	756,25	-0,427913308143616	
759,375	0,468564838171005	759,375	-0,42508864402771	
762,5	0,46876734495163	762,5	-0,426080346107483	
765,625	0,466304361820221	765,625	-0,424887359142303	
768,75	0,46183305978775	768,75	-0,426771402359009	
771,875	0,458522737026215	771,875	-0,425289511680603	
775	0,459263831377029	775	-0,424248158931732	
778,125	0,456727921962738	778,125	-0,422205448150635	
781,25	0,453692674636841	781,25	-0,423033237457275	
784,375	0,450283408164978	784,375	-0,422271251678467	
787,5	0,447275668382645	787,5	-0,422569751739502	
790,625	0,446019232273102	790,625	-0,421859979629517	
793,75	0,446278691291809	793,75	-0,4198157787323	
796,875	0,445800244808197	796,875	-0,419532865285873	
800	0,443343251943588	800	-0,419161826372147	
803,125	0,443494111299515	803,125	-0,418181151151657	
806,25	0,439904123544693	806,25	-0,418819755315781	
809,375	0,432791322469711	809,375	-0,418807625770569	
812,5	0,43653529882431	812,5	-0,416388869285584	
815,625	0,43583807349205	815,625	-0,41461381316185	
818,75	0,430299162864685	818,75	-0,414466947317123	
821,875	0,429989367723465	821,875	-0,412166625261307	
825	0,433810412883759	825	-0,409341335296631	
828,125	0,430465757846832	828,125	-0,408887177705765	
831,25	0,427482277154922	831,25	-0,398167878389359	
834,375	0,420722514390945	834,375	-0,40636995434761	
837,5	0,421168893575668	837,5	-0,409418731927872	
840,625	0,419769108295441	840,625	-0,408917993307114	
843,75	0,416494846343994	843,75	-0,406854420900345	
846,875	0,418100893497467	846,875	-0,408442795276642	
850	0,417587459087372	850	-0,408197343349457	
853,125	0,418675690889359	853,125	-0,404795795679092	
856,25	0,416705012321472	856,25	-0,400353521108627	
859,375	0,413024306297302	859,375	-0,397711008787155	
862,5	0,411583840847015	862,5	-0,398830562829971	
865,625	0,411530882120132	865,625	-0,398848205804825	
868,75	0,412049829959869	868,75	-0,398848176002502	
871,875	0,408622950315475	871,875	-0,399421513080597	
875	0,407995462417603	875	-0,395044893026352	
878,125	0,405826359987259	878,125	-0,395524382591248	
881,25	0,403356641530991	881,25	-0,393941253423691	
884,375	0,392798721790314	884,375	-0,394591450691223	
887,5	0,39046385884285	887,5	-0,391124725341797	
890,625	0,388020634651184	890,625	-0,39180514216423	
893,75	0,388397336006165	893,75	-0,394763350486755	
896,875	0,385601073503494	896,875	-0,393356531858444	
900	0,385945558547974	900	-0,391008049249649	
903,125	0,382944971323013	903,125	-0,389141619205475	
906,25	0,382217824459076	906,25	-0,388615489006042	
909,375	0,382980972528458	909,375	-0,389322131872177	
912,5	0,379922032356262	912,5	-0,390535026788712	
915,625	0,377955049276352	915,625	-0,389518707990646	
918,75	0,376668184995651	918,75	-0,387212485074997	
921,875	0,37526872754097	921,875	-0,383899956941605	
925	0,374199151992798	925	-0,383064776659012	
928,125	0,375527322292328	928,125	-0,38343819975853	
931,25	0,370300859212875	931,25	-0,382802456617355	
934,375	0,370305776596069	934,375	-0,38195788860321	
937,5	0,368509918451309	937,5	-0,381321638822556	
940,625	0,368127137422562	940,625	-0,380193442106247	
943,75	0,365595102310181	943,75	-0,38080421090126	
946,875	0,36442232131958	946,875	-0,379790991544724	
950	0,363515228033066	950	-0,377929538488388	
953,125	0,363425016403198	953,125	-0,376303255558014	
956,25	0,36169895529747	956,25	-0,375136435031891	
959,375	0,359629422426224	959,375	-0,374694764614105	
962,5	0,358596742153168	962,5	-0,374843031167984	
965,625	0,357906609773636	965,625	-0,373856037855148	
968,75	0,35841765999794	968,75	-0,373504042625427	
971,875	0,355665296316147	971,875	-0,372546434402466	
975	0,355106621980667	975	-0,371195673942566	
978,125	0,354243755340576	978,125	-0,370327144861221	
981,25	0,352227181196213	981,25	-0,369155913591385	
984,375	0,352005660533905	984,375	-0,369321227073669	
987,5	0,351069569587708	987,5	-0,36819925904274	
990,625	0,350264847278595	990,625	-0,367168784141541	
993,75	0,349001526832581	993,75	-0,368367254734039	
996,875	0,348461270332336	996,875	-0,367108345031738	
1000	0,347141444683075	1000	-0,367211729288101	
1003,125	0,346825927495956	1003,125	-0,365627288818359	
1006,25	0,345765769481659	1006,25	-0,364723771810532	
1009,375	0,344226062297821	1009,375	-0,364470511674881	
1012,5	0,344227582216263	1012,5	-0,36351278424263	
1015,625	0,344307959079742	1015,625	-0,363405972719193	
1018,75	0,34148433804512	1018,75	-0,36364209651947	
1021,875	0,341985046863556	1021,875	-0,362566083669662	
1025	0,340312510728836	1025	-0,362298727035522	
1028,125	0,340326845645905	1028,125	-0,361545145511627	
1031,25	0,340673565864563	1031,25	-0,361498355865479	
1034,375	0,339437574148178	1034,375	-0,361449122428894	
1037,5	0,338659733533859	1037,5	-0,360920816659927	
1040,625	0,337981104850769	1040,625	-0,361116945743561	
1043,75	0,337932765483856	1043,75	-0,360491275787354	
1046,875	0,337587356567383	1046,875	-0,359958857297897	
1050	0,336539387702942	1050	-0,360944449901581	
1053,125	0,337135493755341	1053,125	-0,361842930316925	
1056,25	0,335681676864624	1056,25	-0,361894816160202	
1059,375	0,336310148239136	1059,375	-0,361780345439911	
1062,5	0,335896283388138	1062,5	-0,362444996833801	
1065,625	0,334470689296722	1065,625	-0,363631904125214	
1068,75	0,334307789802551	1068,75	-0,362721383571625	
1071,875	0,33401957154274	1071,875	-0,363261848688126	
1075	0,334614902734756	1075	-0,364422768354416	
1078,125	0,334326922893524	1078,125	-0,366898089647293	
1081,25	0,330749839544296	1081,25	-0,368165612220764	
1084,375	0,331454277038574	1084,375	-0,369172424077988	
1087,5	0,330950736999512	1087,5	-0,370929419994354	
1090,625	0,330504268407822	1090,625	-0,371951043605804	
1093,75	0,32976633310318	1093,75	-0,375180423259735	
1096,875	0,327387094497681	1096,875	-0,377386689186096	
1100	0,325635522603989	1100	-0,379835277795792	
1103,125	0,323270827531815	1103,125	-0,383228331804276	
1106,25	0,321789920330048	1106,25	-0,383956372737885	
1109,375	0,317717880010605	1109,375	-0,391324996948242	
1112,5	0,31660395860672	1112,5	-0,394621014595032	
1115,625	0,309757173061371	1115,625	-0,395574510097504	
1118,75	0,306945413351059	1118,75	-0,404689937829971	
1121,875	0,302685111761093	1121,875	-0,404112130403519	
1125	0,295651763677597	1125	-0,411657452583313	
1128,125	0,29135325551033	1128,125	-0,415136158466339	
1131,25	0,274520635604858	1131,25	-0,417549878358841	
1134,375	0,269437998533249	1134,375	-0,417260348796844	
1137,5	0,260018080472946	1137,5	-0,421059966087341	
1140,625	0,243064731359482	1140,625	-0,418070882558823	
1143,75	0,237189322710037	1143,75	-0,413047820329666	
1146,875	0,227667629718781	1146,875	-0,40685847401619	
1150	0,216802388429642	1150	-0,397627204656601	
1153,125	0,212961569428444	1153,125	-0,388397365808487	
1156,25	0,204875141382217	1156,25	-0,38444772362709	
1159,375	0,195387437939644	1159,375	-0,374758720397949	
1162,5	0,196701169013977	1162,5	-0,367300719022751	
1165,625	0,193244725465775	1165,625	-0,354749470949173	
1168,75	0,192950874567032	1168,75	-0,348458588123322	
1171,875	0,194475710391998	1171,875	-0,341069310903549	
1175	0,194345682859421	1175	-0,332819193601608	
1178,125	0,194405853748322	1178,125	-0,328019946813583	
1181,25	0,195999324321747	1181,25	-0,32314869761467	
1184,375	0,198020741343498	1184,375	-0,31751075387001	
1187,5	0,198131278157234	1187,5	-0,313928157091141	
1190,625	0,201397120952606	1190,625	-0,309543997049332	
1193,75	0,204944387078285	1193,75	-0,306367754936218	
1196,875	0,206422403454781	1196,875	-0,302432298660278	
1200	0,206760838627815	1200	-0,30012035369873	
1203,125	0,208798930048943	1203,125	-0,29846602678299	
1206,25	0,211157158017159	1206,25	-0,295734167098999	
1209,375	0,211980059742928	1209,375	-0,295405894517899	
1212,5	0,211951196193695	1212,5	-0,294909745454788	
1215,625	0,213787332177162	1215,625	-0,293184161186218	
1218,75	0,214055702090263	1218,75	-0,291718363761902	
1221,875	0,216141939163208	1221,875	-0,290885031223297	
1225	0,217555448412895	1225	-0,291224330663681	
1228,125	0,215396136045456	1228,125	-0,292117029428482	
1231,25	0,216250211000443	1231,25	-0,291228830814362	
1234,375	0,217671409249306	1234,375	-0,290629088878632	
1237,5	0,21648134291172	1237,5	-0,292718261480331	
1240,625	0,215388506650925	1240,625	-0,292503118515015	
1243,75	0,213897928595543	1243,75	-0,293684542179108	
1246,875	0,211625680327415	1246,875	-0,293135344982147	
1250	0,208999529480934	1250	-0,292080074548721	
1253,125	0,20696733891964	1253,125	-0,292923271656036	
1256,25	0,201824426651001	1256,25	-0,292195796966553	
1259,375	0,200658023357391	1259,375	-0,29059174656868	
1262,5	0,199060052633286	1262,5	-0,287955790758133	
1265,625	0,196645215153694	1265,625	-0,28595370054245	
1268,75	0,19316902756691	1268,75	-0,283224374055862	
1271,875	0,191320300102234	1271,875	-0,279740184545517	
1275	0,18880221247673	1275	-0,277265340089798	
1278,125	0,188228130340576	1278,125	-0,272735446691513	
1281,25	0,186986580491066	1281,25	-0,270022451877594	
1284,375	0,187274575233459	1284,375	-0,266857445240021	
1287,5	0,187028288841248	1287,5	-0,264374703168869	
1290,625	0,185772657394409	1290,625	-0,261085480451584	
1293,75	0,186104387044907	1293,75	-0,258028030395508	
1296,875	0,186284586787224	1296,875	-0,255282908678055	
1300	0,185811296105385	1300	-0,254180163145065	
1303,125	0,185282170772552	1303,125	-0,251398473978043	
1306,25	0,186478063464165	1306,25	-0,24907511472702	
1309,375	0,186574935913086	1309,375	-0,246860429644585	
1312,5	0,186023622751236	1312,5	-0,245181366801262	
1315,625	0,185689747333527	1315,625	-0,243679776787758	
1318,75	0,185393452644348	1318,75	-0,240147024393082	
1321,875	0,185386568307877	1321,875	-0,238384902477264	
1325	0,185777872800827	1325	-0,236396595835686	
1328,125	0,185379907488823	1328,125	-0,233901262283325	
1331,25	0,185234144330025	1331,25	-0,231059908866882	
1334,375	0,18412746489048	1334,375	-0,228715524077415	
1337,5	0,185686320066452	1337,5	-0,22602117061615	
1340,625	0,186823070049286	1340,625	-0,223267689347267	
1343,75	0,18842913210392	1343,75	-0,221344411373138	
1346,875	0,189203828573227	1346,875	-0,218665838241577	
1350	0,189927592873573	1350	-0,217445313930511	
1353,125	0,191553443670273	1353,125	-0,216380521655083	
1356,25	0,192389532923698	1356,25	-0,215528264641762	
1359,375	0,192981451749802	1359,375	-0,214055150747299	
1362,5	0,193381518125534	1362,5	-0,212611109018326	
1365,625	0,194000124931335	1365,625	-0,211615473031998	
1368,75	0,19511017203331	1368,75	-0,210568025708199	
1371,875	0,195322960615158	1371,875	-0,209574833512306	
1375	0,19570130109787	1375	-0,209197282791138	
1378,125	0,196362838149071	1378,125	-0,20851856470108	
1381,25	0,195521309971809	1381,25	-0,207594603300095	
1384,375	0,196581587195396	1384,375	-0,206543952226639	
1387,5	0,197215810418129	1387,5	-0,205065235495567	
1390,625	0,197367981076241	1390,625	-0,203752532601357	
1393,75	0,197337552905083	1393,75	-0,20277538895607	
1396,875	0,197442784905434	1396,875	-0,202065989375114	
1400	0,198316931724548	1400	-0,200671926140785	
1403,125	0,198555558919907	1403,125	-0,200077086687088	
1406,25	0,19839808344841	1406,25	-0,19950507581234	
1409,375	0,198277652263641	1409,375	-0,198681682348251	
1412,5	0,198734164237976	1412,5	-0,19758740067482	
1415,625	0,198498770594597	1415,625	-0,19663642346859	
1418,75	0,199087828397751	1418,75	-0,195917665958405	
1421,875	0,199727520346642	1421,875	-0,194692879915237	
1425	0,200313448905945	1425	-0,193834066390991	
1428,125	0,200045719742775	1428,125	-0,193479463458061	
1431,25	0,2007996737957	1431,25	-0,192362800240517	
1434,375	0,200929880142212	1434,375	-0,191824749112129	
1437,5	0,200671061873436	1437,5	-0,190669894218445	
1440,625	0,202361792325974	1440,625	-0,190682411193848	
1443,75	0,200370237231255	1443,75	-0,190438523888588	
1446,875	0,201327353715897	1446,875	-0,188942328095436	
1450	0,201228946447372	1450	-0,188325136899948	
1453,125	0,201319545507431	1453,125	-0,187790051102638	
1456,25	0,201196596026421	1456,25	-0,1875029951334	
1459,375	0,201360076665878	1459,375	-0,186876341700554	
1462,5	0,20117399096489	1462,5	-0,185703679919243	
1465,625	0,201011180877686	1465,625	-0,186015158891678	
1468,75	0,200211748480797	1468,75	-0,185870513319969	
1471,875	0,199671804904938	1471,875	-0,18537238240242	
1475	0,199975848197937	1475	-0,185072004795074	
1478,125	0,19906547665596	1478,125	-0,184485629200935	
1481,25	0,198847785592079	1481,25	-0,183461874723434	
1484,375	0,197351947426796	1484,375	-0,182884097099304	
1487,5	0,197242259979248	1487,5	-0,18318147957325	
1490,625	0,196344465017319	1490,625	-0,182091146707535	
1493,75	0,195437744259834	1493,75	-0,181928783655167	
1496,875	0,195684432983398	1496,875	-0,181160062551498	
1500	0,193367332220078	1500	-0,179837480187416	
1503,125	0,192790910601616	1503,125	-0,177928581833839	
1506,25	0,193158462643623	1506,25	-0,176368966698647	
1509,375	0,191089138388634	1509,375	-0,17580908536911	
1512,5	0,19066147506237	1512,5	-0,174161821603775	
1515,625	0,190366864204407	1515,625	-0,173165455460548	
1518,75	0,189958810806274	1518,75	-0,17115019261837	
1521,875	0,190390452742577	1521,875	-0,170020431280136	
1525	0,188889980316162	1525	-0,169136822223663	
1528,125	0,189165487885475	1528,125	-0,166778802871704	
1531,25	0,18888832628727	1531,25	-0,165361598134041	
1534,375	0,188992783427238	1534,375	-0,163142368197441	
1537,5	0,188466116786003	1537,5	-0,162527546286583	
1540,625	0,188979953527451	1540,625	-0,161068350076675	
1543,75	0,187912672758102	1543,75	-0,159703865647316	
1546,875	0,188653901219368	1546,875	-0,158032283186913	
1550	0,188420698046684	1550	-0,156890094280243	
1553,125	0,188681781291962	1553,125	-0,155772268772125	
1556,25	0,188524961471558	1556,25	-0,154137700796127	
1559,375	0,188649252057076	1559,375	-0,153087124228477	
1562,5	0,188825592398643	1562,5	-0,151938855648041	
1565,625	0,188651755452156	1565,625	-0,149984076619148	
1568,75	0,18891054391861	1568,75	-0,149617373943329	
1571,875	0,188745319843292	1571,875	-0,14798603951931	
1575	0,189492970705032	1575	-0,1468406021595	
1578,125	0,189336448907852	1578,125	-0,145720109343529	
1581,25	0,189415588974953	1581,25	-0,144685685634613	
1584,375	0,190124571323395	1584,375	-0,14264315366745	
1587,5	0,18988823890686	1587,5	-0,141796469688416	
1590,625	0,18988473713398	1590,625	-0,14086851477623	
1593,75	0,18997597694397	1593,75	-0,139757931232452	
1596,875	0,190557822585106	1596,875	-0,138132527470589	
1600	0,19092845916748	1600	-0,137667894363403	
1603,125	0,191151931881905	1603,125	-0,136678650975227	
1606,25	0,1917445063591	1606,25	-0,135708048939705	
1609,375	0,191922068595886	1609,375	-0,133370697498322	
1612,5	0,191400751471519	1612,5	-0,132412940263748	
1615,625	0,192035108804703	1615,625	-0,131714478135109	
1618,75	0,192677721381187	1618,75	-0,131413191556931	
1621,875	0,192998453974724	1621,875	-0,130103692412376	
1625	0,192645683884621	1625	-0,129469111561775	
1628,125	0,193473622202873	1628,125	-0,128491505980492	
1631,25	0,193352580070496	1631,25	-0,127786502242088	
1634,375	0,194013878703117	1634,375	-0,127345904707909	
1637,5	0,194115102291107	1637,5	-0,126327857375145	
1640,625	0,19471749663353	1640,625	-0,123888649046421	
1643,75	0,192733451724052	1643,75	-0,124713085591793	
1646,875	0,194320648908615	1646,875	-0,123735800385475	
1650	0,194983020424843	1650	-0,123483963310719	
1653,125	0,194621071219444	1653,125	-0,122071206569672	
1656,25	0,194386303424835	1656,25	-0,121383316814899	
1659,375	0,195005923509598	1659,375	-0,120319865643978	
1662,5	0,195130169391632	1662,5	-0,119409285485744	
1665,625	0,194748133420944	1665,625	-0,119289040565491	
1668,75	0,19527231156826	1668,75	-0,118080452084541	
1671,875	0,195350915193558	1671,875	-0,117376185953617	
1675	0,19479139149189	1675	-0,11626572906971	
1678,125	0,194835022091866	1678,125	-0,116690270602703	
1681,25	0,195829391479492	1681,25	-0,11526695638895	
1684,375	0,194644659757614	1684,375	-0,113307610154152	
1687,5	0,194536283612251	1687,5	-0,11264643073082	
1690,625	0,194588422775269	1690,625	-0,111865110695362	
1693,75	0,195011287927628	1693,75	-0,110140115022659	
1696,875	0,195087298750877	1696,875	-0,109884329140186	
1700	0,195321202278137	1700	-0,109012216329575	
1703,125	0,195414364337921	1703,125	-0,108251452445984	
1706,25	0,195634290575981	1706,25	-0,107470288872719	
1709,375	0,195012286305428	1709,375	-0,106106147170067	
1712,5	0,195526570081711	1712,5	-0,104937471449375	
1715,625	0,195609018206596	1715,625	-0,103924468159676	
1718,75	0,196072459220886	1718,75	-0,104046061635017	
1721,875	0,195835262537003	1721,875	-0,103617392480373	
1725	0,195353448390961	1725	-0,102138169109821	
1728,125	0,196455925703049	1728,125	-0,100783973932266	
1731,25	0,197307214140892	1731,25	-0,0999669209122658	
1734,375	0,197113275527954	1734,375	-0,10043228417635	
1737,5	0,196875840425491	1737,5	-0,0988228097558022	
1740,625	0,198095068335533	1740,625	-0,0975552052259445	
1743,75	0,197201371192932	1743,75	-0,0964142456650734	
1746,875	0,197391301393509	1746,875	-0,0953119993209839	
1750	0,198384016752243	1750	-0,0944134071469307	
1753,125	0,198314040899277	1753,125	-0,0934794172644615	
1756,25	0,198434591293335	1756,25	-0,0932964384555817	
1759,375	0,199826046824455	1759,375	-0,0924060791730881	
1762,5	0,199344530701637	1762,5	-0,0919284895062447	
1765,625	0,199508771300316	1765,625	-0,0917166471481323	
1768,75	0,199300855398178	1768,75	-0,0906104445457459	
1771,875	0,200069770216942	1771,875	-0,0898871049284935	
1775	0,200536966323853	1775	-0,0892361924052238	
1778,125	0,200821846723557	1778,125	-0,0887827053666115	
1781,25	0,200704321265221	1781,25	-0,0877320617437363	
1784,375	0,200993403792381	1784,375	-0,0874302536249161	
1787,5	0,201672613620758	1787,5	-0,0879246070981026	
1790,625	0,20104943215847	1790,625	-0,0864253044128418	
1793,75	0,201232299208641	1793,75	-0,0871730819344521	
1796,875	0,201740711927414	1796,875	-0,0857061892747879	
1800	0,201461404561996	1800	-0,0835280492901802	
1803,125	0,200649604201317	1803,125	-0,0844570696353912	
1806,25	0,201651990413666	1806,25	-0,0830445066094399	
1809,375	0,201491370797157	1809,375	-0,0821327492594719	
1812,5	0,202312484383583	1812,5	-0,080995224416256	
1815,625	0,201676592230797	1815,625	-0,0815418735146523	
1818,75	0,201659098267555	1818,75	-0,0798134133219719	
1821,875	0,202031657099724	1821,875	-0,0797919631004334	
1825	0,202445194125175	1825	-0,0796465799212456	
1828,125	0,202490106225014	1828,125	-0,0786124095320702	
1831,25	0,202593475580215	1831,25	-0,0774907469749451	
1834,375	0,202431485056877	1834,375	-0,0771557986736298	
1837,5	0,202710628509521	1837,5	-0,0759179070591927	
1840,625	0,202887237071991	1840,625	-0,0757000222802162	
1843,75	0,20250192284584	1843,75	-0,0752648934721947	
1846,875	0,202582195401192	1846,875	-0,0753718316555023	
1850	0,203099206089973	1850	-0,0746912211179733	
1853,125	0,203434973955154	1853,125	-0,0737994462251663	
1856,25	0,203099071979523	1856,25	-0,0717750042676926	
1859,375	0,203545108437538	1859,375	-0,0719020292162895	
1862,5	0,20292817056179	1862,5	-0,071409747004509	
1865,625	0,203707113862038	1865,625	-0,0705306157469749	
1868,75	0,20399783551693	1868,75	-0,0694878175854683	
1871,875	0,203757539391518	1871,875	-0,0692181810736656	
1875	0,204763993620872	1875	-0,0688296183943748	
1878,125	0,204054459929466	1878,125	-0,0680286809802055	
1881,25	0,204136207699776	1881,25	-0,0674066767096519	
1884,375	0,204716324806213	1884,375	-0,0669577643275261	
1887,5	0,205051749944687	1887,5	-0,0661337152123451	
1890,625	0,204563364386559	1890,625	-0,0648768842220306	
1893,75	0,204547896981239	1893,75	-0,0641567409038544	
1896,875	0,204675674438477	1896,875	-0,0635408088564873	
1900	0,204957634210587	1900	-0,0630401745438576	
1903,125	0,204766526818275	1903,125	-0,0618479959666729	
1906,25	0,204368591308594	1906,25	-0,0614436641335487	
1909,375	0,205060482025146	1909,375	-0,0609878860414028	
1912,5	0,205727741122246	1912,5	-0,059876523911953	
1915,625	0,205347135663033	1915,625	-0,059447031468153	
1918,75	0,205028250813484	1918,75	-0,0597047135233879	
1921,875	0,206083178520203	1921,875	-0,0587068982422352	
1925	0,206648528575897	1925	-0,058378528803587	
1928,125	0,20609338581562	1928,125	-0,0573047511279583	
1931,25	0,206396535038948	1931,25	-0,056464396417141	
1934,375	0,206818297505379	1934,375	-0,0561595782637596	
1937,5	0,207012549042702	1937,5	-0,0556674785912037	
1940,625	0,207163691520691	1940,625	-0,0552111864089966	
1943,75	0,207485735416412	1943,75	-0,0546992570161819	
1946,875	0,207201302051544	1946,875	-0,0539454333484173	
1950	0,207552835345268	1950	-0,0527295842766762	
1953,125	0,207660108804703	1953,125	-0,0530855543911457	
1956,25	0,208143025636673	1956,25	-0,052103154361248	
1959,375	0,208579272031784	1959,375	-0,0521506629884243	
1962,5	0,20949324965477	1962,5	-0,0513181686401367	
1965,625	0,209050118923187	1965,625	-0,0504902936518192	
1968,75	0,20915912091732	1968,75	-0,0507648847997189	
1971,875	0,20867919921875	1971,875	-0,0496123284101486	
1975	0,20818755030632	1975	-0,0486241169273853	
1978,125	0,209560468792915	1978,125	-0,0487633235752583	
1981,25	0,209764510393143	1981,25	-0,0478789061307907	
1984,375	0,209437757730484	1984,375	-0,0476443842053413	
1987,5	0,20979505777359	1987,5	-0,0464585795998573	
1990,625	0,210008576512337	1990,625	-0,0460387095808983	
1993,75	0,209751039743423	1993,75	-0,0466633923351765	
1996,875	0,210539624094963	1996,875	-0,046014703810215	
2000	0,21119587123394	2000	-0,0453467629849911	
2003,125	0,211586758494377	2003,125	-0,0451257266104221	
2006,25	0,21136999130249	2006,25	-0,0447461642324924	
2009,375	0,211452022194862	2009,375	-0,0445291846990585	
2012,5	0,210861146450043	2012,5	-0,0434801988303661	
2015,625	0,211000084877014	2015,625	-0,0426682531833649	
2018,75	0,210638463497162	2018,75	-0,0426951572299004	
2021,875	0,211711391806602	2021,875	-0,0418801605701447	
2025	0,21203039586544	2025	-0,0414315424859524	
2028,125	0,211602985858917	2028,125	-0,0406190790235996	
2031,25	0,210324570536613	2031,25	-0,0393874645233154	
2034,375	0,21133828163147	2034,375	-0,0401651188731194	
2037,5	0,211800113320351	2037,5	-0,0386002026498318	
2040,625	0,209553390741348	2040,625	-0,0388874150812626	
2043,75	0,211061134934425	2043,75	-0,0377794317901134	
2046,875	0,211774304509163	2046,875	-0,0367229022085667	
2050	0,211733192205429	2050	-0,0372680760920048	
2053,125	0,21262888610363	2053,125	-0,0365931317210197	
2056,25	0,212196364998817	2056,25	-0,0355984382331371	
2059,375	0,211689755320549	2059,375	-0,0351107157766819	
2062,5	0,211654812097549	2062,5	-0,0346402712166309	
2065,625	0,21223546564579	2065,625	-0,0346598960459232	
2068,75	0,21301543712616	2068,75	-0,0335451699793339	
2071,875	0,213679656386375	2071,875	-0,032835278660059	
2075	0,213441878557205	2075	-0,0324620418250561	
2078,125	0,213062286376953	2078,125	-0,0319333486258984	
2081,25	0,213097780942917	2081,25	-0,0310305673629045	
2084,375	0,213513180613518	2084,375	-0,0311893224716187	
2087,5	0,213967546820641	2087,5	-0,0298416968435049	
2090,625	0,214380234479904	2090,625	-0,0292560029774904	
2093,75	0,214758589863777	2093,75	-0,0293429140001535	
2096,875	0,21481129527092	2096,875	-0,0281373150646687	
2100	0,214108496904373	2100	-0,0288284402340651	
2103,125	0,214164867997169	2103,125	-0,0272592753171921	
2106,25	0,214370980858803	2106,25	-0,0268446654081345	
2109,375	0,214624330401421	2109,375	-0,0272521190345287	
2112,5	0,215596824884415	2112,5	-0,02688361518085	
2115,625	0,215433016419411	2115,625	-0,0266050565987825	
2118,75	0,216054305434227	2118,75	-0,0256713293492794	
2121,875	0,215418472886086	2121,875	-0,025223521515727	
2125	0,215603783726692	2125	-0,0246335100382566	
2128,125	0,21650230884552	2128,125	-0,0247558653354645	
2131,25	0,216293513774872	2131,25	-0,0242624022066593	
2134,375	0,216224014759064	2134,375	-0,0244149398058653	
2137,5	0,21681022644043	2137,5	-0,0235801991075277	
2140,625	0,21634715795517	2140,625	-0,0227969735860825	
2143,75	0,216154426336288	2143,75	-0,0219995453953743	
2146,875	0,217334106564522	2146,875	-0,021385969594121	
2150	0,218000829219818	2150	-0,0219203401356936	
2153,125	0,217099562287331	2153,125	-0,0209600497037172	
2156,25	0,217735901474953	2156,25	-0,0210773423314095	
2159,375	0,217071250081062	2159,375	-0,0207272060215473	
2162,5	0,217089533805847	2162,5	-0,0188461784273386	
2165,625	0,217042520642281	2165,625	-0,0188170783221722	
2168,75	0,217578187584877	2168,75	-0,0197533555328846	
2171,875	0,217786222696304	2171,875	-0,0182853452861309	
2175	0,21865326166153	2175	-0,0176678113639355	
2178,125	0,217769369482994	2178,125	-0,0174713023006916	
2181,25	0,217505559325218	2181,25	-0,0163614302873611	
2184,375	0,21759994328022	2184,375	-0,0158823411911726	
2187,5	0,217782869935036	2187,5	-0,0153198195621371	
2190,625	0,218544989824295	2190,625	-0,0145481778308749	
2193,75	0,219700947403908	2193,75	-0,0140681024640799	
2196,875	0,219618678092957	2196,875	-0,014101667329669	
2200	0,219144016504288	2200	-0,0132226869463921	
2203,125	0,21937184035778	2203,125	-0,0127010988071561	
2206,25	0,21988545358181	2206,25	-0,0116017498075962	
2209,375	0,219960704445839	2209,375	-0,0106627503409982	
2212,5	0,221260488033295	2212,5	-0,0110371075570583	
2215,625	0,221860468387604	2215,625	-0,0105567276477814	
2218,75	0,222066253423691	2218,75	-0,00966584775596857	
2221,875	0,221762418746948	2221,875	-0,00918834656476974	
2225	0,221869364380836	2225	-0,0095587121322751	
2228,125	0,222475826740265	2228,125	-0,00914797000586987	
2231,25	0,222116827964783	2231,25	-0,00848087202757597	
2234,375	0,222272947430611	2234,375	-0,00846222508698702	
2237,5	0,223028928041458	2237,5	-0,00727471988648176	
2240,625	0,2247534096241	2240,625	-0,00753684202209115	
2243,75	0,225159674882889	2243,75	-0,00682090362533927	
2246,875	0,225021243095398	2246,875	-0,0061727911233902	
2250	0,224356159567833	2250	-0,00580742442980409	
2253,125	0,224725887179375	2253,125	-0,00545450858771801	
2256,25	0,224929988384247	2256,25	-0,00577092543244362	
2259,375	0,225747004151344	2259,375	-0,00557183241471648	
2262,5	0,225998252630234	2262,5	-0,00500290049239993	
2265,625	0,226018756628036	2265,625	-0,00472140498459339	
2268,75	0,225606128573418	2268,75	-0,00442693289369345	
2271,875	0,226339310407639	2271,875	-0,00435853097587824	
2275	0,226948127150536	2275	-0,00481348810717463	
2278,125	0,227601021528244	2278,125	-0,00406150659546256	
2281,25	0,227682784199715	2281,25	-0,00326850172132254	
2284,375	0,22761432826519	2284,375	-0,00263769621960819	
2287,5	0,228779435157776	2287,5	-0,00294277025386691	
2290,625	0,228152900934219	2290,625	-0,00275543006137013	
2293,75	0,228057608008385	2293,75	-0,00199076882563531	
2296,875	0,228716567158699	2296,875	-0,00240272632800043	
2300	0,229023307561874	2300	-0,0018733034376055	
2303,125	0,22901614010334	2303,125	-0,00172955403104424	
2306,25	0,229285687208176	2306,25	-0,00184435618575662	
2309,375	0,229642659425735	2309,375	-0,00109480740502477	
2312,5	0,229239821434021	2312,5	-0,000959693919867277	
2315,625	0,228938266634941	2315,625	-0,000970431545283645	
2318,75	0,229813948273659	2318,75	-0,00170865305699408	
2321,875	0,228745400905609	2321,875	-0,000929269765038043	
2325	0,230220332741737	2325	-0,000795163679867983	
2328,125	0,230469211935997	2328,125	5,16730178787839E-05	
2331,25	0,230788499116898	2331,25	7,58961905376054E-05	
2334,375	0,231363967061043	2334,375	0,000179473398020491	
2337,5	0,231058716773987	2337,5	0,00069031462771818	
2340,625	0,230093076825142	2340,625	0,00102022814098746	
2343,75	0,231690034270287	2343,75	0,000780211295932531	
2346,875	0,231400892138481	2346,875	0,000696739996783435	
2350	0,232158079743385	2350	0,00172815041150898	
2353,125	0,232207283377647	2353,125	0,00127107778098434	
2356,25	0,231751441955566	2356,25	0,00186359230428934	
2359,375	0,231871008872986	2359,375	0,00216361368075013	
2362,5	0,232424110174179	2362,5	0,00225142994895577	
2365,625	0,232722923159599	2365,625	0,00111857918091118	
2368,75	0,232461854815483	2368,75	0,00269217789173126	
2371,875	0,230804786086082	2371,875	0,00224037910811603	
2375	0,232282102108002	2375	0,00269721634685993	
2378,125	0,232440561056137	2378,125	0,00190023402683437	
2381,25	0,232922524213791	2381,25	0,00221014907583594	
2384,375	0,233728647232056	2384,375	0,00338823674246669	
2387,5	0,232734963297844	2387,5	0,0026738669257611	
2390,625	0,232917353510857	2390,625	0,00341532006859779	
2393,75	0,232968479394913	2393,75	0,00411574216559529	
2396,875	0,233870282769203	2396,875	0,00386115582659841	
2400	0,233472764492035	2400	0,00415909569710493	
2403,125	0,233493164181709	2403,125	0,00453232508152723	
2406,25	0,233767032623291	2406,25	0,00438151136040688	
2409,375	0,233744204044342	2409,375	0,00409971410408616	
2412,5	0,233134731650352	2412,5	0,00528555735945702	
2415,625	0,232864797115326	2415,625	0,00355763523839414	
2418,75	0,233135223388672	2418,75	0,00445836083963513	
2421,875	0,233905524015427	2421,875	0,00566851254552603	
2425	0,233702078461647	2425	0,00602940656244755	
2428,125	0,233279883861542	2428,125	0,00506818434223533	
2431,25	0,23361499607563	2431,25	0,00573855359107256	
2434,375	0,233118936419487	2434,375	0,00602121651172638	
2437,5	0,233075559139252	2437,5	0,00630498817190528	
2440,625	0,233008995652199	2440,625	0,00649236096069217	
2443,75	0,233355581760406	2443,75	0,00609159236773849	
2446,875	0,23303210735321	2446,875	0,00673235207796097	
2450	0,233298480510712	2450	0,00758014526218176	
2453,125	0,232771322131157	2453,125	0,00770108262076974	
2456,25	0,23318338394165	2456,25	0,00762247433885932	
2459,375	0,233387991786003	2459,375	0,00827657245099545	
2462,5	0,233068272471428	2462,5	0,00813307240605354	
2465,625	0,233289808034897	2465,625	0,00870435405522585	
2468,75	0,232810840010643	2468,75	0,00956134218722582	
2471,875	0,234037637710571	2471,875	0,00812704581767321	
2475	0,233573272824287	2475	0,00998047739267349	
2478,125	0,234121784567833	2478,125	0,0103503642603755	
2481,25	0,233512833714485	2481,25	0,0116353528574109	
2484,375	0,234138190746307	2484,375	0,0107915345579386	
2487,5	0,235128790140152	2487,5	0,0107123237103224	
2490,625	0,234360709786415	2490,625	0,0117952646687627	
2493,75	0,23383255302906	2493,75	0,0116039691492915	
2496,875	0,233729109168053	2496,875	0,0121364146471024	
2500	0,234308734536171	2500	0,0135537069290876	
2503,125	0,234306544065475	2503,125	0,0127015644684434	
2506,25	0,235781267285347	2506,25	0,0139763727784157	
2509,375	0,235217377543449	2509,375	0,0138808423653245	
2512,5	0,23487800359726	2512,5	0,0141824213787913	
2515,625	0,234356537461281	2515,625	0,0141705647110939	
2518,75	0,234485283493996	2518,75	0,0152590535581112	
2521,875	0,234444350004196	2521,875	0,0158640909940004	
2525	0,235522553324699	2525	0,0155026782304049	
2528,125	0,234037786722183	2528,125	0,0170319713652134	
2531,25	0,234116911888123	2531,25	0,0175519641488791	
2534,375	0,235340610146523	2534,375	0,019066222012043	
2537,5	0,237684205174446	2537,5	0,0192601587623358	
2540,625	0,236709728837013	2540,625	0,0195872001349926	
2543,75	0,237706109881401	2543,75	0,0188159123063087	
2546,875	0,239849790930748	2546,875	0,0190655793994665	
2550	0,240569904446602	2550	0,0193586647510529	
2553,125	0,240373849868774	2553,125	0,0187879074364901	
2556,25	0,240797623991966	2556,25	0,019081374630332	
2559,375	0,240685030817986	2559,375	0,0190872717648745	
2562,5	0,240040943026543	2562,5	0,0189002584666014	
2565,625	0,240167334675789	2565,625	0,0194420851767063	
2568,75	0,240796089172363	2568,75	0,0201560445129871	
2571,875	0,241763696074486	2571,875	0,0205525122582912	
2575	0,241482928395271	2575	0,0205073580145836	
2578,125	0,240663215517998	2578,125	0,0195563808083534	
2581,25	0,241961643099785	2581,25	0,0209145173430443	
2584,375	0,24214331805706	2584,375	0,0208206940442324	
2587,5	0,242859095335007	2587,5	0,0210790429264307	
2590,625	0,24305959045887	2590,625	0,0211272872984409	
2593,75	0,243564829230309	2593,75	0,0211770944297314	
2596,875	0,244389697909355	2596,875	0,0222385004162788	
2600	0,244453027844429	2600	0,0222478527575731	
2603,125	0,244923532009125	2603,125	0,0217773467302322	
2606,25	0,244452238082886	2606,25	0,0225026067346334	
2609,375	0,246085971593857	2609,375	0,0228580310940742	
2612,5	0,246335864067078	2612,5	0,0224236343055964	
2615,625	0,247159540653229	2615,625	0,0218743812292814	
2618,75	0,248040229082108	2618,75	0,0222004726529121	
2621,875	0,247583985328674	2621,875	0,0218623764812946	
2625	0,24696983397007	2625	0,0224183034151793	
2628,125	0,248139351606369	2628,125	0,0219752304255962	
2631,25	0,248552158474922	2631,25	0,0214300937950611	
2634,375	0,247739315032959	2634,375	0,021940803155303	
2637,5	0,248855516314507	2637,5	0,0209842380136251	
2640,625	0,249242901802063	2640,625	0,0212224498391151	
2643,75	0,250245183706284	2643,75	0,0214907024055719	
2646,875	0,250554889440537	2646,875	0,022941742092371	
2650	0,251854509115219	2650	0,020608875900507	
2653,125	0,251076489686966	2653,125	0,0214860625565052	
2656,25	0,252293854951859	2656,25	0,0217983890324831	
2659,375	0,252494484186172	2659,375	0,0215200111269951	
2662,5	0,252194941043854	2662,5	0,0219424534589052	
2665,625	0,25261265039444	2665,625	0,0217704232782125	
2668,75	0,251707583665848	2668,75	0,0214489605277777	
2671,875	0,253190010786057	2671,875	0,0218819379806519	
2675	0,253713190555573	2675	0,0221307929605246	
2678,125	0,253477096557617	2678,125	0,0221666134893894	
2681,25	0,254448175430298	2681,25	0,0225120298564434	
2684,375	0,255561172962189	2684,375	0,0216883234679699	
2687,5	0,255425214767456	2687,5	0,0219982303678989	
2690,625	0,255953431129456	2690,625	0,0209292471408844	
2693,75	0,255853146314621	2693,75	0,0220257826149464	
2696,875	0,255539387464523	2696,875	0,0218833405524492	
2700	0,25594088435173	2700	0,0220126360654831	
2703,125	0,256303668022156	2703,125	0,0218612179160118	
2706,25	0,256196826696396	2706,25	0,0213795471936464	
2709,375	0,257208526134491	2709,375	0,0217191986739635	
2712,5	0,258015036582947	2712,5	0,0224761217832565	
2715,625	0,258356750011444	2715,625	0,0216421410441399	
2718,75	0,258226782083511	2718,75	0,0213453005999327	
2721,875	0,258077800273895	2721,875	0,0215276516973972	
2725	0,259136468172073	2725	0,0218140501528978	
2728,125	0,260477513074875	2728,125	0,0216810423880816	
2731,25	0,260597169399261	2731,25	0,0215509403496981	
2734,375	0,259965032339096	2734,375	0,0214230176061392	
2737,5	0,260288178920746	2737,5	0,0213943067938089	
2740,625	0,260854691267014	2740,625	0,0223811212927103	
2743,75	0,262294888496399	2743,75	0,0228079445660114	
2746,875	0,261839181184769	2746,875	0,0226880237460136	
2750	0,26148909330368	2750	0,0219416916370392	
2753,125	0,262600183486938	2753,125	0,0226979237049818	
2756,25	0,263512134552002	2756,25	0,0219221543520689	
2759,375	0,263726323843002	2759,375	0,022811820730567	
2762,5	0,263825684785843	2762,5	0,0222892090678215	
2765,625	0,264553815126419	2765,625	0,0231337286531925	
2768,75	0,266405373811722	2768,75	0,0233780238777399	
2771,875	0,26617705821991	2771,875	0,0225543025881052	
2775	0,267062067985535	2775	0,0224946737289429	
2778,125	0,267602533102036	2778,125	0,0224548317492008	
2781,25	0,268784135580063	2781,25	0,0227105896919966	
2784,375	0,268637627363205	2784,375	0,0228410121053457	
2787,5	0,268904775381088	2787,5	0,0222635455429554	
2790,625	0,270120590925217	2790,625	0,0219387840479612	
2793,75	0,270920038223267	2793,75	0,0222263298928738	
2796,875	0,271843612194061	2796,875	0,0222741682082415	
2800	0,272975951433182	2800	0,0218144915997982	
2803,125	0,274563848972321	2803,125	0,0220674388110638	
2806,25	0,274407684803009	2806,25	0,020393555983901	
2809,375	0,274950563907623	2809,375	0,0208389982581139	
2812,5	0,276035130023956	2812,5	0,0201039239764214	
2815,625	0,276335269212723	2815,625	0,0196122005581856	
2818,75	0,276433795690537	2818,75	0,0188467726111412	
2821,875	0,277067691087723	2821,875	0,0179500412195921	
2825	0,276652544736862	2825	0,017716770991683	
2828,125	0,277644157409668	2828,125	0,0177915096282959	
2831,25	0,278795510530472	2831,25	0,0161540992558002	
2834,375	0,277824819087982	2834,375	0,0158409271389246	
2837,5	0,279816329479218	2837,5	0,0157075580209494	
2840,625	0,280052959918976	2840,625	0,0153607008978724	
2843,75	0,278549879789352	2843,75	0,015008332207799	
2846,875	0,279525429010391	2846,875	0,0132278194651008	
2850	0,279434680938721	2850	0,013622117228806	
2853,125	0,279069572687149	2853,125	0,0135388867929578	
2856,25	0,279709249734879	2856,25	0,0133215384557843	
2859,375	0,279631048440933	2859,375	0,0122864367440343	
2862,5	0,279914677143097	2862,5	0,0120368599891663	
2865,625	0,279601603746414	2865,625	0,011346185579896	
2868,75	0,279977768659592	2868,75	0,0116911539807916	
2871,875	0,280782699584961	2871,875	0,011779248714447	
2875	0,280171900987625	2875	0,0109115540981293	
2878,125	0,280170351266861	2878,125	0,0109784286469221	
2881,25	0,280536949634552	2881,25	0,0105775818228722	
2884,375	0,280402034521103	2884,375	0,0100469365715981	
2887,5	0,280617862939835	2887,5	0,01021249871701	
2890,625	0,281386315822601	2890,625	0,00970884412527084	
2893,75	0,280975788831711	2893,75	0,00969497766345739	
2896,875	0,280538231134415	2896,875	0,00958969350904226	
2900	0,28033834695816	2900	0,00967913959175348	
2903,125	0,280584841966629	2903,125	0,00954987201839685	
2906,25	0,279668837785721	2906,25	0,00917481537908316	
2909,375	0,280415683984756	2909,375	0,00911300163716078	
2912,5	0,279935657978058	2912,5	0,00918412860482931	
2915,625	0,279392898082733	2915,625	0,00889367330819368	
2918,75	0,279801338911057	2918,75	0,00867478642612696	
2921,875	0,280283659696579	2921,875	0,00958756450563669	
2925	0,280970871448517	2925	0,0101246358826756	
2928,125	0,279931634664536	2928,125	0,00929593667387962	
2931,25	0,280112057924271	2931,25	0,008901028893888	
2934,375	0,281013995409012	2934,375	0,00981691759079695	
2937,5	0,281121790409088	2937,5	0,00997786782681942	
2940,625	0,280594706535339	2940,625	0,0100292414426804	
2943,75	0,280344694852829	2943,75	0,0099363811314106	
2946,875	0,281001061201096	2946,875	0,0098916906863451	
2950	0,281288385391235	2950	0,010488067753613	
2953,125	0,28124862909317	2953,125	0,01056307554245	
2956,25	0,282162845134735	2956,25	0,0113917840644717	
2959,375	0,283002376556396	2959,375	0,0112287411466241	
2962,5	0,281163245439529	2962,5	0,0107923252508044	
2965,625	0,28204533457756	2965,625	0,0114635527133942	
2968,75	0,283103346824646	2968,75	0,0120398309081793	
2971,875	0,283449828624725	2971,875	0,01197967864573	
2975	0,283432513475418	2975	0,0121571067720652	
2978,125	0,283639162778854	2978,125	0,0126104354858398	
2981,25	0,283504128456116	2981,25	0,0128512550145388	
2984,375	0,284467250108719	2984,375	0,0132499197497964	
2987,5	0,284699201583862	2987,5	0,0134462239220738	
2990,625	0,284287363290787	2990,625	0,012891017831862	
2993,75	0,284498602151871	2993,75	0,0131920985877514	
2996,875	0,284774214029312	2996,875	0,0137899909168482	
3000	0,285435259342194	3000	0,0124423503875732	
3003,125	0,286776036024094	3003,125	0,0137033136561513	
3006,25	0,286717534065247	3006,25	0,0137246204540133	
3009,375	0,286515682935715	3009,375	0,0136284092441201	
3012,5	0,287126779556274	3012,5	0,0132197076454759	
3015,625	0,288224309682846	3015,625	0,0134992701932788	
3018,75	0,288031250238419	3018,75	0,0145345060154796	
3021,875	0,288712054491043	3021,875	0,0141821214929223	
3025	0,288890361785889	3025	0,0144617296755314	
3028,125	0,289303213357925	3028,125	0,0150803430005908	
3031,25	0,290917545557022	3031,25	0,0146396914497018	
3034,375	0,289774954319	3034,375	0,0150749944150448	
3037,5	0,290751248598099	3037,5	0,0136191239580512	
3040,625	0,290750086307526	3040,625	0,013946745544672	
3043,75	0,290711760520935	3043,75	0,0148877687752247	
3046,875	0,292221754789352	3046,875	0,0149958189576864	
3050	0,291316717863083	3050	0,0143064931035042	
3053,125	0,292090147733688	3053,125	0,0143332900479436	
3056,25	0,292816370725632	3056,25	0,0143932895734906	
3059,375	0,293447196483612	3059,375	0,0147216208279133	
3062,5	0,293740779161453	3062,5	0,0142298871651292	
3065,625	0,293523162603378	3065,625	0,014749638736248	
3068,75	0,294007241725922	3068,75	0,0146767571568489	
3071,875	0,294177114963531	3071,875	0,0152640072628856	
3075	0,294696152210236	3075	0,0143329165875912	
3078,125	0,29462993144989	3078,125	0,0137677118182182	
3081,25	0,294676274061203	3081,25	0,0134596545249224	
3084,375	0,295076727867126	3084,375	0,0138910198584199	
3087,5	0,296113520860672	3087,5	0,0143233304843307	
3090,625	0,29681196808815	3090,625	0,0145575609058142	
3093,75	0,297299206256866	3093,75	0,0135297840461135	
3096,875	0,296609222888947	3096,875	0,0142436427995563	
3100	0,296287775039673	3100	0,013579485937953	
3103,125	0,296863347291946	3103,125	0,0137300370261073	
3106,25	0,296967148780823	3106,25	0,0131514091044664	
3109,375	0,296817123889923	3109,375	0,0125809237360954	
3112,5	0,297558069229126	3112,5	0,0140577415004373	
3115,625	0,297463357448578	3115,625	0,0142335928976536	
3118,75	0,29764249920845	3118,75	0,0131705580279231	
3121,875	0,298263400793076	3121,875	0,0133108086884022	
3125	0,298086076974869	3125	0,0124471867457032	
3128,125	0,299010902643204	3128,125	0,0136948423460126	
3131,25	0,299385368824005	3131,25	0,0133820921182632	
3134,375	0,299213856458664	3134,375	0,0138268200680614	
3137,5	0,29852482676506	3137,5	0,0128911482170224	
3140,625	0,298555821180344	3140,625	0,0120562920346856	
3143,75	0,298815339803696	3143,75	0,0128825157880783	
3146,875	0,299550473690033	3146,875	0,0118237417191267	
3150	0,298119187355042	3150	0,0121202385053039	
3153,125	0,298429310321808	3153,125	0,0126618500798941	
3156,25	0,298808336257935	3156,25	0,0121351620182395	
3159,375	0,298662841320038	3159,375	0,0115547990426421	
3162,5	0,298155248165131	3162,5	0,0114378025755286	
3165,625	0,297315180301666	3165,625	0,0123408073559403	
3168,75	0,297663301229477	3168,75	0,0138531550765038	
3171,875	0,296634495258331	3171,875	0,0110863456502557	
3175	0,297017633914948	3175	0,0110412826761603	
3178,125	0,296911239624023	3178,125	0,0104628158733249	
3181,25	0,297947436571121	3181,25	0,011777606792748	
3184,375	0,297103494405746	3184,375	0,0108349798247218	
3187,5	0,296773225069046	3187,5	0,0115692466497421	
3190,625	0,295639634132385	3190,625	0,0117114055901766	
3193,75	0,294488996267319	3193,75	0,0140818683430552	
3196,875	0,295159697532654	3196,875	0,0123594822362065	
3200	0,296808570623398	3200	0,0133834267035127	
3203,125	0,296285361051559	3203,125	0,0137450564652681	
3206,25	0,295207351446152	3206,25	0,0144290598109365	
3209,375	0,293761074542999	3209,375	0,0151916453614831	
3212,5	0,294423520565033	3212,5	0,0159161146730185	
3215,625	0,293570876121521	3215,625	0,0173577610403299	
3218,75	0,294771164655685	3218,75	0,017316248267889	
3221,875	0,294685393571854	3221,875	0,0165063049644232	
3225	0,295020669698715	3225	0,0168354231864214	
3228,125	0,295596450567245	3228,125	0,0173761285841465	
3231,25	0,295651912689209	3231,25	0,0171821527183056	
3234,375	0,295826256275177	3234,375	0,0191663894802332	
3237,5	0,296065241098404	3237,5	0,0203587394207716	
3240,625	0,295912712812424	3240,625	0,0201232954859734	
3243,75	0,296347737312317	3243,75	0,0207459460943937	
3246,875	0,29655596613884	3246,875	0,0208710040897131	
3250	0,295985728502274	3250	0,0216492563486099	
3253,125	0,296982377767563	3253,125	0,021759957075119	
3256,25	0,296487420797348	3256,25	0,0225188117474318	
3259,375	0,297465324401855	3259,375	0,0225450582802296	
3262,5	0,297627300024033	3262,5	0,0223883371800184	
3265,625	0,296366095542908	3265,625	0,022127028554678	
3268,75	0,297657668590546	3268,75	0,0236965492367744	
3271,875	0,298893243074417	3271,875	0,0236422810703516	
3275	0,299204289913177	3275	0,0226267296820879	
3278,125	0,298265099525452	3278,125	0,0235554147511721	
3281,25	0,298762798309326	3281,25	0,0236899200826883	
3284,375	0,299603313207626	3284,375	0,0244343653321266	
3287,5	0,299689024686813	3287,5	0,0250071939080954	
3290,625	0,300364822149277	3290,625	0,0250328108668327	
3293,75	0,300218313932419	3293,75	0,0237370301038027	
3296,875	0,298819959163666	3296,875	0,0245273038744926	
3300	0,299744248390198	3300	0,0246956292539835	
3303,125	0,299775838851929	3303,125	0,0249552521854639	
3306,25	0,29992350935936	3306,25	0,0254030413925648	
3309,375	0,300805389881134	3309,375	0,0247761663049459	
3312,5	0,301630854606628	3312,5	0,0258968863636255	
3315,625	0,301826119422913	3315,625	0,0261748321354389	
3318,75	0,301335513591766	3318,75	0,0265019256621599	
3321,875	0,301990807056427	3321,875	0,0259633343666792	
3325	0,303341448307037	3325	0,0259183123707771	
3328,125	0,303599148988724	3328,125	0,0254388712346554	
3331,25	0,302510976791382	3331,25	0,0261205527931452	
3334,375	0,303584158420563	3334,375	0,0269011594355106	
3337,5	0,302999019622803	3337,5	0,0258772950619459	
3340,625	0,302779108285904	3340,625	0,025976650416851	
3343,75	0,303634256124496	3343,75	0,0265709459781647	
3346,875	0,304770886898041	3346,875	0,0250201672315598	
3350	0,305374026298523	3350	0,0256762076169252	
3353,125	0,304863005876541	3353,125	0,0261979065835476	
3356,25	0,304221510887146	3356,25	0,0277497228235006	
3359,375	0,305855542421341	3359,375	0,0263426974415779	
3362,5	0,304742127656937	3362,5	0,0255520828068256	
3365,625	0,304627656936646	3365,625	0,0265978462994099	
3368,75	0,304305404424667	3368,75	0,0264469105750322	
3371,875	0,304424196481705	3371,875	0,0274359919130802	
3375	0,304744899272919	3375	0,027822220697999	
3378,125	0,305557906627655	3378,125	0,0254633203148842	
3381,25	0,305364966392517	3381,25	0,0277039930224419	
3384,375	0,305207133293152	3384,375	0,0267754830420017	
3387,5	0,303999364376068	3387,5	0,0258070826530457	
3390,625	0,305660545825958	3390,625	0,027490571141243	
3393,75	0,304501980543137	3393,75	0,0269364714622498	
3396,875	0,304683178663254	3396,875	0,0272153876721859	
3400	0,305233538150787	3400	0,0270687788724899	
3403,125	0,30591744184494	3403,125	0,0279014781117439	
3406,25	0,306140840053558	3406,25	0,0276061724871397	
3409,375	0,3054159283638	3409,375	0,0269197281450033	
3412,5	0,306498050689697	3412,5	0,027950394898653	
3415,625	0,307669639587402	3415,625	0,0279828049242496	
3418,75	0,305984020233154	3418,75	0,0271171927452087	
3421,875	0,306189239025116	3421,875	0,0283689685165882	
3425	0,30600968003273	3425	0,0289207044988871	
3428,125	0,305488735437393	3428,125	0,0266708675771952	
3431,25	0,305432468652725	3431,25	0,0275558084249496	
3434,375	0,306036114692688	3434,375	0,0281260795891285	
3437,5	0,307231098413467	3437,5	0,027094965800643	
3440,625	0,307618498802185	3440,625	0,0268546305596828	
3443,75	0,306923985481262	3443,75	0,0280327014625072	
3446,875	0,305945932865143	3446,875	0,0274347923696041	
3450	0,305769085884094	3450	0,0266382936388254	
3453,125	0,306163102388382	3453,125	0,0272672902792692	
3456,25	0,306472957134247	3456,25	0,026912746950984	
3459,375	0,306752562522888	3459,375	0,0276849865913391	
3462,5	0,306253165006638	3462,5	0,0275700036436319	
3465,625	0,306379556655884	3465,625	0,0281839463859797	
3468,75	0,308042675256729	3468,75	0,0276826769113541	
3471,875	0,307040959596634	3471,875	0,0283690430223942	
3475	0,306806921958923	3475	0,02734031714499	
3478,125	0,306652188301086	3478,125	0,0284716077148914	
3481,25	0,305150121450424	3481,25	0,0271691437810659	
3484,375	0,305663257837296	3484,375	0,0280611552298069	
3487,5	0,306579351425171	3487,5	0,0285485275089741	
3490,625	0,306342869997025	3490,625	0,0282238610088825	
3493,75	0,307326078414917	3493,75	0,0277810003608465	
3496,875	0,306581616401672	3496,875	0,0279393680393696	
3500	0,306645900011063	3500	0,0267074462026358	
3503,125	0,30671164393425	3503,125	0,0270733963698149	
3506,25	0,3076311647892	3506,25	0,0275988485664129	
3509,375	0,307704657316208	3509,375	0,0284246038645506	
3512,5	0,305588811635971	3512,5	0,0275800935924053	
3515,625	0,304603844881058	3515,625	0,0271321907639503	
3518,75	0,305856078863144	3518,75	0,0283407941460609	
3521,875	0,305767327547073	3521,875	0,0278478562831879	
3525	0,305797636508942	3525	0,0280427914112806	
3528,125	0,306184440851212	3528,125	0,0271705221384764	
3531,25	0,306693285703659	3531,25	0,0269586127251387	
3534,375	0,306129157543182	3534,375	0,0281417239457369	
3537,5	0,30483278632164	3537,5	0,0280857030302286	
3540,625	0,305184870958328	3540,625	0,0277497265487909	
3543,75	0,305544942617416	3543,75	0,0277242977172136	
3546,875	0,304691463708878	3546,875	0,0284790731966496	
3550	0,30457404255867	3550	0,0274191666394472	
3553,125	0,304467290639877	3553,125	0,0284754410386086	
3556,25	0,304674655199051	3556,25	0,0278985165059567	
3559,375	0,304659217596054	3559,375	0,0279456321150064	
3562,5	0,305327922105789	3562,5	0,0278635676950216	
3565,625	0,304484844207764	3565,625	0,027471698820591	
3568,75	0,304212063550949	3568,75	0,0281115509569645	
3571,875	0,304974585771561	3571,875	0,0276777222752571	
3575	0,305463701486588	3575	0,0276863686740398	
3578,125	0,305348247289658	3578,125	0,0282491464167833	
3581,25	0,30541867017746	3581,25	0,0284852162003517	
3584,375	0,304577797651291	3584,375	0,0285681989043951	
3587,5	0,304004698991776	3587,5	0,0289264731109142	
3590,625	0,304842263460159	3590,625	0,0291554778814316	
3593,75	0,305815130472183	3593,75	0,0293401516973972	
3596,875	0,306051343679428	3596,875	0,0292579419910908	
3600	0,305933326482773	3600	0,0283406991511583	
3603,125	0,305547773838043	3603,125	0,0278629269450903	
3606,25	0,306034982204437	3606,25	0,0296826995909214	
3609,375	0,305203646421433	3609,375	0,0279361736029387	
3612,5	0,305000275373459	3612,5	0,0280631426721811	
3615,625	0,305942863225937	3615,625	0,0285593122243881	
3618,75	0,30525866150856	3618,75	0,0281514003872871	
3621,875	0,305533230304718	3621,875	0,0290591921657324	
3625	0,304889708757401	3625	0,028931513428688	
3628,125	0,30526214838028	3628,125	0,0283640064299107	
3631,25	0,305525451898575	3631,25	0,027180377393961	
3634,375	0,305997997522354	3634,375	0,0276792235672474	
3637,5	0,305284857749939	3637,5	0,0283061489462852	
3640,625	0,303794860839844	3640,625	0,0278324037790298	
3643,75	0,304487138986588	3643,75	0,0274637285619974	
3646,875	0,303965479135513	3646,875	0,0281201228499413	
3650	0,304483622312546	3650	0,02778728492558	
3653,125	0,303896218538284	3653,125	0,0276212766766548	
3656,25	0,303714990615845	3656,25	0,0277830325067043	
3659,375	0,304778903722763	3659,375	0,0280495565384626	
3662,5	0,304804384708405	3662,5	0,0276342891156673	
3665,625	0,306127578020096	3665,625	0,0286679286509752	
3668,75	0,304812222719193	3668,75	0,02671286650002	
3671,875	0,303516924381256	3671,875	0,0280753932893276	
3675	0,304187417030334	3675	0,0276858676224947	
3678,125	0,304337501525879	3678,125	0,027284063398838	
3681,25	0,304763466119766	3681,25	0,0296668913215399	
3684,375	0,302022695541382	3684,375	0,0250475369393826	
3687,5	0,302678525447845	3687,5	0,0273969303816557	
3690,625	0,302921563386917	3690,625	0,0277402326464653	
3693,75	0,303355127573013	3693,75	0,0264466963708401	
3696,875	0,304013669490814	3696,875	0,0273417718708515	
3700	0,302725225687027	3700	0,0275221969932318	
3703,125	0,301967918872833	3703,125	0,0269513316452503	
3706,25	0,303392648696899	3706,25	0,0265237912535667	
3709,375	0,303460776805878	3709,375	0,0276761241257191	
3712,5	0,30215659737587	3712,5	0,0272499602288008	
3715,625	0,300655156373978	3715,625	0,0268094055354595	
3718,75	0,302893131971359	3718,75	0,0266441777348518	
3721,875	0,302218794822693	3721,875	0,0265618488192558	
3725	0,30270117521286	3725	0,0273527763783932	
3728,125	0,301786661148071	3728,125	0,0261389687657356	
3731,25	0,302184253931046	3731,25	0,0269449632614851	
3734,375	0,301287442445755	3734,375	0,0262205302715302	
3737,5	0,301568984985352	3737,5	0,0273384172469378	
3740,625	0,302229344844818	3740,625	0,0254919640719891	
3743,75	0,301565200090408	3743,75	0,0262097343802452	
3746,875	0,301508873701096	3746,875	0,0274036284536123	
3750	0,301322251558304	3750	0,0262416154146194	
3753,125	0,301016569137573	3753,125	0,0266165882349014	
3756,25	0,300443023443222	3756,25	0,0261317007243633	
3759,375	0,299666702747345	3759,375	0,0263592414557934	
3762,5	0,300986558198929	3762,5	0,0284455921500921	
3765,625	0,2997986972332	3765,625	0,0244569089263678	
3768,75	0,299716681241989	3768,75	0,0267841834574938	
3771,875	0,29861119389534	3771,875	0,0268104001879692	
3775	0,299573302268982	3775	0,0267523135989904	
3778,125	0,298993647098541	3778,125	0,0262315701693296	
3781,25	0,299213975667953	3781,25	0,0255822911858559	
3784,375	0,300164997577667	3784,375	0,026747340336442	
3787,5	0,300833582878113	3787,5	0,0255271345376968	
3790,625	0,299563080072403	3790,625	0,0264603868126869	
3793,75	0,298291116952896	3793,75	0,0250715110450983	
3796,875	0,297953248023987	3796,875	0,0262382663786411	
3800	0,296688765287399	3800	0,0262451320886612	
3803,125	0,297683149576187	3803,125	0,0258359238505363	
3806,25	0,298899978399277	3806,25	0,0264199543744326	
3809,375	0,297472774982452	3809,375	0,0261286497116089	
3812,5	0,296979367733002	3812,5	0,0254753921180964	
3815,625	0,296388298273087	3815,625	0,026015006005764	
3818,75	0,297305524349213	3818,75	0,0257007386535406	
3821,875	0,296298325061798	3821,875	0,0260544791817665	
3825	0,296659886837006	3825	0,0271715205162764	
3828,125	0,29682195186615	3828,125	0,025558540597558	
3831,25	0,297166258096695	3831,25	0,0253462065011263	
3834,375	0,297290652990341	3834,375	0,0250920448452234	
3837,5	0,297423779964447	3837,5	0,025996420532465	
3840,625	0,295749962329865	3840,625	0,0254374835640192	
3843,75	0,294581383466721	3843,75	0,0256332773715258	
3846,875	0,295400649309158	3846,875	0,0244089644402266	
3850	0,295308530330658	3850	0,0249246004968882	
3853,125	0,295291006565094	3853,125	0,0250761713832617	
3856,25	0,29637411236763	3856,25	0,0246093273162842	
3859,375	0,294904291629791	3859,375	0,0247706938534975	
3862,5	0,293963968753815	3862,5	0,0238164309412241	
3865,625	0,295342862606049	3865,625	0,0249030906707048	
3868,75	0,294954657554626	3868,75	0,0250445324927568	
3871,875	0,293416857719421	3871,875	0,0245311446487904	
3875	0,293155521154404	3875	0,0245404094457626	
3878,125	0,294957488775253	3878,125	0,0242931041866541	
3881,25	0,294311761856079	3881,25	0,0241710860282183	
3884,375	0,294165462255478	3884,375	0,022513821721077	
3887,5	0,293897211551666	3887,5	0,0235443413257599	
3890,625	0,293485045433044	3890,625	0,0232352837920189	
3893,75	0,294544160366058	3893,75	0,0232529174536467	
3896,875	0,293345987796783	3896,875	0,0225552599877119	
3900	0,293934673070908	3900	0,0233048498630524	
3903,125	0,293545186519623	3903,125	0,0229451041668653	
3906,25	0,293613344430923	3906,25	0,0220650527626276	
3909,375	0,293394684791565	3909,375	0,0228071995079517	
3912,5	0,292911350727081	3912,5	0,0234506037086248	
3915,625	0,292640089988709	3915,625	0,0216257870197296	
3918,75	0,292083233594894	3918,75	0,0247400607913733	
3921,875	0,291929811239243	3921,875	0,0205087140202522	
3925	0,289882391691208	3925	0,0223903227597475	
3928,125	0,290424257516861	3928,125	0,0218822956085205	
3931,25	0,290680289268494	3931,25	0,0240830723196268	
3934,375	0,290715754032135	3934,375	0,0230381172150373	
3937,5	0,29057788848877	3937,5	0,0218389630317688	
3940,625	0,290796011686325	3940,625	0,0221190825104713	
3943,75	0,290835410356522	3943,75	0,0228007510304451	
3946,875	0,289427757263184	3946,875	0,0217375457286835	
3950	0,288469552993774	3950	0,0212544240057468	
3953,125	0,288800418376923	3953,125	0,0212137047201395	
3956,25	0,288625329732895	3956,25	0,0217167101800442	
3959,375	0,287385225296021	3959,375	0,0211931951344013	
3962,5	0,287832349538803	3962,5	0,0203487444669008	
3965,625	0,289091289043427	3965,625	0,0214393455535173	
3968,75	0,288961946964264	3968,75	0,021193228662014	
3971,875	0,288678020238876	3971,875	0,0202647987753153	
3975	0,289263159036636	3975	0,0190297365188599	
3978,125	0,288148164749146	3978,125	0,0195970460772514	
3981,25	0,287033170461655	3981,25	0,0204505622386932	
3984,375	0,286164700984955	3984,375	0,0202212203294039	
3987,5	0,286738038063049	3987,5	0,0207561384886503	
3990,625	0,287426143884659	3990,625	0,0196297932416201	
3993,75	0,287134677171707	3993,75	0,0200677365064621	
3996,875	0,287131607532501	3996,875	0,0199877303093672	
4000	0,288464546203613	4000	0,0188323892652988	
4003,125	0,287087708711624	4003,125	0,0191581677645445	
4006,25	0,286463886499405	4006,25	0,0191617868840694	
4009,375	0,28576985001564	4009,375	0,0190781895071268	
4012,5	0,286360442638397	4012,5	0,0199303142726421	
4015,625	0,28713047504425	4015,625	0,0193560644984245	
4018,75	0,286478757858276	4018,75	0,0185899715870619	
4021,875	0,285703361034393	4021,875	0,0181006882339716	
4025	0,286008834838867	4025	0,0184196699410677	
4028,125	0,284666746854782	4028,125	0,0201101191341877	
4031,25	0,283656984567642	4031,25	0,0181449931114912	
4034,375	0,284001260995865	4034,375	0,0178905185312033	
4037,5	0,285377323627472	4037,5	0,0179988816380501	
4040,625	0,28169772028923	4040,625	0,0183581057935953	
4043,75	0,282590478658676	4043,75	0,01781958155334	
4046,875	0,282680660486221	4046,875	0,0176225248724222	
4050	0,282245218753815	4050	0,0172410905361176	
4053,125	0,282808899879456	4053,125	0,0179788451641798	
4056,25	0,282666951417923	4056,25	0,01677998714149	
4059,375	0,282409310340881	4059,375	0,0181334428489208	
4062,5	0,280870079994202	4062,5	0,0168943572789431	
4065,625	0,28170457482338	4065,625	0,0171287972480059	
4068,75	0,281215608119965	4068,75	0,0175760984420776	
4071,875	0,280479729175568	4071,875	0,0177758261561394	
4075	0,282936871051788	4075	0,016646908596158	
4078,125	0,282780230045319	4078,125	0,0170261655002832	
4081,25	0,282433152198792	4081,25	0,0167598146945238	
4084,375	0,280637979507446	4084,375	0,0166206508874893	
4087,5	0,281730592250824	4087,5	0,0162022542208433	
4090,625	0,279614239931107	4090,625	0,0169627480208874	
4093,75	0,278284281492233	4093,75	0,0152071872726083	
4096,875	0,279832363128662	4096,875	0,0163131449371576	
4100	0,279961496591568	4100	0,0152204995974898	
4103,125	0,279706358909607	4103,125	0,0151858702301979	
4106,25	0,279258608818054	4106,25	0,0162030681967735	
4109,375	0,280911296606064	4109,375	0,0153510784730315	
4112,5	0,279178202152252	4112,5	0,0145979430526495	
4115,625	0,278429210186005	4115,625	0,0144930919632316	
4118,75	0,279191762208939	4118,75	0,0141437575221062	
4121,875	0,278637260198593	4121,875	0,015017494559288	
4125	0,276793003082275	4125	0,0135196708142757	
4128,125	0,27723690867424	4128,125	0,0133336177095771	
4131,25	0,277245432138443	4131,25	0,0140361497178674	
4134,375	0,277789115905762	4134,375	0,0131729878485203	
4137,5	0,277988642454147	4137,5	0,013493774458766	
4140,625	0,276908874511719	4140,625	0,013974417001009	
4143,75	0,275961309671402	4143,75	0,0123695461079478	
4146,875	0,27596378326416	4146,875	0,0137239703908563	
4150	0,275466591119766	4150	0,0117932669818401	
4153,125	0,277329802513123	4153,125	0,0121433939784765	
4156,25	0,276394695043564	4156,25	0,0119069330394268	
4159,375	0,274429738521576	4159,375	0,013710985891521	
4162,5	0,274437785148621	4162,5	0,0118104200810194	
4165,625	0,274654388427734	4165,625	0,0117593696340919	
4168,75	0,27435627579689	4168,75	0,0119469910860062	
4171,875	0,273841559886932	4171,875	0,0122901676222682	
4175	0,274273335933685	4175	0,0124143548309803	
4178,125	0,274450153112412	4178,125	0,0111569659784436	
4181,25	0,273904025554657	4181,25	0,0104212965816259	
4184,375	0,273785054683685	4184,375	0,0114710265770555	
4187,5	0,273780822753906	4187,5	0,0108080608770251	
4190,625	0,273821622133255	4190,625	0,0110551230609417	
4193,75	0,272878527641296	4193,75	0,0112548274919391	
4196,875	0,272326678037643	4196,875	0,0110184932127595	
4200	0,271764308214188	4200	0,0119078336283565	
4203,125	0,271299034357071	4203,125	0,0112197771668434	
4206,25	0,270413279533386	4206,25	0,0105808638036251	
4209,375	0,270444244146347	4209,375	0,0111881382763386	
4212,5	0,270491480827332	4212,5	0,0109334960579872	
4215,625	0,270751982927322	4215,625	0,0107064014300704	
4218,75	0,270453959703445	4218,75	0,0106770480051637	
4221,875	0,269431710243225	4221,875	0,0109622683376074	
4225	0,269056797027588	4225	0,00998898129910231	
4228,125	0,267849266529083	4228,125	0,0101532600820065	
4231,25	0,268778562545776	4231,25	0,0107490960508585	
4234,375	0,268591821193695	4234,375	0,0107473349198699	
4237,5	0,268029868602753	4237,5	0,010345553047955	
4240,625	0,268920212984085	4240,625	0,010697714984417	
4243,75	0,268042981624603	4243,75	0,0105897830799222	
4246,875	0,268596172332764	4246,875	0,0114054456353188	
4250	0,267257511615753	4250	0,0106067564338446	
4253,125	0,265910446643829	4253,125	0,0109449652954936	
4256,25	0,266390413045883	4256,25	0,0104980459436774	
4259,375	0,266718864440918	4259,375	0,0113943126052618	
4262,5	0,266587913036346	4262,5	0,0109235281124711	
4265,625	0,265929788351059	4265,625	0,0107718175277114	
4268,75	0,265688329935074	4268,75	0,0122215822339058	
4271,875	0,265449672937393	4271,875	0,013037352822721	
4275	0,266891002655029	4275	0,0124410167336464	
4278,125	0,266285002231598	4278,125	0,0125597668811679	
4281,25	0,265729993581772	4281,25	0,0133633157238364	
4284,375	0,265820741653442	4284,375	0,0114816036075354	
4287,5	0,265745460987091	4287,5	0,012743522413075	
4290,625	0,266183406114578	4290,625	0,0124213164672256	
4293,75	0,264938652515411	4293,75	0,0120308957993984	
4296,875	0,263936012983322	4296,875	0,0125148063525558	
4300	0,265353262424469	4300	0,0118277929723263	
4303,125	0,266352862119675	4303,125	0,0112557737156749	
4306,25	0,2652647793293	4306,25	0,0117781292647123	
4309,375	0,264269381761551	4309,375	0,0119418054819107	
4312,5	0,265847206115723	4312,5	0,0114099662750959	
4315,625	0,264948189258575	4315,625	0,0111038703471422	
4318,75	0,264765501022339	4318,75	0,0107270469889045	
4321,875	0,265114188194275	4321,875	0,0100219920277596	
4325	0,265089839696884	4325	0,00982969906181097	
4328,125	0,266189366579056	4328,125	0,0103588178753853	
4331,25	0,266490966081619	4331,25	0,00920586939901114	
4334,375	0,26512798666954	4334,375	0,00959150493144989	
4337,5	0,266438066959381	4337,5	0,00895736552774906	
4340,625	0,265146732330322	4340,625	0,00819998420774937	
4343,75	0,265616863965988	4343,75	0,00848976150155067	
4346,875	0,264822661876678	4346,875	0,00633007707074285	
4350	0,264950007200241	4350	0,0054358160123229	
4353,125	0,265567511320114	4353,125	0,00608451757580042	
4356,25	0,264898627996445	4356,25	0,00554908951744437	
4359,375	0,263863116502762	4359,375	0,00415764423087239	
4362,5	0,265137404203415	4362,5	0,00428603868931532	
4365,625	0,265024542808533	4365,625	0,00554378610104322	
4368,75	0,264842599630356	4368,75	0,00450253207236528	
4371,875	0,2634197473526	4371,875	0,0036465865559876	
4375	0,26315438747406	4375	0,00259839557111263	
4378,125	0,264837890863419	4378,125	0,0017788918921724	
4381,25	0,26263290643692	4381,25	0,00156095367856324	
4384,375	0,261807858943939	4384,375	0,00114648824092001	
4387,5	0,260952949523926	4387,5	0,000572719145566225	
4390,625	0,260969370603561	4390,625	0,000535725092049688	
4393,75	0,2618368268013	4393,75	-0,000821539957541972	
4396,875	0,261397123336792	4396,875	-0,000923653016798198	
4400	0,260201305150986	4400	-0,00182973418850452	
4403,125	0,259509086608887	4403,125	-0,00280137825757265	
4406,25	0,259354323148727	4406,25	-0,00272284378297627	
4409,375	0,259268164634705	4409,375	-0,00345047400332987	
4412,5	0,258286654949188	4412,5	-0,0029977245721966	
4415,625	0,258018791675568	4415,625	-0,00361914001405239	
4418,75	0,257675737142563	4418,75	-0,00414684042334557	
4421,875	0,257667362689972	4421,875	-0,00493321381509304	
4425	0,255859404802322	4425	-0,00496925180777907	
4428,125	0,256242156028748	4428,125	-0,00583781767636538	
4431,25	0,256174385547638	4431,25	-0,00531841348856688	
4434,375	0,255674540996552	4434,375	-0,00682595139369369	
4437,5	0,254779934883118	4437,5	-0,00623403396457434	
4440,625	0,254254847764969	4440,625	-0,00757471239194274	
4443,75	0,25340810418129	4443,75	-0,00853759702295065	
4446,875	0,253575891256332	4446,875	-0,00819684751331806	
4450	0,252984672784805	4450	-0,00835530366748571	
4453,125	0,252527564764023	4453,125	-0,00904143322259188	
4456,25	0,251416116952896	4456,25	-0,00908555556088686	
4459,375	0,250455915927887	4459,375	-0,0101125137880445	
4462,5	0,251444518566132	4462,5	-0,0112197594717145	
4465,625	0,249662354588509	4465,625	-0,0103525249287486	
4468,75	0,249522164463997	4468,75	-0,00989294517785311	
4471,875	0,249445468187332	4471,875	-0,0128628835082054	
4475	0,248784154653549	4475	-0,0115365302190185	
4478,125	0,247215911746025	4478,125	-0,012380582280457	
4481,25	0,248116746544838	4481,25	-0,0147071052342653	
4484,375	0,248246252536774	4484,375	-0,0141410371288657	
4487,5	0,246901199221611	4487,5	-0,0134706636890769	
4490,625	0,244854867458344	4490,625	-0,0141218714416027	
4493,75	0,244945645332336	4493,75	-0,0152008449658751	
4496,875	0,243758738040924	4496,875	-0,0163649599999189	
4500	0,243708595633507	4500	-0,0162381008267403	
4503,125	0,242942675948143	4503,125	-0,0172010939568281	
4506,25	0,243277564644814	4506,25	-0,0172794163227081	
4509,375	0,243100315332413	4509,375	-0,0174297522753477	
4512,5	0,242166146636009	4512,5	-0,0178837515413761	
4515,625	0,241351366043091	4515,625	-0,018971124663949	
4518,75	0,241521626710892	4518,75	-0,0185464434325695	
4521,875	0,241598308086395	4521,875	-0,0189938973635435	
4525	0,24080003798008	4525	-0,0200599692761898	
4528,125	0,239071384072304	4528,125	-0,020520893856883	
4531,25	0,238072991371155	4531,25	-0,0208924077451229	
4534,375	0,237915828824043	4534,375	-0,0208465605974197	
4537,5	0,237242370843887	4537,5	-0,0218149870634079	
4540,625	0,236838445067406	4540,625	-0,0221773069351912	
4543,75	0,236631780862808	4543,75	-0,0218979436904192	
4546,875	0,236212834715843	4546,875	-0,0220535844564438	
4550	0,2358458340168	4550	-0,0223415531218052	
4553,125	0,234549939632416	4553,125	-0,0230159889906645	
4556,25	0,233990103006363	4556,25	-0,0234315302222967	
4559,375	0,233604818582535	4559,375	-0,0233709700405598	
4562,5	0,234541743993759	4562,5	-0,0247521456331015	
4565,625	0,233685985207558	4565,625	-0,0241388771682978	
4568,75	0,233380302786827	4568,75	-0,0245316047221422	
4571,875	0,232848599553108	4571,875	-0,0247412361204624	
4575	0,233007818460464	4575	-0,02551051042974	
4578,125	0,232227474451065	4578,125	-0,0256533976644278	
4581,25	0,231577277183533	4581,25	-0,026572335511446	
4584,375	0,232273951172829	4584,375	-0,0265879947692156	
4587,5	0,232559740543365	4587,5	-0,0262710209935904	
4590,625	0,232323095202446	4590,625	-0,0265120789408684	
4593,75	0,232118666172028	4593,75	-0,0270084720104933	
4596,875	0,231034621596336	4596,875	-0,0270761791616678	
4600	0,231791883707047	4600	-0,0275286938995123	
4603,125	0,23301587998867	4603,125	-0,0277656596153975	
4606,25	0,232043087482452	4606,25	-0,0283878110349178	
4609,375	0,232244580984116	4609,375	-0,0285202357918024	
4612,5	0,232020854949951	4612,5	-0,029536010697484	
4615,625	0,231336206197739	4615,625	-0,0297747533768415	
4618,75	0,231872469186783	4618,75	-0,0306331645697355	
4621,875	0,232364758849144	4621,875	-0,0304796621203423	
4625	0,230478972196579	4625	-0,0308674592524767	
4628,125	0,231775298714638	4628,125	-0,0319350324571133	
4631,25	0,231715187430382	4631,25	-0,0317887254059315	
4634,375	0,232013121247292	4634,375	-0,0326058119535446	
4637,5	0,231847062706947	4637,5	-0,0329518765211105	
4640,625	0,231881588697433	4640,625	-0,03275341168046	
4643,75	0,232062786817551	4643,75	-0,0348298810422421	
4646,875	0,232222437858582	4646,875	-0,0353831276297569	
4650	0,232570677995682	4650	-0,0356557443737984	
4653,125	0,2324278652668	4653,125	-0,0359458364546299	
4656,25	0,232862234115601	4656,25	-0,0359827689826488	
4659,375	0,232783854007721	4659,375	-0,0362682528793812	
4662,5	0,234510764479637	4662,5	-0,0376644507050514	
4665,625	0,23364132642746	4665,625	-0,0386426076292992	
4668,75	0,233113065361977	4668,75	-0,0382725223898888	
4671,875	0,233554422855377	4671,875	-0,0404113829135895	
4675	0,233434081077576	4675	-0,0401322282850742	
4678,125	0,234315618872643	4678,125	-0,0403179489076138	
4681,25	0,232995912432671	4681,25	-0,0407425090670586	
4684,375	0,233512505888939	4684,375	-0,0412001796066761	
4687,5	0,234586134552956	4687,5	-0,0419389680027962	
4690,625	0,23368264734745	4690,625	-0,0428525805473328	
4693,75	0,233656823635101	4693,75	-0,0442350842058659	
4696,875	0,235062971711159	4696,875	-0,0442891418933868	
4700	0,236584782600403	4700	-0,0444214977324009	
4703,125	0,234950929880142	4703,125	-0,0451316237449646	
4706,25	0,235706835985184	4706,25	-0,0456215627491474	
4709,375	0,236143350601196	4709,375	-0,0464484542608261	
4712,5	0,235832616686821	4712,5	-0,0468342937529087	
4715,625	0,235540822148323	4715,625	-0,0476859211921692	
4718,75	0,2355697453022	4718,75	-0,048214353621006	
4721,875	0,236190319061279	4721,875	-0,0481524132192135	
4725	0,23699563741684	4725	-0,0482153259217739	
4728,125	0,236384347081184	4728,125	-0,0491825453937054	
4731,25	0,2381971180439	4731,25	-0,0491760820150375	
4734,375	0,238697692751884	4734,375	-0,049342717975378	
4737,5	0,238807439804077	4737,5	-0,0500322394073009	
4740,625	0,238281637430191	4740,625	-0,0515622720122337	
4743,75	0,238860592246056	4743,75	-0,0517422929406166	
4746,875	0,238925009965897	4746,875	-0,051605049520731	
4750	0,239458337426186	4750	-0,0520239844918251	
4753,125	0,240229919552803	4753,125	-0,052703931927681	
4756,25	0,241061374545097	4756,25	-0,0528849326074123	
4759,375	0,240475237369537	4759,375	-0,053076583892107	
4762,5	0,240935087203979	4762,5	-0,0536322444677353	
4765,625	0,242122992873192	4765,625	-0,0539664775133133	
4768,75	0,241966620087624	4768,75	-0,0541761592030525	
4771,875	0,242233216762543	4771,875	-0,0549853183329105	
4775	0,242157101631165	4775	-0,0553334765136242	
4778,125	0,243935361504555	4778,125	-0,0548433214426041	
4781,25	0,244177863001823	4781,25	-0,0555900484323502	
4784,375	0,24431349337101	4784,375	-0,0561611913144588	
4787,5	0,244860082864761	4787,5	-0,0559461340308189	
4790,625	0,245325714349747	4790,625	-0,0560898520052433	
4793,75	0,245612442493439	4793,75	-0,0570002794265747	
4796,875	0,24707618355751	4796,875	-0,05655637383461	
4800	0,247735396027565	4800	-0,0569119639694691	
4803,125	0,248753294348717	4803,125	-0,0572427734732628	
4806,25	0,249182909727097	4806,25	-0,0570130571722984	
4809,375	0,249401539564133	4809,375	-0,0565554723143578	
4812,5	0,250453650951386	4812,5	-0,0570378489792347	
4815,625	0,251297444105148	4815,625	-0,0574242174625397	
4818,75	0,25119960308075	4818,75	-0,0569817684590817	
4821,875	0,251468300819397	4821,875	-0,0575817339122295	
4825	0,252209901809692	4825	-0,0569362603127956	
4828,125	0,252853512763977	4828,125	-0,0566823966801167	
4831,25	0,253730982542038	4831,25	-0,0567390434443951	
4834,375	0,255083173513412	4834,375	-0,0565807707607746	
4837,5	0,256353676319122	4837,5	-0,0564207173883915	
4840,625	0,257338523864746	4840,625	-0,0563507862389088	
4843,75	0,258348315954208	4843,75	-0,0558897033333778	
4846,875	0,259360730648041	4846,875	-0,056147001683712	
4850	0,261602133512497	4850	-0,0560990311205387	
4853,125	0,262018829584122	4853,125	-0,0554281771183014	
4856,25	0,262488663196564	4856,25	-0,0551597289741039	
4859,375	0,264917135238647	4859,375	-0,0552753545343876	
4862,5	0,265825301408768	4862,5	-0,0552599057555199	
4865,625	0,267474502325058	4865,625	-0,0559303984045982	
4868,75	0,2690609395504	4868,75	-0,0556324161589146	
4871,875	0,270464509725571	4871,875	-0,0541768968105316	
4875	0,271165400743485	4875	-0,0542134046554565	
4878,125	0,272275030612946	4878,125	-0,0555817820131779	
4881,25	0,273548662662506	4881,25	-0,0554398223757744	
4884,375	0,275280088186264	4884,375	-0,0557491965591908	
4887,5	0,277509868144989	4887,5	-0,055946908891201	
4890,625	0,277903705835342	4890,625	-0,0565103851258755	
4893,75	0,280271023511887	4893,75	-0,0557870678603649	
4896,875	0,281279027462006	4896,875	-0,0550380721688271	
4900	0,283036857843399	4900	-0,0549975149333477	
4903,125	0,285484373569489	4903,125	-0,0558441504836082	
4906,25	0,286123901605606	4906,25	-0,0564238466322422	
4909,375	0,287075012922287	4909,375	-0,0572088733315468	
4912,5	0,287654191255569	4912,5	-0,0575604736804962	
4915,625	0,289881706237793	4915,625	-0,0579735040664673	
4918,75	0,291314661502838	4918,75	-0,0582900308072567	
4921,875	0,292617738246918	4921,875	-0,0588243007659912	
4925	0,293988168239594	4925	-0,058403268456459	
4928,125	0,295305132865906	4928,125	-0,0588050223886967	
4931,25	0,296579867601395	4931,25	-0,0588847249746323	
4934,375	0,297285735607147	4934,375	-0,0583795756101608	
4937,5	0,29817146062851	4937,5	-0,058774471282959	
4940,625	0,300196141004562	4940,625	-0,0587666518986225	
4943,75	0,302233129739761	4943,75	-0,058820690959692	
4946,875	0,302561521530151	4946,875	-0,0598756149411201	
4950	0,304794758558273	4950	-0,0611502192914486	
4953,125	0,306468188762665	4953,125	-0,0595649257302284	
4956,25	0,30793759226799	4956,25	-0,0590471252799034	
4959,375	0,310138255357742	4959,375	-0,0588582754135132	
4962,5	0,312087953090668	4962,5	-0,0593834780156612	
4965,625	0,313312947750092	4965,625	-0,060413371771574	
4968,75	0,313983380794525	4968,75	-0,0602132901549339	
4971,875	0,315313100814819	4971,875	-0,0597152635455132	
4975	0,316889047622681	4975	-0,0592455603182316	
				
