Frequency in Hz	Wool_93 Normalized Surface Impedance continuous Re	Frequency in Hz	Wool_93 Normalized Surface Impedance continuous Im	
100	3,37092185020447	100	-14,847020149231	
103,125	4,82605934143066	103,125	-15,2886190414429	
106,25	2,50685453414917	106,25	-12,4892320632935	
109,375	2,1932065486908	109,375	-14,2665367126465	
112,5	3,06656575202942	112,5	-13,2085494995117	
115,625	2,58506274223328	115,625	-12,3221111297607	
118,75	2,59308791160584	118,75	-13,1599140167236	
121,875	3,18772220611572	121,875	-11,9176950454712	
125	2,26880049705505	125	-12,2973279953003	
128,125	1,90604186058044	128,125	-11,4771690368652	
131,25	1,94597995281219	131,25	-11,610650062561	
134,375	1,38485312461853	134,375	-11,833046913147	
137,5	2,28839731216431	137,5	-10,1448822021484	
140,625	2,74956583976746	140,625	-10,6500110626221	
143,75	2,47820949554443	143,75	-9,98882484436035	
146,875	1,94455981254578	146,875	-11,1176061630249	
150	2,26056575775146	150	-10,1009035110474	
153,125	1,85488343238831	153,125	-9,49613285064697	
156,25	1,96284472942352	156,25	-9,7182731628418	
159,375	1,83336687088013	159,375	-9,46123027801514	
162,5	1,77681648731232	162,5	-9,50417709350586	
165,625	1,99200057983398	165,625	-9,37133121490479	
168,75	1,6430641412735	168,75	-8,66091442108154	
171,875	2,0494441986084	171,875	-8,86809349060059	
175	2,055748462677	175	-8,42984867095947	
178,125	1,71382689476013	178,125	-8,47095394134521	
181,25	1,78334867954254	181,25	-8,54682731628418	
184,375	1,96548020839691	184,375	-8,36034870147705	
187,5	1,97374641895294	187,5	-7,85714721679688	
190,625	2,08296942710876	190,625	-7,96396064758301	
193,75	1,9097146987915	193,75	-7,51317310333252	
196,875	1,92523860931396	196,875	-7,70484161376953	
200	1,71784496307373	200	-7,83164215087891	
203,125	1,61589980125427	203,125	-7,90914011001587	
206,25	1,58136701583862	206,25	-7,17387056350708	
209,375	1,71740388870239	209,375	-7,28240823745728	
212,5	1,62543904781342	212,5	-7,56276416778564	
215,625	1,68905699253082	215,625	-6,92442464828491	
218,75	1,73859667778015	218,75	-7,16500091552734	
221,875	1,6705584526062	221,875	-6,87253379821777	
225	1,7828962802887	225	-6,79245090484619	
228,125	1,7760226726532	228,125	-6,67531251907349	
231,25	1,75435519218445	231,25	-6,64624977111816	
234,375	1,77136659622192	234,375	-6,49456167221069	
237,5	1,64936685562134	237,5	-6,61674690246582	
240,625	1,42512094974518	240,625	-6,29672288894653	
243,75	1,54821336269379	243,75	-6,34535455703735	
246,875	1,70242393016815	246,875	-6,16371297836304	
250	1,71674251556396	250	-6,10245084762573	
253,125	1,59588861465454	253,125	-6,08718109130859	
256,25	1,56504201889038	256,25	-5,90733051300049	
259,375	1,70774102210999	259,375	-5,8838267326355	
262,5	1,55940532684326	262,5	-5,80569744110107	
265,625	1,45001530647278	265,625	-5,71973562240601	
268,75	1,55637836456299	268,75	-5,73036193847656	
271,875	1,52043163776398	271,875	-5,54993724822998	
275	1,45890641212463	275	-5,56607103347778	
278,125	1,4958301782608	278,125	-5,40378093719482	
281,25	1,5105654001236	281,25	-5,40029907226563	
284,375	1,4962100982666	284,375	-5,35425233840942	
287,5	1,40972554683685	287,5	-5,46082496643066	
290,625	1,35924828052521	290,625	-5,07319307327271	
293,75	1,34978187084198	293,75	-5,10285902023315	
296,875	1,38980197906494	296,875	-5,02653026580811	
300	1,40634536743164	300	-4,95321416854858	
303,125	1,36044228076935	303,125	-4,82945585250854	
306,25	1,39449262619019	306,25	-4,74434995651245	
309,375	1,44651174545288	309,375	-4,67554044723511	
312,5	1,47328400611877	312,5	-4,50036334991455	
315,625	1,7107572555542	315,625	-4,48892545700073	
318,75	1,69927835464478	318,75	-4,43420839309692	
321,875	1,73226058483124	321,875	-4,5751805305481	
325	1,77167141437531	325	-4,63387489318848	
328,125	1,83897686004639	328,125	-4,61922788619995	
331,25	1,60391736030579	331,25	-4,61221218109131	
334,375	1,57825291156769	334,375	-4,59700632095337	
337,5	1,63304078578949	337,5	-4,57989835739136	
340,625	1,5536847114563	340,625	-4,55736923217773	
343,75	1,51924324035645	343,75	-4,43128490447998	
346,875	1,50372791290283	346,875	-4,42535591125488	
350	1,53557991981506	350	-4,39983224868774	
353,125	1,51218485832214	353,125	-4,39250516891479	
356,25	1,40961599349976	356,25	-4,34507417678833	
359,375	1,36195504665375	359,375	-4,2201247215271	
362,5	1,40336644649506	362,5	-4,1861891746521	
365,625	1,48863565921783	365,625	-4,12544059753418	
368,75	1,40025746822357	368,75	-4,15961503982544	
371,875	1,26158547401428	371,875	-4,18949794769287	
375	1,51856029033661	375	-3,93524384498596	
378,125	1,43497002124786	378,125	-3,91936802864075	
381,25	1,40888822078705	381,25	-4,06358957290649	
384,375	1,48800575733185	384,375	-3,87159466743469	
387,5	1,36945021152496	387,5	-3,77680039405823	
390,625	1,29913544654846	390,625	-3,76363134384155	
393,75	1,36452794075012	393,75	-3,91735863685608	
396,875	1,37981247901917	396,875	-3,90251851081848	
400	1,40742206573486	400	-3,88511371612549	
403,125	1,41140329837799	403,125	-3,86147236824036	
406,25	1,41488826274872	406,25	-3,73654651641846	
409,375	1,41674828529358	409,375	-3,58116817474365	
412,5	1,36099302768707	412,5	-3,49755787849426	
415,625	1,2974271774292	415,625	-3,60317730903625	
418,75	1,36836075782776	418,75	-3,50513195991516	
421,875	1,28631031513214	421,875	-3,45198678970337	
425	1,32702100276947	425	-3,46447420120239	
428,125	1,43051826953888	428,125	-3,54491972923279	
431,25	1,30913066864014	431,25	-3,43826794624329	
434,375	1,35027599334717	434,375	-3,44682836532593	
437,5	1,35634732246399	437,5	-3,43837881088257	
440,625	1,38592791557312	440,625	-3,42150259017944	
443,75	1,35256659984589	443,75	-3,34747076034546	
446,875	1,3860319852829	446,875	-3,32779431343079	
450	1,34710776805878	450	-3,40431189537048	
453,125	1,34909737110138	453,125	-3,38610339164734	
456,25	1,30835247039795	456,25	-3,39344644546509	
459,375	1,30712509155273	459,375	-3,3008873462677	
462,5	1,27944266796112	462,5	-3,21285557746887	
465,625	1,26668894290924	465,625	-3,20503902435303	
468,75	1,2849063873291	468,75	-3,20040941238403	
471,875	1,24081003665924	471,875	-3,10175037384033	
475	1,26531338691711	475	-3,08478403091431	
478,125	1,33371305465698	478,125	-3,09641766548157	
481,25	1,31087553501129	481,25	-3,13328504562378	
484,375	1,29722011089325	484,375	-3,04643249511719	
487,5	1,32716453075409	487,5	-3,05322098731995	
490,625	1,31429898738861	490,625	-3,01940774917603	
493,75	1,32529830932617	493,75	-2,97683525085449	
496,875	1,32484292984009	496,875	-2,96349763870239	
500	1,27194929122925	500	-2,96783876419067	
503,125	1,27228975296021	503,125	-2,93920230865479	
506,25	1,28047907352448	506,25	-2,93224167823792	
509,375	1,2539826631546	509,375	-2,90917181968689	
512,5	1,26560723781586	512,5	-2,85831427574158	
515,625	1,30105113983154	515,625	-2,86181640625	
518,75	1,31400191783905	518,75	-2,85195684432983	
521,875	1,26192879676819	521,875	-2,80500769615173	
525	1,27631807327271	525	-2,78065180778503	
528,125	1,27052426338196	528,125	-2,80138278007507	
531,25	1,27238631248474	531,25	-2,7589795589447	
534,375	1,27752888202667	534,375	-2,74106001853943	
537,5	1,27207958698273	537,5	-2,72136449813843	
540,625	1,26832211017609	540,625	-2,71064162254334	
543,75	1,29742479324341	543,75	-2,70398712158203	
546,875	1,24908542633057	546,875	-2,66935014724731	
550	1,26629412174225	550	-2,65780091285706	
553,125	1,26770424842834	553,125	-2,62871122360229	
556,25	1,27765691280365	556,25	-2,63519358634949	
559,375	1,29263591766357	559,375	-2,59905982017517	
562,5	1,29079139232635	562,5	-2,59044122695923	
565,625	1,27923095226288	565,625	-2,57432699203491	
568,75	1,28668177127838	568,75	-2,55368185043335	
571,875	1,29063391685486	571,875	-2,53969788551331	
575	1,27954494953156	575	-2,52771472930908	
578,125	1,29736113548279	578,125	-2,50954151153564	
581,25	1,28203344345093	581,25	-2,50220489501953	
584,375	1,27121257781982	584,375	-2,48414373397827	
587,5	1,27335667610168	587,5	-2,47361135482788	
590,625	1,2790595293045	590,625	-2,45296692848206	
593,75	1,27849638462067	593,75	-2,43381094932556	
596,875	1,27964508533478	596,875	-2,4283332824707	
600	1,26994359493256	600	-2,40332913398743	
603,125	1,27672517299652	603,125	-2,39611077308655	
606,25	1,27556681632996	606,25	-2,37497615814209	
609,375	1,27559971809387	609,375	-2,372563123703	
612,5	1,2745772600174	612,5	-2,35548758506775	
615,625	1,26858305931091	615,625	-2,33521127700806	
618,75	1,27206134796143	618,75	-2,32671284675598	
621,875	1,27596032619476	621,875	-2,321861743927	
625	1,28194117546082	625	-2,30181002616882	
628,125	1,27231240272522	628,125	-2,28242683410645	
631,25	1,28121793270111	631,25	-2,26012778282166	
634,375	1,28051149845123	634,375	-2,24745559692383	
637,5	1,27729344367981	637,5	-2,24029755592346	
640,625	1,28702902793884	640,625	-2,23752737045288	
643,75	1,27461516857147	643,75	-2,2146737575531	
646,875	1,28261649608612	646,875	-2,20070791244507	
650	1,2740832567215	650	-2,19450497627258	
653,125	1,28319001197815	653,125	-2,17971062660217	
656,25	1,28822839260101	656,25	-2,1672899723053	
659,375	1,28311765193939	659,375	-2,15041065216064	
662,5	1,28252911567688	662,5	-2,15070796012878	
665,625	1,2772411108017	665,625	-2,14040589332581	
668,75	1,28225839138031	668,75	-2,12265181541443	
671,875	1,29130554199219	671,875	-2,11557388305664	
675	1,28863322734833	675	-2,0942234992981	
678,125	1,28839886188507	678,125	-2,07871556282043	
681,25	1,28899621963501	681,25	-2,07360744476318	
684,375	1,28962552547455	684,375	-2,06696629524231	
687,5	1,28612279891968	687,5	-2,06954288482666	
690,625	1,27393198013306	690,625	-2,0368320941925	
693,75	1,28605759143829	693,75	-2,04014372825623	
696,875	1,28693759441376	696,875	-2,03101372718811	
700	1,28575694561005	700	-2,01307702064514	
703,125	1,28312838077545	703,125	-2,00560808181763	
706,25	1,28795790672302	706,25	-2,00261092185974	
709,375	1,29467129707336	709,375	-1,98910737037659	
712,5	1,28145921230316	712,5	-1,96421027183533	
715,625	1,28723073005676	715,625	-1,96979427337646	
718,75	1,28370428085327	718,75	-1,9638124704361	
721,875	1,28782892227173	721,875	-1,94991111755371	
725	1,28273916244507	725	-1,94576263427734	
728,125	1,28813219070435	728,125	-1,92894268035889	
731,25	1,28558456897736	731,25	-1,92711389064789	
734,375	1,28739559650421	734,375	-1,91712653636932	
737,5	1,28432595729828	737,5	-1,9139324426651	
740,625	1,2891571521759	740,625	-1,89218282699585	
743,75	1,2908741235733	743,75	-1,87458002567291	
746,875	1,27389621734619	746,875	-1,86944973468781	
750	1,27419233322144	750	-1,86275720596313	
753,125	1,28182375431061	753,125	-1,85789263248444	
756,25	1,28511154651642	756,25	-1,84756600856781	
759,375	1,29500317573547	759,375	-1,83574557304382	
762,5	1,29101753234863	762,5	-1,83753299713135	
765,625	1,29368793964386	765,625	-1,82605755329132	
768,75	1,28154063224792	768,75	-1,80928301811218	
771,875	1,28438258171082	771,875	-1,79421007633209	
775	1,28940153121948	775	-1,79620766639709	
778,125	1,29518294334412	778,125	-1,78370797634125	
781,25	1,28863525390625	781,25	-1,7722053527832	
784,375	1,28809595108032	784,375	-1,7576277256012	
787,5	1,28365743160248	787,5	-1,74590563774109	
790,625	1,28511393070221	790,625	-1,74012911319733	
793,75	1,29354190826416	793,75	-1,738898396492	
796,875	1,29413330554962	796,875	-1,73667407035828	
800	1,2928284406662	800	-1,72649705410004	
803,125	1,29688584804535	803,125	-1,72597348690033	
806,25	1,29023098945618	806,25	-1,71255302429199	
809,375	1,28195357322693	809,375	-1,68491697311401	
812,5	1,29576969146729	812,5	-1,69652676582336	
815,625	1,30184066295624	815,625	-1,6916686296463	
818,75	1,29559850692749	818,75	-1,67008650302887	
821,875	1,30403470993042	821,875	-1,66601479053497	
825	1,3198264837265	825	-1,67717826366425	
828,125	1,31726169586182	828,125	-1,66363763809204	
831,25	1,35451781749725	831,25	-1,63749217987061	
834,375	1,31387543678284	834,375	-1,62321078777313	
837,5	1,30303013324738	837,5	-1,62897908687592	
840,625	1,30304360389709	840,625	-1,62307107448578	
843,75	1,30630445480347	843,75	-1,60809230804443	
846,875	1,30258083343506	846,875	-1,61621236801147	
850	1,30280208587646	850	-1,61397230625153	
853,125	1,31696736812592	853,125	-1,61338293552399	
856,25	1,33077466487885	856,25	-1,59976315498352	
859,375	1,33522486686707	859,375	-1,58225393295288	
862,5	1,32898020744324	862,5	-1,57859110832214	
865,625	1,32883775234222	865,625	-1,57842218875885	
868,75	1,32959830760956	868,75	-1,58033132553101	
871,875	1,32247579097748	871,875	-1,56862163543701	
875	1,33749127388	875	-1,55980896949768	
878,125	1,33246243000031	878,125	-1,55265355110168	
881,25	1,33440864086151	881,25	-1,5413224697113	
884,375	1,31581282615662	884,375	-1,5049375295639	
887,5	1,32419896125793	887,5	-1,49138271808624	
890,625	1,31797194480896	890,625	-1,48402607440948	
893,75	1,30838787555695	893,75	-1,48996567726135	
896,875	1,3088356256485	896,875	-1,47818553447723	
900	1,3174045085907	900	-1,47564089298248	
903,125	1,31893575191498	903,125	-1,46242129802704	
906,25	1,31953847408295	906,25	-1,459104180336	
909,375	1,31838190555573	909,375	-1,46283543109894	
912,5	1,30935370922089	912,5	-1,45446789264679	
915,625	1,30958104133606	915,625	-1,44623792171478	
918,75	1,31517004966736	918,75	-1,43817913532257	
921,875	1,3238537311554	921,875	-1,42801785469055	
925	1,32481861114502	925	-1,42306625843048	
928,125	1,32582187652588	928,125	-1,42809927463531	
931,25	1,31908309459686	931,25	-1,40980136394501	
934,375	1,32185292243958	934,375	-1,40838205814362	
937,5	1,32086157798767	937,5	-1,40143871307373	
940,625	1,32387208938599	940,625	-1,39825749397278	
943,75	1,31753945350647	943,75	-1,39111280441284	
946,875	1,31877958774567	946,875	-1,38559234142303	
950	1,32317626476288	950	-1,37944686412811	
953,125	1,32822930812836	953,125	-1,37630331516266	
956,25	1,32890462875366	956,25	-1,36872243881226	
959,375	1,3266294002533	959,375	-1,36136150360107	
962,5	1,32432305812836	962,5	-1,35835957527161	
965,625	1,32620513439178	965,625	-1,35442268848419	
968,75	1,32822978496552	968,75	-1,35540401935577	
971,875	1,32629418373108	971,875	-1,34503483772278	
975	1,32950699329376	975	-1,34084630012512	
978,125	1,33064699172974	978,125	-1,33657538890839	
981,25	1,33059704303741	981,25	-1,32817184925079	
984,375	1,32967948913574	984,375	-1,3277895450592	
987,5	1,33142483234406	987,5	-1,32283663749695	
990,625	1,33311200141907	990,625	-1,31845390796661	
993,75	1,32709956169128	993,75	-1,3167884349823	
996,875	1,3299560546875	996,875	-1,31280958652496	
1000	1,32719624042511	1000	-1,30897235870361	
1003,125	1,33143353462219	1003,125	-1,30506658554077	
1006,25	1,33219516277313	1006,25	-1,30015671253204	
1009,375	1,33007395267487	1009,375	-1,29502439498901	
1012,5	1,33296656608582	1012,5	-1,29322779178619	
1015,625	1,33344042301178	1015,625	-1,29326903820038	
1018,75	1,32741022109985	1018,75	-1,2852303981781	
1021,875	1,33157634735107	1021,875	-1,28469800949097	
1025	1,32920777797699	1025	-1,27919507026672	
1028,125	1,33148014545441	1028,125	-1,27780759334564	
1031,25	1,33227908611298	1031,25	-1,27875208854675	
1034,375	1,3300746679306	1034,375	-1,27497935295105	
1037,5	1,33016121387482	1037,5	-1,27166569232941	
1040,625	1,32828772068024	1040,625	-1,27003049850464	
1043,75	1,33004534244537	1043,75	-1,26869451999664	
1046,875	1,33095788955688	1046,875	-1,26665592193604	
1050	1,32605123519897	1050	-1,26544857025146	
1053,125	1,32453680038452	1053,125	-1,26891267299652	
1056,25	1,32162773609161	1056,25	-1,26473259925842	
1059,375	1,32315576076508	1059,375	-1,26636266708374	
1062,5	1,32041776180267	1062,5	-1,26640427112579	
1065,625	1,31425094604492	1065,625	-1,26446044445038	
1068,75	1,31660783290863	1068,75	-1,26226985454559	
1071,875	1,31448495388031	1071,875	-1,26244556903839	
1075	1,31220638751984	1075	-1,2663654088974	
1078,125	1,30442416667938	1078,125	-1,27012622356415	
1081,25	1,29414582252502	1081,25	-1,26204776763916	
1084,375	1,29251706600189	1084,375	-1,26593291759491	
1087,5	1,28650546073914	1087,5	-1,26766765117645	
1090,625	1,28273975849152	1090,625	-1,26821935176849	
1093,75	1,27208054065704	1093,75	-1,2718551158905	
1096,875	1,26153433322906	1096,875	-1,26889169216156	
1100	1,25147545337677	1100	-1,26814186573029	
1103,125	1,23776364326477	1103,125	-1,26723432540894	
1106,25	1,23318958282471	1106,25	-1,26427984237671	
1109,375	1,20573365688324	1109,375	-1,26510524749756	
1112,5	1,19474768638611	1112,5	-1,26733767986298	
1115,625	1,18115711212158	1115,625	-1,25000953674316	
1118,75	1,15201389789581	1118,75	-1,25660872459412	
1121,875	1,14705526828766	1121,875	-1,24427449703217	
1125	1,11653172969818	1125	-1,2370103597641	
1128,125	1,10119378566742	1128,125	-1,23091161251068	
1131,25	1,07082140445709	1131,25	-1,19186186790466	
1134,375	1,06423878669739	1134,375	-1,17898964881897	
1137,5	1,0417103767395	1137,5	-1,16176152229309	
1140,625	1,02461040019989	1140,625	-1,11823391914368	
1143,75	1,02743446826935	1143,75	-1,09781813621521	
1146,875	1,02703630924225	1146,875	-1,06782639026642	
1150	1,030308842659	1150	-1,03078210353851	
1153,125	1,0435072183609	1153,125	-1,00845491886139	
1156,25	1,03872001171112	1156,25	-0,985733509063721	
1159,375	1,04256439208984	1159,375	-0,951350808143616	
1162,5	1,05921566486359	1162,5	-0,941556692123413	
1165,625	1,07738888263702	1165,625	-0,913477301597595	
1168,75	1,08876705169678	1168,75	-0,901864290237427	
1171,875	1,10540187358856	1171,875	-0,891454100608826	
1175	1,12056839466095	1175	-0,876015722751617	
1178,125	1,12957036495209	1178,125	-0,867113530635834	
1181,25	1,141597032547	1181,25	-0,860763311386108	
1184,375	1,15590512752533	1184,375	-0,853542149066925	
1187,5	1,16269934177399	1187,5	-0,846687495708466	
1190,625	1,17726349830627	1190,625	-0,84392237663269	
1193,75	1,19031238555908	1193,75	-0,844017803668976	
1196,875	1,20062065124512	1196,875	-0,838656187057495	
1200	1,2055846452713	1200	-0,834478259086609	
1203,125	1,21289885044098	1203,125	-0,834775328636169	
1206,25	1,22293245792389	1206,25	-0,833368897438049	
1209,375	1,2252904176712	1209,375	-0,834197044372559	
1212,5	1,226149559021	1212,5	-0,833086967468262	
1215,625	1,23328173160553	1215,625	-0,83280622959137	
1218,75	1,23658311367035	1218,75	-0,830150902271271	
1221,875	1,24264585971832	1221,875	-0,832232475280762	
1225	1,24507796764374	1225	-0,835613608360291	
1228,125	1,23873317241669	1228,125	-0,833506107330322	
1231,25	1,24223864078522	1231,25	-0,833179891109467	
1234,375	1,2464462518692	1234,375	-0,83453756570816	
1237,5	1,23995113372803	1237,5	-0,836833417415619	
1240,625	1,23799610137939	1240,625	-0,834324836730957	
1243,75	1,23258781433105	1243,75	-0,834085762500763	
1246,875	1,22873842716217	1246,875	-0,828695237636566	
1250	1,22505986690521	1250	-0,821612238883972	
1253,125	1,21918928623199	1253,125	-0,819704234600067	
1256,25	1,20959687232971	1256,25	-0,808888375759125	
1259,375	1,20998549461365	1259,375	-0,803415238857269	
1262,5	1,21124827861786	1262,5	-0,794993102550507	
1265,625	1,20960330963135	1265,625	-0,786507070064545	
1268,75	1,20689141750336	1268,75	-0,774691998958588	
1271,875	1,20885133743286	1271,875	-0,764090478420258	
1275	1,20758748054504	1275	-0,754547834396362	
1278,125	1,21384823322296	1278,125	-0,743798732757568	
1281,25	1,21558833122253	1281,25	-0,735853254795074	
1284,375	1,22136390209198	1284,375	-0,729382216930389	
1287,5	1,22482979297638	1287,5	-0,723504543304443	
1290,625	1,22730660438538	1290,625	-0,714195370674133	
1293,75	1,23289597034454	1293,75	-0,707891464233398	
1296,875	1,23762691020966	1296,875	-0,701999604701996	
1300	1,23828625679016	1300	-0,698766708374023	
1303,125	1,24141836166382	1303,125	-0,69163715839386	
1306,25	1,24774420261383	1306,25	-0,688189327716827	
1309,375	1,25138282775879	1309,375	-0,683255732059479	
1312,5	1,25268733501434	1312,5	-0,678541779518127	
1315,625	1,25420522689819	1315,625	-0,674563825130463	
1318,75	1,25886046886444	1318,75	-0,66591489315033	
1321,875	1,2614883184433	1321,875	-0,661791980266571	
1325	1,26537466049194	1325	-0,657715916633606	
1328,125	1,26813948154449	1328,125	-0,65124922990799	
1331,25	1,27197265625	1331,25	-0,644309997558594	
1334,375	1,27275586128235	1334,375	-0,637127161026001	
1337,5	1,28037643432617	1337,5	-0,632942080497742	
1340,625	1,28707921504974	1340,625	-0,627945601940155	
1343,75	1,29373729228973	1343,75	-0,625584244728088	
1346,875	1,29946184158325	1346,875	-0,620148181915283	
1350	1,30297839641571	1350	-0,618181586265564	
1353,125	1,3085070848465	1353,125	-0,617871344089508	
1356,25	1,31179440021515	1356,25	-0,616952180862427	
1359,375	1,31536424160004	1359,375	-0,614131629467011	
1362,5	1,31841266155243	1362,5	-0,61109471321106	
1365,625	1,32137167453766	1365,625	-0,609476745128632	
1368,75	1,32564437389374	1368,75	-0,608414173126221	
1371,875	1,3275842666626	1371,875	-0,606209754943848	
1375	1,3290730714798	1375	-0,605789542198181	
1378,125	1,33170568943024	1378,125	-0,60500431060791	
1381,25	1,33087146282196	1381,25	-0,601478099822998	
1384,375	1,33503830432892	1384,375	-0,600295007228851	
1387,5	1,33872556686401	1387,5	-0,597410023212433	
1390,625	1,34094524383545	1390,625	-0,594261765480042	
1393,75	1,34222400188446	1393,75	-0,591712474822998	
1396,875	1,34347653388977	1396,875	-0,590035080909729	
1400	1,3476550579071	1400	-0,587649285793304	
1403,125	1,34909188747406	1403,125	-0,586440443992615	
1406,25	1,3494713306427	1406,25	-0,584743440151215	
1409,375	1,35028851032257	1409,375	-0,58244514465332	
1412,5	1,35296964645386	1412,5	-0,580228328704834	
1415,625	1,35365271568298	1415,625	-0,57743376493454	
1418,75	1,35616433620453	1418,75	-0,576360583305359	
1421,875	1,35949778556824	1421,875	-0,57402628660202	
1425	1,36219680309296	1425	-0,572567105293274	
1428,125	1,3619726896286	1428,125	-0,571274161338806	
1431,25	1,36546170711517	1431,25	-0,569352686405182	
1434,375	1,36652910709381	1434,375	-0,568108916282654	
1437,5	1,36739385128021	1437,5	-0,564712107181549	
1440,625	1,37185323238373	1440,625	-0,567012369632721	
1443,75	1,366907954216	1443,75	-0,563698947429657	
1446,875	1,37143611907959	1446,875	-0,561011612415314	
1450	1,37199461460114	1450	-0,559241831302643	
1453,125	1,37294459342957	1453,125	-0,557939529418945	
1456,25	1,37299728393555	1456,25	-0,557013273239136	
1459,375	1,37426006793976	1459,375	-0,555560827255249	
1462,5	1,37530636787415	1462,5	-0,552189230918884	
1465,625	1,37446331977844	1465,625	-0,552806437015533	
1468,75	1,37252295017242	1468,75	-0,551373481750488	
1471,875	1,37173581123352	1471,875	-0,549342513084412	
1475	1,37293684482574	1475	-0,548938691616058	
1478,125	1,37127375602722	1478,125	-0,54619437456131	
1481,25	1,37201631069183	1481,25	-0,543185830116272	
1484,375	1,36877477169037	1484,375	-0,539727509021759	
1487,5	1,36810266971588	1487,5	-0,540377914905548	
1490,625	1,36710619926453	1490,625	-0,536335587501526	
1493,75	1,36490404605865	1493,75	-0,534755527973175	
1496,875	1,36653017997742	1496,875	-0,533025562763214	
1500	1,36203598976135	1500	-0,526612162590027	
1503,125	1,362868309021	1503,125	-0,520833849906921	
1506,25	1,36575984954834	1506,25	-0,517135739326477	
1509,375	1,36093699932098	1509,375	-0,513127207756042	
1512,5	1,36178684234619	1512,5	-0,508233726024628	
1515,625	1,36219537258148	1515,625	-0,505229651927948	
1518,75	1,36349964141846	1518,75	-0,499373883008957	
1521,875	1,36598372459412	1521,875	-0,496863692998886	
1525	1,36300671100616	1525	-0,492746293544769	
1528,125	1,36647498607635	1528,125	-0,486755132675171	
1531,25	1,36735701560974	1531,25	-0,482633829116821	
1534,375	1,37015974521637	1534,375	-0,476781815290451	
1537,5	1,36943352222443	1537,5	-0,474531292915344	
1540,625	1,37245619297028	1540,625	-0,471169114112854	
1543,75	1,37108862400055	1543,75	-0,466294705867767	
1546,875	1,37493789196014	1546,875	-0,462585389614105	
1550	1,37555527687073	1550	-0,459229409694672	
1553,125	1,37748146057129	1553,125	-0,456474006175995	
1556,25	1,3788195848465	1556,25	-0,451850980520248	
1559,375	1,38028502464294	1559,375	-0,449116468429565	
1562,5	1,38199126720428	1562,5	-0,446164280176163	
1565,625	1,38358008861542	1565,625	-0,440623432397842	
1568,75	1,38467538356781	1568,75	-0,439888447523117	
1571,875	1,38592374324799	1571,875	-0,435231268405914	
1575	1,38917124271393	1575	-0,432849228382111	
1578,125	1,38989353179932	1578,125	-0,429593175649643	
1581,25	1,39117133617401	1581,25	-0,426813364028931	
1584,375	1,39521205425262	1584,375	-0,421868085861206	
1587,5	1,39540791511536	1587,5	-0,419275969266891	
1590,625	1,39632749557495	1590,625	-0,416690200567245	
1593,75	1,39768695831299	1593,75	-0,413686215877533	
1596,875	1,40091800689697	1596,875	-0,409720301628113	
1600	1,40241253376007	1600	-0,408783465623856	
1603,125	1,40400815010071	1603,125	-0,406227797269821	
1606,25	1,40661954879761	1606,25	-0,404077231884003	
1609,375	1,40937626361847	1609,375	-0,39765989780426	
1612,5	1,40881824493408	1612,5	-0,39445835351944	
1615,625	1,41127419471741	1615,625	-0,393086075782776	
1618,75	1,41338002681732	1618,75	-0,392841845750809	
1621,875	1,41552698612213	1621,875	-0,389427989721298	
1625	1,41511976718903	1625	-0,38729390501976	
1628,125	1,4183886051178	1628,125	-0,385284870862961	
1631,25	1,41869866847992	1631,25	-0,383162498474121	
1634,375	1,42099452018738	1634,375	-0,382517427206039	
1637,5	1,42222344875336	1637,5	-0,379699766635895	
1640,625	1,42617702484131	1640,625	-0,3732550740242	
1643,75	1,41974544525146	1643,75	-0,373821914196014	
1646,875	1,42517530918121	1646,875	-0,37245711684227	
1650	1,4273065328598	1650	-0,37233179807663	
1653,125	1,42753434181213	1653,125	-0,36794114112854	
1656,25	1,42747092247009	1656,25	-0,365751564502716	
1659,375	1,43019902706146	1659,375	-0,363234013319016	
1662,5	1,43135905265808	1662,5	-0,360712796449661	
1665,625	1,43036043643951	1665,625	-0,360030651092529	
1668,75	1,43293011188507	1668,75	-0,356992185115814	
1671,875	1,43376791477203	1671,875	-0,355019837617874	
1675	1,43310046195984	1675	-0,351320385932922	
1678,125	1,43286335468292	1678,125	-0,352587968111038	
1681,25	1,43696618080139	1681,25	-0,34930607676506	
1684,375	1,43517303466797	1684,375	-0,342611044645309	
1687,5	1,43540799617767	1687,5	-0,340598851442337	
1690,625	1,43620574474335	1690,625	-0,338369131088257	
1693,75	1,43885099887848	1693,75	-0,333688348531723	
1696,875	1,4392808675766	1696,875	-0,333003491163254	
1700	1,4406703710556	1700	-0,330644845962524	
1703,125	1,44155490398407	1703,125	-0,328494399785995	
1706,25	1,44282364845276	1706,25	-0,326382607221603	
1709,375	1,44208097457886	1709,375	-0,321892857551575	
1712,5	1,44450438022614	1712,5	-0,318867087364197	
1715,625	1,44553291797638	1715,625	-0,315954208374023	
1718,75	1,44680225849152	1718,75	-0,316670507192612	
1721,875	1,44643557071686	1721,875	-0,315225571393967	
1725	1,44614946842194	1725	-0,31050306558609	
1728,125	1,45042538642883	1728,125	-0,307342976331711	
1731,25	1,45355844497681	1731,25	-0,305564820766449	
1734,375	1,4526344537735	1734,375	-0,306797534227371	
1737,5	1,45313251018524	1737,5	-0,301853001117706	
1740,625	1,45768797397614	1740,625	-0,298988401889801	
1743,75	1,45586276054382	1743,75	-0,294943392276764	
1746,875	1,45722198486328	1746,875	-0,291801899671555	
1750	1,46082413196564	1750	-0,289833039045334	
1753,125	1,46127796173096	1753,125	-0,286993682384491	
1756,25	1,46176743507385	1756,25	-0,286531984806061	
1759,375	1,4665619134903	1759,375	-0,284844726324081	
1762,5	1,46545159816742	1762,5	-0,283074617385864	
1765,625	1,46609210968018	1765,625	-0,282553642988205	
1768,75	1,46623420715332	1768,75	-0,279089331626892	
1771,875	1,46904218196869	1771,875	-0,277443021535873	
1775	1,47089409828186	1775	-0,275801599025726	
1778,125	1,4720618724823	1778,125	-0,274627566337585	
1781,25	1,47241616249084	1781,25	-0,271376639604568	
1784,375	1,47349178791046	1784,375	-0,270658612251282	
1787,5	1,47521364688873	1787,5	-0,272610187530518	
1790,625	1,47433042526245	1790,625	-0,267657071352005	
1793,75	1,47438609600067	1793,75	-0,270040810108185	
1796,875	1,47689914703369	1796,875	-0,265935629606247	
1800	1,47746825218201	1800	-0,259146004915237	
1803,125	1,47440874576569	1803,125	-0,261438935995102	
1806,25	1,47835671901703	1806,25	-0,257799744606018	
1809,375	1,47844791412354	1809,375	-0,254927426576614	
1812,5	1,48166179656982	1812,5	-0,251981824636459	
1815,625	1,47938334941864	1815,625	-0,253247708082199	
1818,75	1,48040425777435	1818,75	-0,247976183891296	
1821,875	1,4815526008606	1821,875	-0,24814011156559	
1825	1,4829033613205	1825	-0,247951328754425	
1828,125	1,48367321491241	1828,125	-0,244821459054947	
1831,25	1,48466658592224	1831,25	-0,241456091403961	
1834,375	1,48437190055847	1834,375	-0,240335091948509	
1837,5	1,485959649086	1837,5	-0,236713126301765	
1840,625	1,48662865161896	1840,625	-0,236149579286575	
1843,75	1,48570322990417	1843,75	-0,234591409564018	
1846,875	1,4858865737915	1846,875	-0,234965682029724	
1850	1,48786735534668	1850	-0,233180642127991	
1853,125	1,48941266536713	1853,125	-0,23063687980175	
1856,25	1,48952674865723	1856,25	-0,224225848913193	
1859,375	1,49082744121552	1859,375	-0,224865898489952	
1862,5	1,48920488357544	1862,5	-0,223008126020432	
1865,625	1,49208748340607	1865,625	-0,220733419060707	
1868,75	1,49355363845825	1868,75	-0,217677295207977	
1871,875	1,49295842647552	1871,875	-0,216715455055237	
1875	1,4962762594223	1875	-0,216058805584908	
1878,125	1,49451243877411	1878,125	-0,213203519582748	
1881,25	1,49509429931641	1881,25	-0,211325123906136	
1884,375	1,49712491035461	1884,375	-0,210241839289665	
1887,5	1,49859428405762	1887,5	-0,207864239811897	
1890,625	1,49772679805756	1890,625	-0,203717976808548	
1893,75	1,49804329872131	1893,75	-0,201478272676468	
1896,875	1,49874818325043	1896,875	-0,199632361531258	
1900	1,4998722076416	1900	-0,19821885228157	
1903,125	1,49986374378204	1903,125	-0,194422855973244	
1906,25	1,49882411956787	1906,25	-0,192974925041199	
1909,375	1,50119268894196	1909,375	-0,19189190864563	
1912,5	1,50379931926727	1912,5	-0,188749894499779	
1915,625	1,5028156042099	1915,625	-0,18723264336586	
1918,75	1,50170195102692	1918,75	-0,187885165214539	
1921,875	1,50545573234558	1921,875	-0,185268193483353	
1925	1,50737404823303	1925	-0,184504359960556	
1928,125	1,50613081455231	1928,125	-0,180894330143929	
1931,25	1,50745689868927	1931,25	-0,178404003381729	
1934,375	1,50891304016113	1934,375	-0,177638351917267	
1937,5	1,50973999500275	1937,5	-0,176182985305786	
1940,625	1,51041483879089	1940,625	-0,174819156527519	
1943,75	1,51164901256561	1943,75	-0,173353776335716	
1946,875	1,51108205318451	1946,875	-0,170864820480347	
1950	1,51270234584808	1950	-0,167195692658424	
1953,125	1,51288950443268	1953,125	-0,168359741568565	
1956,25	1,5148206949234	1956,25	-0,165471911430359	
1959,375	1,51617515087128	1959,375	-0,165803343057632	
1962,5	1,51940488815308	1962,5	-0,163554891943932	
1965,625	1,51834321022034	1965,625	-0,160758465528488	
1968,75	1,51857602596283	1968,75	-0,161669969558716	
1971,875	1,51752424240112	1971,875	-0,157837674021721	
1975	1,51636135578156	1975	-0,15452629327774	
1978,125	1,5206446647644	1978,125	-0,15550209581852	
1981,25	1,52163445949554	1981,25	-0,152781173586845	
1984,375	1,52068972587585	1984,375	-0,151913031935692	
1987,5	1,5222704410553	1987,5	-0,148292034864426	
1990,625	1,52310395240784	1990,625	-0,147040128707886	
1993,75	1,52205407619476	1993,75	-0,148924708366394	
1996,875	1,52479863166809	1996,875	-0,147161111235619	
2000	1,52713191509247	2000	-0,145279735326767	
2003,125	1,52845764160156	2003,125	-0,144719138741493	
2006,25	1,52790534496307	2006,25	-0,143431097269058	
2009,375	1,52824509143829	2009,375	-0,142769619822502	
2012,5	1,52673745155334	2012,5	-0,139218911528587	
2015,625	1,52746284008026	2015,625	-0,136682435870171	
2018,75	1,52630245685577	2018,75	-0,136643186211586	
2021,875	1,53000068664551	2021,875	-0,13441376388073	
2025	1,53117120265961	2025	-0,133089303970337	
2028,125	1,53007709980011	2028,125	-0,130352348089218	
2031,25	1,52640092372894	2031,25	-0,126011937856674	
2034,375	1,52938115596771	2034,375	-0,128816813230515	
2037,5	1,53135633468628	2037,5	-0,123967118561268	
2040,625	1,5241060256958	2040,625	-0,124177858233452	
2043,75	1,52925086021423	2043,75	-0,121116682887077	
2046,875	1,53184878826141	2046,875	-0,11795711517334	
2050	1,53155326843262	2050	-0,119688048958778	
2053,125	1,53462362289429	2053,125	-0,117796830832958	
2056,25	1,5335305929184	2056,25	-0,114482499659061	
2059,375	1,53204929828644	2059,375	-0,112775474786758	
2062,5	1,53207099437714	2062,5	-0,111260436475277	
2065,625	1,53392446041107	2065,625	-0,111487068235874	
2068,75	1,53673696517944	2068,75	-0,108128264546394	
2071,875	1,53906512260437	2071,875	-0,106026656925678	
2075	1,53840005397797	2075	-0,104762308299541	
2078,125	1,53731906414032	2078,125	-0,102962523698807	
2081,25	1,53766560554504	2081,25	-0,100069873034954	
2084,375	1,53896141052246	2084,375	-0,100686348974705	
2087,5	1,54076218605042	2087,5	-0,0964599549770355	
2090,625	1,54223537445068	2090,625	-0,0946713089942932	
2093,75	1,54343581199646	2093,75	-0,0950431525707245	
2096,875	1,54389154911041	2096,875	-0,0911606028676033	
2100	1,54146063327789	2100	-0,0932270511984825	
2103,125	1,54200434684753	2103,125	-0,088177777826786	
2106,25	1,54276192188263	2106,25	-0,0868852734565735	
2109,375	1,54348957538605	2109,375	-0,0882577374577522	
2112,5	1,54671788215637	2112,5	-0,0872829034924507	
2115,625	1,54624879360199	2115,625	-0,0863445624709129	
2118,75	1,54846441745758	2118,75	-0,0834528058767319	
2121,875	1,54649758338928	2121,875	-0,0818673819303513	
2125	1,54721963405609	2125	-0,0799939632415771	
2128,125	1,55010998249054	2128,125	-0,0805748105049133	
2131,25	1,54953229427338	2131,25	-0,0789297744631767	
2134,375	1,54927587509155	2134,375	-0,0794109776616097	
2137,5	1,55134677886963	2137,5	-0,0768156945705414	
2140,625	1,54999256134033	2140,625	-0,0741809532046318	
2143,75	1,54951465129852	2143,75	-0,0715551152825356	
2146,875	1,553462266922	2146,875	-0,0697721317410469	
2150	1,55553948879242	2150	-0,0716347247362137	
2153,125	1,55277347564697	2153,125	-0,0683436319231987	
2156,25	1,55482649803162	2156,25	-0,0688373073935509	
2159,375	1,55272173881531	2159,375	-0,0675805881619453	
2162,5	1,55309116840363	2162,5	-0,0614578686654568	
2165,625	1,55294251441956	2165,625	-0,0613557174801826	
2168,75	1,55453765392303	2168,75	-0,0644929483532906	
2171,875	1,55544924736023	2171,875	-0,0597372129559517	
2175	1,55837488174438	2175	-0,05784996971488	
2178,125	1,55551588535309	2178,125	-0,0570780374109745	
2181,25	1,55481171607971	2181,25	-0,0534193888306618	
2184,375	1,55518412590027	2184,375	-0,0518689937889576	
2187,5	1,55585443973541	2187,5	-0,0500567257404327	
2190,625	1,55844175815582	2190,625	-0,0476299561560154	
2193,75	1,56228697299957	2193,75	-0,0461957678198814	
2196,875	1,56201303005219	2196,875	-0,0462961569428444	
2200	1,56055760383606	2200	-0,0433594062924385	
2203,125	1,56136119365692	2203,125	-0,0416742637753487	
2206,25	1,56315922737122	2206,25	-0,0381189286708832	
2209,375	1,56349432468414	2209,375	-0,0350416973233223	
2212,5	1,56773710250854	2212,5	-0,0363926440477371	
2215,625	1,56976020336151	2215,625	-0,0348629727959633	
2218,75	1,57051610946655	2218,75	-0,0319387316703796	
2221,875	1,56955111026764	2221,875	-0,0303376857191324	
2225	1,56987464427948	2225	-0,0315688513219357	
2228,125	1,57191121578217	2228,125	-0,0302598532289267	
2231,25	1,5707745552063	2231,25	-0,0280278734862804	
2234,375	1,57129180431366	2234,375	-0,0279774889349937	
2237,5	1,57387280464172	2237,5	-0,0240989718586206	
2240,625	1,57958042621613	2240,625	-0,0250783301889896	
2243,75	1,5809770822525	2243,75	-0,0227202884852886	
2246,875	1,58055222034454	2246,875	-0,0205543823540211	
2250	1,57835853099823	2250	-0,0193047653883696	
2253,125	1,57960510253906	2253,125	-0,0181490369141102	
2256,25	1,58026897907257	2256,25	-0,0192118640989065	
2259,375	1,58300113677979	2259,375	-0,0185883026570082	
2262,5	1,58386552333832	2262,5	-0,0167012829333544	
2265,625	1,58394575119019	2265,625	-0,0157624669373035	
2268,75	1,58258068561554	2268,75	-0,0147636914625764	
2271,875	1,58503043651581	2271,875	-0,0145631479099393	
2275	1,58704829216003	2275	-0,016108525916934	
2278,125	1,58926367759705	2278,125	-0,0136151285842061	
2281,25	1,5895631313324	2281,25	-0,0109592163935304	
2284,375	1,58934986591339	2284,375	-0,00884262658655643	
2287,5	1,59325408935547	2287,5	-0,00989515986293554	
2290,625	1,59115374088287	2290,625	-0,00925020314753056	
2293,75	1,59084975719452	2293,75	-0,00668156426399946	
2296,875	1,5930552482605	2296,875	-0,00807796698063612	
2300	1,5940967798233	2300	-0,0063030831515789	
2303,125	1,59407496452332	2303,125	-0,00581930810585618	
2306,25	1,59498047828674	2306,25	-0,0062099127098918	
2309,375	1,5961925983429	2309,375	-0,00368962669745088	
2312,5	1,59483683109283	2312,5	-0,00323090003803372	
2315,625	1,59382200241089	2315,625	-0,00326449447311461	
2318,75	1,59676229953766	2318,75	-0,00576090114191175	
2321,875	1,59317362308502	2321,875	-0,00312446476891637	
2325	1,59814321994781	2325	-0,0026838188059628	
2328,125	1,59898638725281	2328,125	0,000174518645508215	
2331,25	1,60006499290466	2331,25	0,000256541941780597	
2334,375	1,60201156139374	2334,375	0,000607559166382998	
2337,5	1,60097670555115	2337,5	0,00233501871116459	
2340,625	1,59771203994751	2340,625	0,00344231072813272	
2343,75	1,60311341285706	2343,75	0,00264343642629683	
2346,875	1,60213470458984	2346,875	0,00235885172151029	
2350	1,6046895980835	2350	0,00586226815357804	
2353,125	1,60486257076263	2353,125	0,00431233970448375	
2356,25	1,60330879688263	2356,25	0,0063150217756629	
2359,375	1,60370874404907	2359,375	0,00733395013958216	
2362,5	1,60558319091797	2362,5	0,00764261651784182	
2365,625	1,60661482810974	2365,625	0,00380006805062294	
2368,75	1,60570168495178	2368,75	0,00913962721824646	
2371,875	1,60009813308716	2371,875	0,00757311750203371	
2375	1,60509145259857	2375	0,00915244407951832	
2378,125	1,60564541816711	2378,125	0,00645075226202607	
2381,25	1,6072770357132	2381,25	0,00751224113628268	
2384,375	1,60999047756195	2384,375	0,0115406448021531	
2387,5	1,60662961006165	2387,5	0,00908392854034901	
2390,625	1,60722935199738	2390,625	0,0116082970052958	
2393,75	1,60737979412079	2393,75	0,0139906937256455	
2396,875	1,6104576587677	2396,875	0,0131562361493707	
2400	1,60909330844879	2400	0,0141566647216678	
2403,125	1,60914838314056	2403,125	0,0154277924448252	
2406,25	1,6100869178772	2406,25	0,0149251287803054	
2409,375	1,61001968383789	2409,375	0,0139644416049123	
2412,5	1,60789620876312	2412,5	0,017974715679884	
2415,625	1,60704624652863	2415,625	0,0120903328061104	
2418,75	1,60793352127075	2418,75	0,0151618765667081	
2421,875	1,6105010509491	2421,875	0,0193157084286213	
2425	1,60978937149048	2425	0,0205344166606665	
2428,125	1,60839986801147	2428,125	0,0172420814633369	
2431,25	1,60950803756714	2431,25	0,0195395275950432	
2434,375	1,60780560970306	2434,375	0,0204753559082747	
2437,5	1,60764265060425	2437,5	0,0214377772063017	
2440,625	1,60740566253662	2440,625	0,0220709480345249	
2443,75	1,60860669612885	2443,75	0,0207274295389652	
2446,875	1,60747015476227	2446,875	0,0228880606591702	
2450	1,60832214355469	2450	0,0257876887917519	
2453,125	1,60652220249176	2453,125	0,02616305090487	
2456,25	1,60792779922485	2456,25	0,0259238816797733	
2459,375	1,60857760906219	2459,375	0,0281629841774702	
2462,5	1,60750091075897	2462,5	0,0276517365127802	
2465,625	1,60821127891541	2465,625	0,0296106599271297	
2468,75	1,60651421546936	2468,75	0,0324845239520073	
2471,875	1,61080038547516	2471,875	0,027701223269105	
2475	1,60906982421875	2475	0,0339755415916443	
2478,125	1,61090445518494	2478,125	0,0352847389876843	
2481,25	1,60870540142059	2481,25	0,0396004095673561	
2484,375	1,61091876029968	2484,375	0,0367896929383278	
2487,5	1,61430656909943	2487,5	0,0366143994033337	
2490,625	1,61157631874084	2490,625	0,0402333475649357	
2493,75	1,60979676246643	2493,75	0,0395266078412533	
2496,875	1,60938847064972	2496,875	0,0413282327353954	
2500	1,61120057106018	2500	0,046221561729908	
2503,125	1,611292719841	2503,125	0,0433169454336166	
2506,25	1,6161767244339	2506,25	0,0478458069264889	
2509,375	1,61426103115082	2509,375	0,0474489666521549	
2512,5	1,61306440830231	2512,5	0,0484361723065376	
2515,625	1,61128735542297	2515,625	0,0483298264443874	
2518,75	1,61158359050751	2518,75	0,052056860178709	
2521,875	1,61136019229889	2521,875	0,0541134513914585	
2525	1,61509072780609	2525	0,0530308783054352	
2528,125	1,60980451107025	2528,125	0,0580317378044128	
2531,25	1,60999381542206	2531,25	0,0598139837384224	
2534,375	1,61391842365265	2534,375	0,0651761442422867	
2537,5	1,62191092967987	2537,5	0,066243439912796	
2540,625	1,6185108423233	2540,625	0,0671950057148933	
2543,75	1,62206256389618	2543,75	0,0647211000323296	
2546,875	1,62940490245819	2546,875	0,0659489780664444	
2550	1,63184356689453	2550	0,0670884326100349	
2553,125	1,63126444816589	2553,125	0,0650793164968491	
2556,25	1,63268065452576	2556,25	0,0661683455109596	
2559,375	1,63228976726532	2559,375	0,0661691576242447	
2562,5	1,63009393215179	2562,5	0,065410703420639	
2565,625	1,63043630123138	2565,625	0,067305825650692	
2568,75	1,63248288631439	2568,75	0,0698895826935768	
2571,875	1,63576364517212	2571,875	0,0714441686868668	
2575	1,63479781150818	2575	0,0712347105145454	
2578,125	1,63213157653809	2578,125	0,0677893757820129	
2581,25	1,63638210296631	2581,25	0,0727386102080345	
2584,375	1,63703107833862	2584,375	0,0724474936723709	
2587,5	1,6394704580307	2587,5	0,0734836980700493	
2590,625	1,64015913009644	2590,625	0,0736906081438065	
2593,75	1,64191007614136	2593,75	0,0739626884460449	
2596,875	1,64457631111145	2596,875	0,0778329968452454	
2600	1,64479565620422	2600	0,0778787061572075	
2603,125	1,64653694629669	2603,125	0,0763294249773026	
2606,25	1,64474010467529	2606,25	0,0787687450647354	
2609,375	1,650386095047	2609,375	0,0803574472665787	
2612,5	1,65135490894318	2612,5	0,0788852870464325	
2615,625	1,65436446666718	2615,625	0,0771246775984764	
2618,75	1,65740048885345	2618,75	0,0784557238221169	
2621,875	1,65586173534393	2621,875	0,077169343829155	
2625	1,65358424186707	2625	0,0789992958307266	
2628,125	1,65779685974121	2628,125	0,0776815488934517	
2631,25	1,65936577320099	2631,25	0,0758408680558205	
2634,375	1,65639305114746	2634,375	0,0774776563048363	
2637,5	1,66052722930908	2637,5	0,0743254274129868	
2640,625	1,6618504524231	2640,625	0,0752453580498695	
2643,75	1,66534888744354	2643,75	0,0763986110687256	
2646,875	1,66614258289337	2646,875	0,0816149860620499	
2650	1,67124974727631	2650	0,0735838860273361	
2653,125	1,66830360889435	2653,125	0,0765516608953476	
2656,25	1,67257618904114	2656,25	0,0779154449701309	
2659,375	1,67334973812103	2659,375	0,0769633278250694	
2662,5	1,67219305038452	2662,5	0,0784087628126144	
2665,625	1,67372000217438	2665,625	0,0778819918632507	
2668,75	1,67055785655975	2668,75	0,0765485391020775	
2671,875	1,67576026916504	2671,875	0,078401230275631	
2675	1,67758011817932	2675	0,0794024094939232	
2678,125	1,67672717571259	2678,125	0,079480454325676	
2681,25	1,68013322353363	2681,25	0,0809269547462463	
2684,375	1,6843090057373	2684,375	0,0782040953636169	
2687,5	1,68375420570374	2687,5	0,0792906805872917	
2690,625	1,68587863445282	2690,625	0,0755509361624718	
2693,75	1,68528890609741	2693,75	0,0794810727238655	
2696,875	1,68418943881989	2696,875	0,0789014622569084	
2700	1,68560802936554	2700	0,0794524401426315	
2703,125	1,68694794178009	2703,125	0,0789837911725044	
2706,25	1,68666362762451	2706,25	0,0772242620587349	
2709,375	1,69024562835693	2709,375	0,0786626935005188	
2712,5	1,69300127029419	2712,5	0,0815760791301727	
2715,625	1,69441986083984	2715,625	0,078626774251461	
2718,75	1,69401097297668	2718,75	0,0775229781866074	
2721,875	1,69343280792236	2721,875	0,0781527757644653	
2725	1,69721400737762	2725	0,079416997730732	
2728,125	1,70212519168854	2728,125	0,0792198926210403	
2731,25	1,70258963108063	2731,25	0,0787707939743996	
2734,375	1,70031201839447	2734,375	0,0781704038381577	
2737,5	1,70149576663971	2737,5	0,0781339854001999	
2740,625	1,70334935188293	2740,625	0,0818566977977753	
2743,75	1,70852136611938	2743,75	0,0837405100464821	
2746,875	1,70687937736511	2746,875	0,0831983238458633	
2750	1,7057638168335	2750	0,0803901925683022	
2753,125	1,70966553688049	2753,125	0,0834062844514847	
2756,25	1,71318733692169	2756,25	0,0807602033019066	
2759,375	1,71377611160278	2759,375	0,084080383181572	
2762,5	1,7142596244812	2762,5	0,0821798518300056	
2765,625	1,71674942970276	2765,625	0,0854563415050507	
2768,75	1,72353553771973	2768,75	0,0867930054664612	
2771,875	1,72288084030151	2771,875	0,0836886838078499	
2775	1,72617614269257	2775	0,0836693570017815	
2778,125	1,72819304466248	2778,125	0,0836446285247803	
2781,25	1,73253452777863	2781,25	0,084868885576725	
2784,375	1,73195791244507	2784,375	0,0853211581707001	
2787,5	1,73308718204498	2787,5	0,0832288414239883	
2790,625	1,7377051115036	2790,625	0,0822901949286461	
2793,75	1,74063622951508	2793,75	0,0835495293140411	
2796,875	1,7440949678421	2796,875	0,0839413553476334	
2800	1,74846625328064	2800	0,0824682414531708	
2803,125	1,75441336631775	2803,125	0,0837880074977875	
2806,25	1,75419306755066	2806,25	0,0774095728993416	
2809,375	1,75615584850311	2809,375	0,0792160108685493	
2812,5	1,76043629646301	2812,5	0,0766551047563553	
2815,625	1,76168239116669	2815,625	0,074844978749752	
2818,75	1,76221311092377	2818,75	0,0719475373625755	
2821,875	1,76480615139008	2821,875	0,0686487257480621	
2825	1,76326525211334	2825	0,0676799714565277	
2828,125	1,76704001426697	2828,125	0,0681517496705055	
2831,25	1,77174806594849	2831,25	0,0620837733149529	
2834,375	1,76807928085327	2834,375	0,06071787327528	
2837,5	1,77574896812439	2837,5	0,0605404414236546	
2840,625	1,77671813964844	2840,625	0,0592437125742435	
2843,75	1,77099514007568	2843,75	0,0576450303196907	
2846,875	1,77501261234283	2846,875	0,050948865711689	
2850	1,7746068239212	2850	0,0524532869458199	
2853,125	1,77321481704712	2853,125	0,0520802587270737	
2856,25	1,77570712566376	2856,25	0,0513357855379581	
2859,375	1,77554774284363	2859,375	0,04733906686306	
2862,5	1,77667284011841	2862,5	0,0464145317673683	
2865,625	1,77555322647095	2865,625	0,0437146201729774	
2868,75	1,77695977687836	2868,75	0,0450900830328465	
2871,875	1,78005504608154	2871,875	0,0455313846468925	
2875	1,77780270576477	2875	0,0421074740588665	
2878,125	1,77778899669647	2878,125	0,0423652417957783	
2881,25	1,7792501449585	2881,25	0,0408606752753258	
2884,375	1,77878797054291	2884,375	0,0387970879673958	
2887,5	1,77960348129272	2887,5	0,0394598320126534	
2890,625	1,78262865543365	2890,625	0,0375947579741478	
2893,75	1,78104197978973	2893,75	0,0374982394278049	
2896,875	1,77936196327209	2896,875	0,0370460674166679	
2900	1,77858114242554	2900	0,0373707227408886	
2903,125	1,77954602241516	2903,125	0,0368970669806004	
2906,25	1,77605044841766	2906,25	0,0353583917021751	
2909,375	1,77893686294556	2909,375	0,0351931750774384	
2912,5	1,77707779407501	2912,5	0,0354204997420311	
2915,625	1,77501487731934	2915,625	0,0342490039765835	
2918,75	1,77660882472992	2918,75	0,0334442295134068	
2921,875	1,77837955951691	2921,875	0,037011656910181	
2925	1,78097712993622	2925	0,0391588881611824	
2928,125	1,77705109119415	2928,125	0,0358511656522751	
2931,25	1,77778542041779	2931,25	0,0343458279967308	
2934,375	1,78117692470551	2934,375	0,0379737354815006	
2937,5	1,78157651424408	2937,5	0,038607656955719	
2940,625	1,77953386306763	2940,625	0,0387495271861553	
2943,75	1,77857863903046	2943,75	0,0383642241358757	
2946,875	1,78111898899078	2946,875	0,0382614880800247	
2950	1,78216481208801	2950	0,0405997782945633	
2953,125	1,78200256824493	2953,125	0,0408854931592941	
2956,25	1,78544569015503	2956,25	0,0442038923501968	
2959,375	1,78872561454773	2959,375	0,0436736159026623	
2962,5	1,78164601325989	2962,5	0,0417625121772289	
2965,625	1,78498113155365	2965,625	0,0444676764309406	
2968,75	1,7890157699585	2968,75	0,0468397736549377	
2971,875	1,79037141799927	2971,875	0,0466509610414505	
2975	1,79028081893921	2975	0,0473392158746719	
2978,125	1,79102408885956	2978,125	0,049131702631712	
2981,25	1,79046523571014	2981,25	0,0500505045056343	
2984,375	1,79416215419769	2984,375	0,0517410635948181	
2987,5	1,79503881931305	2987,5	0,0525411404669285	
2990,625	1,79351127147675	2990,625	0,0503151677548885	
2993,75	1,79429256916046	2993,75	0,0515199303627014	
2996,875	1,79528057575226	2996,875	0,053894717246294	
3000	1,79805827140808	3000	0,04872115701437	
3003,125	1,80313336849213	3003,125	0,0538571551442146	
3006,25	1,80290055274963	3006,25	0,0539319925010204	
3009,375	1,80212259292603	3009,375	0,053523913025856	
3012,5	1,80458343029022	3012,5	0,052008930593729	
3015,625	1,80886375904083	3015,625	0,0532718561589718	
3018,75	1,80794179439545	3018,75	0,0573228038847446	
3021,875	1,81068336963654	3021,875	0,0560412295162678	
3025	1,81134307384491	3025	0,0571738630533218	
3028,125	1,81287324428558	3028,125	0,0596866272389889	
3031,25	1,81934463977814	3031,25	0,0582080855965614	
3034,375	1,8147406578064	3034,375	0,0597447268664837	
3037,5	1,81884586811066	3037,5	0,0541279949247837	
3040,625	1,81879055500031	3040,625	0,0554289147257805	
3043,75	1,81848645210266	3043,75	0,059159267693758	
3046,875	1,82447600364685	3046,875	0,05984266102314	
3050	1,8209855556488	3050	0,0569484494626522	
3053,125	1,82406079769135	3053,125	0,0571797154843807	
3056,25	1,82694864273071	3056,25	0,0575368069112301	
3059,375	1,8294163942337	3059,375	0,0589532665908337	
3062,5	1,83067226409912	3062,5	0,0570330880582333	
3065,625	1,82971584796906	3065,625	0,0590780712664127	
3068,75	1,83166646957397	3068,75	0,0588670074939728	
3071,875	1,83224749565125	3071,875	0,0612497068941593	
3075	1,83448672294617	3075	0,0576013624668121	
3078,125	1,83431136608124	3078,125	0,0553212873637676	
3081,25	1,83454525470734	3081,25	0,0540914759039879	
3084,375	1,83608686923981	3084,375	0,0558871328830719	
3087,5	1,84019112586975	3087,5	0,0577948205173016	
3090,625	1,84297108650208	3090,625	0,0588558465242386	
3093,75	1,84510684013367	3093,75	0,0547796189785004	
3096,875	1,8422042131424	3096,875	0,0575545504689217	
3100	1,84101295471191	3100	0,0548228286206722	
3103,125	1,8433130979538	3103,125	0,0555209182202816	
3106,25	1,84382212162018	3106,25	0,0531984642148018	
3109,375	1,84330022335052	3109,375	0,0508706122636795	
3112,5	1,8460705280304	3112,5	0,056957483291626	
3115,625	1,84565854072571	3115,625	0,0576538555324078	
3118,75	1,84655165672302	3118,75	0,0533783324062824	
3121,875	1,84904718399048	3121,875	0,0540418215095997	
3125	1,84845638275146	3125	0,0505122728645802	
3128,125	1,85202276706696	3128,125	0,0557184144854546	
3131,25	1,85359525680542	3131,25	0,054505106061697	
3134,375	1,85282707214355	3134,375	0,0562875345349312	
3137,5	1,85017192363739	3137,5	0,0523781776428223	
3140,625	1,85041844844818	3140,625	0,0489924624562263	
3143,75	1,85135328769684	3143,75	0,0523864924907684	
3146,875	1,85449588298798	3146,875	0,0481845177710056	
3150	1,84863722324371	3150	0,0491909198462963	
3153,125	1,84981799125671	3153,125	0,0514331161975861	
3156,25	1,85143315792084	3156,25	0,0493482798337936	
3159,375	1,85092163085938	3159,375	0,0469700284302235	
3162,5	1,84887647628784	3162,5	0,0464274846017361	
3165,625	1,84534871578217	3165,625	0,0499710515141487	
3168,75	1,84652972221375	3168,75	0,0561460331082344	
3171,875	1,84276556968689	3171,875	0,0448072627186775	
3175	1,84431993961334	3175	0,0446738637983799	
3178,125	1,84396123886108	3178,125	0,0423216037452221	
3181,25	1,84798812866211	3181,25	0,0477777421474457	
3184,375	1,84469306468964	3184,375	0,0438502542674541	
3187,5	1,84326338768005	3187,5	0,0467763990163803	
3190,625	1,83867084980011	3190,625	0,0471986047923565	
3193,75	1,83369565010071	3193,75	0,0565600357949734	
3196,875	1,83665001392365	3196,875	0,0497410893440247	
3200	1,84314572811127	3200	0,0541119091212749	
3203,125	1,84097731113434	3203,125	0,0554903857409954	
3206,25	1,83652520179749	3206,25	0,0580715388059616	
3209,375	1,83059310913086	3209,375	0,0608878433704376	
3212,5	1,83311998844147	3212,5	0,0639083981513977	
3215,625	1,82943212985992	3215,625	0,0695223435759544	
3218,75	1,8342502117157	3218,75	0,0695924237370491	
3221,875	1,8340619802475	3221,875	0,0663248598575592	
3225	1,83534574508667	3225	0,0677101388573647	
3228,125	1,83755493164063	3228,125	0,0699964091181755	
3231,25	1,83781635761261	3231,25	0,0692268386483192	
3234,375	1,83810555934906	3234,375	0,0772483199834824	
3237,5	1,83879780769348	3237,5	0,0821018442511559	
3240,625	1,83823835849762	3240,625	0,0811187848448753	
3243,75	1,83984446525574	3243,75	0,0837278068065643	
3246,875	1,84065389633179	3246,875	0,0842814743518829	
3250	1,83816778659821	3250	0,0872769579291344	
3253,125	1,84215605258942	3253,125	0,0879710465669632	
3256,25	1,83996772766113	3256,25	0,0909048393368721	
3259,375	1,84390580654144	3259,375	0,0912638530135155	
3262,5	1,84460091590881	3262,5	0,0906725004315376	
3265,625	1,8395791053772	3265,625	0,0892956480383873	
3268,75	1,8443763256073	3268,75	0,0959673076868057	
3271,875	1,84939253330231	3271,875	0,0960854291915894	
3275	1,85092675685883	3275	0,0920484364032745	
3278,125	1,8468713760376	3278,125	0,0955620631575584	
3281,25	1,84885060787201	3281,25	0,0962428152561188	
3284,375	1,85205340385437	3284,375	0,099498063325882	
3287,5	1,85223734378815	3287,5	0,101849690079689	
3290,625	1,85497784614563	3290,625	0,102150559425354	
3293,75	1,85474944114685	3293,75	0,0968348756432533	
3296,875	1,84884858131409	3296,875	0,0996528267860413	
3300	1,8525515794754	3300	0,100599750876427	
3303,125	1,85260498523712	3303,125	0,101663842797279	
3306,25	1,85307419300079	3306,25	0,103526920080185	
3309,375	1,85684669017792	3309,375	0,101233199238777	
3312,5	1,85988247394562	3312,5	0,106050007045269	
3315,625	1,86059522628784	3315,625	0,107244916260242	
3318,75	1,85849142074585	3318,75	0,108429051935673	
3321,875	1,86133289337158	3321,875	0,106430895626545	
3325	1,86687874794006	3325	0,106658644974232	
3328,125	1,86808204650879	3328,125	0,104768350720406	
3331,25	1,86341285705566	3331,25	0,107233121991158	
3334,375	1,86756861209869	3334,375	0,110768474638462	
3337,5	1,86548662185669	3337,5	0,106385849416256	
3340,625	1,86455488204956	3340,625	0,106725916266441	
3343,75	1,86787867546082	3343,75	0,109428487718105	
3346,875	1,87302851676941	3346,875	0,103395633399487	
3350	1,87531864643097	3350	0,106283500790596	
3353,125	1,87304997444153	3353,125	0,108277782797813	
3356,25	1,869912981987	3356,25	0,114460699260235	
3359,375	1,87710094451904	3359,375	0,109185628592968	
3362,5	1,87275016307831	3362,5	0,105579167604446	
3365,625	1,87195515632629	3365,625	0,109851680696011	
3368,75	1,87067627906799	3368,75	0,109129093587399	
3371,875	1,87084913253784	3371,875	0,113236531615257	
3375	1,87204265594482	3375	0,114931344985962	
3378,125	1,87614285945892	3378,125	0,105460405349731	
3381,25	1,8746372461319	3381,25	0,114648595452309	
3384,375	1,87428712844849	3384,375	0,110767439007759	
3387,5	1,8696151971817	3387,5	0,106402777135372	
3390,625	1,87592732906342	3390,625	0,11386489123106	
3393,75	1,87133038043976	3393,75	0,111205942928791	
3396,875	1,87198662757874	3396,875	0,112412385642529	
3400	1,87430202960968	3400	0,111985608935356	
3403,125	1,8768527507782	3403,125	0,115646824240685	
3406,25	1,8778737783432	3406,25	0,114500299096107	
3409,375	1,87510240077972	3409,375	0,111429244279861	
3412,5	1,87923717498779	3412,5	0,116042666137218	
3415,625	1,88408279418945	3415,625	0,116569675505161	
3418,75	1,87738513946533	3418,75	0,112427681684494	
3421,875	1,8778190612793	3421,875	0,117670066654682	
3425	1,87688839435577	3425	0,119888752698898	
3428,125	1,87548220157623	3428,125	0,110425285995007	
3431,25	1,87496435642242	3431,25	0,114059410989285	
3434,375	1,87726807594299	3434,375	0,116614528000355	
3437,5	1,88255620002747	3437,5	0,112739987671375	
3440,625	1,88424205780029	3440,625	0,111867882311344	
3443,75	1,88097321987152	3443,75	0,116526126861572	
3446,875	1,87712442874908	3446,875	0,113727897405624	
3450	1,87665045261383	3450	0,110379785299301	
3453,125	1,87807679176331	3453,125	0,113106340169907	
3456,25	1,87947356700897	3456,25	0,111739754676819	
3459,375	1,8803790807724	3459,375	0,115028560161591	
3462,5	1,87835013866425	3462,5	0,114387720823288	
3465,625	1,87866854667664	3465,625	0,116969220340252	
3468,75	1,88573288917542	3468,75	0,115447595715523	
3471,875	1,8813441991806	3471,875	0,117959320545197	
3475	1,88071775436401	3475	0,113618761301041	
3478,125	1,87969923019409	3478,125	0,118251860141754	
3481,25	1,87392556667328	3481,25	0,112372614443302	
3484,375	1,8757495880127	3484,375	0,116221494972706	
3487,5	1,87937152385712	3487,5	0,118545390665531	
3490,625	1,87850320339203	3490,625	0,117121942341328	
3493,75	1,88272440433502	3493,75	0,115617126226425	
3496,875	1,87958669662476	3496,875	0,116024948656559	
3500	1,88025534152985	3500	0,110945135354996	
3503,125	1,88041007518768	3503,125	0,112482041120529	
3506,25	1,88405108451843	3506,25	0,114962548017502	
3509,375	1,88407850265503	3509,375	0,118415929377079	
3512,5	1,87560188770294	3512,5	0,114210963249207	
3515,625	1,8716869354248	3515,625	0,112044282257557	
3518,75	1,87645196914673	3518,75	0,117440976202488	
3521,875	1,87625050544739	3521,875	0,115375459194183	
3525	1,87631070613861	3525	0,11619058996439	
3528,125	1,8781965970993	3528,125	0,112713105976582	
3531,25	1,88037121295929	3531,25	0,112000666558743	
3534,375	1,87764728069305	3534,375	0,116710416972637	
3537,5	1,87231731414795	3537,5	0,116045542061329	
3540,625	1,87387943267822	3540,625	0,114777818322182	
3543,75	1,87537312507629	3543,75	0,114791728556156	
3546,875	1,87160325050354	3546,875	0,117617711424828	
3550	1,87147128582001	3550	0,113215997815132	
3553,125	1,87068223953247	3553,125	0,117527112364769	
3556,25	1,87172818183899	3556,25	0,115222252905369	
3559,375	1,87164926528931	3559,375	0,11541111767292	
3562,5	1,874431848526	3562,5	0,115294583141804	
3565,625	1,87108719348907	3565,625	0,11340319365263	
3568,75	1,8697544336319	3568,75	0,115945160388947	
3571,875	1,87303650379181	3571,875	0,114411801099777	
3575	1,87505054473877	3575	0,114608429372311	
3578,125	1,87438702583313	3578,125	0,116891637444496	
3581,25	1,87459778785706	3581,25	0,117889061570168	
3584,375	1,87110555171967	3584,375	0,117946073412895	
3587,5	1,86862742900848	3587,5	0,119223892688751	
3590,625	1,87199282646179	3590,625	0,120453700423241	
3593,75	1,87593924999237	3593,75	0,121553339064121	
3596,875	1,87694358825684	3596,875	0,121296368539333	
3600	1,87677109241486	3600	0,117466680705547	
3603,125	1,87533903121948	3603,125	0,115364827215672	
3606,25	1,87672674655914	3606,25	0,12304512411356	
3609,375	1,87389504909515	3609,375	0,115552745759487	
3612,5	1,87301480770111	3612,5	0,116008430719376	
3615,625	1,8767364025116	3615,625	0,118372984230518	
3618,75	1,87405037879944	3618,75	0,116458512842655	
3621,875	1,87487375736237	3621,875	0,120295904576778	
3625	1,87226557731628	3625	0,119547925889492	
3628,125	1,87399327754974	3628,125	0,117336288094521	
3631,25	1,87547051906586	3631,25	0,112540289759636	
3634,375	1,87725913524628	3634,375	0,114755138754845	
3637,5	1,87410640716553	3637,5	0,117105379700661	
3640,625	1,86813271045685	3640,625	0,114660210907459	
3643,75	1,87109911441803	3643,75	0,113371133804321	
3646,875	1,86873829364777	3646,875	0,115898378193378	
3650	1,87097883224487	3650	0,11470141261816	
3653,125	1,86861824989319	3653,125	0,113826282322407	
3656,25	1,86782097816467	3656,25	0,114431247115135	
3659,375	1,87210750579834	3659,375	0,115878738462925	
3662,5	1,87234950065613	3662,5	0,114176981151104	
3665,625	1,87746250629425	3665,625	0,118884809315205	
3668,75	1,87267911434174	3668,75	0,110383838415146	
3671,875	1,86691164970398	3671,875	0,115565866231918	
3675	1,86979377269745	3675	0,114186972379684	
3678,125	1,87054181098938	3678,125	0,112583391368389	
3681,25	1,87149024009705	3681,25	0,122531235218048	
3684,375	1,86173737049103	3684,375	0,102695994079113	
3687,5	1,86369717121124	3687,5	0,11251125484705	
3690,625	1,86458098888397	3690,625	0,113995984196663	
3693,75	1,86677157878876	3693,75	0,108831107616425	
3696,875	1,86919164657593	3696,875	0,112715981900692	
3700	1,86384797096252	3700	0,113039210438728	
3703,125	1,86093282699585	3703,125	0,11046189814806	
3706,25	1,86690151691437	3706,25	0,10915919393301	
3709,375	1,86681258678436	3709,375	0,113909251987934	
3712,5	1,86160898208618	3712,5	0,111742444336414	
3715,625	1,8556227684021	3715,625	0,109470382332802	
3718,75	1,86481547355652	3718,75	0,109496332705021	
3721,875	1,86208069324493	3721,875	0,108948409557343	
3725	1,86380410194397	3725	0,11233776807785	
3728,125	1,86044502258301	3728,125	0,107086300849915	
3731,25	1,86181902885437	3731,25	0,110504247248173	
3734,375	1,85838210582733	3734,375	0,107266284525394	
3737,5	1,85918056964874	3737,5	0,111915811896324	
3740,625	1,86245083808899	3740,625	0,104575179517269	
3743,75	1,8595187664032	3743,75	0,107307404279709	
3746,875	1,85891425609589	3746,875	0,112162657082081	
3750	1,85851752758026	3750	0,10736296325922	
3753,125	1,85715520381927	3753,125	0,108797609806061	
3756,25	1,85496842861176	3756,25	0,106646321713924	
3759,375	1,85174322128296	3759,375	0,107334308326244	
3762,5	1,85644519329071	3762,5	0,116239935159683	
3765,625	1,85284113883972	3765,625	0,0996451675891876	
3768,75	1,85181498527527	3768,75	0,109075181186199	
3771,875	1,84732508659363	3771,875	0,108838237822056	
3775	1,85124289989471	3775	0,108901254832745	
3778,125	1,84905183315277	3778,125	0,106611162424088	
3781,25	1,85013997554779	3781,25	0,104044750332832	
3784,375	1,85364806652069	3784,375	0,109064988791943	
3787,5	1,85674118995667	3787,5	0,104301944375038	
3790,625	1,85129165649414	3790,625	0,107713170349598	
3793,75	1,84655094146729	3793,75	0,1017050370574	
3796,875	1,8448394536972	3796,875	0,106322914361954	
3800	1,83973693847656	3800	0,105969123542309	
3803,125	1,84386897087097	3803,125	0,104616567492485	
3806,25	1,84861481189728	3806,25	0,10734598338604	
3809,375	1,84293222427368	3809,375	0,105735376477242	
3812,5	1,84113597869873	3812,5	0,102954380214214	
3815,625	1,83859646320343	3815,625	0,104952931404114	
3818,75	1,84238493442535	3818,75	0,10395897179842	
3821,875	1,83822274208069	3821,875	0,105084888637066	
3825	1,83933687210083	3825	0,109689608216286	
3828,125	1,84047722816467	3828,125	0,103243343532085	
3831,25	1,84192705154419	3831,25	0,102488063275814	
3834,375	1,84250271320343	3834,375	0,101498879492283	
3837,5	1,84277415275574	3837,5	0,105187095701694	
3840,625	1,83620023727417	3840,625	0,102443441748619	
3843,75	1,83145713806152	3843,75	0,102888584136963	
3846,875	1,83509004116058	3846,875	0,0982141271233559	
3850	1,83457541465759	3850	0,100257582962513	
3853,125	1,83446192741394	3853,125	0,100860714912415	
3856,25	1,83894670009613	3856,25	0,099292203783989	
3859,375	1,83299791812897	3859,375	0,0995259582996368	
3862,5	1,82949697971344	3862,5	0,0954462885856628	
3865,625	1,83471930027008	3865,625	0,100181020796299	
3868,75	1,83312213420868	3868,75	0,100637808442116	
3871,875	1,82711565494537	3871,875	0,0981517657637596	
3875	1,82607042789459	3875	0,0981162488460541	
3878,125	1,83334469795227	3878,125	0,0976263657212257	
3881,25	1,83079159259796	3881,25	0,0969596803188324	
3884,375	1,83064532279968	3884,375	0,0902883559465408	
3887,5	1,82930314540863	3887,5	0,094340480864048	
3890,625	1,82773804664612	3890,625	0,0929963290691376	
3893,75	1,83196949958801	3893,75	0,0933461040258408	
3896,875	1,82735896110535	3896,875	0,090244747698307	
3900	1,82951653003693	3900	0,0933928638696671	
3903,125	1,82805407047272	3903,125	0,0918530002236366	
3906,25	1,82855081558228	3906,25	0,0883540511131287	
3909,375	1,82748866081238	3909,375	0,0912632495164871	
3912,5	1,82539200782776	3912,5	0,0937041565775871	
3915,625	1,82477474212646	3915,625	0,0863605290651321	
3918,75	1,82174444198608	3918,75	0,0986134707927704	
3921,875	1,82221114635468	3921,875	0,0817432031035423	
3925	1,81363761425018	3925	0,0887152329087257	
3928,125	1,81590759754181	3928,125	0,086838535964489	
3931,25	1,81635642051697	3931,25	0,0956219285726547	
3934,375	1,81677234172821	3934,375	0,0914910063147545	
3937,5	1,81652688980103	3937,5	0,0867044106125832	
3940,625	1,81732249259949	3940,625	0,0878683552145958	
3943,75	1,81730759143829	3943,75	0,0905808508396149	
3946,875	1,81200122833252	3946,875	0,086023636162281	
3950	1,80833661556244	3950	0,0838890001177788	
3953,125	1,80965030193329	3953,125	0,0838064253330231	
3956,25	1,80884039402008	3956,25	0,0857477486133575	
3959,375	1,80408525466919	3959,375	0,0833936184644699	
3962,5	1,80603671073914	3962,5	0,0801768004894257	
3965,625	1,81074440479279	3965,625	0,0847654864192009	
3968,75	1,81029224395752	3968,75	0,0837636813521385	
3971,875	1,80938601493835	3971,875	0,080036386847496	
3975	1,81196510791779	3975	0,0752894058823586	
3978,125	1,80744576454163	3978,125	0,0772880539298058	
3981,25	1,8028736114502	3981,25	0,0803969278931618	
3984,375	1,79952025413513	3984,375	0,0793036073446274	
3987,5	1,80164635181427	3987,5	0,0815287530422211	
3990,625	1,80459833145142	3990,625	0,0772603303194046	
3993,75	1,80335736274719	3993,75	0,0789167806506157	
3996,875	1,80336308479309	3996,875	0,0786019787192345	
4000	1,8088550567627	4000	0,0743426829576492	
4003,125	1,80336964130402	4003,125	0,0753352493047714	
4006,25	1,80092167854309	4006,25	0,0752178654074669	
4009,375	1,79822134971619	4009,375	0,074744813144207	
4012,5	1,80035102367401	4012,5	0,0782073736190796	
4015,625	1,80349564552307	4015,625	0,0761214196681976	
4018,75	1,80109858512878	4018,75	0,0729793906211853	
4021,875	1,79816031455994	4021,875	0,0709069967269897	
4025	1,79929208755493	4025	0,0722166299819946	
4028,125	1,79369175434113	4028,125	0,0785388872027397	
4031,25	1,79016828536987	4031,25	0,0706750527024269	
4034,375	1,79155802726746	4034,375	0,0697521045804024	
4037,5	1,79690551757813	4037,5	0,0704444050788879	
4040,625	1,78252553939819	4040,625	0,0711147636175156	
4043,75	1,78608894348145	4043,75	0,0692030638456345	
4046,875	1,78647685050964	4046,875	0,0684559270739555	
4050	1,78486013412476	4050	0,0668947473168373	
4053,125	1,78690564632416	4053,125	0,0698633119463921	
4056,25	1,78658044338226	4056,25	0,0651842057704926	
4059,375	1,78532552719116	4059,375	0,0703848898410797	
4062,5	1,77960455417633	4062,5	0,0653006210923195	
4065,625	1,78278732299805	4065,625	0,0663596093654633	
4068,75	1,78081285953522	4068,75	0,0679979175329208	
4071,875	1,77793431282043	4071,875	0,0686291679739952	
4075	1,78765225410461	4075	0,0647164657711983	
4078,125	1,78697490692139	4078,125	0,0661603286862373	
4081,25	1,78567707538605	4081,25	0,0650635287165642	
4084,375	1,77875792980194	4084,375	0,0642023980617523	
4087,5	1,78305435180664	4087,5	0,0627783313393593	
4090,625	1,77475190162659	4090,625	0,0653364136815071	
4093,75	1,76994454860687	4093,75	0,0583651773631573	
4096,875	1,77570688724518	4096,875	0,0628749579191208	
4100	1,77638852596283	4100	0,0586885549128056	
4103,125	1,77541172504425	4103,125	0,0585136935114861	
4106,25	1,77351868152618	4106,25	0,0623517856001854	
4109,375	1,78003096580505	4109,375	0,0593479946255684	
4112,5	1,77347338199615	4112,5	0,0561678446829319	
4115,625	1,77061307430267	4115,625	0,0556490793824196	
4118,75	1,77359509468079	4118,75	0,0544237047433853	
4121,875	1,771329164505	4121,875	0,0576941668987274	
4125	1,76449382305145	4125	0,0516796000301838	
4128,125	1,7662171125412	4128,125	0,0510314963757992	
4131,25	1,76614773273468	4131,25	0,0537195652723312	
4134,375	1,76835322380066	4134,375	0,0504942312836647	
4137,5	1,76907241344452	4137,5	0,0517515949904919	
4140,625	1,76487040519714	4140,625	0,0534337237477303	
4143,75	1,76147723197937	4143,75	0,0471773408353329	
4146,875	1,76130068302155	4146,875	0,0523399338126183	
4150	1,75966596603394	4150	0,0449192225933075	
4153,125	1,76673293113708	4153,125	0,0464908182621002	
4156,25	1,76318967342377	4156,25	0,0454683154821396	
4159,375	1,75546860694885	4159,375	0,0520696528255939	
4162,5	1,75575292110443	4162,5	0,0448570773005486	
4165,625	1,75658178329468	4165,625	0,0446899570524693	
4168,75	1,75542664527893	4168,75	0,0453653186559677	
4171,875	1,75343108177185	4171,875	0,0466015785932541	
4175	1,75505232810974	4175	0,0471282079815865	
4178,125	1,75587856769562	4178,125	0,0423778519034386	
4181,25	1,75388956069946	4181,25	0,0395252145826817	
4184,375	1,75331854820251	4184,375	0,0434904173016548	
4187,5	1,75337970256805	4187,5	0,0409775674343109	
4190,625	1,75350606441498	4190,625	0,0419185534119606	
4193,75	1,74991321563721	4193,75	0,0425648279488087	
4196,875	1,74785614013672	4196,875	0,0416082814335823	
4200	1,74562954902649	4200	0,0448954924941063	
4203,125	1,74395942687988	4203,125	0,0422486215829849	
4206,25	1,74070155620575	4206,25	0,0397471450269222	
4209,375	1,74074983596802	4209,375	0,0420309044420719	
4212,5	1,74095618724823	4212,5	0,0410800315439701	
4215,625	1,74196004867554	4215,625	0,0402558855712414	
4218,75	1,74084389209747	4218,75	0,0401127822697163	
4221,875	1,73697865009308	4221,875	0,0410687066614628	
4225	1,73567986488342	4225	0,0373854674398899	
4228,125	1,73115265369415	4228,125	0,0378748551011086	
4231,25	1,73455858230591	4231,25	0,0401985384523869	
4234,375	1,73386096954346	4234,375	0,0401714406907558	
4237,5	1,73180615901947	4237,5	0,038610927760601	
4240,625	1,73509383201599	4240,625	0,0400219708681107	
4243,75	1,73182904720306	4243,75	0,0395234636962414	
4246,875	1,73380267620087	4246,875	0,042630672454834	
4250	1,7289000749588	4250	0,0395019799470901	
4253,125	1,72385776042938	4253,125	0,0406115688383579	
4256,25	1,7256875038147	4256,25	0,0390049293637276	
4259,375	1,72680842876434	4259,375	0,0423713438212872	
4262,5	1,72637510299683	4262,5	0,0406069606542587	
4265,625	1,72394835948944	4265,625	0,0399714820086956	
4268,75	1,72288489341736	4268,75	0,0453185811638832	
4271,875	1,72189664840698	4271,875	0,0483102723956108	
4275	1,72732186317444	4275	0,046283233910799	
4278,125	1,72505557537079	4278,125	0,0466476269066334	
4281,25	1,72289168834686	4281,25	0,0495551489293575	
4284,375	1,72346425056458	4284,375	0,0425914190709591	
4287,5	1,72303080558777	4287,5	0,0472601838409901	
4290,625	1,7246960401535	4290,625	0,0461209416389465	
4293,75	1,72013258934021	4293,75	0,0445209518074989	
4296,875	1,71636974811554	4296,875	0,0461846254765987	
4300	1,72169137001038	4300	0,0438191592693329	
4303,125	1,72546458244324	4303,125	0,0418146662414074	
4306,25	1,72136962413788	4306,25	0,0436247512698174	
4309,375	1,71767020225525	4309,375	0,0441110990941525	
4312,5	1,72357070446014	4312,5	0,0423288568854332	
4315,625	1,72027587890625	4315,625	0,0410931445658207	
4318,75	1,71964156627655	4318,75	0,0396794825792313	
4321,875	1,72100520133972	4321,875	0,0371076613664627	
4325	1,72093427181244	4325	0,036393515765667	
4328,125	1,72495567798615	4328,125	0,0384667627513409	
4331,25	1,72618997097015	4331,25	0,0342149138450623	
4334,375	1,72109866142273	4334,375	0,0355156138539314	
4337,5	1,72601640224457	4337,5	0,0332867950201035	
4340,625	1,7212929725647	4340,625	0,0303660072386265	
4343,75	1,72301030158997	4343,75	0,0314790830016136	
4346,875	1,72023046016693	4346,875	0,0234219245612621	
4350	1,72075462341309	4350	0,0201204307377338	
4353,125	1,7230042219162	4353,125	0,0225591436028481	
4356,25	1,72055804729462	4356,25	0,0205367859452963	
4359,375	1,71679925918579	4359,375	0,0153442714363337	
4362,5	1,72150456905365	4362,5	0,0158730000257492	
4365,625	1,72102451324463	4365,625	0,0205241926014423	
4368,75	1,72040390968323	4368,75	0,0166613385081291	
4371,875	1,71518409252167	4371,875	0,013442057184875	
4375	1,71423900127411	4375	0,00957143120467663	
4378,125	1,72047245502472	4378,125	0,00658280123025179	
4381,25	1,71234107017517	4381,25	0,00574183324351907	
4384,375	1,7093151807785	4384,375	0,0042078448459506	
4387,5	1,70618605613708	4387,5	0,00209713913500309	
4390,625	1,7062463760376	4390,625	0,00196176464669406	
4393,75	1,7094247341156	4393,75	-0,00301545881666243	
4396,875	1,70781087875366	4396,875	-0,00338622787967324	
4400	1,70342171192169	4400	-0,00668633682653308	
4403,125	1,70087230205536	4403,125	-0,0102177681401372	
4406,25	1,70031011104584	4406,25	-0,0099271796643734	
4409,375	1,6999739408493	4409,375	-0,0125770075246692	
4412,5	1,69641542434692	4412,5	-0,0108978906646371	
4415,625	1,69542193412781	4415,625	-0,0131473802030087	
4418,75	1,69415640830994	4418,75	-0,015050346031785	
4421,875	1,69409096240997	4421,875	-0,0179037358611822	
4425	1,68754434585571	4425	-0,0179469920694828	
4428,125	1,68888163566589	4428,125	-0,021105257794261	
4431,25	1,6886647939682	4431,25	-0,0192241705954075	
4434,375	1,68677067756653	4434,375	-0,0246394444257021	
4437,5	1,68358314037323	4437,5	-0,0224491395056248	
4440,625	1,68160462379456	4440,625	-0,0272377002984285	
4443,75	1,67848932743073	4443,75	-0,0306296683847904	
4446,875	1,67911863327026	4446,875	-0,0294207092374563	
4450	1,67698621749878	4450	-0,0299418661743402	
4453,125	1,67529261112213	4453,125	-0,0323603637516499	
4456,25	1,67131781578064	4456,25	-0,0324217602610588	
4459,375	1,66780304908752	4459,375	-0,0359928086400032	
4462,5	1,67121255397797	4462,5	-0,0400375947356224	
4465,625	1,66495931148529	4465,625	-0,0367688573896885	
4468,75	1,66450572013855	4468,75	-0,0351240336894989	
4471,875	1,66391396522522	4471,875	-0,0456537306308746	
4475	1,66172301769257	4475	-0,040876466780901	
4478,125	1,65608584880829	4478,125	-0,0436830334365368	
4481,25	1,65896999835968	4481,25	-0,0520104020833969	
4484,375	1,65950465202332	4484,375	-0,0500272251665592	
4487,5	1,65484464168549	4487,5	-0,0474871583282948	
4490,625	1,6475715637207	4490,625	-0,0495118945837021	
4493,75	1,6477427482605	4493,75	-0,0533046759665012	
4496,875	1,64342081546783	4496,875	-0,0572032742202282	
4500	1,64326477050781	4500	-0,0567527301609516	
4503,125	1,6404447555542	4503,125	-0,0599935278296471	
4506,25	1,64159965515137	4506,25	-0,0603197365999222	
4509,375	1,64095759391785	4509,375	-0,0608155019581318	
4512,5	1,63763201236725	4512,5	-0,0622441954910755	
4515,625	1,63461899757385	4515,625	-0,0658825263381004	
4518,75	1,63528263568878	4518,75	-0,0644383803009987	
4521,875	1,6354718208313	4521,875	-0,0660044476389885	
4525	1,63251411914825	4525	-0,0695576295256615	
4528,125	1,62645721435547	4528,125	-0,0708308890461922	
4531,25	1,62295114994049	4531,25	-0,071922592818737	
4534,375	1,62241971492767	4534,375	-0,0717354267835617	
4537,5	1,61992180347443	4537,5	-0,0749301686882973	
4540,625	1,61846590042114	4540,625	-0,076092042028904	
4543,75	1,61781346797943	4543,75	-0,0750944763422012	
4546,875	1,61634922027588	4546,875	-0,0755444467067719	
4550	1,61503767967224	4550	-0,0764557793736458	
4553,125	1,61048173904419	4553,125	-0,0784934535622597	
4556,25	1,60849165916443	4556,25	-0,0797913372516632	
4559,375	1,60719513893127	4559,375	-0,0795055627822876	
4562,5	1,61008477210999	4562,5	-0,0844006836414337	
4565,625	1,6073089838028	4565,625	-0,0821301862597466	
4568,75	1,60618686676025	4568,75	-0,0833972170948982	
4571,875	1,60433852672577	4571,875	-0,0839919596910477	
4575	1,60470712184906	4575	-0,0866337493062019	
4578,125	1,60203325748444	4578,125	-0,0869411006569862	
4581,25	1,59962546825409	4581,25	-0,089895986020565	
4584,375	1,60197508335114	4584,375	-0,0901119634509087	
4587,5	1,60301578044891	4587,5	-0,0891064554452896	
4590,625	1,6021591424942	4590,625	-0,0898667797446251	
4593,75	1,60135090351105	4593,75	-0,091496579349041	
4596,875	1,5976767539978	4596,875	-0,0914672687649727	
4600	1,60012221336365	4600	-0,0931752249598503	
4603,125	1,60420310497284	4603,125	-0,094274990260601	
4606,25	1,60075902938843	4606,25	-0,0961380153894424	
4609,375	1,60140645503998	4609,375	-0,0966358780860901	
4612,5	1,60039103031158	4612,5	-0,100009456276894	
4615,625	1,59801948070526	4615,625	-0,100636176764965	
4618,75	1,59959983825684	4618,75	-0,103672854602337	
4621,875	1,60130298137665	4621,875	-0,103287130594254	
4625	1,59484422206879	4625	-0,104085847735405	
4628,125	1,59891390800476	4628,125	-0,108036614954472	
4631,25	1,59875226020813	4631,25	-0,107526563107967	
4634,375	1,59952545166016	4634,375	-0,110365994274616	
4637,5	1,59886574745178	4637,5	-0,111484959721565	
4640,625	1,59903943538666	4640,625	-0,110825888812542	
4643,75	1,59903311729431	4643,75	-0,117879442870617	
4646,875	1,59940040111542	4646,875	-0,119793698191643	
4650	1,60048973560333	4650	-0,120822072029114	
4653,125	1,59991633892059	4653,125	-0,121755547821522	
4656,25	1,60137033462524	4656,25	-0,122017860412598	
4659,375	1,6010148525238	4659,375	-0,122956566512585	
4662,5	1,60639822483063	4662,5	-0,128242895007133	
4665,625	1,6031254529953	4665,625	-0,131259113550186	
4668,75	1,60146701335907	4668,75	-0,129829704761505	
4671,875	1,6022139787674	4671,875	-0,137203559279442	
4675	1,6019070148468	4675	-0,136218324303627	
4678,125	1,60482001304626	4678,125	-0,137159660458565	
4681,25	1,60021126270294	4681,25	-0,138120695948601	
4684,375	1,60178816318512	4684,375	-0,13985113799572	
4687,5	1,60514426231384	4687,5	-0,142742455005646	
4690,625	1,60174894332886	4690,625	-0,145490184426308	
4693,75	1,60113024711609	4693,75	-0,150143191218376	
4696,875	1,60585868358612	4696,875	-0,15087679028511	
4700	1,61096596717834	4700	-0,151926532387733	
4703,125	1,60514533519745	4703,125	-0,153682217001915	
4706,25	1,60750639438629	4706,25	-0,155645146965981	
4709,375	1,60864663124084	4709,375	-0,158626109361649	
4712,5	1,60743355751038	4712,5	-0,159804403781891	
4715,625	1,60608804225922	4715,625	-0,162564218044281	
4718,75	1,60596072673798	4718,75	-0,164363861083984	
4721,875	1,60808789730072	4721,875	-0,164420187473297	
4725	1,61079168319702	4725	-0,164979621767998	
4728,125	1,60829854011536	4728,125	-0,167993888258934	
4731,25	1,61445665359497	4731,25	-0,168769046664238	
4734,375	1,6160876750946	4734,375	-0,169557973742485	
4737,5	1,61615359783173	4737,5	-0,171956524252892	
4740,625	1,61366605758667	4740,625	-0,176924392580986	
4743,75	1,61555230617523	4743,75	-0,177805379033089	
4746,875	1,6158355474472	4746,875	-0,177367970347404	
4750	1,61745738983154	4750	-0,179044187068939	
4753,125	1,61976909637451	4753,125	-0,181728824973106	
4756,25	1,62252509593964	4756,25	-0,182744771242142	
4759,375	1,62042891979218	4759,375	-0,183118999004364	
4762,5	1,62173247337341	4762,5	-0,185240283608437	
4765,625	1,62563741207123	4765,625	-0,186964899301529	
4768,75	1,62499809265137	4768,75	-0,187606930732727	
4771,875	1,62551045417786	4771,875	-0,190513134002686	
4775	1,62507486343384	4775	-0,191668376326561	
4778,125	1,63143050670624	4778,125	-0,190878376364708	
4781,25	1,63188815116882	4781,25	-0,193573042750359	
4784,375	1,63206279277802	4784,375	-0,195609912276268	
4787,5	1,63405776023865	4787,5	-0,19514973461628	
4790,625	1,63559114933014	4790,625	-0,195885732769966	
4793,75	1,63610744476318	4793,75	-0,19917993247509	
4796,875	1,64140737056732	4796,875	-0,19841106235981	
4800	1,64350867271423	4800	-0,199992492794991	
4803,125	1,64687359333038	4803,125	-0,201683938503265	
4806,25	1,64849328994751	4806,25	-0,201112493872643	
4809,375	1,64949870109558	4809,375	-0,199632227420807	
4812,5	1,65291845798492	4812,5	-0,201877787709236	
4815,625	1,65566539764404	4815,625	-0,203685030341148	
4818,75	1,65556085109711	4818,75	-0,202081292867661	
4821,875	1,65617918968201	4821,875	-0,204329892992973	
4825	1,6591317653656	4825	-0,20246459543705	
4828,125	1,66153275966644	4828,125	-0,201917633414268	
4831,25	1,66459572315216	4831,25	-0,202589958906174	
4834,375	1,66946256160736	4834,375	-0,202761217951775	
4837,5	1,67405784130096	4837,5	-0,20288173854351	
4840,625	1,67760133743286	4840,625	-0,203167855739594	
4843,75	1,68145596981049	4843,75	-0,202070295810699	
4846,875	1,68493962287903	4846,875	-0,203542158007622	
4850	1,69302248954773	4850	-0,204599648714066	
4853,125	1,69489371776581	4853,125	-0,202407658100128	
4856,25	1,69673764705658	4856,25	-0,20169360935688	
4859,375	1,70548367500305	4859,375	-0,20344178378582	
4862,5	1,70880126953125	4862,5	-0,203886225819588	
4865,625	1,7144558429718	4865,625	-0,207256406545639	
4868,75	1,72044706344604	4868,75	-0,207055628299713	
4871,875	1,72643446922302	4871,875	-0,20247095823288	
4875	1,7290073633194	4875	-0,202993616461754	
4878,125	1,73235177993774	4878,125	-0,208690077066422	
4881,25	1,7371678352356	4881,25	-0,208889558911324	
4884,375	1,74345242977142	4884,375	-0,211040511727333	
4887,5	1,75170361995697	4887,5	-0,213081538677216	
4890,625	1,75285410881042	4890,625	-0,215435057878494	
4893,75	1,76222825050354	4893,75	-0,214103668928146	
4896,875	1,76649785041809	4896,875	-0,211852326989174	
4900	1,77322518825531	4900	-0,212731286883354	
4903,125	1,78210461139679	4903,125	-0,217439994215965	
4906,25	1,78421318531036	4906,25	-0,220060616731644	
4909,375	1,78739523887634	4909,375	-0,223675340414047	
4912,5	1,78941214084625	4912,5	-0,225395977497101	
4915,625	1,79778504371643	4915,625	-0,228408992290497	
4918,75	1,80316293239594	4918,75	-0,230562776327133	
4921,875	1,80790841579437	4921,875	-0,233499273657799	
4925	1,81356036663055	4925	-0,232745558023453	
4928,125	1,81848132610321	4928,125	-0,235195219516754	
4931,25	1,82346487045288	4931,25	-0,23635795712471	
4934,375	1,82659828662872	4934,375	-0,234826043248177	
4937,5	1,82985258102417	4937,5	-0,236985370516777	
4940,625	1,83793079853058	4940,625	-0,238317772746086	
4943,75	1,84606194496155	4943,75	-0,23991870880127	
4946,875	1,84665560722351	4946,875	-0,24438750743866	
4950	1,85476100444794	4950	-0,2511046230793	
4953,125	1,86267340183258	4953,125	-0,245864614844322	
4956,25	1,86902749538422	4956,25	-0,244786933064461	
4959,375	1,87818050384521	4959,375	-0,245563328266144	
4962,5	1,88584351539612	4962,5	-0,249118208885193	
4965,625	1,89016461372375	4965,625	-0,254270970821381	
4968,75	1,89309287071228	4968,75	-0,253933548927307	
4971,875	1,8989919424057	4971,875	-0,25283682346344	
4975	1,90592396259308	4975	-0,252027988433838	
				
