Frequency in Hz	Silk_92 Normalized Surface Impedance continuous Re	Frequency in Hz	Silk_92 Normalized Surface Impedance continuous Im	
100	5,02008962631226	100	-13,6212205886841	
103,125	5,46675443649292	103,125	-13,934121131897	
106,25	4,72300672531128	106,25	-13,0709314346313	
109,375	5,43555879592896	109,375	-13,9345169067383	
112,5	5,08084106445313	112,5	-12,1441287994385	
115,625	5,52229309082031	115,625	-11,4277801513672	
118,75	5,68139505386353	118,75	-11,4829244613647	
121,875	5,5062460899353	121,875	-11,3807430267334	
125	5,61643266677856	125	-11,2576885223389	
128,125	5,60054206848145	128,125	-10,9357614517212	
131,25	4,65546894073486	131,25	-10,4944305419922	
134,375	5,37756156921387	134,375	-10,4906873703003	
137,5	5,37468671798706	137,5	-9,6703462600708	
140,625	5,80553722381592	140,625	-9,96085166931152	
143,75	5,31759548187256	143,75	-9,26195812225342	
146,875	5,25366401672363	146,875	-9,3656759262085	
150	5,25015115737915	150	-9,89068794250488	
153,125	5,33477258682251	153,125	-8,59733581542969	
156,25	5,23551273345947	156,25	-8,80848979949951	
159,375	5,18879079818726	159,375	-8,84801578521729	
162,5	5,27177572250366	162,5	-8,84284973144531	
165,625	4,94646835327148	165,625	-8,73189163208008	
168,75	5,40528202056885	168,75	-7,7999415397644	
171,875	5,15310668945313	171,875	-7,65370464324951	
175	5,39882707595825	175	-7,84603691101074	
178,125	5,31473541259766	178,125	-7,42534923553467	
181,25	5,43643856048584	181,25	-7,54567384719849	
184,375	5,05295753479004	184,375	-7,27847719192505	
187,5	5,30570888519287	187,5	-7,34990262985229	
190,625	5,29126596450806	190,625	-7,39365863800049	
193,75	5,29764652252197	193,75	-7,10357046127319	
196,875	5,18224573135376	196,875	-6,87883567810059	
200	5,401282787323	200	-6,80097579956055	
203,125	5,03920221328735	203,125	-6,56399822235107	
206,25	5,31642484664917	206,25	-6,70105695724487	
209,375	5,20892333984375	209,375	-6,43826246261597	
212,5	5,32099437713623	212,5	-6,66670894622803	
215,625	5,2617335319519	215,625	-6,50895071029663	
218,75	5,46451568603516	218,75	-6,34675598144531	
221,875	4,9758825302124	221,875	-6,36396265029907	
225	5,29580450057983	225	-6,23415040969849	
228,125	5,17625570297241	228,125	-5,96461343765259	
231,25	5,14729881286621	231,25	-5,82294130325317	
234,375	5,24765205383301	234,375	-5,9999828338623	
237,5	5,25064182281494	237,5	-5,81999969482422	
240,625	5,17502975463867	240,625	-5,85440444946289	
243,75	5,27400255203247	243,75	-5,6339750289917	
246,875	5,24065542221069	246,875	-5,37624454498291	
250	5,03860759735107	250	-5,48663568496704	
253,125	5,31148433685303	253,125	-5,43576622009277	
256,25	5,23351716995239	256,25	-5,19810962677002	
259,375	5,08713722229004	259,375	-5,1141881942749	
262,5	5,19947052001953	262,5	-5,40306901931763	
265,625	5,17589139938354	265,625	-5,32891273498535	
268,75	5,2106671333313	268,75	-5,30168724060059	
271,875	5,0863184928894	271,875	-5,09883594512939	
275	5,15562105178833	275	-4,78564071655273	
278,125	5,21755790710449	278,125	-4,78607654571533	
281,25	4,97504663467407	281,25	-4,95770502090454	
284,375	5,05960369110107	284,375	-4,90022039413452	
287,5	5,09985399246216	287,5	-4,7039098739624	
290,625	5,0304708480835	290,625	-4,67928791046143	
293,75	5,02947902679443	293,75	-4,7207293510437	
296,875	5,00197267532349	296,875	-4,86973142623901	
300	4,87434434890747	300	-4,52771091461182	
303,125	5,06038904190063	303,125	-4,30365610122681	
306,25	4,58594751358032	306,25	-4,15712118148804	
309,375	4,8047924041748	309,375	-4,14886999130249	
312,5	4,75735282897949	312,5	-3,91558337211609	
315,625	4,8101749420166	315,625	-3,86617565155029	
318,75	5,00926542282104	318,75	-3,8357982635498	
321,875	5,23987102508545	321,875	-3,76744341850281	
325	5,3175163269043	325	-3,78282690048218	
328,125	5,53105640411377	328,125	-3,91016697883606	
331,25	5,35278940200806	331,25	-4,14459705352783	
334,375	5,35748767852783	334,375	-3,91348814964294	
337,5	5,35720252990723	337,5	-4,04579925537109	
340,625	5,52553844451904	340,625	-3,919109582901	
343,75	5,33731603622437	343,75	-3,87407660484314	
346,875	5,17795085906982	346,875	-3,99653244018555	
350	5,23118829727173	350	-3,82259368896484	
353,125	4,87823820114136	353,125	-4,01493644714355	
356,25	5,18905448913574	356,25	-4,0958399772644	
359,375	5,28447437286377	359,375	-4,02836227416992	
362,5	4,94559001922607	362,5	-3,88876962661743	
365,625	5,28020095825195	365,625	-3,82926201820374	
368,75	5,37186622619629	368,75	-3,78743410110474	
371,875	5,25879573822021	371,875	-3,54756426811218	
375	4,86011266708374	375	-3,61991095542908	
378,125	5,09000444412231	378,125	-3,66288304328918	
381,25	5,55785036087036	381,25	-3,89878153800964	
384,375	5,40655755996704	384,375	-3,78860116004944	
387,5	5,2307653427124	387,5	-3,61212134361267	
390,625	5,02072525024414	390,625	-3,53256344795227	
393,75	4,99209690093994	393,75	-3,72094488143921	
396,875	5,09291648864746	396,875	-3,7640552520752	
400	5,35039758682251	400	-3,83140110969543	
403,125	5,17348670959473	403,125	-3,65141296386719	
406,25	5,09991455078125	406,25	-3,53758311271667	
409,375	5,20862340927124	409,375	-3,78622961044312	
412,5	5,20109939575195	412,5	-3,67382001876831	
415,625	5,19762229919434	415,625	-3,27663898468018	
418,75	5,01917171478271	418,75	-3,07668781280518	
421,875	5,04630279541016	421,875	-3,13596630096436	
425	4,88581132888794	425	-3,37303066253662	
428,125	5,47741270065308	428,125	-3,52059435844421	
431,25	5,58219575881958	431,25	-3,21617746353149	
434,375	5,05308723449707	434,375	-2,95852661132813	
437,5	5,0285439491272	437,5	-2,97488260269165	
440,625	5,05659341812134	440,625	-3,14457321166992	
443,75	4,96657991409302	443,75	-3,09056639671326	
446,875	5,18594694137573	446,875	-3,18591523170471	
450	5,27921533584595	450	-3,16379928588867	
453,125	5,04160976409912	453,125	-3,19568419456482	
456,25	4,8472375869751	456,25	-3,06957411766052	
459,375	4,96751260757446	459,375	-3,12027072906494	
462,5	4,94431781768799	462,5	-3,19664144515991	
465,625	4,97223234176636	465,625	-3,24377346038818	
468,75	5,11904048919678	468,75	-3,10969591140747	
471,875	5,02426815032959	471,875	-3,01742362976074	
475	5,03868055343628	475	-3,29253339767456	
478,125	5,09184169769287	478,125	-3,24011611938477	
481,25	5,10377979278564	481,25	-3,02262187004089	
484,375	5,10205030441284	484,375	-3,00553584098816	
487,5	5,12510681152344	487,5	-2,98556017875671	
490,625	5,04358291625977	490,625	-3,10765767097473	
493,75	5,06666326522827	493,75	-3,09676599502563	
496,875	4,90507125854492	496,875	-3,00664949417114	
500	5,06393194198608	500	-2,96988153457642	
503,125	5,08649301528931	503,125	-2,94952511787415	
506,25	5,11573886871338	506,25	-3,02132821083069	
509,375	5,09742593765259	509,375	-3,01635599136353	
512,5	5,07230710983276	512,5	-2,95402002334595	
515,625	4,99903964996338	515,625	-2,89739966392517	
518,75	5,04007863998413	518,75	-3,119065284729	
521,875	5,05574083328247	521,875	-3,13962650299072	
525	4,95801067352295	525	-2,98762583732605	
528,125	5,06238842010498	528,125	-2,93921613693237	
531,25	5,09362125396729	531,25	-2,97498250007629	
534,375	5,15452527999878	534,375	-2,94275331497192	
537,5	5,14697027206421	537,5	-2,90720200538635	
540,625	5,18828248977661	540,625	-2,95382213592529	
543,75	5,06118297576904	543,75	-2,97420859336853	
546,875	5,03356695175171	546,875	-2,85533881187439	
550	5,01436614990234	550	-2,97294616699219	
553,125	5,14681625366211	553,125	-2,90723395347595	
556,25	5,54271030426025	556,25	-2,41399788856506	
559,375	5,61371183395386	559,375	-2,35878849029541	
562,5	5,66604852676392	562,5	-2,45899987220764	
565,625	5,77456045150757	565,625	-2,4605016708374	
568,75	5,62373065948486	568,75	-2,36875581741333	
571,875	5,63170433044434	571,875	-2,32446193695068	
575	5,65281200408936	575	-2,38026189804077	
578,125	5,70992755889893	578,125	-2,38502907752991	
581,25	5,69803953170776	581,25	-2,27007436752319	
584,375	5,64185762405396	584,375	-2,36629199981689	
587,5	5,70752239227295	587,5	-2,32227349281311	
590,625	5,70091962814331	590,625	-2,3396258354187	
593,75	5,65519952774048	593,75	-2,35304880142212	
596,875	5,69563055038452	596,875	-2,30760478973389	
600	5,79047203063965	600	-2,28594136238098	
603,125	5,6871190071106	603,125	-2,33718514442444	
606,25	5,6829571723938	606,25	-2,23440337181091	
609,375	5,56682825088501	609,375	-2,26874256134033	
612,5	5,65039348602295	612,5	-2,22235441207886	
615,625	5,6053032875061	615,625	-2,19390153884888	
618,75	5,64574766159058	618,75	-2,23351621627808	
621,875	5,59472274780273	621,875	-2,20715379714966	
625	5,61651706695557	625	-2,14480400085449	
628,125	5,63016366958618	628,125	-2,2084972858429	
631,25	5,67204570770264	631,25	-2,17393779754639	
634,375	5,66170454025269	634,375	-2,14178466796875	
637,5	5,64610385894775	637,5	-2,0801887512207	
640,625	5,63828229904175	640,625	-2,13554859161377	
643,75	5,67381620407104	643,75	-2,1612708568573	
646,875	5,67109298706055	646,875	-2,1220908164978	
650	5,66328096389771	650	-2,10251474380493	
653,125	5,69353771209717	653,125	-2,11840057373047	
656,25	5,73727941513062	656,25	-2,11233854293823	
659,375	5,71695470809937	659,375	-2,17680382728577	
662,5	5,6883282661438	662,5	-2,09705114364624	
665,625	5,72122144699097	665,625	-2,11681032180786	
668,75	5,70959520339966	668,75	-2,0892322063446	
671,875	5,70547866821289	671,875	-2,06319737434387	
675	5,70758676528931	675	-2,05723142623901	
678,125	5,66467046737671	678,125	-2,04085612297058	
681,25	5,66692543029785	681,25	-2,06106352806091	
684,375	5,70011711120605	684,375	-2,03409719467163	
687,5	5,64840650558472	687,5	-2,02117133140564	
690,625	5,65121030807495	690,625	-2,03685903549194	
693,75	5,67997074127197	693,75	-1,99181222915649	
696,875	5,6643533706665	696,875	-1,9692234992981	
700	5,71732234954834	700	-2,00587177276611	
703,125	5,74113035202026	703,125	-2,03072094917297	
706,25	5,66519784927368	706,25	-2,0380380153656	
709,375	5,67177057266235	709,375	-2,01897215843201	
712,5	5,70531511306763	712,5	-2,07671451568604	
715,625	5,69074106216431	715,625	-2,01514387130737	
718,75	5,63649654388428	718,75	-1,98948335647583	
721,875	5,70237350463867	721,875	-2,04027605056763	
725	5,69540023803711	725	-2,00848889350891	
728,125	5,66829442977905	728,125	-1,98035824298859	
731,25	5,71695470809937	731,25	-2,05669164657593	
734,375	5,69445133209229	734,375	-2,00916171073914	
737,5	5,7012243270874	737,5	-1,99326324462891	
740,625	5,67748069763184	740,625	-2,02165794372559	
743,75	5,68238496780396	743,75	-2,01260280609131	
746,875	5,72756671905518	746,875	-2,00948691368103	
750	5,64400339126587	750	-2,00399613380432	
753,125	5,65407848358154	753,125	-1,9700243473053	
756,25	5,66561460494995	756,25	-1,95569086074829	
759,375	5,69179105758667	759,375	-2,00355648994446	
762,5	5,66481113433838	762,5	-1,97461354732513	
765,625	5,67042970657349	765,625	-1,94887185096741	
768,75	5,59829616546631	768,75	-1,9090348482132	
771,875	5,58798789978027	771,875	-1,99232089519501	
775	5,66381120681763	775	-1,93944084644318	
778,125	5,60074234008789	778,125	-1,88671886920929	
781,25	5,63684558868408	781,25	-1,93048214912415	
784,375	5,62777948379517	784,375	-1,98434042930603	
787,5	5,56577730178833	787,5	-1,89636886119843	
790,625	5,62047433853149	790,625	-1,93397283554077	
793,75	5,62684535980225	793,75	-1,88821840286255	
796,875	5,60014009475708	796,875	-1,9390674829483	
800	5,60836839675903	800	-1,92399251461029	
803,125	5,64624929428101	803,125	-1,81412160396576	
806,25	5,7135214805603	806,25	-1,84568786621094	
809,375	5,71113967895508	809,375	-1,86846196651459	
812,5	5,64073038101196	812,5	-1,88661134243011	
815,625	5,59281253814697	815,625	-1,85202503204346	
818,75	5,65497541427612	818,75	-1,88506507873535	
821,875	5,62511539459229	821,875	-1,83929777145386	
825	5,60894680023193	825	-1,89616215229034	
828,125	5,56015110015869	828,125	-1,88457775115967	
831,25	5,529137134552	831,25	-1,82715690135956	
834,375	5,60061597824097	834,375	-1,80552089214325	
837,5	5,67675256729126	837,5	-1,78472423553467	
840,625	5,64726400375366	840,625	-1,78742241859436	
843,75	5,63938283920288	843,75	-1,88864850997925	
846,875	5,70788812637329	846,875	-1,91517508029938	
850	5,56878137588501	850	-1,94117701053619	
853,125	5,58585977554321	853,125	-1,90382897853851	
856,25	5,68034601211548	856,25	-1,71599805355072	
859,375	5,59698867797852	859,375	-1,65653538703918	
862,5	5,58190393447876	862,5	-1,74884617328644	
865,625	5,64151763916016	865,625	-1,80043482780457	
868,75	5,64668416976929	868,75	-1,82057988643646	
871,875	5,66948652267456	871,875	-1,86007630825043	
875	5,67514324188232	875	-1,84009945392609	
878,125	5,63660335540771	878,125	-1,78352904319763	
881,25	5,62874364852905	881,25	-1,79804193973541	
884,375	5,90284824371338	884,375	-0,589958727359772	
887,5	5,89103841781616	887,5	-0,521046161651611	
890,625	5,92454433441162	890,625	-0,533746480941772	
893,75	5,95103454589844	893,75	-0,52738344669342	
896,875	5,88869428634644	896,875	-0,562348484992981	
900	5,92836093902588	900	-0,555846869945526	
903,125	5,91447496414185	903,125	-0,57407945394516	
906,25	5,83048439025879	906,25	-0,514631867408752	
909,375	5,83970832824707	909,375	-0,496120572090149	
912,5	5,88439989089966	912,5	-0,553437530994415	
915,625	5,8187370300293	915,625	-0,463828444480896	
918,75	5,78446102142334	918,75	-0,432368487119675	
921,875	5,81145143508911	921,875	-0,566549360752106	
925	5,77034330368042	925	-0,545617341995239	
928,125	5,83485555648804	928,125	-0,51969701051712	
931,25	5,91045093536377	931,25	-0,491039991378784	
934,375	5,90818881988525	934,375	-0,473846197128296	
937,5	5,94679689407349	937,5	-0,559824168682098	
940,625	5,86309480667114	940,625	-0,53146904706955	
943,75	5,82422828674316	943,75	-0,48051917552948	
946,875	5,82500886917114	946,875	-0,460450768470764	
950	5,87464952468872	950	-0,434551656246185	
953,125	5,8247504234314	953,125	-0,454292893409729	
956,25	5,77338600158691	956,25	-0,439997583627701	
959,375	5,75818920135498	959,375	-0,455150097608566	
962,5	5,74756622314453	962,5	-0,481596350669861	
965,625	5,75358057022095	965,625	-0,421590924263	
968,75	5,81913280487061	968,75	-0,384137362241745	
971,875	5,7748441696167	971,875	-0,453573226928711	
975	5,73478412628174	975	-0,479076743125916	
978,125	5,76791048049927	978,125	-0,438194066286087	
981,25	5,70033407211304	981,25	-0,451250076293945	
984,375	5,76285791397095	984,375	-0,421121656894684	
987,5	5,77154350280762	987,5	-0,376281827688217	
990,625	5,74516677856445	990,625	-0,417072683572769	
993,75	5,81082439422607	993,75	-0,417724817991257	
996,875	5,7354736328125	996,875	-0,380543917417526	
1000	5,72805404663086	1000	-0,385151743888855	
1003,125	5,74303197860718	1003,125	-0,361859351396561	
1006,25	5,69866514205933	1006,25	-0,355923295021057	
1009,375	5,71067953109741	1009,375	-0,349023640155792	
1012,5	5,73785829544067	1012,5	-0,357699900865555	
1015,625	5,63583707809448	1015,625	-0,311555147171021	
1018,75	5,67911005020142	1018,75	-0,401945680379868	
1021,875	5,69293642044067	1021,875	-0,332246869802475	
1025	5,699143409729	1025	-0,359925806522369	
1028,125	5,67515850067139	1028,125	-0,325772792100906	
1031,25	5,69739198684692	1031,25	-0,32904064655304	
1034,375	5,69730234146118	1034,375	-0,301696062088013	
1037,5	5,67536020278931	1037,5	-0,3586385846138	
1040,625	5,66635131835938	1040,625	-0,329164385795593	
1043,75	5,64448833465576	1043,75	-0,327372580766678	
1046,875	5,67678546905518	1046,875	-0,289518713951111	
1050	5,65974283218384	1050	-0,320493370294571	
1053,125	5,71133756637573	1053,125	-0,298468232154846	
1056,25	5,70097732543945	1056,25	-0,334728509187698	
1059,375	5,63778162002563	1059,375	-0,284275442361832	
1062,5	5,65505695343018	1062,5	-0,262693405151367	
1065,625	5,66182851791382	1065,625	-0,323591768741608	
1068,75	5,63624334335327	1068,75	-0,29615518450737	
1071,875	5,64465808868408	1071,875	-0,274761319160461	
1075	5,62123394012451	1075	-0,282491475343704	
1078,125	5,62753868103027	1078,125	-0,286474376916885	
1081,25	5,60071516036987	1081,25	-0,249316796660423	
1084,375	5,58678197860718	1084,375	-0,254397839307785	
1087,5	5,58208465576172	1087,5	-0,270994752645493	
1090,625	5,57895994186401	1090,625	-0,261015176773071	
1093,75	5,57086992263794	1093,75	-0,255219668149948	
1096,875	5,57797288894653	1096,875	-0,273161262273788	
1100	5,57097721099854	1100	-0,245353564620018	
1103,125	5,57095050811768	1103,125	-0,254675775766373	
1106,25	5,50500869750977	1106,25	-0,243019044399261	
1109,375	5,50588607788086	1109,375	-0,266663670539856	
1112,5	5,57178688049316	1112,5	-0,237767800688744	
1115,625	5,54756355285645	1115,625	-0,223931282758713	
1118,75	5,52282524108887	1118,75	-0,243467018008232	
1121,875	5,51582527160645	1121,875	-0,240904062986374	
1125	5,52758264541626	1125	-0,21928758919239	
1128,125	5,52333927154541	1128,125	-0,215074315667152	
1131,25	5,51647615432739	1131,25	-0,25224906206131	
1134,375	5,51196527481079	1134,375	-0,218037873506546	
1137,5	5,5137996673584	1137,5	-0,230102688074112	
1140,625	5,53699254989624	1140,625	-0,224476009607315	
1143,75	5,50019264221191	1143,75	-0,253059089183807	
1146,875	5,51697587966919	1146,875	-0,268986225128174	
1150	5,51141595840454	1150	-0,218094930052757	
1153,125	5,49850034713745	1153,125	-0,204996004700661	
1156,25	5,47156667709351	1156,25	-0,195349529385567	
1159,375	5,47843742370605	1159,375	-0,217458069324493	
1162,5	5,45832538604736	1162,5	-0,224356457591057	
1165,625	5,4389533996582	1165,625	-0,219626665115356	
1168,75	5,49029636383057	1168,75	-0,211646556854248	
1171,875	5,47400951385498	1171,875	-0,243634715676308	
1175	5,47123861312866	1175	-0,190210998058319	
1178,125	5,48703193664551	1178,125	-0,190228432416916	
1181,25	5,46567010879517	1181,25	-0,192212671041489	
1184,375	5,45324516296387	1184,375	-0,212946176528931	
1187,5	5,43616724014282	1187,5	-0,193063229322433	
1190,625	5,37803220748901	1190,625	-0,196327850222588	
1193,75	5,35994958877563	1193,75	-0,200244203209877	
1196,875	5,37580013275146	1196,875	-0,219855114817619	
1200	5,41741180419922	1200	-0,211626872420311	
1203,125	5,38430309295654	1203,125	-0,215678885579109	
1206,25	5,40087223052979	1206,25	-0,197820946574211	
1209,375	5,3456597328186	1209,375	-0,178421452641487	
1212,5	5,34744024276733	1212,5	-0,217850491404533	
1215,625	5,39652490615845	1215,625	-0,175913721323013	
1218,75	5,37563037872314	1218,75	-0,208564057946205	
1221,875	5,37710475921631	1221,875	-0,229507029056549	
1225	5,44605159759521	1225	-0,227047845721245	
1228,125	5,29883480072021	1228,125	-0,217867091298103	
1231,25	5,29256582260132	1231,25	-0,154308319091797	
1234,375	5,30592155456543	1234,375	-0,162869691848755	
1237,5	5,35535860061646	1237,5	-0,195987537503242	
1240,625	5,40843391418457	1240,625	-0,230464935302734	
1243,75	5,35910606384277	1243,75	-0,223348036408424	
1246,875	5,39380121231079	1246,875	-0,218014061450958	
1250	5,31367540359497	1250	-0,244896754622459	
1253,125	5,29403686523438	1253,125	-0,224558129906654	
1256,25	5,30806398391724	1256,25	-0,197965204715729	
1259,375	5,26001453399658	1259,375	-0,164853289723396	
1262,5	5,17525625228882	1262,5	-0,276929825544357	
1265,625	5,26868534088135	1265,625	-0,271303951740265	
1268,75	5,21758556365967	1268,75	-0,248076424002647	
1271,875	5,20863199234009	1271,875	-0,245499134063721	
1275	5,23741579055786	1275	-0,261621862649918	
1278,125	5,22425413131714	1278,125	-0,217642962932587	
1281,25	5,16269397735596	1281,25	-0,234743744134903	
1284,375	5,19743156433105	1284,375	-0,219926938414574	
1287,5	5,20535135269165	1287,5	-0,247689336538315	
1290,625	5,19550609588623	1290,625	-0,261212170124054	
1293,75	5,14494800567627	1293,75	-0,225558236241341	
1296,875	5,09591674804688	1296,875	-0,262182027101517	
1300	5,12038230895996	1300	-0,273991823196411	
1303,125	5,13111400604248	1303,125	-0,26832440495491	
1306,25	5,11146116256714	1306,25	-0,252515941858292	
1309,375	5,15011548995972	1309,375	-0,296220630407333	
1312,5	5,16014862060547	1312,5	-0,289887487888336	
1315,625	5,08716726303101	1315,625	-0,293648064136505	
1318,75	5,05618953704834	1318,75	-0,261222243309021	
1321,875	5,04346132278442	1321,875	-0,314476281404495	
1325	5,06278657913208	1325	-0,272928059101105	
1328,125	4,99582576751709	1328,125	-0,271734774112701	
1331,25	5,01006364822388	1331,25	-0,328424096107483	
1334,375	5,03982782363892	1334,375	-0,327194631099701	
1337,5	5,03577089309692	1337,5	-0,356390535831451	
1340,625	4,99450731277466	1340,625	-0,353642463684082	
1343,75	4,99445676803589	1343,75	-0,331080049276352	
1346,875	4,97146654129028	1346,875	-0,358759015798569	
1350	4,92311716079712	1350	-0,363228112459183	
1353,125	4,94974708557129	1353,125	-0,382279366254807	
1356,25	4,97993898391724	1356,25	-0,418374359607697	
1359,375	4,93653297424316	1359,375	-0,420809596776962	
1362,5	4,92263174057007	1362,5	-0,409848719835281	
1365,625	4,94271373748779	1365,625	-0,458334654569626	
1368,75	4,87880373001099	1368,75	-0,439974874258041	
1371,875	4,82567024230957	1371,875	-0,396343350410461	
1375	4,8080530166626	1375	-0,439658105373383	
1378,125	4,81946706771851	1378,125	-0,463219314813614	
1381,25	4,78457689285278	1381,25	-0,486192345619202	
1384,375	4,74386787414551	1384,375	-0,486574679613113	
1387,5	4,73050546646118	1387,5	-0,489816516637802	
1390,625	4,70529174804688	1390,625	-0,494535267353058	
1393,75	4,69520711898804	1393,75	-0,505878627300262	
1396,875	4,6535849571228	1396,875	-0,532125532627106	
1400	4,63037395477295	1400	-0,554624557495117	
1403,125	4,58399152755737	1403,125	-0,559769928455353	
1406,25	4,55375814437866	1406,25	-0,562345743179321	
1409,375	4,49237442016602	1409,375	-0,594091176986694	
1412,5	4,4914698600769	1412,5	-0,60015606880188	
1415,625	4,44594097137451	1415,625	-0,610397279262543	
1418,75	4,39039373397827	1418,75	-0,644962906837463	
1421,875	4,38112831115723	1421,875	-0,672772288322449	
1425	4,30897903442383	1425	-0,646713197231293	
1428,125	4,22245979309082	1428,125	-0,634503185749054	
1431,25	4,18492698669434	1431,25	-0,643448352813721	
1434,375	4,12683725357056	1434,375	-0,662854850292206	
1437,5	4,08622980117798	1437,5	-0,647014021873474	
1440,625	4,0196647644043	1440,625	-0,665273547172546	
1443,75	3,94814205169678	1443,75	-0,665088534355164	
1446,875	3,88058876991272	1446,875	-0,662037491798401	
1450	3,80519151687622	1450	-0,623942613601685	
1453,125	3,73889398574829	1453,125	-0,599219083786011	
1456,25	3,65514421463013	1456,25	-0,592896103858948	
1459,375	3,62196683883667	1459,375	-0,586314380168915	
1462,5	3,5115921497345	1462,5	-0,540976405143738	
1465,625	3,43287301063538	1465,625	-0,51187264919281	
1468,75	3,34615063667297	1468,75	-0,479685246944427	
1471,875	3,25926041603088	1471,875	-0,423098623752594	
1475	3,21146655082703	1475	-0,357196122407913	
1478,125	3,14429974555969	1478,125	-0,293449431657791	
1481,25	3,05066728591919	1481,25	-0,235293328762054	
1484,375	2,98662877082825	1484,375	-0,145101279020309	
1487,5	2,93705248832703	1487,5	-0,0586092732846737	
1490,625	2,88921856880188	1490,625	0,0506175644695759	
1493,75	2,85781311988831	1493,75	0,140293434262276	
1496,875	2,80483937263489	1496,875	0,241559028625488	
1500	2,78109121322632	1500	0,342363655567169	
1503,125	2,76845622062683	1503,125	0,444983124732971	
1506,25	2,79183554649353	1506,25	0,560209453105927	
1509,375	2,78644800186157	1509,375	0,657647430896759	
1512,5	2,7797954082489	1512,5	0,755155324935913	
1515,625	2,78959774971008	1515,625	0,870188295841217	
1518,75	2,81578254699707	1518,75	0,967253148555756	
1521,875	2,83754849433899	1521,875	1,04988694190979	
1525	2,89177799224854	1525	1,13942897319794	
1528,125	2,93334817886353	1528,125	1,19842660427094	
1531,25	2,96643400192261	1531,25	1,27398908138275	
1534,375	3,03117537498474	1534,375	1,33877730369568	
1537,5	3,08402490615845	1537,5	1,39380073547363	
1540,625	3,12719440460205	1540,625	1,46317088603973	
1543,75	3,1880202293396	1543,75	1,49223911762238	
1546,875	3,2396936416626	1546,875	1,53667652606964	
1550	3,29138731956482	1550	1,59284114837646	
1553,125	3,342200756073	1553,125	1,60296905040741	
1556,25	3,38778257369995	1556,25	1,64878809452057	
1559,375	3,45524978637695	1559,375	1,64853870868683	
1562,5	3,4907021522522	1562,5	1,67261099815369	
1565,625	3,52300333976746	1565,625	1,67901742458344	
1568,75	3,56732058525085	1568,75	1,68450260162354	
1571,875	3,61170101165771	1571,875	1,70713925361633	
1575	3,66204476356506	1575	1,73020935058594	
1578,125	3,6906156539917	1578,125	1,72930955886841	
1581,25	3,73969340324402	1581,25	1,72535920143127	
1584,375	3,75966906547546	1584,375	1,71681571006775	
1587,5	3,78886127471924	1587,5	1,71140551567078	
1590,625	3,82210350036621	1590,625	1,7444851398468	
1593,75	3,83551263809204	1593,75	1,7493679523468	
1596,875	3,88473844528198	1596,875	1,7282395362854	
1600	3,89746594429016	1600	1,73575937747955	
1603,125	3,9281280040741	1603,125	1,72770500183105	
1606,25	3,92860054969788	1606,25	1,75634121894836	
1609,375	3,98544335365295	1609,375	1,7064174413681	
1612,5	4,00414180755615	1612,5	1,70373725891113	
1615,625	4,00567054748535	1615,625	1,71069478988647	
1618,75	4,02414894104004	1618,75	1,7016636133194	
1621,875	4,02126455307007	1621,875	1,72082328796387	
1625	4,0385046005249	1625	1,66385555267334	
1628,125	4,05032873153687	1628,125	1,68026125431061	
1631,25	4,06604480743408	1631,25	1,6600079536438	
1634,375	4,08501577377319	1634,375	1,67792797088623	
1637,5	4,09210443496704	1637,5	1,64365100860596	
1640,625	4,1352653503418	1640,625	1,71494817733765	
1643,75	4,17040300369263	1643,75	1,68287742137909	
1646,875	4,14402151107788	1646,875	1,68414223194122	
1650	4,15008544921875	1650	1,6596941947937	
1653,125	4,16900300979614	1653,125	1,65222024917603	
1656,25	4,16595840454102	1656,25	1,68466591835022	
1659,375	4,16974639892578	1659,375	1,64922797679901	
1662,5	4,14320993423462	1662,5	1,64213621616364	
1665,625	4,14457559585571	1665,625	1,67056155204773	
1668,75	4,1643328666687	1668,75	1,65280771255493	
1671,875	4,16563701629639	1671,875	1,6083652973175	
1675	4,16477060317993	1675	1,67788779735565	
1678,125	4,17835807800293	1678,125	1,67444849014282	
1681,25	4,1730842590332	1681,25	1,68570351600647	
1684,375	4,18168210983276	1684,375	1,68935000896454	
1687,5	4,21077632904053	1687,5	1,67246961593628	
1690,625	4,19406080245972	1690,625	1,73342275619507	
1693,75	4,20529317855835	1693,75	1,71689236164093	
1696,875	4,21943664550781	1696,875	1,71707844734192	
1700	4,27128982543945	1700	1,72044885158539	
1703,125	4,32060766220093	1703,125	1,70764112472534	
1706,25	4,31003427505493	1706,25	1,69953465461731	
1709,375	4,3061728477478	1709,375	1,65647029876709	
1712,5	4,31945085525513	1712,5	1,64077651500702	
1715,625	4,34860992431641	1715,625	1,61295199394226	
1718,75	4,3120322227478	1718,75	1,62490952014923	
1721,875	4,30823135375977	1721,875	1,61081910133362	
1725	4,31304216384888	1725	1,60519027709961	
1728,125	4,32213020324707	1728,125	1,53005051612854	
1731,25	4,2646107673645	1731,25	1,5420218706131	
1734,375	4,25921583175659	1734,375	1,55959343910217	
1737,5	4,25825166702271	1737,5	1,56148827075958	
1740,625	4,28005409240723	1740,625	1,59156668186188	
1743,75	4,20689392089844	1743,75	1,52599215507507	
1746,875	4,1927375793457	1746,875	1,51902282238007	
1750	4,23465442657471	1750	1,54399287700653	
1753,125	4,23653602600098	1753,125	1,51104938983917	
1756,25	4,23733139038086	1756,25	1,50352203845978	
1759,375	4,21863460540771	1759,375	1,50740087032318	
1762,5	4,21664142608643	1762,5	1,54207110404968	
1765,625	4,22634840011597	1765,625	1,51585507392883	
1768,75	4,2469220161438	1768,75	1,50705432891846	
1771,875	4,18172693252563	1771,875	1,52310490608215	
1775	4,16205883026123	1775	1,5434387922287	
1778,125	4,1942310333252	1778,125	1,53426766395569	
1781,25	4,20627641677856	1781,25	1,54410231113434	
1784,375	4,16210412979126	1784,375	1,54045522212982	
1787,5	4,15673446655273	1787,5	1,53813540935516	
1790,625	4,14673662185669	1790,625	1,56204104423523	
1793,75	4,18815946578979	1793,75	1,56266033649445	
1796,875	4,21848964691162	1796,875	1,54478120803833	
1800	4,18817186355591	1800	1,575923204422	
1803,125	4,17678117752075	1803,125	1,5641313791275	
1806,25	4,1843318939209	1806,25	1,55865681171417	
1809,375	4,16378211975098	1809,375	1,5712742805481	
1812,5	4,17966461181641	1812,5	1,58281099796295	
1815,625	4,19626045227051	1815,625	1,61564207077026	
1818,75	4,16168737411499	1818,75	1,60114598274231	
1821,875	4,15561676025391	1821,875	1,5896292924881	
1825	4,19054079055786	1825	1,59171915054321	
1828,125	4,17278146743774	1828,125	1,57683706283569	
1831,25	4,1659722328186	1831,25	1,58854341506958	
1834,375	4,1904444694519	1834,375	1,61793684959412	
1837,5	4,14469861984253	1837,5	1,57399690151215	
1840,625	4,14973402023315	1840,625	1,56648862361908	
1843,75	4,14140892028809	1843,75	1,58253788948059	
1846,875	4,16092252731323	1846,875	1,57222628593445	
1850	4,21077919006348	1850	1,59011697769165	
1853,125	4,19365262985229	1853,125	1,58471047878265	
1856,25	4,15586996078491	1856,25	1,59153401851654	
1859,375	4,16542720794678	1859,375	1,60487508773804	
1862,5	4,18490123748779	1862,5	1,61314415931702	
1865,625	4,20046615600586	1865,625	1,6070693731308	
1868,75	4,19008445739746	1868,75	1,62731242179871	
1871,875	4,19486427307129	1871,875	1,61189615726471	
1875	4,17892742156982	1875	1,61498463153839	
1878,125	4,1680121421814	1878,125	1,59580719470978	
1881,25	4,18669366836548	1881,25	1,61651217937469	
1884,375	4,1697998046875	1884,375	1,62457418441772	
1887,5	4,18785619735718	1887,5	1,60559344291687	
1890,625	4,2037239074707	1890,625	1,64456796646118	
1893,75	4,2002272605896	1893,75	1,58727872371674	
1896,875	4,19510984420776	1896,875	1,61040568351746	
1900	4,18518400192261	1900	1,62408089637756	
1903,125	4,18739223480225	1903,125	1,61718392372131	
1906,25	4,2059588432312	1906,25	1,62013721466064	
1909,375	4,19289636611938	1909,375	1,63044774532318	
1912,5	4,18560457229614	1912,5	1,62085568904877	
1915,625	4,19306802749634	1915,625	1,58755600452423	
1918,75	4,19886636734009	1918,75	1,62259304523468	
1921,875	4,18942356109619	1921,875	1,5936598777771	
1925	4,19575452804565	1925	1,59925019741058	
1928,125	4,1768856048584	1928,125	1,59738445281982	
1931,25	4,20083808898926	1931,25	1,60356104373932	
1934,375	4,22784376144409	1934,375	1,60492265224457	
1937,5	4,22457981109619	1937,5	1,62095189094543	
1940,625	4,24046802520752	1940,625	1,61981058120728	
1943,75	4,23066759109497	1943,75	1,58719527721405	
1946,875	4,20237350463867	1946,875	1,58302044868469	
1950	4,23747062683105	1950	1,58040511608124	
1953,125	4,22539377212524	1953,125	1,59799563884735	
1956,25	4,23894643783569	1956,25	1,58402514457703	
1959,375	4,25243234634399	1959,375	1,60803508758545	
1962,5	4,27014207839966	1962,5	1,55333721637726	
1965,625	4,23666763305664	1965,625	1,55006444454193	
1968,75	4,25193548202515	1968,75	1,56905341148376	
1971,875	4,2921462059021	1971,875	1,56226682662964	
1975	4,21526575088501	1975	1,55783879756927	
1978,125	4,25442838668823	1978,125	1,5217444896698	
1981,25	4,26947498321533	1981,25	1,52384734153748	
1984,375	4,2523627281189	1984,375	1,51285946369171	
1987,5	4,27823162078857	1987,5	1,54655504226685	
1990,625	4,34621286392212	1990,625	1,5199373960495	
1993,75	4,31463623046875	1993,75	1,49449849128723	
1996,875	4,30630445480347	1996,875	1,4734081029892	
2000	4,30912923812866	2000	1,49012494087219	
2003,125	4,30562114715576	2003,125	1,44450151920319	
2006,25	4,30057382583618	2006,25	1,45947408676147	
2009,375	4,3077564239502	2009,375	1,38826131820679	
2012,5	4,31151103973389	2012,5	1,4072859287262	
2015,625	4,29036998748779	2015,625	1,39242160320282	
2018,75	4,30028104782104	2018,75	1,35662543773651	
2021,875	4,29727840423584	2021,875	1,33017861843109	
2025	4,27719306945801	2025	1,33162927627563	
2028,125	4,26381301879883	2028,125	1,30177187919617	
2031,25	4,27735328674316	2031,25	1,29659950733185	
2034,375	4,25327634811401	2034,375	1,27475798130035	
2037,5	4,21125555038452	2037,5	1,24563348293304	
2040,625	4,26991319656372	2040,625	1,20228230953217	
2043,75	4,24103832244873	2043,75	1,21660041809082	
2046,875	4,24205589294434	2046,875	1,2109569311142	
2050	4,25109434127808	2050	1,16136169433594	
2053,125	4,15589666366577	2053,125	1,1818368434906	
2056,25	4,17021703720093	2056,25	1,09315824508667	
2059,375	4,18500566482544	2059,375	1,12219417095184	
2062,5	4,12577486038208	2062,5	1,13999605178833	
2065,625	4,08348655700684	2065,625	1,10580956935883	
2068,75	4,08879375457764	2068,75	1,12752878665924	
2071,875	4,08684968948364	2071,875	1,10783708095551	
2075	4,06089401245117	2075	1,11794114112854	
2078,125	3,99853444099426	2078,125	1,09859383106232	
2081,25	4,01705026626587	2081,25	1,08175611495972	
2084,375	4,01519775390625	2084,375	1,06446754932404	
2087,5	4,01791429519653	2087,5	1,07189238071442	
2090,625	4,00918579101563	2090,625	1,05601298809052	
2093,75	3,96016073226929	2093,75	1,0694967508316	
2096,875	3,9251971244812	2096,875	1,07203316688538	
2100	3,92942142486572	2100	1,0584591627121	
2103,125	3,93102622032166	2103,125	1,09075033664703	
2106,25	3,91812944412231	2106,25	1,07884287834167	
2109,375	3,89393210411072	2109,375	1,09872627258301	
2112,5	3,85953593254089	2112,5	1,04830992221832	
2115,625	3,85422372817993	2115,625	1,07164204120636	
2118,75	3,82344269752502	2118,75	1,10039806365967	
2121,875	3,80534267425537	2121,875	1,10707020759583	
2125	3,82780647277832	2125	1,09016811847687	
2128,125	3,83654093742371	2128,125	1,09502267837524	
2131,25	3,78781533241272	2131,25	1,10990738868713	
2134,375	3,75428175926209	2134,375	1,09160935878754	
2137,5	3,76702737808228	2137,5	1,09505593776703	
2140,625	3,7835259437561	2140,625	1,10656118392944	
2143,75	3,78290629386902	2143,75	1,11003541946411	
2146,875	3,76217937469482	2146,875	1,09975671768188	
2150	3,75702595710754	2150	1,07358932495117	
2153,125	3,75872349739075	2153,125	1,09169805049896	
2156,25	3,70738339424133	2156,25	1,10189783573151	
2159,375	3,70651912689209	2159,375	1,11179792881012	
2162,5	3,68910837173462	2162,5	1,10195410251617	
2165,625	3,66056752204895	2165,625	1,11002004146576	
2168,75	3,68978834152222	2168,75	1,15074586868286	
2171,875	3,68147253990173	2171,875	1,12528574466705	
2175	3,65917801856995	2175	1,08883762359619	
2178,125	3,67811727523804	2178,125	1,09903264045715	
2181,25	3,62880778312683	2181,25	1,12882936000824	
2184,375	3,64654994010925	2184,375	1,15336549282074	
2187,5	3,63212466239929	2187,5	1,14591586589813	
2190,625	3,64211845397949	2190,625	1,12251794338226	
2193,75	3,6349401473999	2193,75	1,09184718132019	
2196,875	3,61523747444153	2196,875	1,12084412574768	
2200	3,60014963150024	2200	1,12262880802155	
2203,125	3,61340951919556	2203,125	1,10524153709412	
2206,25	3,60025000572205	2206,25	1,09283423423767	
2209,375	3,61503577232361	2209,375	1,11608362197876	
2212,5	3,6249635219574	2212,5	1,10608077049255	
2215,625	3,59429407119751	2215,625	1,10271286964417	
2218,75	3,58131051063538	2218,75	1,10899555683136	
2221,875	3,58128070831299	2221,875	1,12883126735687	
2225	3,59647488594055	2225	1,11675095558167	
2228,125	3,58605718612671	2228,125	1,10169208049774	
2231,25	3,56881308555603	2231,25	1,10936164855957	
2234,375	3,56001496315002	2234,375	1,09554064273834	
2237,5	3,54258370399475	2237,5	1,10003304481506	
2240,625	3,50389504432678	2240,625	1,0965770483017	
2243,75	3,52105188369751	2243,75	1,08271074295044	
2246,875	3,52697968482971	2246,875	1,09542620182037	
2250	3,50174164772034	2250	1,11025846004486	
2253,125	3,52353191375732	2253,125	1,07363569736481	
2256,25	3,50576901435852	2256,25	1,10465157032013	
2259,375	3,48724007606506	2259,375	1,08873784542084	
2262,5	3,50010943412781	2262,5	1,08893716335297	
2265,625	3,46197295188904	2265,625	1,11218917369843	
2268,75	3,47748470306396	2268,75	1,08080923557281	
2271,875	3,44770097732544	2271,875	1,09069812297821	
2275	3,45487594604492	2275	1,09712898731232	
2278,125	3,43102240562439	2278,125	1,10422217845917	
2281,25	3,42678904533386	2281,25	1,05703294277191	
2284,375	3,43010354042053	2284,375	1,05387032032013	
2287,5	3,41328620910645	2287,5	1,07575333118439	
2290,625	3,41925358772278	2290,625	1,07991778850555	
2293,75	3,39267683029175	2293,75	1,09192085266113	
2296,875	3,40933156013489	2296,875	1,06785523891449	
2300	3,38479232788086	2300	1,08219146728516	
2303,125	3,37869834899902	2303,125	1,0747481584549	
2306,25	3,36866998672485	2306,25	1,07827460765839	
2309,375	3,35542321205139	2309,375	1,07084488868713	
2312,5	3,33882427215576	2312,5	1,07661962509155	
2315,625	3,33994054794312	2315,625	1,05621647834778	
2318,75	3,3142192363739	2318,75	1,06188035011292	
2321,875	3,30531692504883	2321,875	1,06479895114899	
2325	3,32009649276733	2325	1,06018531322479	
2328,125	3,30681228637695	2328,125	1,07965779304504	
2331,25	3,30190920829773	2331,25	1,07830274105072	
2334,375	3,2796642780304	2334,375	1,07502996921539	
2337,5	3,27109599113464	2337,5	1,0621862411499	
2340,625	3,26437091827393	2340,625	1,08740067481995	
2343,75	3,28117895126343	2343,75	1,09558486938477	
2346,875	3,25790047645569	2346,875	1,07803463935852	
2350	3,24277710914612	2350	1,09584021568298	
2353,125	3,2370777130127	2353,125	1,07355642318726	
2356,25	3,21978521347046	2356,25	1,07943737506866	
2359,375	3,22406458854675	2359,375	1,09684038162231	
2362,5	3,20302724838257	2362,5	1,08648180961609	
2365,625	3,18165397644043	2365,625	1,06734097003937	
2368,75	3,19596385955811	2368,75	1,09725832939148	
2371,875	3,17683243751526	2371,875	1,11082804203033	
2375	3,17782282829285	2375	1,09031760692596	
2378,125	3,16694402694702	2378,125	1,10044801235199	
2381,25	3,15294241905212	2381,25	1,11334371566772	
2384,375	3,13035440444946	2384,375	1,11662495136261	
2387,5	3,16731977462769	2387,5	1,10029149055481	
2390,625	3,14652824401855	2390,625	1,11157989501953	
2393,75	3,145263671875	2393,75	1,13275551795959	
2396,875	3,12195467948914	2396,875	1,13927149772644	
2400	3,11424231529236	2400	1,1174144744873	
2403,125	3,11009430885315	2403,125	1,1282149553299	
2406,25	3,10504746437073	2406,25	1,11982667446136	
2409,375	3,10420823097229	2409,375	1,1268435716629	
2412,5	3,09446430206299	2412,5	1,14410388469696	
2415,625	3,10954833030701	2415,625	1,13871765136719	
2418,75	3,10115528106689	2418,75	1,13582849502563	
2421,875	3,10086178779602	2421,875	1,15997457504272	
2425	3,09803986549377	2425	1,16412055492401	
2428,125	3,08778882026672	2428,125	1,14696359634399	
2431,25	3,07150030136108	2431,25	1,12984883785248	
2434,375	3,07046890258789	2434,375	1,13841223716736	
2437,5	3,07629799842834	2437,5	1,15184473991394	
2440,625	3,06029534339905	2440,625	1,1463463306427	
2443,75	3,0552179813385	2443,75	1,15428876876831	
2446,875	3,04565453529358	2446,875	1,15162968635559	
2450	3,04343819618225	2450	1,16020035743713	
2453,125	3,04347109794617	2453,125	1,16525590419769	
2456,25	3,03265857696533	2456,25	1,14502513408661	
2459,375	3,03312730789185	2459,375	1,15315854549408	
2462,5	3,04266691207886	2462,5	1,16163051128387	
2465,625	3,01274871826172	2465,625	1,15326833724976	
2468,75	3,00497794151306	2468,75	1,13782823085785	
2471,875	3,0158965587616	2471,875	1,15510642528534	
2475	2,99870920181274	2475	1,15704560279846	
2478,125	2,99198985099792	2478,125	1,16199481487274	
2481,25	2,99085640907288	2481,25	1,16523289680481	
2484,375	2,9682776927948	2484,375	1,15969705581665	
2487,5	2,96574282646179	2487,5	1,15623569488525	
2490,625	2,96815371513367	2490,625	1,18558967113495	
2493,75	2,97156810760498	2493,75	1,18195164203644	
2496,875	2,97030878067017	2496,875	1,19225037097931	
2500	2,95092535018921	2500	1,18278455734253	
2503,125	2,94315195083618	2503,125	1,16843450069427	
2506,25	2,92691683769226	2506,25	1,1841778755188	
2509,375	2,93215394020081	2509,375	1,18867552280426	
2512,5	2,92229342460632	2512,5	1,18787932395935	
2515,625	2,91445446014404	2515,625	1,19897949695587	
2518,75	2,90432596206665	2518,75	1,20065021514893	
2521,875	2,91758131980896	2521,875	1,19119119644165	
2525	2,90783143043518	2525	1,21962630748749	
2528,125	2,92204928398132	2528,125	1,21612513065338	
2531,25	2,9079761505127	2531,25	1,22039091587067	
2534,375	2,88326144218445	2534,375	1,2222204208374	
2537,5	2,9105658531189	2537,5	1,21548652648926	
2540,625	2,9098789691925	2540,625	1,21354484558105	
2543,75	2,88423800468445	2543,75	1,23629689216614	
2546,875	2,87896537780762	2546,875	1,23638415336609	
2550	2,87318468093872	2550	1,22740852832794	
2553,125	2,86481714248657	2553,125	1,24202525615692	
2556,25	2,86751055717468	2556,25	1,2475174665451	
2559,375	2,86595678329468	2559,375	1,24376630783081	
2562,5	2,85579609870911	2562,5	1,23924350738525	
2565,625	2,85100102424622	2565,625	1,23592090606689	
2568,75	2,8669753074646	2568,75	1,24674534797668	
2571,875	2,85610461235046	2571,875	1,24790108203888	
2575	2,8499584197998	2575	1,25684309005737	
2578,125	2,84738683700562	2578,125	1,26664292812347	
2581,25	2,84775710105896	2581,25	1,27860474586487	
2584,375	2,86699271202087	2584,375	1,27202260494232	
2587,5	2,84377455711365	2587,5	1,26906836032867	
2590,625	2,84077405929565	2590,625	1,27935862541199	
2593,75	2,863929271698	2593,75	1,27766227722168	
2596,875	2,8544921875	2596,875	1,28143274784088	
2600	2,84012246131897	2600	1,27634918689728	
2603,125	2,84123039245605	2603,125	1,2671891450882	
2606,25	2,83716773986816	2606,25	1,27824378013611	
2609,375	2,82726144790649	2609,375	1,27229964733124	
2612,5	2,82424855232239	2612,5	1,25925493240356	
2615,625	2,83087301254272	2615,625	1,26159870624542	
2618,75	2,82417607307434	2618,75	1,27790939807892	
2621,875	2,80026841163635	2621,875	1,27114987373352	
2625	2,81441307067871	2625	1,26754200458527	
2628,125	2,80736398696899	2628,125	1,27083349227905	
2631,25	2,79022169113159	2631,25	1,29060661792755	
2634,375	2,7792956829071	2634,375	1,2577657699585	
2637,5	2,77451395988464	2637,5	1,268927693367	
2640,625	2,78082180023193	2640,625	1,28453040122986	
2643,75	2,77530121803284	2643,75	1,28592491149902	
2646,875	2,77011060714722	2646,875	1,30120158195496	
2650	2,75672078132629	2650	1,30285632610321	
2653,125	2,76479363441467	2653,125	1,31297016143799	
2656,25	2,77568101882935	2656,25	1,3246043920517	
2659,375	2,76977229118347	2659,375	1,30363714694977	
2662,5	2,75717401504517	2662,5	1,30317258834839	
2665,625	2,75872611999512	2665,625	1,31071960926056	
2668,75	2,75394630432129	2668,75	1,30152261257172	
2671,875	2,75379705429077	2671,875	1,32368648052216	
2675	2,76009106636047	2675	1,3372608423233	
2678,125	2,75446534156799	2678,125	1,32497751712799	
2681,25	2,75516128540039	2681,25	1,33045601844788	
2684,375	2,74686241149902	2684,375	1,33667838573456	
2687,5	2,7466197013855	2687,5	1,33564293384552	
2690,625	2,74377346038818	2690,625	1,33795690536499	
2693,75	2,73588752746582	2693,75	1,35556924343109	
2696,875	2,75157189369202	2696,875	1,36067974567413	
2700	2,74684190750122	2700	1,33488500118256	
2703,125	2,73779940605164	2703,125	1,34265220165253	
2706,25	2,7393262386322	2706,25	1,35025560855865	
2709,375	2,74242758750916	2709,375	1,35078692436218	
2712,5	2,73399019241333	2712,5	1,35135424137115	
2715,625	2,72212600708008	2715,625	1,35664260387421	
2718,75	2,73164343833923	2718,75	1,35692989826202	
2721,875	2,72650527954102	2721,875	1,35856223106384	
2725	2,72974562644959	2725	1,36247932910919	
2728,125	2,73417639732361	2728,125	1,36282753944397	
2731,25	2,73269152641296	2731,25	1,36894571781158	
2734,375	2,73156213760376	2734,375	1,37460422515869	
2737,5	2,72625422477722	2737,5	1,36610639095306	
2740,625	2,72481036186218	2740,625	1,36417245864868	
2743,75	2,72202682495117	2743,75	1,36358189582825	
2746,875	2,72031998634338	2746,875	1,36025643348694	
2750	2,71545696258545	2750	1,38069367408752	
2753,125	2,72277474403381	2753,125	1,37371575832367	
2756,25	2,71603059768677	2756,25	1,36847913265228	
2759,375	2,70791840553284	2759,375	1,36203110218048	
2762,5	2,70744252204895	2762,5	1,35812282562256	
2765,625	2,69990611076355	2765,625	1,36515378952026	
2768,75	2,71593523025513	2768,75	1,37499034404755	
2771,875	2,70798277854919	2771,875	1,36921143531799	
2775	2,69297409057617	2775	1,36793005466461	
2778,125	2,69307851791382	2778,125	1,36579978466034	
2781,25	2,68416857719421	2781,25	1,36176824569702	
2784,375	2,68891167640686	2784,375	1,36961770057678	
2787,5	2,68508625030518	2787,5	1,37985265254974	
2790,625	2,68490600585938	2790,625	1,38409531116486	
2793,75	2,67547154426575	2793,75	1,38362920284271	
2796,875	2,67999362945557	2796,875	1,39387929439545	
2800	2,69068121910095	2800	1,39599275588989	
2803,125	2,67077541351318	2803,125	1,39228403568268	
2806,25	2,6793999671936	2806,25	1,39806962013245	
2809,375	2,67163801193237	2809,375	1,40173995494843	
2812,5	2,67209458351135	2812,5	1,39238464832306	
2815,625	2,66389393806458	2815,625	1,39157724380493	
2818,75	2,65684819221497	2818,75	1,40588080883026	
2821,875	2,65822768211365	2821,875	1,39583170413971	
2825	2,66116404533386	2825	1,39096617698669	
2828,125	2,65049982070923	2828,125	1,40661489963531	
2831,25	2,65088057518005	2831,25	1,4031058549881	
2834,375	2,64873385429382	2834,375	1,41730856895447	
2837,5	2,65474438667297	2837,5	1,41235136985779	
2840,625	2,64942169189453	2840,625	1,40924048423767	
2843,75	2,6432192325592	2843,75	1,42341947555542	
2846,875	2,65621304512024	2846,875	1,41513121128082	
2850	2,64103364944458	2850	1,4191255569458	
2853,125	2,64454078674316	2853,125	1,4126433134079	
2856,25	2,63730812072754	2856,25	1,42596757411957	
2859,375	2,63213086128235	2859,375	1,42647361755371	
2862,5	2,64169859886169	2862,5	1,43059039115906	
2865,625	2,63376021385193	2865,625	1,43079972267151	
2868,75	2,62716197967529	2868,75	1,442631483078	
2871,875	2,63551235198975	2871,875	1,43564009666443	
2875	2,62737393379211	2875	1,4405825138092	
2878,125	2,62694311141968	2878,125	1,44363105297089	
2881,25	2,63101148605347	2881,25	1,43452179431915	
2884,375	2,62809181213379	2884,375	1,43663275241852	
2887,5	2,6240565776825	2887,5	1,43868255615234	
2890,625	2,61337542533875	2890,625	1,44702732563019	
2893,75	2,62279582023621	2893,75	1,45900762081146	
2896,875	2,61401987075806	2896,875	1,44326221942902	
2900	2,61158466339111	2900	1,44767892360687	
2903,125	2,60853123664856	2903,125	1,4520765542984	
2906,25	2,61119079589844	2906,25	1,45682632923126	
2909,375	2,61241054534912	2909,375	1,45893013477325	
2912,5	2,61070942878723	2912,5	1,46192979812622	
2915,625	2,61404848098755	2915,625	1,46964359283447	
2918,75	2,6130006313324	2918,75	1,4651505947113	
2921,875	2,60759520530701	2921,875	1,46565413475037	
2925	2,61056661605835	2925	1,46973311901093	
2928,125	2,60752964019775	2928,125	1,46806645393372	
2931,25	2,59422087669373	2931,25	1,4805109500885	
2934,375	2,59254240989685	2934,375	1,47483551502228	
2937,5	2,59247159957886	2937,5	1,48149573802948	
2940,625	2,59405589103699	2940,625	1,47831571102142	
2943,75	2,58208465576172	2943,75	1,48390090465546	
2946,875	2,58276128768921	2946,875	1,49242770671844	
2950	2,57765603065491	2950	1,48939311504364	
2953,125	2,58640813827515	2953,125	1,50084602832794	
2956,25	2,58931112289429	2956,25	1,50395548343658	
2959,375	2,58074760437012	2959,375	1,50283098220825	
2962,5	2,58293890953064	2962,5	1,50450956821442	
2965,625	2,587482213974	2965,625	1,50701534748077	
2968,75	2,5780303478241	2968,75	1,4976042509079	
2971,875	2,5780074596405	2971,875	1,49876546859741	
2975	2,57441973686218	2975	1,51659882068634	
2978,125	2,57855319976807	2978,125	1,51968216896057	
2981,25	2,57814764976501	2981,25	1,51477193832397	
2984,375	2,58027148246765	2984,375	1,51018965244293	
2987,5	2,57944893836975	2987,5	1,50874125957489	
2990,625	2,56946110725403	2990,625	1,52277481555939	
2993,75	2,56342673301697	2993,75	1,52285540103912	
2996,875	2,56520819664001	2996,875	1,52325201034546	
3000	2,56501126289368	3000	1,51075220108032	
3003,125	2,56493592262268	3003,125	1,51397836208344	
3006,25	2,56378412246704	3006,25	1,52802562713623	
3009,375	2,56350827217102	3009,375	1,52595937252045	
3012,5	2,55646061897278	3012,5	1,5334233045578	
3015,625	2,56589913368225	3015,625	1,53347194194794	
3018,75	2,56178951263428	3018,75	1,55080914497375	
3021,875	2,55895352363586	3021,875	1,5573548078537	
3025	2,58199667930603	3025	1,50741541385651	
3028,125	2,56623482704163	3028,125	1,53650808334351	
3031,25	2,56083393096924	3031,25	1,54736113548279	
3034,375	2,54967212677002	3034,375	1,5494122505188	
3037,5	2,55357146263123	3037,5	1,54918491840363	
3040,625	2,56336402893066	3040,625	1,54124271869659	
3043,75	2,55458545684814	3043,75	1,56134867668152	
3046,875	2,57332348823547	3046,875	1,56818330287933	
3050	2,56767797470093	3050	1,57049131393433	
3053,125	2,55959010124207	3053,125	1,56331872940063	
3056,25	2,56911683082581	3056,25	1,56974744796753	
3059,375	2,57027411460876	3059,375	1,55969929695129	
3062,5	2,57113790512085	3062,5	1,54956638813019	
3065,625	2,56297874450684	3065,625	1,56109380722046	
3068,75	2,56096291542053	3068,75	1,5603084564209	
3071,875	2,56220936775208	3071,875	1,56029808521271	
3075	2,57059001922607	3075	1,56838500499725	
3078,125	2,56620335578918	3078,125	1,5579297542572	
3081,25	2,55280470848084	3081,25	1,54478216171265	
3084,375	2,56285214424133	3084,375	1,5404726266861	
3087,5	2,56484794616699	3087,5	1,55414235591888	
3090,625	2,54599618911743	3090,625	1,56275737285614	
3093,75	2,563720703125	3093,75	1,55571293830872	
3096,875	2,56061840057373	3096,875	1,54884874820709	
3100	2,55636525154114	3100	1,55216181278229	
3103,125	2,55651092529297	3103,125	1,55644154548645	
3106,25	2,55198216438293	3106,25	1,5584112405777	
3109,375	2,55206871032715	3109,375	1,55879592895508	
3112,5	2,55818963050842	3112,5	1,56820094585419	
3115,625	2,56581592559814	3115,625	1,54740393161774	
3118,75	2,54683589935303	3118,75	1,54380357265472	
3121,875	2,54635000228882	3121,875	1,53677773475647	
3125	2,53450965881348	3125	1,5526534318924	
3128,125	2,5384521484375	3128,125	1,55386030673981	
3131,25	2,5470666885376	3131,25	1,55442357063293	
3134,375	2,54667568206787	3134,375	1,54788434505463	
3137,5	2,52898025512695	3137,5	1,54631531238556	
3140,625	2,53851532936096	3140,625	1,53979384899139	
3143,75	2,53053665161133	3143,75	1,54451072216034	
3146,875	2,53268957138062	3146,875	1,54430997371674	
3150	2,52650451660156	3150	1,53751134872437	
3153,125	2,53903603553772	3153,125	1,54475367069244	
3156,25	2,51082181930542	3156,25	1,53010857105255	
3159,375	2,52662491798401	3159,375	1,52637767791748	
3162,5	2,52671432495117	3162,5	1,5253998041153	
3165,625	2,51966333389282	3165,625	1,51903593540192	
3168,75	2,52750825881958	3168,75	1,52738118171692	
3171,875	2,52053165435791	3171,875	1,52476525306702	
3175	2,4994056224823	3175	1,52293360233307	
3178,125	2,53081583976746	3178,125	1,52921402454376	
3181,25	2,50931406021118	3181,25	1,53846836090088	
3184,375	2,50333642959595	3184,375	1,52302300930023	
3187,5	2,51248717308044	3187,5	1,52985155582428	
3190,625	2,49645233154297	3190,625	1,5227038860321	
3193,75	2,49293088912964	3193,75	1,52695822715759	
3196,875	2,49480533599854	3196,875	1,52126920223236	
3200	2,48057532310486	3200	1,5080451965332	
3203,125	2,48822402954102	3203,125	1,49936842918396	
3206,25	2,49037003517151	3206,25	1,51041102409363	
3209,375	2,49164032936096	3209,375	1,51234650611877	
3212,5	2,46677994728088	3212,5	1,49770069122314	
3215,625	2,4647274017334	3215,625	1,49335312843323	
3218,75	2,46814036369324	3218,75	1,47887325286865	
3221,875	2,45457768440247	3221,875	1,49201130867004	
3225	2,44668459892273	3225	1,48512542247772	
3228,125	2,4489541053772	3228,125	1,4957640171051	
3231,25	2,4361207485199	3231,25	1,49577879905701	
3234,375	2,46096444129944	3234,375	1,49075520038605	
3237,5	2,42949986457825	3237,5	1,48669946193695	
3240,625	2,43343472480774	3240,625	1,49645173549652	
3243,75	2,42337918281555	3243,75	1,4952597618103	
3246,875	2,42917323112488	3246,875	1,50007593631744	
3250	2,42679357528687	3250	1,47441446781158	
3253,125	2,39102077484131	3253,125	1,474485039711	
3256,25	2,40339612960815	3256,25	1,47792875766754	
3259,375	2,39930272102356	3259,375	1,47949266433716	
3262,5	2,38219428062439	3262,5	1,49597561359406	
3265,625	2,36970472335815	3265,625	1,49250602722168	
3268,75	2,38504791259766	3268,75	1,48361873626709	
3271,875	2,37669682502747	3271,875	1,48659312725067	
3275	2,3720371723175	3275	1,49605667591095	
3278,125	2,36890625953674	3278,125	1,48813474178314	
3281,25	2,36932563781738	3281,25	1,47847497463226	
3284,375	2,37091183662415	3284,375	1,48392653465271	
3287,5	2,37368774414063	3287,5	1,48159801959991	
3290,625	2,36211061477661	3290,625	1,48109543323517	
3293,75	2,35967469215393	3293,75	1,48292720317841	
3296,875	2,34826588630676	3296,875	1,48684191703796	
3300	2,34422850608826	3300	1,48498845100403	
3303,125	2,34139680862427	3303,125	1,49552226066589	
3306,25	2,34751462936401	3306,25	1,48675179481506	
3309,375	2,34189796447754	3309,375	1,48133730888367	
3312,5	2,33208823204041	3312,5	1,47540545463562	
3315,625	2,3200945854187	3315,625	1,4811270236969	
3318,75	2,32442212104797	3318,75	1,502814412117	
3321,875	2,33602809906006	3321,875	1,50088906288147	
3325	2,33028149604797	3325	1,49070179462433	
3328,125	2,31577062606812	3328,125	1,48564624786377	
3331,25	2,3234236240387	3331,25	1,46987879276276	
3334,375	2,31355595588684	3334,375	1,48528945446014	
3337,5	2,30591535568237	3337,5	1,49518120288849	
3340,625	2,31250166893005	3340,625	1,48409485816956	
3343,75	2,3038227558136	3343,75	1,47717154026031	
3346,875	2,29237008094788	3346,875	1,49000179767609	
3350	2,28672456741333	3350	1,49470925331116	
3353,125	2,28340244293213	3353,125	1,48452961444855	
3356,25	2,28802680969238	3356,25	1,49031746387482	
3359,375	2,2776927947998	3359,375	1,48490810394287	
3362,5	2,26296877861023	3362,5	1,48138201236725	
3365,625	2,27271890640259	3365,625	1,46844601631165	
3368,75	2,26472616195679	3368,75	1,47609055042267	
3371,875	2,26791596412659	3371,875	1,47850930690765	
3375	2,26651453971863	3375	1,47448253631592	
3378,125	2,25560593605042	3378,125	1,46809887886047	
3381,25	2,26096415519714	3381,25	1,46516990661621	
3384,375	2,25330328941345	3384,375	1,47270274162292	
3387,5	2,24746561050415	3387,5	1,46705365180969	
3390,625	2,2434253692627	3390,625	1,47131025791168	
3393,75	2,23512721061707	3393,75	1,46925032138824	
3396,875	2,23100352287292	3396,875	1,47605466842651	
3400	2,23654913902283	3400	1,48857927322388	
3403,125	2,23060965538025	3403,125	1,46105122566223	
3406,25	2,21888327598572	3406,25	1,45389699935913	
3409,375	2,21261858940125	3409,375	1,45830619335175	
3412,5	2,20474886894226	3412,5	1,46783673763275	
3415,625	2,20957803726196	3415,625	1,45457172393799	
3418,75	2,2022123336792	3418,75	1,45337665081024	
3421,875	2,21088075637817	3421,875	1,46962356567383	
3425	2,1977162361145	3425	1,46149885654449	
3428,125	2,19011378288269	3428,125	1,44901084899902	
3431,25	2,18587017059326	3431,25	1,45347154140472	
3434,375	2,17931294441223	3434,375	1,46217584609985	
3437,5	2,16365194320679	3437,5	1,46038937568665	
3440,625	2,16576504707336	3440,625	1,45758998394012	
3443,75	2,1660213470459	3443,75	1,448126912117	
3446,875	2,16640138626099	3446,875	1,45519828796387	
3450	2,15840363502502	3450	1,46296215057373	
3453,125	2,14912009239197	3453,125	1,46372377872467	
3456,25	2,15179014205933	3456,25	1,4541243314743	
3459,375	2,14479470252991	3459,375	1,45334124565125	
3462,5	2,14427447319031	3462,5	1,45487177371979	
3465,625	2,13311886787415	3465,625	1,45174884796143	
3468,75	2,12826466560364	3468,75	1,46114313602448	
3471,875	2,12189698219299	3471,875	1,45935690402985	
3475	2,11992835998535	3475	1,45142471790314	
3478,125	2,11279559135437	3478,125	1,45947861671448	
3481,25	2,10660004615784	3481,25	1,46053183078766	
3484,375	2,09516382217407	3484,375	1,45464718341827	
3487,5	2,10763478279114	3487,5	1,45245575904846	
3490,625	2,09498143196106	3490,625	1,45779371261597	
3493,75	2,09240221977234	3493,75	1,45880055427551	
3496,875	2,09468650817871	3496,875	1,46524584293365	
3500	2,08597755432129	3500	1,46219682693481	
3503,125	2,07563924789429	3503,125	1,44937300682068	
3506,25	2,07970523834229	3506,25	1,46378302574158	
3509,375	2,08274960517883	3509,375	1,44336783885956	
3512,5	2,08614444732666	3512,5	1,44451856613159	
3515,625	2,07106328010559	3515,625	1,45353078842163	
3518,75	2,06809091567993	3518,75	1,46132457256317	
3521,875	2,056232213974	3521,875	1,46046936511993	
3525	2,05952286720276	3525	1,46343219280243	
3528,125	2,05783534049988	3528,125	1,46367311477661	
3531,25	2,04593753814697	3531,25	1,45914173126221	
3534,375	2,04692316055298	3534,375	1,45880675315857	
3537,5	2,03595995903015	3537,5	1,46013867855072	
3540,625	2,04275703430176	3540,625	1,45721518993378	
3543,75	2,04142618179321	3543,75	1,46585655212402	
3546,875	2,04399752616882	3546,875	1,46537899971008	
3550	2,03831577301025	3550	1,46290838718414	
3553,125	2,02591371536255	3553,125	1,46677255630493	
3556,25	2,02474975585938	3556,25	1,46718168258667	
3559,375	2,00972700119019	3559,375	1,46757030487061	
3562,5	2,0250096321106	3562,5	1,47007942199707	
3565,625	2,0225555896759	3565,625	1,463130235672	
3568,75	2,01398921012878	3568,75	1,4641922712326	
3571,875	2,0087525844574	3571,875	1,46284985542297	
3575	2,00434160232544	3575	1,46190881729126	
3578,125	2,00345039367676	3578,125	1,45922684669495	
3581,25	1,99776637554169	3581,25	1,45549416542053	
3584,375	1,99700665473938	3584,375	1,45043075084686	
3587,5	1,99294853210449	3587,5	1,46130776405334	
3590,625	1,98881602287292	3590,625	1,46006071567535	
3593,75	1,9849978685379	3593,75	1,45593106746674	
3596,875	1,97785115242004	3596,875	1,45863676071167	
3600	1,96930801868439	3600	1,44721102714539	
3603,125	1,97944962978363	3603,125	1,46180057525635	
3606,25	1,9675008058548	3606,25	1,46032059192657	
3609,375	1,96191084384918	3609,375	1,45969986915588	
3612,5	1,96744298934937	3612,5	1,46186220645905	
3615,625	1,95965766906738	3615,625	1,4595844745636	
3618,75	1,95503795146942	3618,75	1,46531569957733	
3621,875	1,96536576747894	3621,875	1,47168052196503	
3625	1,95649492740631	3625	1,46188867092133	
3628,125	1,95772671699524	3628,125	1,4611930847168	
3631,25	1,94955456256866	3631,25	1,4613972902298	
3634,375	1,94010257720947	3634,375	1,45701456069946	
3637,5	1,93899750709534	3637,5	1,46505618095398	
3640,625	1,95956194400787	3640,625	1,472660779953	
3643,75	1,94862174987793	3643,75	1,47218835353851	
3646,875	1,94203913211823	3646,875	1,46075654029846	
3650	1,93455564975739	3650	1,45439064502716	
3653,125	1,93222713470459	3653,125	1,45271253585815	
3656,25	1,93555414676666	3656,25	1,45807266235352	
3659,375	1,93721318244934	3659,375	1,4614669084549	
3662,5	1,92922341823578	3662,5	1,46372044086456	
3665,625	1,92660915851593	3665,625	1,45755958557129	
3668,75	1,92229807376862	3668,75	1,45535588264465	
3671,875	1,92711329460144	3671,875	1,45159876346588	
3675	1,92758023738861	3675	1,46425664424896	
3678,125	1,92047643661499	3678,125	1,4543172121048	
3681,25	1,9160715341568	3681,25	1,44974505901337	
3684,375	1,91711688041687	3684,375	1,44798004627228	
3687,5	1,91928088665009	3687,5	1,44755256175995	
3690,625	1,91035234928131	3690,625	1,4460905790329	
3693,75	1,90474152565002	3693,75	1,44347167015076	
3696,875	1,9054913520813	3696,875	1,45154285430908	
3700	1,90466415882111	3700	1,45221483707428	
3703,125	1,89908063411713	3703,125	1,44442665576935	
3706,25	1,89782500267029	3706,25	1,4386590719223	
3709,375	1,89950311183929	3709,375	1,44732987880707	
3712,5	1,89816105365753	3712,5	1,43976473808289	
3715,625	1,89396011829376	3715,625	1,43677353858948	
3718,75	1,88612771034241	3718,75	1,45550954341888	
3721,875	1,89388144016266	3721,875	1,44602572917938	
3725	1,88852262496948	3725	1,43160021305084	
3728,125	1,88564670085907	3728,125	1,44145929813385	
3731,25	1,88792788982391	3731,25	1,43752837181091	
3734,375	1,87589597702026	3734,375	1,44194984436035	
3737,5	1,88231611251831	3737,5	1,44332909584045	
3740,625	1,87401175498962	3740,625	1,43915486335754	
3743,75	1,87540090084076	3743,75	1,4384925365448	
3746,875	1,87827277183533	3746,875	1,44557094573975	
3750	1,86936736106873	3750	1,43766152858734	
3753,125	1,87560820579529	3753,125	1,43443429470062	
3756,25	1,86886096000671	3756,25	1,43301582336426	
3759,375	1,87152218818665	3759,375	1,42861986160278	
3762,5	1,86400330066681	3762,5	1,43637895584106	
3765,625	1,86421000957489	3765,625	1,440300822258	
3768,75	1,85531437397003	3768,75	1,42536580562592	
3771,875	1,85629022121429	3771,875	1,41592979431152	
3775	1,85818862915039	3775	1,42075657844543	
3778,125	1,85903966426849	3778,125	1,42168068885803	
3781,25	1,85182678699493	3781,25	1,41973030567169	
3784,375	1,85322821140289	3784,375	1,41768026351929	
3787,5	1,85381650924683	3787,5	1,42647206783295	
3790,625	1,84455633163452	3790,625	1,42722809314728	
3793,75	1,84663677215576	3793,75	1,42688143253326	
3796,875	1,84762477874756	3796,875	1,42241322994232	
3800	1,83460140228271	3800	1,41526174545288	
3803,125	1,83994841575623	3803,125	1,40837752819061	
3806,25	1,83709168434143	3806,25	1,41740751266479	
3809,375	1,83910179138184	3809,375	1,42212414741516	
3812,5	1,8347806930542	3812,5	1,41402363777161	
3815,625	1,8293092250824	3815,625	1,41282057762146	
3818,75	1,82277703285217	3818,75	1,41266262531281	
3821,875	1,83740019798279	3821,875	1,41166388988495	
3825	1,81691372394562	3825	1,40897238254547	
3828,125	1,82482922077179	3828,125	1,40855741500854	
3831,25	1,82680678367615	3831,25	1,41012811660767	
3834,375	1,81705582141876	3834,375	1,40180695056915	
3837,5	1,82066655158997	3837,5	1,40810298919678	
3840,625	1,81422829627991	3840,625	1,40392863750458	
3843,75	1,82135093212128	3843,75	1,39713871479034	
3846,875	1,81692707538605	3846,875	1,39777731895447	
3850	1,79998362064362	3850	1,40446865558624	
3853,125	1,80847787857056	3853,125	1,39382886886597	
3856,25	1,80577421188354	3856,25	1,39696407318115	
3859,375	1,8026762008667	3859,375	1,39584350585938	
3862,5	1,80517268180847	3862,5	1,39523386955261	
3865,625	1,80361449718475	3865,625	1,38387453556061	
3868,75	1,79553842544556	3868,75	1,3934907913208	
3871,875	1,79949080944061	3871,875	1,38028717041016	
3875	1,80111694335938	3875	1,37666094303131	
3878,125	1,7913054227829	3878,125	1,38420462608337	
3881,25	1,78989505767822	3881,25	1,38580965995789	
3884,375	1,79127275943756	3884,375	1,38609576225281	
3887,5	1,78923559188843	3887,5	1,37335956096649	
3890,625	1,78413546085358	3890,625	1,37711238861084	
3893,75	1,78630137443542	3893,75	1,39415454864502	
3896,875	1,78334188461304	3896,875	1,38228046894073	
3900	1,77810180187225	3900	1,36914503574371	
3903,125	1,77033364772797	3903,125	1,37129521369934	
3906,25	1,78432202339172	3906,25	1,37398934364319	
3909,375	1,77847957611084	3909,375	1,38166093826294	
3912,5	1,77502703666687	3912,5	1,38704109191895	
3915,625	1,77014219760895	3915,625	1,37123394012451	
3918,75	1,76493620872498	3918,75	1,3646525144577	
3921,875	1,75476610660553	3921,875	1,36431229114532	
3925	1,75960826873779	3925	1,36808824539185	
3928,125	1,76732182502747	3928,125	1,35740220546722	
3931,25	1,7550448179245	3931,25	1,35211837291718	
3934,375	1,75292992591858	3934,375	1,35346674919128	
3937,5	1,75169956684113	3937,5	1,35951626300812	
3940,625	1,75417912006378	3940,625	1,36149752140045	
3943,75	1,74556374549866	3943,75	1,35168123245239	
3946,875	1,74972414970398	3946,875	1,35560059547424	
3950	1,74556863307953	3950	1,35501194000244	
3953,125	1,74528992176056	3953,125	1,34924018383026	
3956,25	1,73390567302704	3956,25	1,34749782085419	
3959,375	1,74225687980652	3959,375	1,35757863521576	
3962,5	1,73925173282623	3962,5	1,3437020778656	
3965,625	1,73348069190979	3965,625	1,33760547637939	
3968,75	1,74283981323242	3968,75	1,33661246299744	
3971,875	1,72472834587097	3971,875	1,33567893505096	
3975	1,73297226428986	3975	1,3360184431076	
3978,125	1,73034358024597	3978,125	1,34834265708923	
3981,25	1,72698998451233	3981,25	1,33844041824341	
3984,375	1,72234010696411	3984,375	1,32428514957428	
3987,5	1,72452759742737	3987,5	1,32895922660828	
3990,625	1,70661044120789	3990,625	1,3283611536026	
3993,75	1,72080790996552	3993,75	1,31151866912842	
3996,875	1,71619284152985	3996,875	1,32861757278442	
4000	1,70968329906464	4000	1,32555329799652	
4003,125	1,70333135128021	4003,125	1,31457829475403	
4006,25	1,71428084373474	4006,25	1,31633818149567	
4009,375	1,71528851985931	4009,375	1,29977452754974	
4012,5	1,70458745956421	4012,5	1,319544672966	
4015,625	1,69732677936554	4015,625	1,32531213760376	
4018,75	1,69475889205933	4018,75	1,31446063518524	
4021,875	1,68962109088898	4021,875	1,31420695781708	
4025	1,69540441036224	4025	1,32389318943024	
4028,125	1,69406402111053	4028,125	1,30618977546692	
4031,25	1,69517397880554	4031,25	1,31071221828461	
4034,375	1,68723452091217	4034,375	1,31856679916382	
4037,5	1,69007849693298	4037,5	1,31091511249542	
4040,625	1,6867288351059	4040,625	1,30541586875916	
4043,75	1,68152868747711	4043,75	1,31205177307129	
4046,875	1,67643427848816	4046,875	1,31600713729858	
4050	1,68695199489594	4050	1,30803692340851	
4053,125	1,68224740028381	4053,125	1,30002748966217	
4056,25	1,6799658536911	4056,25	1,30382990837097	
4059,375	1,67413568496704	4059,375	1,30255675315857	
4062,5	1,67742466926575	4062,5	1,30801379680634	
4065,625	1,67009770870209	4065,625	1,30269598960876	
4068,75	1,67320561408997	4068,75	1,30263936519623	
4071,875	1,66848814487457	4071,875	1,29993987083435	
4075	1,66739070415497	4075	1,30397915840149	
4078,125	1,6730991601944	4078,125	1,30494594573975	
4081,25	1,66853845119476	4081,25	1,29998743534088	
4084,375	1,67621970176697	4084,375	1,28903162479401	
4087,5	1,6659232378006	4087,5	1,29279160499573	
4090,625	1,66006112098694	4090,625	1,29580843448639	
4093,75	1,65827369689941	4093,75	1,2846314907074	
4096,875	1,66984283924103	4096,875	1,28676891326904	
4100	1,66487765312195	4100	1,28998231887817	
4103,125	1,65757155418396	4103,125	1,28917753696442	
4106,25	1,65564846992493	4106,25	1,28131341934204	
4109,375	1,66214668750763	4109,375	1,28290975093842	
4112,5	1,65377593040466	4112,5	1,28049993515015	
4115,625	1,65828239917755	4115,625	1,2852224111557	
4118,75	1,65396535396576	4118,75	1,27663552761078	
4121,875	1,65613520145416	4121,875	1,28160262107849	
4125	1,65573477745056	4125	1,28527677059174	
4128,125	1,65682196617126	4128,125	1,27675092220306	
4131,25	1,64833736419678	4131,25	1,27495336532593	
4134,375	1,64865350723267	4134,375	1,2738288640976	
4137,5	1,65692162513733	4137,5	1,27849316596985	
4140,625	1,64622437953949	4140,625	1,2773996591568	
4143,75	1,6530796289444	4143,75	1,27208077907562	
4146,875	1,64987599849701	4146,875	1,27548325061798	
4150	1,65082037448883	4150	1,28030550479889	
4153,125	1,65344929695129	4153,125	1,26872456073761	
4156,25	1,64763820171356	4156,25	1,26273703575134	
4159,375	1,64017820358276	4159,375	1,26077771186829	
4162,5	1,64443850517273	4162,5	1,27109599113464	
4165,625	1,64309060573578	4165,625	1,26810395717621	
4168,75	1,64131367206573	4168,75	1,25710833072662	
4171,875	1,64260923862457	4171,875	1,25660836696625	
4175	1,64741611480713	4175	1,25897288322449	
4178,125	1,64354741573334	4178,125	1,25575745105743	
4181,25	1,64737272262573	4181,25	1,25754404067993	
4184,375	1,64551138877869	4184,375	1,25785422325134	
4187,5	1,63644218444824	4187,5	1,24513399600983	
4190,625	1,64241230487823	4190,625	1,24024498462677	
4193,75	1,6439483165741	4193,75	1,24751102924347	
4196,875	1,64319658279419	4196,875	1,2458747625351	
4200	1,64313399791718	4200	1,25320637226105	
4203,125	1,6397442817688	4203,125	1,24964380264282	
4206,25	1,64414703845978	4206,25	1,24676883220673	
4209,375	1,64384031295776	4209,375	1,25510036945343	
4212,5	1,63871693611145	4212,5	1,25427985191345	
4215,625	1,64665746688843	4215,625	1,25418651103973	
4218,75	1,65163218975067	4218,75	1,24575352668762	
4221,875	1,64090406894684	4221,875	1,24029338359833	
4225	1,64834868907928	4225	1,24045240879059	
4228,125	1,64429306983948	4228,125	1,23778402805328	
4231,25	1,64758694171906	4231,25	1,24887907505035	
4234,375	1,64390361309052	4234,375	1,2462602853775	
4237,5	1,64438378810883	4237,5	1,24963593482971	
4240,625	1,64507639408112	4240,625	1,25239026546478	
4243,75	1,64652729034424	4243,75	1,24310326576233	
4246,875	1,65251779556274	4246,875	1,23940062522888	
4250	1,64566719532013	4250	1,24107503890991	
4253,125	1,65866982936859	4253,125	1,22113037109375	
4256,25	1,65477859973907	4256,25	1,22763085365295	
4259,375	1,65101504325867	4259,375	1,23358285427094	
4262,5	1,64813077449799	4262,5	1,22884118556976	
4265,625	1,65694582462311	4265,625	1,22676014900208	
4268,75	1,64802622795105	4268,75	1,22478103637695	
4271,875	1,64592361450195	4271,875	1,2142049074173	
4275	1,65147519111633	4275	1,21588182449341	
4278,125	1,6534788608551	4278,125	1,21954464912415	
4281,25	1,65381336212158	4281,25	1,21473407745361	
4284,375	1,65729081630707	4284,375	1,21408677101135	
4287,5	1,65848767757416	4287,5	1,20799362659454	
4290,625	1,65370452404022	4290,625	1,20583009719849	
4293,75	1,64728474617004	4293,75	1,1960836648941	
4296,875	1,65159630775452	4296,875	1,19984233379364	
4300	1,64119851589203	4300	1,21160888671875	
4303,125	1,6485002040863	4303,125	1,21423888206482	
4306,25	1,65285873413086	4306,25	1,20816230773926	
4309,375	1,64725828170776	4309,375	1,2001039981842	
4312,5	1,64957070350647	4312,5	1,19947993755341	
4315,625	1,65281212329865	4315,625	1,19076788425446	
4318,75	1,64360916614532	4318,75	1,19080603122711	
4321,875	1,65395617485046	4321,875	1,19233226776123	
4325	1,64995777606964	4325	1,18704426288605	
4328,125	1,64548766613007	4328,125	1,19233739376068	
4331,25	1,64076781272888	4331,25	1,19018137454987	
4334,375	1,6362099647522	4334,375	1,18963241577148	
4337,5	1,63834726810455	4337,5	1,1922572851181	
4340,625	1,63778400421143	4340,625	1,19808650016785	
4343,75	1,64442729949951	4343,75	1,18984961509705	
4346,875	1,63130617141724	4346,875	1,1809766292572	
4350	1,62996196746826	4350	1,18225955963135	
4353,125	1,63386702537537	4353,125	1,18668627738953	
4356,25	1,63360190391541	4356,25	1,18470060825348	
4359,375	1,62944447994232	4359,375	1,17823100090027	
4362,5	1,63203585147858	4362,5	1,18003356456757	
4365,625	1,62398755550385	4365,625	1,17882239818573	
4368,75	1,6283495426178	4368,75	1,1819828748703	
4371,875	1,62469375133514	4371,875	1,17781794071198	
4375	1,6249828338623	4375	1,17070686817169	
4378,125	1,62521350383759	4378,125	1,1774787902832	
4381,25	1,62729787826538	4381,25	1,18087029457092	
4384,375	1,62475550174713	4384,375	1,169593334198	
4387,5	1,6250422000885	4387,5	1,17335724830627	
4390,625	1,61901295185089	4390,625	1,18048095703125	
4393,75	1,62057209014893	4393,75	1,17412936687469	
4396,875	1,62231612205505	4396,875	1,17575740814209	
4400	1,61753129959106	4400	1,17650628089905	
4403,125	1,6062525510788	4403,125	1,18606424331665	
4406,25	1,61870408058167	4406,25	1,18403422832489	
4409,375	1,61884164810181	4409,375	1,18159222602844	
4412,5	1,61543643474579	4412,5	1,17183971405029	
4415,625	1,61372900009155	4415,625	1,17310774326324	
4418,75	1,620081782341	4418,75	1,16681551933289	
4421,875	1,61246037483215	4421,875	1,16715896129608	
4425	1,60484170913696	4425	1,16650140285492	
4428,125	1,60990703105927	4428,125	1,17037093639374	
4431,25	1,60831391811371	4431,25	1,16910111904144	
4434,375	1,60995936393738	4434,375	1,16429662704468	
4437,5	1,61865639686584	4437,5	1,17741560935974	
4440,625	1,6130713224411	4440,625	1,16890203952789	
4443,75	1,61021828651428	4443,75	1,16939628124237	
4446,875	1,61253118515015	4446,875	1,16790962219238	
4450	1,61067640781403	4450	1,16646671295166	
4453,125	1,61468970775604	4453,125	1,16516387462616	
4456,25	1,6167494058609	4456,25	1,17234992980957	
4459,375	1,60818207263947	4459,375	1,17188787460327	
4462,5	1,60891330242157	4462,5	1,17082321643829	
4465,625	1,60614264011383	4465,625	1,1772688627243	
4468,75	1,61028969287872	4468,75	1,17291522026062	
4471,875	1,60944664478302	4471,875	1,17184662818909	
4475	1,60866415500641	4475	1,1796395778656	
4478,125	1,60851216316223	4478,125	1,17446219921112	
4481,25	1,61277377605438	4481,25	1,1736124753952	
4484,375	1,60597598552704	4484,375	1,17557513713837	
4487,5	1,61476910114288	4487,5	1,17834973335266	
4490,625	1,61227762699127	4490,625	1,17776811122894	
4493,75	1,61553633213043	4493,75	1,17779803276062	
4496,875	1,61912250518799	4496,875	1,17359554767609	
4500	1,61940324306488	4500	1,17982649803162	
4503,125	1,6142350435257	4503,125	1,17653906345367	
4506,25	1,61955118179321	4506,25	1,17588424682617	
4509,375	1,61958384513855	4509,375	1,17618107795715	
4512,5	1,62106871604919	4512,5	1,17455232143402	
4515,625	1,62232565879822	4515,625	1,17338049411774	
4518,75	1,62334370613098	4518,75	1,17496120929718	
4521,875	1,62245035171509	4521,875	1,17301595211029	
4525	1,62395322322845	4525	1,16492879390717	
4528,125	1,62692749500275	4528,125	1,16723883152008	
4531,25	1,62541747093201	4531,25	1,16367566585541	
4534,375	1,62660908699036	4534,375	1,16932535171509	
4537,5	1,62178552150726	4537,5	1,16752886772156	
4540,625	1,62407100200653	4540,625	1,16469538211823	
4543,75	1,61709296703339	4543,75	1,15974509716034	
4546,875	1,62441563606262	4546,875	1,15474474430084	
4550	1,61870205402374	4550	1,15803778171539	
4553,125	1,62077188491821	4553,125	1,15406787395477	
4556,25	1,62055838108063	4556,25	1,15294349193573	
4559,375	1,62234449386597	4559,375	1,16095530986786	
4562,5	1,62328565120697	4562,5	1,16771101951599	
4565,625	1,62347710132599	4565,625	1,15953934192657	
4568,75	1,62259471416473	4568,75	1,16000735759735	
4571,875	1,61810100078583	4571,875	1,15618801116943	
4575	1,62560522556305	4575	1,15505647659302	
4578,125	1,6257119178772	4578,125	1,15732324123383	
4581,25	1,62459969520569	4581,25	1,15669727325439	
4584,375	1,62405776977539	4584,375	1,15919995307922	
4587,5	1,6260712146759	4587,5	1,16522467136383	
4590,625	1,62764549255371	4590,625	1,16123127937317	
4593,75	1,62421178817749	4593,75	1,1597752571106	
4596,875	1,62422347068787	4596,875	1,16412043571472	
4600	1,62256622314453	4600	1,16875779628754	
4603,125	1,63069427013397	4603,125	1,16568791866302	
4606,25	1,62979733943939	4606,25	1,15618002414703	
4609,375	1,62912547588348	4609,375	1,16067922115326	
4612,5	1,63180351257324	4612,5	1,16163694858551	
4615,625	1,63011503219604	4615,625	1,1626193523407	
4618,75	1,63307428359985	4618,75	1,15897107124329	
4621,875	1,63205659389496	4621,875	1,16834700107574	
4625	1,63781404495239	4625	1,16116750240326	
4628,125	1,63835394382477	4628,125	1,15885639190674	
4631,25	1,63657128810883	4631,25	1,15871107578278	
4634,375	1,64005863666534	4634,375	1,15894484519958	
4637,5	1,64198172092438	4637,5	1,16121530532837	
4640,625	1,63929831981659	4640,625	1,159055352211	
4643,75	1,64439117908478	4643,75	1,16226935386658	
4646,875	1,64579427242279	4646,875	1,1615983247757	
4650	1,6485356092453	4650	1,15644264221191	
4653,125	1,65054368972778	4653,125	1,15660274028778	
4656,25	1,64659786224365	4656,25	1,15435898303986	
4659,375	1,64519810676575	4659,375	1,15997064113617	
4662,5	1,64293146133423	4662,5	1,16342997550964	
4665,625	1,64874172210693	4665,625	1,15706479549408	
4668,75	1,65148448944092	4668,75	1,15883350372314	
4671,875	1,65138733386993	4671,875	1,160160779953	
4675	1,6559636592865	4675	1,16250765323639	
4678,125	1,65516078472137	4678,125	1,15854370594025	
4681,25	1,65830230712891	4681,25	1,15420746803284	
4684,375	1,65577387809753	4684,375	1,1575471162796	
4687,5	1,65574860572815	4687,5	1,15815782546997	
4690,625	1,65540242195129	4690,625	1,15985643863678	
4693,75	1,65665519237518	4693,75	1,15771865844727	
4696,875	1,65942859649658	4696,875	1,15483939647675	
4700	1,66215002536774	4700	1,15897345542908	
4703,125	1,66037917137146	4703,125	1,15670871734619	
4706,25	1,65876126289368	4706,25	1,15684974193573	
4709,375	1,65648007392883	4709,375	1,15526211261749	
4712,5	1,66546368598938	4712,5	1,15776753425598	
4715,625	1,66243553161621	4715,625	1,15781688690186	
4718,75	1,66167104244232	4718,75	1,15134501457214	
4721,875	1,66458213329315	4721,875	1,15298748016357	
4725	1,66246485710144	4725	1,15697741508484	
4728,125	1,66219449043274	4728,125	1,15502643585205	
4731,25	1,6606969833374	4731,25	1,15269100666046	
4734,375	1,65802085399628	4734,375	1,15217077732086	
4737,5	1,65935945510864	4737,5	1,15439891815186	
4740,625	1,65848231315613	4740,625	1,15446400642395	
4743,75	1,65368270874023	4743,75	1,14527750015259	
4746,875	1,66217970848083	4746,875	1,15064823627472	
4750	1,66096317768097	4750	1,15902352333069	
4753,125	1,66287922859192	4753,125	1,1629992723465	
4756,25	1,66101312637329	4756,25	1,15523648262024	
4759,375	1,6593531370163	4759,375	1,15522348880768	
4762,5	1,66022765636444	4762,5	1,15373229980469	
4765,625	1,65582752227783	4765,625	1,16012215614319	
4768,75	1,66310834884644	4768,75	1,15557503700256	
4771,875	1,65533745288849	4771,875	1,1550920009613	
4775	1,65557086467743	4775	1,15633380413055	
4778,125	1,65577232837677	4778,125	1,15958750247955	
4781,25	1,65353310108185	4781,25	1,15854287147522	
4784,375	1,6537219285965	4784,375	1,16165566444397	
4787,5	1,65704560279846	4787,5	1,16201519966125	
4790,625	1,64796614646912	4790,625	1,1607860326767	
4793,75	1,64733862876892	4793,75	1,16107618808746	
4796,875	1,64763855934143	4796,875	1,16227853298187	
4800	1,64425182342529	4800	1,16267263889313	
4803,125	1,6424947977066	4803,125	1,1710193157196	
4806,25	1,64379668235779	4806,25	1,17633581161499	
4809,375	1,64196312427521	4809,375	1,17352080345154	
4812,5	1,63999462127686	4812,5	1,17472732067108	
4815,625	1,64613175392151	4815,625	1,17555594444275	
4818,75	1,64133620262146	4818,75	1,17929685115814	
4821,875	1,63505554199219	4821,875	1,18304824829102	
4825	1,63088655471802	4825	1,18561136722565	
4828,125	1,63050580024719	4828,125	1,18038880825043	
4831,25	1,63657915592194	4831,25	1,18213725090027	
4834,375	1,63316488265991	4834,375	1,18768441677094	
4837,5	1,62844574451447	4837,5	1,19265174865723	
4840,625	1,62944149971008	4840,625	1,1925733089447	
4843,75	1,62814366817474	4843,75	1,19249200820923	
4846,875	1,62857854366302	4846,875	1,19520938396454	
4850	1,62870454788208	4850	1,20055711269379	
4853,125	1,62694215774536	4853,125	1,20656299591064	
4856,25	1,62660646438599	4856,25	1,20481622219086	
4859,375	1,62690258026123	4859,375	1,2089536190033	
4862,5	1,62289917469025	4862,5	1,21379411220551	
4865,625	1,62241721153259	4865,625	1,20999419689178	
4868,75	1,62371122837067	4868,75	1,21725189685822	
4871,875	1,61930131912231	4871,875	1,21431636810303	
4875	1,62757253646851	4875	1,21272027492523	
4878,125	1,62194263935089	4878,125	1,21980047225952	
4881,25	1,62208878993988	4881,25	1,22014451026917	
4884,375	1,62372803688049	4884,375	1,2211217880249	
4887,5	1,62098336219788	4887,5	1,22594010829926	
4890,625	1,61820113658905	4890,625	1,23660254478455	
4893,75	1,62359833717346	4893,75	1,2305965423584	
4896,875	1,625727891922	4896,875	1,23314797878265	
4900	1,62589192390442	4900	1,23379361629486	
4903,125	1,62635171413422	4903,125	1,22866475582123	
4906,25	1,62652397155762	4906,25	1,22634482383728	
4909,375	1,62743830680847	4909,375	1,22578418254852	
4912,5	1,62574028968811	4912,5	1,22493278980255	
4915,625	1,62604773044586	4915,625	1,22459900379181	
4918,75	1,61984860897064	4918,75	1,22244215011597	
4921,875	1,61269152164459	4921,875	1,22170853614807	
4925	1,60891819000244	4925	1,21745371818542	
4928,125	1,60281705856323	4928,125	1,2201087474823	
4931,25	1,59733951091766	4931,25	1,2234171628952	
4934,375	1,59283363819122	4934,375	1,21928441524506	
4937,5	1,58348381519318	4937,5	1,2232905626297	
4940,625	1,57748794555664	4940,625	1,22237110137939	
4943,75	1,56919753551483	4943,75	1,22926592826843	
4946,875	1,564417719841	4946,875	1,23516297340393	
4950	1,5637571811676	4950	1,23730313777924	
4953,125	1,56469464302063	4953,125	1,24262201786041	
4956,25	1,55819320678711	4956,25	1,25283825397491	
4959,375	1,54999268054962	4959,375	1,26233446598053	
4962,5	1,55483186244965	4962,5	1,26782476902008	
4965,625	1,55803000926971	4965,625	1,274982213974	
4968,75	1,55772340297699	4968,75	1,28526258468628	
4971,875	1,56161653995514	4971,875	1,29219186306	
				
